0.000000000000000000e+00 4.050000000000000000e+03 -7.000000000000000000e+04 3.393977998592362155e+01 5.126864806078208769e-02 3.394089299999999554e+01 1.597117116348657079e-02 -3.111206167425205615e-01 1.096778704411099925e-02 -3.133239999999999914e-01 2.881246456541563736e-02 -1.129648296428961585e+00 1.879603179361482787e-02 -1.128986999999999741e+00 6.607806973573034613e-03 3.262487302379297915e+01 3.737470923998326838e-02 3.261639633333333421e+01 2.490585688369385473e-02 3.396002820833014368e+01 5.124237634674736613e-02 3.396113593889535309e+01 1.588633903033693714e-02
0.000000000000000000e+00 4.050000000000000000e+03 -6.650000000000000000e+04 3.392936911686882695e+01 4.163740253356497389e-02 3.392051199999999511e+01 4.368741668184604465e-02 -2.766059304102122529e-01 8.578511376190927837e-03 -2.874603333333330402e-01 3.609125390051033666e-02 -8.114683923502105101e-01 1.639024895179006652e-02 -8.118463333333333365e-01 8.418420444345731460e-03 3.261705870791119821e+01 2.932801816399958211e-02 3.260756566666666600e+01 4.015071825980037756e-02 3.394034790823307191e+01 4.162589664163211106e-02 3.393148377873583144e+01 4.378872738580837087e-02
0.000000000000000000e+00 4.050000000000000000e+03 -6.300000000000000000e+04 3.395715189565223824e+01 3.666516278214905500e-02 3.395712433333333280e+01 6.081884695095780488e-03 -2.225960863791432431e-01 6.603501722708390864e-03 -2.247366666666668067e-01 2.510494680558230871e-02 -6.550647251440631091e-01 1.718592457381725933e-02 -6.559893333333333132e-01 6.942316912321938073e-03 3.265888910650401300e+01 3.044761033451845109e-02 3.265560033333333223e+01 9.227790947881373690e-03 3.396419898236148782e+01 3.665909847937107169e-02 3.396422352886595775e+01 6.022140705843477895e-03
0.000000000000000000e+00 4.050000000000000000e+03 -5.950000000000000000e+04 3.388206362995457255e+01 3.974045175047385275e-02 3.387778366666666585e+01 4.209118826759123549e-02 -2.089567965381621817e-01 8.177683799180140295e-03 -2.102326666666665955e-01 1.151581510117490742e-02 -5.205407593345973138e-01 1.485458639069943236e-02 -5.195863333333333722e-01 5.818889995332274766e-03 3.256969174391763033e+01 2.825625310551444294e-02 3.258185633333332731e+01 3.106801200770669194e-02 3.388671572032401968e+01 3.973569745777399964e-02 3.388242511658304323e+01 4.206185770049920142e-02
0.000000000000000000e+00 4.050000000000000000e+03 -5.600000000000000000e+04 3.389135886931745034e+01 5.627137584337559006e-02 3.388459999999999894e+01 3.746891151786018587e-02 -1.848945815909558144e-01 9.803316780594479099e-03 -1.853513333333335067e-01 1.215445745852584969e-02 -3.858612756446132552e-01 1.789874832699992965e-02 -3.867410000000000014e-01 1.529667610953443831e-03 3.257661515339798086e+01 3.789302468468341845e-02 3.257613733333332817e+01 2.789986306617278297e-02 3.389406424839279452e+01 5.626756517430847593e-02 3.388731839187122574e+01 3.742369499674771949e-02
0.000000000000000000e+00 4.050000000000000000e+03 -5.250000000000000000e+04 3.390321137507596205e+01 4.736480902591611031e-02 3.389861066666666289e+01 3.570945008599864939e-02 -1.678135443244883618e-01 8.340119756292755857e-03 -1.692306666666665294e-01 1.316207158635929707e-02 -2.492950581361534357e-01 1.915533887875191243e-02 -2.477419999999999900e-01 4.209555122971228927e-03 3.257385792475513142e+01 3.702387255022145107e-02 3.257908566666666417e+01 2.394111635752286041e-02 3.390455501507388192e+01 4.736322419604181017e-02 3.389994403313129823e+01 3.568647176182796615e-02
0.000000000000000000e+00 4.050000000000000000e+03 -4.900000000000000000e+04 3.391947029474973618e+01 3.562349988364507669e-02 3.391436233333333661e+01 4.321921764806876953e-02 -1.954281772412769791e-01 6.925940782805253132e-03 -1.918043333333333822e-01 1.557795114184717250e-02 -1.087329047665319404e-01 1.611771594298053514e-02 -1.078316666666666590e-01 1.193076272126434960e-02 3.260476907398038549e+01 2.811689620080137786e-02 3.261650266666666198e+01 3.776739047702884489e-02 3.392020236491377005e+01 3.562279123191172681e-02 3.391508739553355412e+01 4.325409478478477870e-02
0.000000000000000000e+00 4.050000000000000000e+03 -4.550000000000000000e+04 3.390899995496179287e+01 3.920262626563219416e-02 3.391275266666666255e+01 3.905139790213899009e-02 -2.025993903501414617e-01 7.320219864516415258e-03 -2.021170000000000189e-01 5.601205495248297826e-03 2.371539616087842139e-02 1.850644043005508083e-02 2.214700000000000002e-02 3.752163686905641508e-03 3.262590086018379765e+01 3.158619712126329443e-02 3.262314399999999637e+01 5.006976246198784758e-02 3.390960690411556300e+01 3.920195216425328977e-02 3.391336345679861353e+01 3.908437480558209220e-02
0.000000000000000000e+00 4.050000000000000000e+03 -4.200000000000000000e+04 3.388135147848329609e+01 4.764270567943430790e-02 3.388708499999999901e+01 3.656684772212794032e-02 -2.314843719332779770e-01 9.826627985009987742e-03 -2.282076666666664477e-01 1.300735602564084131e-02 1.581983491604652403e-01 1.809839667236464930e-02 1.555126666666666602e-01 4.959231604907274153e-03 3.259028644628224214e+01 3.050841100761112965e-02 3.260131533333333920e+01 4.562384300755231020e-02 3.388248526685157458e+01 4.764124457412120123e-02 3.388821609973802396e+01 3.649755185893402420e-02
0.000000000000000000e+00 4.050000000000000000e+03 -3.850000000000000000e+04 3.390126423711665637e+01 4.609598870987982600e-02 3.389561000000000490e+01 4.200211745852745066e-02 -2.284857667390559344e-01 8.189627855167649906e-03 -2.285023333333334461e-01 1.422869249478351909e-02 3.007792289099290861e-01 1.845202062810180621e-02 3.026213333333333533e-01 7.941748785864339091e-03 3.261388555286877278e+01 2.868021056896900151e-02 3.261518633333333383e+01 4.393440286507783316e-02 3.390342568185475614e+01 4.609340425423071735e-02 3.389773883324351544e+01 4.202179739142391374e-02
0.000000000000000000e+00 4.050000000000000000e+03 -3.500000000000000000e+04 3.390908326631189595e+01 3.813276913455398986e-02 3.390707966666666806e+01 1.184855499394142295e-02 -2.302482607753116861e-01 6.237674070602376719e-03 -2.300226666666667086e-01 1.042885325005145185e-02 4.556707564618128758e-01 1.937441114537398132e-02 4.586473333333333513e-01 6.337038328570993896e-03 3.262033734994129475e+01 3.478113351132303827e-02 3.260877699999999635e+01 2.709828998909997663e-02 3.391296480493692656e+01 3.812935776586662967e-02 3.391096602804713456e+01 1.185294157947423821e-02
