0.000000000000000000e+00 -3.950000000000000000e+03 -5.865400000000000000e+04 3.383013139710133288e+01 5.387265526731286475e-02 3.383536166666666389e+01 5.769013327924939205e-02 -2.012842584375156285e+00 1.088571130187464091e-02 -2.002973333333333716e+00 2.582779743050321597e-02 -4.454827904284199280e-01 2.040578967805271871e-02 -4.471049999999999192e-01 8.525056656703219188e-03 3.256401062408086489e+01 2.583096249211118411e-02 3.253276999999999930e+01 6.313376380617127803e-02 3.389222004444962977e+01 5.377924672815118795e-02 3.389756144780481151e+01 5.902485866095367323e-02
0.000000000000000000e+00 5.000000000000000000e+01 -5.865400000000000000e+04 3.386448090556289969e+01 6.636060146011737992e-02 3.386267099999999886e+01 2.459607144105138352e-02 -1.154267195148200642e+00 1.102647449759038174e-02 -1.106933666666666483e+00 2.029225075945111922e-01 1.394719378190452386e-01 1.000072612925066544e-02 1.385289999999999855e-01 1.188521473652593731e-02 3.257917452701654071e+01 3.556389282388140727e-02 3.257868700000000217e+01 4.500851681996703019e-02 3.388406489377530306e+01 6.632329196166790453e-02 3.388225376136716704e+01 2.921702498918275423e-02
0.000000000000000000e+00 4.050000000000000000e+03 -5.865400000000000000e+04 3.393245174597111458e+01 6.008399646454373050e-02 3.393457066666666577e+01 3.083437299688703004e-02 -1.817123020117070442e-01 9.948374415342237445e-03 -1.805003333333334015e-01 5.192459724553561556e-02 -4.795406624817831198e-01 1.988047308327503190e-02 -4.775656666666666106e-01 4.902859925027884883e-03 3.262055196467196083e+01 3.976311900236553093e-02 3.260143466666666967e+01 5.662666820598908496e-02 3.393640922947362526e+01 6.007784187676917798e-02 3.393849072902452946e+01 3.102115413078782372e-02
0.000000000000000000e+00 8.050000000000000000e+03 -5.865400000000000000e+04 3.382718661999810905e+01 5.768256903368105398e-02 3.382344033333333044e+01 4.340182432545628549e-02 1.020265640040799449e+00 9.742773455597271426e-03 1.016113000000000044e+00 1.639778050021803435e-02 -1.096000727551796894e+00 1.032353887975438235e-02 -1.094138999999999973e+00 1.414820700065321825e-02 3.258314239093108000e+01 3.350366000253243021e-02 3.254304199999999270e+01 7.689703331295283384e-02 3.386014658139220046e+01 5.762822509988455022e-02 3.385639800696562673e+01 4.336652641692359533e-02
4.000000000000000000e+03 -3.950000000000000000e+03 -5.865400000000000000e+04 3.386703100781570441e+01 5.447810722632135533e-02 3.386331033333333806e+01 2.678409728634581835e-02 -2.025544397938374264e+00 1.133314232289433544e-02 -2.023062000000000360e+00 2.702107343044169233e-02 -7.663329871602923005e-01 2.169374840901410265e-02 -7.711209999999999454e-01 5.353158600303169375e-03 3.261336397507798068e+01 3.798194425031928279e-02 3.260278066666666774e+01 3.472225664869274531e-02 3.393627649405141256e+01 5.437435622744821173e-02 3.393247353349878637e+01 2.632914447081686343e-02
4.000000000000000000e+03 5.000000000000000000e+01 -5.865400000000000000e+04 3.384276442822420705e+01 6.713163731903847020e-02 3.384841533333332819e+01 5.670336053043450314e-02 -1.278963844232349656e+00 1.150981902828361603e-02 -1.280435333333333148e+00 1.239717122980526637e-01 1.230839934768981209e-01 1.080046009708465066e-02 1.223763333333333508e-01 5.110809014018995178e-03 3.259777206557659923e+01 3.041899091528222840e-02 3.258660766666666575e+01 4.539017926943215986e-02 3.386805351998236091e+01 6.708294196395012121e-02 3.387331509314071099e+01 5.223285497665108856e-02
4.000000000000000000e+03 4.050000000000000000e+03 -5.865400000000000000e+04 3.394485340931933592e+01 6.547498374478077920e-02 3.394521066666666087e+01 1.093665496291069093e-02 -2.350447639104227826e-01 9.416675937332081095e-03 -2.352346666666666197e-01 3.955475628093853800e-03 -7.910246344417314057e-02 2.072601095552966191e-02 -6.724033333333333251e-02 2.295534872553913266e-02 3.263031112566997649e+01 3.427190679333304291e-02 3.262278133333332875e+01 3.163804579054211447e-02 3.394574288204818657e+01 6.547331358069750917e-02 3.394610827380700613e+01 1.098377597283641503e-02
4.000000000000000000e+03 8.050000000000000000e+03 -5.865400000000000000e+04 3.386171756443224012e+01 5.834702669958150706e-02 3.386080366666666208e+01 3.432148561923115820e-02 9.163962210567336841e-01 1.036403312452724435e-02 9.139910000000002199e-01 1.490491681739043034e-02 -1.039096592214051373e+00 1.018051864809699052e-02 -1.039806999999999926e+00 5.774021042566407705e-03 3.253194707414294840e+01 2.879197659470324189e-02 3.254479866666667220e+01 1.481996754757177251e-02 3.389000700817197043e+01 5.829991241869987573e-02 3.388910090911420525e+01 3.398227648608669049e-02
8.000000000000000000e+03 -3.950000000000000000e+03 -5.865400000000000000e+04 3.387931181675219960e+01 5.465718921233699013e-02 3.388114733333333106e+01 2.146395634805286709e-02 -2.111093251588062270e+00 1.098658191045888063e-02 -2.112577999999999623e+00 1.451006810229840509e-02 -1.431730405961861852e+00 2.113015475730704168e-02 -1.443995333333333297e+00 2.057718673137262297e-02 3.266972192312220358e+01 3.100858785272439869e-02 3.265440966666666611e+01 3.026870247925937674e-02 3.397579078347026638e+01 5.451780155943901363e-02 3.397766215303787618e+01 2.141137611742342101e-02
8.000000000000000000e+03 5.000000000000000000e+01 -5.865400000000000000e+04 3.386061662492380719e+01 6.392302248092862627e-02 3.385427966666666322e+01 4.404509002273702262e-02 -1.351577188724015777e+00 1.232312637208991986e-02 -1.345812333333333610e+00 8.782386773790161472e-02 1.403521450629179879e-01 9.867260167786443686e-03 1.376486666666666692e-01 1.409540842890967191e-02 3.259087819677318265e+01 3.353715826398743355e-02 3.259944600000000037e+01 2.262137027237786507e-02 3.388692634936442261e+01 6.387525007688751866e-02 3.388153982385571084e+01 4.106257312764099998e-02
8.000000000000000000e+03 4.050000000000000000e+03 -5.865400000000000000e+04 3.396442167495391828e+01 6.211503218693798650e-02 3.396463333333333168e+01 7.031308136550561659e-03 -3.087390629643001483e-01 1.009508112306750811e-02 -3.078953333333333542e-01 5.426074865355705844e-03 4.877722750748540448e-01 1.808946147799713952e-02 4.905436666666666556e-01 7.501181114405310740e-03 3.263610728871293531e+01 3.110207119767814318e-02 3.263465899999999920e+01 8.834831086858308327e-03 3.396936638753391691e+01 6.210667624425333933e-02 3.396957352789690532e+01 6.882019330772993701e-03
8.000000000000000000e+03 8.050000000000000000e+03 -5.865400000000000000e+04 3.383516660292957567e+01 5.869546236778938608e-02 3.382914366666666695e+01 4.546274289398326285e-02 8.838387964562604004e-01 1.179451282597006323e-02 8.841123333333337220e-01 1.941594175184681997e-02 -1.035846741733595477e+00 9.591649993994817713e-03 -1.036475000000000035e+00 6.107519709341904281e-03 3.257802103946166739e+01 2.831242992921157581e-02 3.257350633333333434e+01 4.375999105855011423e-02 3.386260901311325711e+01 5.864946337035296942e-02 3.385657595210066262e+01 4.540565138102536924e-02
1.200000000000000000e+04 -3.950000000000000000e+03 -5.865400000000000000e+04 3.386698127584066498e+01 6.345194776099785661e-02 3.386746899999999982e+01 4.460334739680341803e-02 -2.213638674318572086e+00 1.090251193825060583e-02 -2.212203666666666901e+00 2.823306119506775735e-02 -2.081600459264824732e+00 1.750845294811998951e-02 -2.080178666666666842e+00 2.663569964248069244e-02 3.261301298230916501e+01 2.878908313821673670e-02 3.260088933333333472e+01 4.285175737482808250e-02 3.400283337109534187e+01 6.321156972503491622e-02 3.400336870291957325e+01 4.665681631486263969e-02
1.200000000000000000e+04 5.000000000000000000e+01 -5.865400000000000000e+04 3.390395549856229707e+01 7.151823026226844515e-02 3.390297566666666995e+01 8.469575202519454352e-03 -1.512105964084196952e+00 1.235723990303137614e-02 -1.514407000000000059e+00 9.030186203137439971e-02 1.415415372927841253e-01 9.374923543102688106e-03 1.415956666666666752e-01 5.624214088307015989e-03 3.265620256109308883e+01 2.873746097774516201e-02 3.265650600000000736e+01 9.935954978426569245e-03 3.393789320097928197e+01 7.144887963082427462e-02 3.393732033334188003e+01 4.534575434743591711e-03
1.200000000000000000e+04 4.050000000000000000e+03 -5.865400000000000000e+04 3.398195032406784577e+01 5.808928204863986200e-02 3.397961633333333253e+01 8.884832062440988637e-03 -4.068048370775796951e-01 1.104035480222934074e-02 -4.030453333333333110e-01 1.432098223276258818e-02 1.116394836047595263e+00 1.783308629778081189e-02 1.120190333333333399e+00 7.478664192963272415e-03 3.264112078779512416e+01 3.637453841917690639e-02 3.263705266666666915e+01 1.297913825251159441e-02 3.400269416077939155e+01 5.805737366519494319e-02 3.400047256144318197e+01 8.473637933934489649e-03
1.200000000000000000e+04 8.050000000000000000e+03 -5.865400000000000000e+04 3.390240156619976375e+01 6.539312948568831718e-02 3.390317833333333652e+01 6.044023793338532818e-02 7.769622723761917538e-01 9.789081858101610426e-03 7.649496666666664169e-01 7.389559103296426679e-02 -1.051033889348224726e+00 1.034912703010331704e-02 -1.051072333333333386e+00 8.353363600636846617e-03 3.260308825559175006e+01 3.188867123639646528e-02 3.260013966666667073e+01 4.257456337741744035e-02 3.392732744646964704e+01 6.534622962861291740e-02 3.392825643709939953e+01 5.993330249704555135e-02
1.600000000000000000e+04 -3.950000000000000000e+03 -5.865400000000000000e+04 3.388368225450410876e+01 5.821178128488773557e-02 3.387884866666666284e+01 4.612327738547911810e-02 -2.320065978276708574e+00 1.304934955670991083e-02 -2.330081666666666607e+00 5.873101633814185180e-02 -2.713922704615246762e+00 1.614529083996878861e-02 -2.713913333333333622e+00 1.702601602776697767e-02 3.262607140414311857e+01 3.224060531710103150e-02 3.262159266666666468e+01 4.881071894687698254e-02 3.407010771101330704e+01 5.791582746133824844e-02 3.406726095620633288e+01 4.720817333314839687e-02
1.600000000000000000e+04 5.000000000000000000e+01 -5.865400000000000000e+04 3.384307561211429061e+01 6.105769972968536075e-02 3.384654033333333700e+01 4.110753774079807521e-02 -1.623384490100504340e+00 1.070285068388459118e-02 -1.632604333333333768e+00 8.585769626603727278e-02 1.906030982756068415e-01 9.514257454498166455e-03 1.900979999999999892e-01 1.827429345647412981e-02 3.256013370506290272e+01 3.175759567381666176e-02 3.257517966666666354e+01 5.294155117464782734e-02 3.388301627554395168e+01 6.098795887108653113e-02 3.388665381271786714e+01 4.068610778608239276e-02
1.600000000000000000e+04 4.050000000000000000e+03 -5.865400000000000000e+04 3.395936728314705277e+01 6.332992327071368388e-02 3.396483133333333626e+01 3.495250138084271541e-02 -5.207434971235441745e-01 1.019251987911473124e-02 -5.251780000000003668e-01 6.398526633530540741e-02 1.729262597582310601e+00 2.163163897544487929e-02 1.726418999999999926e+00 2.085483028780945811e-02 3.258649772595733651e+01 2.984780950379892217e-02 3.257739233333333573e+01 2.214200551239946593e-02 3.400719530710392746e+01 6.325242806910184867e-02 3.401286561923314622e+01 3.588729739806281044e-02
1.600000000000000000e+04 8.050000000000000000e+03 -5.865400000000000000e+04 3.394443731361167238e+01 6.234630767653483174e-02 3.394594233333333477e+01 2.149308121491995405e-02 6.678865931055963934e-01 1.055378188287905278e-02 6.665173333333337391e-01 9.454974008307875932e-02 -1.040043359760168817e+00 9.309725394077823790e-03 -1.046735666666666509e+00 9.808973397410722730e-03 3.262895721317506315e+01 3.752361620044324803e-02 3.262342666666666702e+01 3.272788416286204899e-02 3.396737222866416062e+01 6.230546538382499000e-02 3.396888140260811184e+01 2.229023038240709326e-02
2.000000000000000000e+04 -3.950000000000000000e+03 -5.865400000000000000e+04 3.391242832072578040e+01 6.056789765958938559e-02 3.391476800000000225e+01 4.577630262847142556e-02 -2.281324417292297291e+00 1.089626357281468783e-02 -2.279953333333333276e+00 5.682339310628253121e-02 -3.350014404706624482e+00 1.778670563139153268e-02 -3.350953333333333006e+00 1.272748302340695470e-02 3.262788883195285194e+01 3.151436511454860923e-02 3.262187833333333487e+01 4.167979383479624572e-02 3.415404631787551892e+01 6.017050119699061950e-02 3.415618177162287594e+01 4.890519122613878195e-02
2.000000000000000000e+04 5.000000000000000000e+01 -5.865400000000000000e+04 3.389563286076569426e+01 6.343021729297852740e-02 3.388873633333333402e+01 4.207145644548744567e-02 -1.584359021967657766e+00 1.168890677953179566e-02 -1.580036666666666534e+00 7.311476044624061477e-02 2.455724166066843850e-01 9.655512740454640086e-03 2.452446666666666941e-01 1.172640498097254382e-02 3.260163713298840804e+01 2.833372540262939568e-02 3.259707666666666626e+01 2.539385370080448137e-02 3.393403165335815430e+01 6.336095498569425943e-02 3.392659089693334806e+01 4.498758316632544413e-02
2.000000000000000000e+04 4.050000000000000000e+03 -5.865400000000000000e+04 3.401317079080011752e+01 6.135175822161981207e-02 3.401515166666666801e+01 3.844887904882421381e-02 -4.678097948831690944e-01 1.056684320543571642e-02 -4.793236666666667034e-01 6.419739563080227585e-02 2.355062348811012285e+00 1.983796706227317075e-02 2.365179666666666680e+00 1.812756917270243878e-02 3.261707794802556037e+01 3.324871306404895976e-02 3.262175299999999112e+01 4.758409064312781739e-02 3.409899618095571583e+01 6.122011533970110608e-02 3.410078589974703078e+01 3.623824175403731612e-02
2.000000000000000000e+04 8.050000000000000000e+03 -5.865400000000000000e+04 3.398199405530287720e+01 6.475075409248458314e-02 3.398297666666666572e+01 2.033229467565703455e-02 7.178304759110625266e-01 1.126887913468468082e-02 6.913613333333336053e-01 1.010897321068982280e-01 -1.071285692155150349e+00 9.393532284647095401e-03 -1.069644000000000039e+00 5.996435052039955291e-03 3.265322399376542961e+01 2.748376317520931714e-02 3.264606500000000011e+01 1.513557637929094368e-02 3.400640500774461827e+01 6.470539450720752539e-02 3.400713849868527205e+01 1.857451437241534192e-02
2.400000000000000000e+04 -3.950000000000000000e+03 -5.865400000000000000e+04 3.398144282230033042e+01 5.323866823908275647e-02 3.397987466666666734e+01 9.947915767189830644e-03 -2.230876272940247151e+00 1.210684182999723774e-02 -2.228101666666666869e+00 2.247629098504577705e-02 -4.016718526719571969e+00 2.154791141582039840e-02 -4.016570999999999891e+00 1.449039717652105853e-02 3.265836774475474158e+01 3.155767739294076252e-02 3.265011966666666154e+01 2.082523784844872092e-02 3.429013866121761112e+01 5.282718743121427030e-02 3.428892729818971219e+01 1.129091379942313324e-02
2.400000000000000000e+04 5.000000000000000000e+01 -5.865400000000000000e+04 3.380449304936347943e+01 6.494458623204908687e-02 3.380511000000000621e+01 1.881601664362968218e-02 -1.523934437582382007e+00 1.036983663454100341e-02 -1.535603333333333209e+00 5.545068846682124630e-02 3.063687778852222654e-01 9.890219990999774002e-03 3.051986666666666737e-01 7.040257247509573019e-03 3.254041842469700896e+01 2.778670370843960499e-02 3.253881766666666664e+01 4.343235711362917334e-03 3.384076731438570107e+01 6.487682789680150608e-02 3.384144054876066576e+01 1.649686923010816597e-02
2.400000000000000000e+04 4.050000000000000000e+03 -5.865400000000000000e+04 3.400911643073074231e+01 5.959902871818003461e-02 3.401123799999999875e+01 3.944162437493303058e-02 -4.433966897835369680e-01 9.328508185342102021e-03 -4.319829999999997838e-01 3.309379765152382913e-02 2.982832489875692161e+00 1.969806029315474688e-02 2.978227666666666718e+00 1.062044641769404468e-02 3.257387605263163266e+01 3.527235890635285753e-02 3.257734066666666450e+01 5.000746785675515976e-02 3.414181713495678139e+01 5.941260745579234753e-02 3.414415115446124105e+01 4.017991321503860958e-02
2.400000000000000000e+04 8.050000000000000000e+03 -5.865400000000000000e+04 3.388784807344543992e+01 6.112743583522649987e-02 3.389314966666666606e+01 3.928704924159031470e-02 7.446326533572663608e-01 1.128302304744270394e-02 7.350026666666668040e-01 6.691711156431620622e-02 -1.077445104667840603e+00 9.673812489851862581e-03 -1.078789666666666536e+00 8.073517084338810781e-03 3.259986656090204349e+01 3.140819688543509958e-02 3.258554300000000126e+01 3.921619364922309531e-02 3.391267057855755951e+01 6.108405400075057196e-02 3.391840906096532393e+01 4.068336563584602078e-02
2.800000000000000000e+04 -3.950000000000000000e+03 -5.865400000000000000e+04 3.399080063987680234e+01 5.310867680664164286e-02 3.398921633333333858e+01 2.557455569723594835e-02 -2.019851540357064490e+00 1.251036483970135137e-02 -2.019283333333333541e+00 2.902634066001269844e-02 -4.680141580326056427e+00 2.397028589773020357e-02 -4.673743666666666741e+00 1.598056250922069016e-02 3.257661686656508238e+01 3.875351955627800299e-02 3.257568333333333044e+01 2.613376758992991961e-02 3.437013950106553750e+01 5.263906950647213867e-02 3.436844980945976857e+01 2.620706223300776211e-02
2.800000000000000000e+04 5.000000000000000000e+01 -5.865400000000000000e+04 3.385927787483981177e+01 6.162100044896332701e-02 3.385908933333333692e+01 5.285650633660006481e-02 -1.395161472925642077e+00 1.130884036829092436e-02 -1.394221666666666692e+00 5.818171518708550871e-02 3.824302087111208226e-01 9.486567901707348982e-03 3.827236666666666842e-01 1.711754858162944926e-02 3.252866259881420774e+01 3.567575642687459414e-02 3.252255266666666245e+01 5.403298489297596319e-02 3.389028133312826441e+01 6.156658884682314481e-02 3.389004420684015173e+01 5.526964503086524011e-02
2.800000000000000000e+04 4.050000000000000000e+03 -5.865400000000000000e+04 3.412834468833043644e+01 6.019641800059843256e-02 3.412652033333333179e+01 1.547409638000659879e-02 -3.156076559051096408e-01 1.082578738854848323e-02 -3.144913333333330674e-01 7.672687280940927723e-03 3.581859084181699515e+00 1.871358028778643406e-02 3.579334333333333173e+00 7.663612493102951902e-03 3.260875558649212280e+01 3.237144165416786651e-02 3.259881133333333736e+01 2.840039415415087851e-02 3.431704034823284388e+01 5.989854004437994428e-02 3.431515892167519866e+01 1.599074105625496872e-02
2.800000000000000000e+04 8.050000000000000000e+03 -5.865400000000000000e+04 3.395531101560288079e+01 6.422131290568697248e-02 3.395003466666666725e+01 1.876369478836928048e-02 8.833292014884498444e-01 1.063468238426438194e-02 8.840996666666670611e-01 7.430095655134140789e-03 -1.065764481397310837e+00 9.407502689557707687e-03 -1.065714999999999968e+00 7.784154567667171676e-03 3.261803867035498428e+01 3.778914703586890023e-02 3.261509166666666459e+01 2.845809688139918150e-02 3.398345602253901632e+01 6.416955665373690054e-02 3.397826499148675339e+01 1.841832308863651513e-02
