0.000000000000000000e+00 4.050000000000000000e+03 -7.000000000000000000e+04 3.395935800000000171e+01 8.584763676421150458e-02 -2.562850000000000961e-01 1.842735035212604566e-02 -1.140870000000000051e+00 2.942955033635410306e-02 1.000000000000000000e+00 3.265091699999999975e+01 5.580594614375783413e-02 1.916009599999999935e+01 3.397948295854851608e+01 8.580259424320127448e-02
0.000000000000000000e+00 4.050000000000000000e+03 -7.000000000000000000e+04 3.395423300000000211e+01 9.642295808053184814e-02 -3.489420000000000854e-01 2.023660366761181537e-02 -1.118036999999999948e+00 3.120852207330555503e-02 1.000000000000000000e+00 3.263023499999999899e+01 6.647476106011965258e-02 5.318764220000000478e+02 3.397442723389199415e+01 9.637134142661325786e-02
0.000000000000000000e+00 4.050000000000000000e+03 -7.000000000000000000e+04 3.390908799999999701e+01 8.537249005388093670e-02 -3.347449999999998482e-01 1.848598379854315618e-02 -1.128053999999999890e+00 3.924731330932092893e-02 1.000000000000000000e+00 3.256803700000000390e+01 7.704015032436009602e-02 5.525806059999999889e+02 3.392949762424555615e+01 8.533130810377780040e-02
0.000000000000000000e+00 4.050000000000000000e+03 -6.650000000000000000e+04 3.383315900000000198e+01 8.068321269012532215e-02 -2.163729999999999265e-01 1.289412990472796339e-02 -8.255430000000000268e-01 2.811831497440769531e-02 1.000000000000000000e+00 3.252840599999999682e+01 5.729072313210926970e-02 4.386150899999999808e+01 3.384392096727651733e+01 8.066051468191234863e-02
0.000000000000000000e+00 4.050000000000000000e+03 -6.650000000000000000e+04 3.396587999999999852e+01 6.672851062327107841e-02 -3.121559999999998780e-01 1.744489180247329671e-02 -7.965179999999999483e-01 2.730947125083164201e-02 1.000000000000000000e+00 3.265883099999999928e+01 4.563411322683941229e-02 5.072700140000000033e+02 3.397665207855329328e+01 6.671061946064914261e-02
0.000000000000000000e+00 4.050000000000000000e+03 -6.650000000000000000e+04 3.396249699999999905e+01 7.095736244393530123e-02 -3.338519999999993715e-01 1.527127188547175440e-02 -8.134780000000000344e-01 2.992319301144181001e-02 1.000000000000000000e+00 3.263546000000000191e+01 5.145203149536468901e-02 5.771870139999999765e+02 3.397387829037769791e+01 7.093736883688972483e-02
0.000000000000000000e+00 4.050000000000000000e+03 -6.300000000000000000e+04 3.395932999999999424e+01 5.830447705794127022e-02 -1.751469999999999416e-01 1.101918336357100500e-02 -6.428129999999999677e-01 2.835971835191597804e-02 1.000000000000000000e+00 3.267032900000000240e+01 4.888443839301009897e-02 6.844891499999999951e+01 3.396586490983966655e+01 5.829575793694229124e-02
0.000000000000000000e+00 4.050000000000000000e+03 -6.300000000000000000e+04 3.394566199999999867e+01 6.576141186136441608e-02 -2.427179999999999893e-01 1.138003449028165449e-02 -6.663689999999999891e-01 3.231663956849474550e-02 1.000000000000000000e+00 3.263860499999999831e+01 6.843908389947954418e-02 4.826696069999999850e+02 3.395306949732128032e+01 6.575017430340977798e-02
0.000000000000000000e+00 4.050000000000000000e+03 -6.300000000000000000e+04 3.396638099999999838e+01 6.765767738401902431e-02 -2.563450000000004891e-01 1.197361019074865383e-02 -6.587859999999999827e-01 2.905127241619547343e-02 1.000000000000000000e+00 3.265786700000000309e+01 4.731315464012096628e-02 6.017774200000000064e+02 3.397373617943692636e+01 6.764543579285835218e-02
0.000000000000000000e+00 4.050000000000000000e+03 -5.950000000000000000e+04 3.383489699999999800e+01 7.476366866332871675e-02 -1.872429999999996042e-01 1.349225096119991557e-02 -5.166899999999999826e-01 2.631047762774366833e-02 1.000000000000000000e+00 3.254115600000000086e+01 4.440359468556571987e-02 9.303832099999999627e+01 3.383935997470634760e+01 7.475492504051786669e-02
0.000000000000000000e+00 4.050000000000000000e+03 -5.950000000000000000e+04 3.396196100000000229e+01 6.561733375412323599e-02 -2.229309999999999903e-01 1.562995079966664549e-02 -5.112729999999999775e-01 2.735062948087301632e-02 1.000000000000000000e+00 3.264286699999999541e+01 6.291594718352415405e-02 4.580672000000000139e+02 3.396654079056051501e+01 6.560985825304012364e-02
0.000000000000000000e+00 4.050000000000000000e+03 -5.950000000000000000e+04 3.383649300000000437e+01 6.711058343510359347e-02 -2.205240000000001643e-01 1.365042830829860804e-02 -5.307960000000000456e-01 2.390112286065238650e-02 1.000000000000000000e+00 3.256154599999999988e+01 4.505272488984434637e-02 6.263708269999999629e+02 3.384137458448225289e+01 6.710200896940304860e-02
0.000000000000000000e+00 4.050000000000000000e+03 -5.600000000000000000e+04 3.395427499999999554e+01 8.932903172541387105e-02 -1.651829999999998577e-01 1.724074398046673492e-02 -3.846680000000000099e-01 3.439596844108332163e-02 1.000000000000000000e+00 3.263147200000000225e+01 6.468425910528774470e-02 1.176267280000000000e+02 3.395685565050654020e+01 8.932313212379304479e-02
0.000000000000000000e+00 4.050000000000000000e+03 -5.600000000000000000e+04 3.382587099999999936e+01 1.029095155269909856e-01 -1.836830000000002627e-01 1.610224313566280610e-02 -3.858289999999999775e-01 2.236896915371828359e-02 1.000000000000000000e+00 3.254224399999999662e+01 6.353836264808844503e-02 4.334547919999999976e+02 3.382857006097613350e+01 1.029016581614538295e-01
0.000000000000000000e+00 4.050000000000000000e+03 -5.600000000000000000e+04 3.387365400000000193e+01 1.020272627144333533e-01 -2.071880000000003719e-01 1.772137694988738799e-02 -3.897260000000000169e-01 6.001161341773773861e-02 1.000000000000000000e+00 3.255469599999999986e+01 6.905053445846744131e-02 6.509782340000000431e+02 3.387652946413100352e+01 1.020209961620503758e-01
0.000000000000000000e+00 4.050000000000000000e+03 -5.250000000000000000e+04 3.382749499999999898e+01 8.888439900229960777e-02 -1.640699999999997161e-01 1.185174253010923273e-02 -2.561559999999999948e-01 2.845378577623722954e-02 1.000000000000000000e+00 3.253126699999999971e+01 5.838466793602580668e-02 1.422131339999999966e+02 3.382886271863511496e+01 8.888108508790028284e-02
0.000000000000000000e+00 4.050000000000000000e+03 -5.250000000000000000e+04 3.393986199999999798e+01 8.654211179535660492e-02 -1.494559999999998112e-01 1.648132473437739082e-02 -2.437890000000000057e-01 3.227167417411126726e-02 1.000000000000000000e+00 3.260085899999999981e+01 6.106939784376459734e-02 4.088463849999999979e+02 3.394106661187153406e+01 8.653938117589822510e-02
0.000000000000000000e+00 4.050000000000000000e+03 -5.250000000000000000e+04 3.392847499999999883e+01 7.339222656385348265e-02 -1.941660000000000608e-01 1.672278356016126954e-02 -2.432809999999999973e-01 4.343732506727365078e-02 1.000000000000000000e+00 3.260513100000000009e+01 7.714639502270990989e-02 6.755786409999999478e+02 3.392990276888723855e+01 7.338986148076670490e-02
0.000000000000000000e+00 4.050000000000000000e+03 -4.900000000000000000e+04 3.396072399999999902e+01 6.120410264026424074e-02 -1.708150000000001612e-01 1.319307867785226088e-02 -1.301630000000000009e-01 2.761384645427000101e-02 1.000000000000000000e+00 3.265165299999999604e+01 5.010787932052204047e-02 1.668065410000000099e+02 3.396140301540809503e+01 6.120300642117885298e-02
0.000000000000000000e+00 4.050000000000000000e+03 -4.900000000000000000e+04 3.382800199999999791e+01 6.579108590835083814e-02 -1.823589999999999378e-01 1.230277302074617683e-02 -1.039469999999999977e-01 2.633291068226222692e-02 1.000000000000000000e+00 3.254102699999999970e+01 4.260702154574994710e-02 3.842399770000000103e+02 3.382865322615864301e+01 6.578990256753347587e-02
0.000000000000000000e+00 4.050000000000000000e+03 -4.900000000000000000e+04 3.395436099999999868e+01 5.872031111123305475e-02 -2.222390000000000754e-01 1.084979746354741877e-02 -8.938500000000000612e-02 3.020826087347631278e-02 1.000000000000000000e+00 3.265682799999999730e+01 5.627297025215569071e-02 7.001770480000000134e+02 3.395520594503391720e+01 5.871894669556935314e-02
0.000000000000000000e+00 4.050000000000000000e+03 -4.550000000000000000e+04 3.395168100000000067e+01 6.723337314905447615e-02 -2.050250000000000128e-01 1.085485425973098904e-02 2.042000000000000065e-02 2.933435475683758911e-02 1.000000000000000000e+00 3.266478099999999785e+01 5.628614317929413885e-02 1.914019470000000069e+02 3.395230618018143076e+01 6.723216941669798996e-02
0.000000000000000000e+00 4.050000000000000000e+03 -4.550000000000000000e+04 3.383464999999999634e+01 6.486039339997870523e-02 -1.912940000000000751e-01 1.395561567971832784e-02 1.668599999999999944e-02 4.573237006760091233e-02 1.000000000000000000e+00 3.252345400000000097e+01 5.603232384972087893e-02 3.596395699999999920e+02 3.383519487810779225e+01 6.485940080784413642e-02
0.000000000000000000e+00 4.050000000000000000e+03 -4.550000000000000000e+04 3.395192699999999775e+01 7.221506504878327792e-02 -2.100319999999999965e-01 1.408559547907009719e-02 2.933499999999999996e-02 2.795564352684444878e-02 1.000000000000000000e+00 3.268119699999999739e+01 5.211698199243697260e-02 7.247684550000000172e+02 3.395258931210663178e+01 7.221371295969727933e-02
0.000000000000000000e+00 4.050000000000000000e+03 -4.200000000000000000e+04 3.390134199999999964e+01 8.019420730327098124e-02 -2.051389999999999603e-01 1.771948139760303256e-02 1.461109999999999909e-01 4.460157167634342529e-02 1.000000000000000000e+00 3.258999200000000229e+01 7.021001382281590042e-02 2.159933540000000107e+02 3.390227750217684388e+01 8.019229647565774555e-02
0.000000000000000000e+00 4.050000000000000000e+03 -4.200000000000000000e+04 3.394207699999999761e+01 9.101613230631150353e-02 -2.293279999999997543e-01 2.041234540664055991e-02 1.574770000000000059e-01 3.009751408339233700e-02 1.000000000000000000e+00 3.268538900000000069e+01 5.396440428652946736e-02 3.350351630000000114e+02 3.394321701623229615e+01 9.101328704284573912e-02
0.000000000000000000e+00 4.050000000000000000e+03 -4.200000000000000000e+04 3.381783599999999979e+01 7.800311010466184913e-02 -2.501559999999996009e-01 1.447749329131255494e-02 1.629500000000000115e-01 2.629450687881406193e-02 1.000000000000000000e+00 3.252856500000000040e+01 4.351378747018006671e-02 7.493578609999999571e+02 3.381915378080492474e+01 7.800024707853742134e-02
0.000000000000000000e+00 4.050000000000000000e+03 -3.850000000000000000e+04 3.393471300000000213e+01 8.955415046216451402e-02 -2.254969999999998365e-01 1.544023124826827097e-02 2.882140000000000257e-01 2.990004476585277418e-02 1.000000000000000000e+00 3.266407099999999986e+01 5.121032869451239838e-02 2.405767600000000073e+02 3.393668608746549609e+01 8.954936256572233744e-02
0.000000000000000000e+00 4.050000000000000000e+03 -3.850000000000000000e+04 3.381167100000000403e+01 8.523587078806670048e-02 -2.054980000000004026e-01 1.356571608872896885e-02 3.156160000000000077e-01 3.772982822648415085e-02 1.000000000000000000e+00 3.252751100000000406e+01 4.903867341191031626e-02 3.104397559999999885e+02 3.381376847823533183e+01 8.523135102221461590e-02
0.000000000000000000e+00 4.050000000000000000e+03 -3.850000000000000000e+04 3.394044600000000145e+01 6.928904365049354253e-02 -2.545120000000000715e-01 1.376043069820127515e-02 3.040340000000000265e-01 2.993382975831859749e-02 1.000000000000000000e+00 3.265397699999999759e+01 4.887813132680094569e-02 7.739512680000000273e+02 3.394276193402970421e+01 6.928491165672501229e-02
0.000000000000000000e+00 4.050000000000000000e+03 -3.500000000000000000e+04 3.391219999999999857e+01 7.067926050122483317e-02 -2.272629999999997708e-01 9.740574521043406445e-03 4.653390000000000026e-01 4.045047144348258572e-02 1.000000000000000000e+00 3.260953699999999600e+01 6.095873975895499397e-02 2.651691670000000158e+02 3.391615393431410297e+01 7.067323006340839320e-02
0.000000000000000000e+00 4.050000000000000000e+03 -3.500000000000000000e+04 3.388448199999999844e+01 7.004616695437373974e-02 -2.134980000000004097e-01 1.179265025344176064e-02 4.646230000000000082e-01 3.651084688144058676e-02 1.000000000000000000e+00 3.256146599999999580e+01 7.519159668473598956e-02 2.858613510000000133e+02 3.388833982856723992e+01 7.004002119452334973e-02
0.000000000000000000e+00 4.050000000000000000e+03 -3.500000000000000000e+04 3.392455700000000007e+01 5.936874939730497208e-02 -2.493069999999999453e-01 1.120086251143187495e-02 4.459799999999999875e-01 2.770590493017689032e-02 1.000000000000000000e+00 3.265532799999999725e+01 5.125504636618720411e-02 7.985556749999999511e+02 3.392840432126005368e+01 5.936319145176278261e-02
