-1.500000000000000000e+03 -4.300000000000000000e+03 -5.000000000000000000e+03 -3.529340209999999445e+01 5.267720000000001429e-02 -9.736316399999999760e+00 1.105580000000000104e-02 3.369827500000000420e+00 2.727370000000000141e-02
-1.500000000000000000e+03 -4.300000000000000000e+03 1.200000000000000000e+04 -3.430144419999999883e+01 6.217059999999999947e-02 -1.000076290000000157e+01 1.375469999999999991e-02 2.961110000000000131e+00 3.035799999999999610e-02
-1.500000000000000000e+03 -4.300000000000000000e+03 2.900000000000000000e+04 -2.975683572727272264e+01 2.155334545454545558e-01 -1.016009981818181807e+01 1.607290909090909256e-02 3.215197181818181704e+00 3.316009090909090989e-02
-1.500000000000000000e+03 -2.000000000000000000e+02 -5.000000000000000000e+03 2.723918399999999629e+00 5.714650000000000285e-02 -8.539510299999999887e+00 1.143309999999999986e-02 3.546282480000000703e+01 1.328869999999999704e-02
-1.500000000000000000e+03 -2.000000000000000000e+02 1.200000000000000000e+04 2.418281799999999926e+00 6.190760000000000707e-02 -8.866587300000000837e+00 1.265570000000000063e-02 3.451038679999999204e+01 1.530519999999999971e-02
-1.500000000000000000e+03 -2.000000000000000000e+02 2.900000000000000000e+04 1.694194400000000211e+00 5.914779999999999344e-02 -9.257415800000000417e+00 1.102700000000000034e-02 3.335126890000000088e+01 1.301980000000000151e-02
-1.500000000000000000e+03 3.900000000000000000e+03 -5.000000000000000000e+03 3.554330230000000057e+01 5.639879999999999199e-02 -7.808821500000000526e+00 1.186119999999999883e-02 -2.910077000000000247e+00 2.860910000000000536e-02
-1.500000000000000000e+03 3.900000000000000000e+03 1.200000000000000000e+04 3.454394729999999925e+01 6.634280000000000732e-02 -8.099412299999999121e+00 1.475289999999999935e-02 -2.920569200000000087e+00 2.762560000000000709e-02
-1.500000000000000000e+03 3.900000000000000000e+03 2.900000000000000000e+04 3.335610400000000197e+01 4.907900000000000457e-02 -8.452913399999999911e+00 1.335669999999999913e-02 -2.650062800000000163e+00 2.799269999999999883e-02
-1.500000000000000000e+03 7.900000000000000000e+03 -5.000000000000000000e+03 -2.950519200000000009e+00 5.217150000000000259e-02 -8.958189499999999583e+00 1.184669999999999820e-02 -3.545860069999999808e+01 1.318249999999999977e-02
-1.500000000000000000e+03 7.900000000000000000e+03 1.200000000000000000e+04 -2.905945200000000561e+00 6.583839999999999137e-02 -9.220437100000001607e+00 1.350470000000000316e-02 -3.445821560000000261e+01 1.348679999999999844e-02
-1.500000000000000000e+03 7.900000000000000000e+03 2.900000000000000000e+04 -2.681058100000000444e+00 6.387400000000000022e-02 -9.517382800000001808e+00 1.292830000000000021e-02 -3.319939730000000111e+01 1.502240000000000172e-02
1.500000000000000000e+03 -4.300000000000000000e+03 -5.000000000000000000e+03 -3.529154733333334093e+01 5.554583333333332901e-02 -9.771693166666667096e+00 1.135772222222222218e-02 3.469184500000000337e+00 3.023755555555555571e-02
1.500000000000000000e+03 -4.300000000000000000e+03 1.200000000000000000e+04 -3.428783649999999739e+01 6.142300000000000537e-02 -1.006802427777777886e+01 1.316655555555555288e-02 3.119676333333333051e+00 3.005194444444444710e-02
1.500000000000000000e+03 -4.300000000000000000e+03 2.900000000000000000e+04 -3.281779927777776606e+01 5.049444444444444596e-02 -1.035724077777777730e+01 1.303022222222222082e-02 3.377511333333333088e+00 2.936755555555555300e-02
1.500000000000000000e+03 -2.000000000000000000e+02 -5.000000000000000000e+03 2.875046166666666458e+00 6.045361111111111074e-02 -9.027105055555557200e+00 1.175266666666666647e-02 3.551220544444444016e+01 1.499366666666666729e-02
1.500000000000000000e+03 -2.000000000000000000e+02 1.200000000000000000e+04 2.585567166666666861e+00 6.764422222222223058e-02 -9.397695500000001090e+00 1.417711111111111255e-02 3.457227199999999812e+01 1.521088888888888838e-02
1.500000000000000000e+03 -2.000000000000000000e+02 2.900000000000000000e+04 1.838587277777777418e+00 5.372550000000000936e-02 -9.820508777777778420e+00 1.117094444444444515e-02 3.342793727777777946e+01 1.176066666666666406e-02
1.500000000000000000e+03 3.900000000000000000e+03 -5.000000000000000000e+03 3.552838666666666967e+01 5.599105555555556474e-02 -7.739040833333334035e+00 1.253477777777777837e-02 -2.949475500000000583e+00 2.572400000000000034e-02
1.500000000000000000e+03 3.900000000000000000e+03 1.200000000000000000e+04 3.452829405555556264e+01 6.431833333333333846e-02 -8.027623055555556775e+00 1.391355555555555575e-02 -2.962734444444444559e+00 2.628416666666666054e-02
1.500000000000000000e+03 3.900000000000000000e+03 2.900000000000000000e+04 3.333358561111111129e+01 5.511627777777778486e-02 -8.345146999999998982e+00 1.258494444444444200e-02 -2.741600444444444395e+00 2.959361111111110873e-02
1.500000000000000000e+03 7.900000000000000000e+03 -5.000000000000000000e+03 -3.050417388888889469e+00 5.782072222222221780e-02 -8.482064888888890763e+00 1.244900000000000000e-02 -3.540727527777777794e+01 1.370327777777777777e-02
1.500000000000000000e+03 7.900000000000000000e+03 1.200000000000000000e+04 -3.019567999999999586e+00 7.101038888888888678e-02 -8.700705555555552806e+00 1.435438888888889049e-02 -3.438894116666666179e+01 1.498722222222221602e-02
1.500000000000000000e+03 7.900000000000000000e+03 2.900000000000000000e+04 -2.819263944444444725e+00 6.079849999999999144e-02 -8.917786333333332038e+00 1.427066666666666588e-02 -3.311701927777777854e+01 1.704133333333333888e-02
4.500000000000000000e+03 -4.300000000000000000e+03 -5.000000000000000000e+03 -3.531114744444444398e+01 5.252394444444444949e-02 -9.796229944444442950e+00 1.194194444444444253e-02 3.535491444444444742e+00 2.695744444444444360e-02
4.500000000000000000e+03 -4.300000000000000000e+03 1.200000000000000000e+04 -3.429895044444444352e+01 6.472166666666666346e-02 -1.016311050000000016e+01 1.410955555555555747e-02 3.170069388888888895e+00 2.603005555555555628e-02
4.500000000000000000e+03 -4.300000000000000000e+03 2.900000000000000000e+04 -3.282400211111111332e+01 5.356522222222220853e-02 -1.047235244444444469e+01 1.243400000000000061e-02 3.430432111111111126e+00 2.715394444444444583e-02
4.500000000000000000e+03 -2.000000000000000000e+02 -5.000000000000000000e+03 2.928148777777777489e+00 6.107366666666666499e-02 -9.545793611111111687e+00 1.302633333333333074e-02 3.556933899999999937e+01 1.441922222222222563e-02
4.500000000000000000e+03 -2.000000000000000000e+02 1.200000000000000000e+04 2.636020611111110856e+00 6.852938888888888969e-02 -9.978344111111113079e+00 1.371783333333333361e-02 3.463535305555555510e+01 1.515150000000000004e-02
4.500000000000000000e+03 -2.000000000000000000e+02 2.900000000000000000e+04 1.861386222222222386e+00 5.829944444444444540e-02 -1.050417111111111090e+01 1.045605555555555698e-02 3.349191316666665585e+01 1.351944444444444331e-02
4.500000000000000000e+03 3.900000000000000000e+03 -5.000000000000000000e+03 3.552684172222222969e+01 5.578655555555556145e-02 -7.723259388888887855e+00 1.294749999999999894e-02 -2.985750444444443819e+00 2.871788888888889002e-02
4.500000000000000000e+03 3.900000000000000000e+03 1.200000000000000000e+04 3.452136655555555933e+01 6.535427777777778890e-02 -7.965513444444446201e+00 1.431661111111111155e-02 -2.947492499999999627e+00 2.810127777777778058e-02
4.500000000000000000e+03 3.900000000000000000e+03 2.900000000000000000e+04 3.332462438888888556e+01 5.142688888888888310e-02 -8.229669333333330172e+00 1.203105555555555525e-02 -2.729358722222221978e+00 2.442888888888888541e-02
4.500000000000000000e+03 7.900000000000000000e+03 -5.000000000000000000e+03 -3.106544111111111395e+00 5.539422222222222664e-02 -7.944790888888887181e+00 1.109255555555555516e-02 -3.538435611111110290e+01 1.327277777777777744e-02
4.500000000000000000e+03 7.900000000000000000e+03 1.200000000000000000e+04 -3.055454722222222141e+00 6.567222222222221517e-02 -8.097299444444445271e+00 1.295777777777777813e-02 -3.436895138888889534e+01 1.483488888888888878e-02
4.500000000000000000e+03 7.900000000000000000e+03 2.900000000000000000e+04 -2.836562111111110784e+00 6.194933333333333542e-02 -8.260535999999998324e+00 1.277744444444444370e-02 -3.308919783333332987e+01 1.540949999999999959e-02
7.500000000000000000e+03 -4.300000000000000000e+03 -5.000000000000000000e+03 -3.530886388888889371e+01 5.108077777777778050e-02 -9.852412888888887110e+00 1.075138888888888672e-02 3.813439000000000245e+00 2.851183333333333347e-02
7.500000000000000000e+03 -4.300000000000000000e+03 1.200000000000000000e+04 -3.430767405555555172e+01 6.262494444444445529e-02 -1.021544161111111038e+01 1.469833333333333235e-02 3.411052666666666511e+00 2.728144444444444844e-02
7.500000000000000000e+03 -4.300000000000000000e+03 2.900000000000000000e+04 -3.283810722222222722e+01 5.475172222222221552e-02 -1.057078888888888990e+01 1.291583333333333472e-02 3.673133333333333361e+00 2.606238888888888494e-02
7.500000000000000000e+03 -2.000000000000000000e+02 -5.000000000000000000e+03 3.151141499999999596e+00 6.161688888888889465e-02 -9.998825388888885612e+00 1.139527777777777674e-02 3.565162583333334112e+01 1.340038888888888703e-02
7.500000000000000000e+03 -2.000000000000000000e+02 1.200000000000000000e+04 2.814940944444444870e+00 6.458455555555557559e-02 -1.048451372222222133e+01 1.340833333333333460e-02 3.472924744444444656e+01 1.503133333333333231e-02
7.500000000000000000e+03 -2.000000000000000000e+02 2.900000000000000000e+04 2.066972833333333259e+00 5.684111111111112002e-02 -1.106947444444444528e+01 1.109927777777778082e-02 3.360665500000000350e+01 1.392283333333333567e-02
7.500000000000000000e+03 3.900000000000000000e+03 -5.000000000000000000e+03 3.551075094444444602e+01 5.642411111111110544e-02 -7.647196055555555816e+00 1.248144444444444605e-02 -3.139554055555555223e+00 3.100311111111110976e-02
7.500000000000000000e+03 3.900000000000000000e+03 1.200000000000000000e+04 3.450456388888888881e+01 6.422883333333334610e-02 -7.930273944444443224e+00 1.367711111111111384e-02 -3.105854555555555230e+00 2.827377777777777962e-02
7.500000000000000000e+03 3.900000000000000000e+03 2.900000000000000000e+04 3.330212105555555269e+01 5.436783333333333745e-02 -8.161461277777776857e+00 1.217666666666666724e-02 -2.860332333333333032e+00 2.809022222222222129e-02
7.500000000000000000e+03 7.900000000000000000e+03 -5.000000000000000000e+03 -3.306613833333333474e+00 5.728272222222222099e-02 -7.497413333333333263e+00 1.095644444444444227e-02 -3.533537433333333411e+01 1.358333333333333441e-02
7.500000000000000000e+03 7.900000000000000000e+03 1.200000000000000000e+04 -3.239154944444444073e+00 7.427877777777774915e-02 -7.585683611111111446e+00 1.340783333333333237e-02 -3.432569366666666610e+01 1.572111111111111625e-02
7.500000000000000000e+03 7.900000000000000000e+03 2.900000000000000000e+04 -3.028862166666666855e+00 6.277477777777779044e-02 -7.674800777777779359e+00 1.304288888888889032e-02 -3.305268583333333510e+01 1.490499999999999811e-02
1.050000000000000000e+04 -4.300000000000000000e+03 -5.000000000000000000e+03 -3.533259805555555744e+01 5.514911111111111403e-02 -9.901254833333334560e+00 1.117699999999999944e-02 3.963441833333334330e+00 2.575633333333333594e-02
1.050000000000000000e+04 -4.300000000000000000e+03 1.200000000000000000e+04 -3.432020372222222448e+01 6.363888888888888373e-02 -1.030314766666666593e+01 1.324027777777777616e-02 3.596426499999999749e+00 2.678666666666667043e-02
1.050000000000000000e+04 -4.300000000000000000e+03 2.900000000000000000e+04 -3.285671116666666336e+01 5.200849999999999224e-02 -1.068047311111111064e+01 1.288011111111111127e-02 3.883168833333333847e+00 2.464905555555555253e-02
1.050000000000000000e+04 -2.000000000000000000e+02 -5.000000000000000000e+03 3.294827388888888819e+00 6.135700000000000875e-02 -1.043434750000000122e+01 1.223927777777777601e-02 3.576002522222222524e+01 1.325272222222222476e-02
1.050000000000000000e+04 -2.000000000000000000e+02 1.200000000000000000e+04 2.969719166666667132e+00 6.695688888888889911e-02 -1.101108555555555668e+01 1.274477777777777675e-02 3.484545772222222126e+01 1.466572222222222062e-02
1.050000000000000000e+04 -2.000000000000000000e+02 2.900000000000000000e+04 2.177580777777778032e+00 5.542811111111110856e-02 -1.162753605555555581e+01 1.051488888888888959e-02 3.374210616666666596e+01 1.258677777777778006e-02
1.050000000000000000e+04 3.900000000000000000e+03 -5.000000000000000000e+03 3.550841405555556207e+01 5.367311111111112282e-02 -7.591116444444444333e+00 1.222233333333333505e-02 -3.193568777777778589e+00 2.910566666666666510e-02
1.050000000000000000e+04 3.900000000000000000e+03 1.200000000000000000e+04 3.452261177777776879e+01 6.222016666666665974e-02 -7.790995888888888388e+00 1.296405555555555679e-02 -3.163589500000000498e+00 2.657866666666667058e-02
1.050000000000000000e+04 3.900000000000000000e+03 2.900000000000000000e+04 3.333413699999999835e+01 5.783155555555555272e-02 -8.014366444444441129e+00 1.289888888888888682e-02 -2.932799111111111134e+00 2.877205555555555072e-02
1.050000000000000000e+04 7.900000000000000000e+03 -5.000000000000000000e+03 -3.421371444444444521e+00 5.392522222222221467e-02 -7.027477499999999822e+00 1.053933333333333285e-02 -3.532222233333332895e+01 1.360466666666666595e-02
1.050000000000000000e+04 7.900000000000000000e+03 1.200000000000000000e+04 -3.371886166666666629e+00 7.187677777777778942e-02 -7.053452500000000569e+00 1.388022222222222261e-02 -3.431287144444443982e+01 1.436266666666666594e-02
1.050000000000000000e+04 7.900000000000000000e+03 2.900000000000000000e+04 -3.171871111111110864e+00 6.371872222222223214e-02 -7.084204666666665595e+00 1.315494444444444307e-02 -3.304584144444444860e+01 1.581066666666666731e-02
1.350000000000000000e+04 -4.300000000000000000e+03 -5.000000000000000000e+03 -3.535052838888888260e+01 5.356927777777778510e-02 -9.998389388888890394e+00 1.075933333333333256e-02 4.141101333333334189e+00 2.871588888888888108e-02
1.350000000000000000e+04 -4.300000000000000000e+03 1.200000000000000000e+04 -3.435322166666666988e+01 6.182088888888889050e-02 -1.039679999999999893e+01 1.346888888888888615e-02 3.754267888888889182e+00 2.604355555555555590e-02
1.350000000000000000e+04 -4.300000000000000000e+03 2.900000000000000000e+04 -3.286375344444444124e+01 5.476200000000000512e-02 -1.084678272222222262e+01 1.162583333333333177e-02 4.016828999999999539e+00 2.955344444444444815e-02
1.350000000000000000e+04 -2.000000000000000000e+02 -5.000000000000000000e+03 3.398983333333333245e+00 5.666033333333334032e-02 -1.091022650000000027e+01 1.174616666666666691e-02 3.586796666666667477e+01 1.262011111111111146e-02
1.350000000000000000e+04 -2.000000000000000000e+02 1.200000000000000000e+04 3.107426055555555511e+00 7.307033333333333436e-02 -1.154068166666666961e+01 1.420772222222222575e-02 3.496951555555556013e+01 1.506238888888888905e-02
1.350000000000000000e+04 -2.000000000000000000e+02 2.900000000000000000e+04 2.301262388888889010e+00 5.827188888888888696e-02 -1.222839477777777617e+01 1.056366666666666565e-02 3.388213905555554817e+01 1.442533333333333341e-02
1.350000000000000000e+04 3.900000000000000000e+03 -5.000000000000000000e+03 3.553541177777778159e+01 5.532611111111111063e-02 -7.495300888888888124e+00 1.233527777777777661e-02 -3.254771333333333239e+00 2.420483333333333167e-02
1.350000000000000000e+04 3.900000000000000000e+03 1.200000000000000000e+04 3.454242883333333225e+01 6.350855555555555421e-02 -7.704339277777778605e+00 1.477266666666666485e-02 -3.226872722222222212e+00 2.666449999999999376e-02
1.350000000000000000e+04 3.900000000000000000e+03 2.900000000000000000e+04 3.336241105555555464e+01 5.488744444444444703e-02 -7.874552166666666686e+00 1.229444444444444465e-02 -2.995961777777777613e+00 2.594000000000000125e-02
1.350000000000000000e+04 7.900000000000000000e+03 -5.000000000000000000e+03 -3.507611611111111305e+00 5.742372222222221628e-02 -6.530917611111110688e+00 1.129911111111110873e-02 -3.533093094444444660e+01 1.349749999999999908e-02
1.350000000000000000e+04 7.900000000000000000e+03 1.200000000000000000e+04 -3.452891777777777893e+00 7.528944444444445050e-02 -6.502606166666669019e+00 1.369233333333333240e-02 -3.432059988888889279e+01 1.454849999999999893e-02
1.350000000000000000e+04 7.900000000000000000e+03 2.900000000000000000e+04 -3.240992166666666563e+00 6.202455555555555500e-02 -6.464794555555555711e+00 1.355616666666666428e-02 -3.307557249999999982e+01 1.537683333333333090e-02
1.650000000000000000e+04 -4.300000000000000000e+03 -5.000000000000000000e+03 -3.539077000000000339e+01 5.280255555555555397e-02 -1.010463000000000022e+01 1.234416666666666301e-02 4.196253111111110101e+00 2.827999999999999611e-02
1.650000000000000000e+04 -4.300000000000000000e+03 1.200000000000000000e+04 -3.437728411111110205e+01 5.805138888888888155e-02 -1.053088961111110855e+01 1.407155555555555590e-02 3.833277611111110428e+00 2.635161111111111037e-02
1.650000000000000000e+04 -4.300000000000000000e+03 2.900000000000000000e+04 -3.289972822222222248e+01 5.280911111111111222e-02 -1.098423127777777886e+01 1.243083333333333367e-02 4.089032499999999182e+00 2.840999999999999776e-02
1.650000000000000000e+04 -2.000000000000000000e+02 -5.000000000000000000e+03 3.411820666666666391e+00 5.608711111111111536e-02 -1.135114444444444537e+01 1.207261111111111035e-02 3.601262883333333775e+01 1.304844444444444237e-02
1.650000000000000000e+04 -2.000000000000000000e+02 1.200000000000000000e+04 3.130214222222222009e+00 6.777538888888888502e-02 -1.204367549999999909e+01 1.313450000000000208e-02 3.512823311111110769e+01 1.440211111111110859e-02
1.650000000000000000e+04 -2.000000000000000000e+02 2.900000000000000000e+04 2.342514611111111034e+00 5.632638888888888418e-02 -1.281080727777777639e+01 1.045383333333333407e-02 3.404911438888888853e+01 1.348672222222222286e-02
1.650000000000000000e+04 3.900000000000000000e+03 -5.000000000000000000e+03 3.557662238888889306e+01 5.474522222222222984e-02 -7.393133222222222578e+00 1.195249999999999958e-02 -3.208127666666667377e+00 2.878766666666666973e-02
1.650000000000000000e+04 3.900000000000000000e+03 1.200000000000000000e+04 3.458956688888887498e+01 6.584783333333334154e-02 -7.559442500000001175e+00 1.312705555555555674e-02 -3.218232944444444854e+00 2.922366666666666515e-02
1.650000000000000000e+04 3.900000000000000000e+03 2.900000000000000000e+04 3.340298649999999725e+01 5.566277777777777630e-02 -7.743582388888888168e+00 1.187494444444444318e-02 -2.979732111111111248e+00 2.615405555555556233e-02
1.650000000000000000e+04 7.900000000000000000e+03 -5.000000000000000000e+03 -3.489015666666667403e+00 6.077783333333333649e-02 -6.052960388888886989e+00 1.103605555555555590e-02 -3.536776705555556077e+01 1.467772222222222048e-02
1.650000000000000000e+04 7.900000000000000000e+03 1.200000000000000000e+04 -3.450110222222221523e+00 6.953133333333333388e-02 -5.965690222222223227e+00 1.344461111111111030e-02 -3.435260094444444690e+01 1.443999999999999971e-02
1.650000000000000000e+04 7.900000000000000000e+03 2.900000000000000000e+04 -3.271185666666666769e+00 6.255088888888887810e-02 -5.857456666666665868e+00 1.267166666666666962e-02 -3.310145822222222023e+01 1.450744444444444260e-02
1.950000000000000000e+04 -4.300000000000000000e+03 -5.000000000000000000e+03 -3.545309650000000090e+01 5.257630000000000636e-02 -1.016172929999999930e+01 1.182369999999999775e-02 4.134439799999999998e+00 2.692480000000000567e-02
1.950000000000000000e+04 -4.300000000000000000e+03 1.200000000000000000e+04 -3.444336409999999660e+01 6.267369999999999886e-02 -1.061393540000000080e+01 1.490930000000000033e-02 3.795878400000000319e+00 2.710150000000000059e-02
1.950000000000000000e+04 -4.300000000000000000e+03 2.900000000000000000e+04 -3.295585230000000365e+01 5.111069999999999502e-02 -1.117108340000000055e+01 1.152610000000000093e-02 4.042798999999999587e+00 2.661499999999999977e-02
1.950000000000000000e+04 -2.000000000000000000e+02 -5.000000000000000000e+03 3.347882900000000550e+00 6.489790000000000836e-02 -1.180190100000000086e+01 1.081429999999999891e-02 3.617911949999999877e+01 1.461359999999999916e-02
1.950000000000000000e+04 -2.000000000000000000e+02 1.200000000000000000e+04 3.072826500000000127e+00 7.194390000000001895e-02 -1.254551760000000016e+01 1.387280000000000110e-02 3.530969280000000765e+01 1.485090000000000021e-02
1.950000000000000000e+04 -2.000000000000000000e+02 2.900000000000000000e+04 2.260433499999999984e+00 6.039900000000000130e-02 -1.337940709999999989e+01 1.112069999999999899e-02 3.423907340000000232e+01 1.413610000000000214e-02
1.950000000000000000e+04 3.900000000000000000e+03 -5.000000000000000000e+03 3.562495840000000413e+01 5.199200000000000349e-02 -7.313770400000000116e+00 1.312919999999999886e-02 -3.083152699999999857e+00 2.405890000000000112e-02
1.950000000000000000e+04 3.900000000000000000e+03 1.200000000000000000e+04 3.464514460000000184e+01 6.415619999999999656e-02 -7.463252799999999354e+00 1.456920000000000090e-02 -3.077481999999999829e+00 3.276830000000000020e-02
1.950000000000000000e+04 3.900000000000000000e+03 2.900000000000000000e+04 3.346462949999999381e+01 5.265069999999999473e-02 -7.579869200000000085e+00 1.284329999999999847e-02 -2.834847499999999965e+00 2.741669999999999871e-02
1.950000000000000000e+04 7.900000000000000000e+03 -5.000000000000000000e+03 -3.392159600000000275e+00 5.951950000000000296e-02 -5.584732700000000882e+00 1.162739999999999954e-02 -3.541888380000000325e+01 1.366139999999999889e-02
1.950000000000000000e+04 7.900000000000000000e+03 1.200000000000000000e+04 -3.317811300000000241e+00 6.531860000000000444e-02 -5.429049999999999265e+00 1.409030000000000005e-02 -3.441309630000000652e+01 1.399870000000000281e-02
1.950000000000000000e+04 7.900000000000000000e+03 2.900000000000000000e+04 -3.157842599999999944e+00 6.560649999999998427e-02 -5.265588100000000438e+00 1.442539999999999968e-02 -3.315489769999999936e+01 1.405810000000000046e-02
