-1.500000000000000000e+03 -4.300000000000000000e+03 -5.000000000000000000e+03 5.980051000000000672e-01 5.651010000000000755e-02 -8.660075099999998471e+00 1.295079999999999842e-02 2.682933199999999907e+00 2.842570000000000513e-02
-1.500000000000000000e+03 -4.300000000000000000e+03 1.200000000000000000e+04 1.624077900000000074e+00 7.418099999999999694e-02 -8.942602400000000173e+00 1.433730000000000074e-02 2.517676900000000106e+00 2.900769999999999738e-02
-1.500000000000000000e+03 -4.300000000000000000e+03 2.900000000000000000e+04 2.745922700000000383e+00 5.382860000000000422e-02 -9.264522799999999947e+00 1.119519999999999890e-02 2.372211899999999929e+00 2.997290000000000371e-02
-1.500000000000000000e+03 -2.000000000000000000e+02 -5.000000000000000000e+03 2.786123499999999975e+00 5.716919999999999641e-02 -8.492518500000000969e+00 1.156439999999999899e-02 -4.609658999999999840e-01 1.213840000000000058e-02
-1.500000000000000000e+03 -2.000000000000000000e+02 1.200000000000000000e+04 2.639871499999999926e+00 7.020219999999999239e-02 -9.019167500000000004e+00 1.255159999999999956e-02 -1.401219899999999630e+00 1.393969999999999931e-02
-1.500000000000000000e+03 -2.000000000000000000e+02 2.900000000000000000e+04 2.532944000000000084e+00 5.838490000000000346e-02 -9.364118400000000619e+00 1.152379999999999897e-02 -2.488679799999999886e+00 1.424860000000000015e-02
-1.500000000000000000e+03 3.900000000000000000e+03 -5.000000000000000000e+03 -3.643691999999999487e-01 5.358460000000000306e-02 -8.693079800000001356e+00 1.275119999999999899e-02 -2.569724200000000458e+00 2.552030000000000270e-02
-1.500000000000000000e+03 3.900000000000000000e+03 1.200000000000000000e+04 -1.366059599999999818e+00 6.926100000000000312e-02 -9.014071500000000015e+00 1.306120000000000024e-02 -2.491775000000000073e+00 2.455010000000000178e-02
-1.500000000000000000e+03 3.900000000000000000e+03 2.900000000000000000e+04 -2.476713399999999954e+00 4.900470000000000520e-02 -9.351036900000000429e+00 1.157440000000000031e-02 -2.305375599999999636e+00 3.591770000000000379e-02
-1.500000000000000000e+03 7.900000000000000000e+03 -5.000000000000000000e+03 -2.514242700000000053e+00 5.437739999999998547e-02 -8.683651199999998127e+00 1.090930000000000025e-02 4.871444000000000329e-01 1.278360000000000087e-02
-1.500000000000000000e+03 7.900000000000000000e+03 1.200000000000000000e+04 -2.357069600000000431e+00 8.003689999999999416e-02 -8.976975399999998828e+00 1.499679999999999937e-02 1.504300499999999818e+00 1.560130000000000197e-02
-1.500000000000000000e+03 7.900000000000000000e+03 2.900000000000000000e+04 -2.222893800000000031e+00 5.488349999999999479e-02 -9.262014999999999887e+00 1.260589999999999974e-02 2.590469599999999595e+00 1.194670000000000107e-02
1.500000000000000000e+03 -4.300000000000000000e+03 -5.000000000000000000e+03 6.144257777777778484e-01 5.328783333333333982e-02 -8.708691722222219767e+00 1.112805555555555249e-02 2.701374222222222343e+00 2.814605555555554917e-02
1.500000000000000000e+03 -4.300000000000000000e+03 1.200000000000000000e+04 1.637513111111110975e+00 6.561877777777777587e-02 -9.029353111111111829e+00 1.520966666666666821e-02 2.567941833333333701e+00 2.820166666666667349e-02
1.500000000000000000e+03 -4.300000000000000000e+03 2.900000000000000000e+04 2.755423722222222871e+00 5.077405555555555144e-02 -9.371163333333331735e+00 1.183316666666666718e-02 2.394598499999999408e+00 2.745150000000000368e-02
1.500000000000000000e+03 -2.000000000000000000e+02 -5.000000000000000000e+03 2.797935333333333219e+00 6.350877777777778899e-02 -8.916747777777777273e+00 1.244522222222222384e-02 -4.033709444444444903e-01 1.396827777777777911e-02
1.500000000000000000e+03 -2.000000000000000000e+02 1.200000000000000000e+04 2.651269888888888815e+00 6.737900000000000833e-02 -9.477355055555555907e+00 1.387183333333333150e-02 -1.346875722222222072e+00 1.565472222222221918e-02
1.500000000000000000e+03 -2.000000000000000000e+02 2.900000000000000000e+04 2.522569555555556065e+00 5.800661111111111296e-02 -9.867326444444444178e+00 1.181722222222222202e-02 -2.436191222222222397e+00 1.302916666666666806e-02
1.500000000000000000e+03 3.900000000000000000e+03 -5.000000000000000000e+03 -3.655459999999999821e-01 5.411827777777777904e-02 -8.641224444444445041e+00 1.335855555555555754e-02 -2.539030277777777567e+00 2.761816666666666586e-02
1.500000000000000000e+03 3.900000000000000000e+03 1.200000000000000000e+04 -1.367336055555555596e+00 6.835311111111111448e-02 -8.947492000000002221e+00 1.453027777777777391e-02 -2.447743722222222473e+00 2.625305555555555725e-02
1.500000000000000000e+03 3.900000000000000000e+03 2.900000000000000000e+04 -2.483535111111111249e+00 5.268683333333333552e-02 -9.244172833333333728e+00 1.141955555555555779e-02 -2.265581499999999693e+00 2.899799999999999947e-02
1.500000000000000000e+03 7.900000000000000000e+03 -5.000000000000000000e+03 -2.503657611111110626e+00 5.654344444444444479e-02 -8.264878944444443931e+00 1.287466666666666447e-02 5.309297777777778338e-01 1.254111111111110878e-02
1.500000000000000000e+03 7.900000000000000000e+03 1.200000000000000000e+04 -2.367111333333333789e+00 7.281916666666668481e-02 -8.509890111111111821e+00 1.356944444444444300e-02 1.555702777777777879e+00 1.545949999999999928e-02
1.500000000000000000e+03 7.900000000000000000e+03 2.900000000000000000e+04 -2.203982999999999581e+00 5.872822222222221639e-02 -8.746631722222225847e+00 1.165861111111111265e-02 2.655825722222223018e+00 1.289966666666666865e-02
4.500000000000000000e+03 -4.300000000000000000e+03 -5.000000000000000000e+03 6.010388888888889003e-01 5.307855555555555244e-02 -8.769455777777777072e+00 1.165099999999999990e-02 2.751880055555555149e+00 2.806411111111110565e-02
4.500000000000000000e+03 -4.300000000000000000e+03 1.200000000000000000e+04 1.622706222222222161e+00 6.825516666666665844e-02 -9.117818277777779201e+00 1.455261111111110992e-02 2.623942166666666242e+00 3.110972222222222264e-02
4.500000000000000000e+03 -4.300000000000000000e+03 2.900000000000000000e+04 2.742840777777777905e+00 4.950561111111111828e-02 -9.479870888888889624e+00 1.247005555555555541e-02 2.440794833333333358e+00 2.733355555555555885e-02
4.500000000000000000e+03 -2.000000000000000000e+02 -5.000000000000000000e+03 2.808714055555556754e+00 5.854472222222222716e-02 -9.329214611111108724e+00 1.279649999999999885e-02 -3.511461666666667036e-01 1.328961111111111142e-02
4.500000000000000000e+03 -2.000000000000000000e+02 1.200000000000000000e+04 2.660328722222223163e+00 7.355027777777776998e-02 -9.931396722222221030e+00 1.471255555555555511e-02 -1.282868444444444478e+00 1.694038888888889025e-02
4.500000000000000000e+03 -2.000000000000000000e+02 2.900000000000000000e+04 2.532891111111110760e+00 5.776405555555555460e-02 -1.037583072222222391e+01 1.102088888888888736e-02 -2.357396277777777716e+00 1.246305555555555535e-02
4.500000000000000000e+03 3.900000000000000000e+03 -5.000000000000000000e+03 -3.789904444444444076e-01 5.382683333333334458e-02 -8.587301666666666833e+00 1.258094444444444321e-02 -2.498415555555554945e+00 2.344327777777777816e-02
4.500000000000000000e+03 3.900000000000000000e+03 1.200000000000000000e+04 -1.378904166666666820e+00 6.665750000000000841e-02 -8.868657055555555502e+00 1.457599999999999868e-02 -2.417813222222222169e+00 2.650111111111111070e-02
4.500000000000000000e+03 3.900000000000000000e+03 2.900000000000000000e+04 -2.485956166666666967e+00 5.004661111111111116e-02 -9.140448555555556354e+00 1.208688888888889007e-02 -2.227824166666666716e+00 2.699438888888888721e-02
4.500000000000000000e+03 7.900000000000000000e+03 -5.000000000000000000e+03 -2.534481055555555251e+00 5.177055555555556965e-02 -7.841088000000000946e+00 1.182738888888888729e-02 5.647751666666667170e-01 1.337544444444444501e-02
4.500000000000000000e+03 7.900000000000000000e+03 1.200000000000000000e+04 -2.384472111111111570e+00 6.825583333333333502e-02 -8.048866388888889389e+00 1.607027777777777361e-02 1.592440999999999773e+00 1.482400000000000037e-02
4.500000000000000000e+03 7.900000000000000000e+03 2.900000000000000000e+04 -2.227927722222222240e+00 5.745077777777777422e-02 -8.233586611111112674e+00 1.247511111111111216e-02 2.699503833333332992e+00 1.269655555555555641e-02
7.500000000000000000e+03 -4.300000000000000000e+03 -5.000000000000000000e+03 6.046891111111111217e-01 5.014072222222222541e-02 -8.819747944444443988e+00 1.131011111111111106e-02 2.821394888888888897e+00 2.511394444444444221e-02
7.500000000000000000e+03 -4.300000000000000000e+03 1.200000000000000000e+04 1.615083611111111317e+00 6.600694444444443754e-02 -9.194269388888891115e+00 1.512027777777777762e-02 2.675080388888889438e+00 2.969538888888888922e-02
7.500000000000000000e+03 -4.300000000000000000e+03 2.900000000000000000e+04 2.746818499999999830e+00 5.342705555555555402e-02 -9.593948333333331746e+00 1.177355555555555794e-02 2.513912555555555706e+00 2.521444444444444211e-02
7.500000000000000000e+03 -2.000000000000000000e+02 -5.000000000000000000e+03 2.815844111111110770e+00 5.878233333333333227e-02 -9.734661555555556234e+00 1.232349999999999765e-02 -2.796222222222222165e-01 1.342588888888889172e-02
7.500000000000000000e+03 -2.000000000000000000e+02 1.200000000000000000e+04 2.656716388888888947e+00 7.236394444444443907e-02 -1.038264194444444399e+01 1.433838888888888663e-02 -1.195692611111111248e+00 1.616555555555555801e-02
7.500000000000000000e+03 -2.000000000000000000e+02 2.900000000000000000e+04 2.531882388888889945e+00 5.659583333333332439e-02 -1.086523105555555802e+01 1.109449999999999846e-02 -2.253713388888888502e+00 1.445805555555555559e-02
7.500000000000000000e+03 3.900000000000000000e+03 -5.000000000000000000e+03 -3.838943888888888822e-01 5.516144444444443656e-02 -8.535904388888887695e+00 1.269594444444444720e-02 -2.463841222222222349e+00 2.413261111111111162e-02
7.500000000000000000e+03 3.900000000000000000e+03 1.200000000000000000e+04 -1.385911666666666431e+00 6.332127777777779576e-02 -8.788131611111110075e+00 1.395372222222222153e-02 -2.359282833333333773e+00 2.630522222222221942e-02
7.500000000000000000e+03 3.900000000000000000e+03 2.900000000000000000e+04 -2.489589166666666298e+00 5.161133333333332157e-02 -9.040544777777776986e+00 1.193372222222222057e-02 -2.168342333333333816e+00 2.903555555555555404e-02
7.500000000000000000e+03 7.900000000000000000e+03 -5.000000000000000000e+03 -2.543465611111110913e+00 5.267061111111111249e-02 -7.429990888888888811e+00 1.333338888888888768e-02 6.050346666666667206e-01 1.246105555555555508e-02
7.500000000000000000e+03 7.900000000000000000e+03 1.200000000000000000e+04 -2.394064666666666064e+00 7.289755555555553490e-02 -7.577990166666666028e+00 1.487138888888888885e-02 1.640067166666666409e+00 1.656911111111111085e-02
7.500000000000000000e+03 7.900000000000000000e+03 2.900000000000000000e+04 -2.241418611111110959e+00 6.086849999999999206e-02 -7.715951055555556160e+00 1.290666666666666698e-02 2.744191722222222296e+00 1.362838888888889127e-02
1.050000000000000000e+04 -4.300000000000000000e+03 -5.000000000000000000e+03 6.126254444444444447e-01 5.294438888888888806e-02 -8.886085055555554391e+00 1.121177777777778058e-02 2.870575222222222056e+00 2.192772222222222345e-02
1.050000000000000000e+04 -4.300000000000000000e+03 1.200000000000000000e+04 1.612035111111111085e+00 6.844166666666667842e-02 -9.272768222222220302e+00 1.367822222222222356e-02 2.749760499999999830e+00 2.706283333333332763e-02
1.050000000000000000e+04 -4.300000000000000000e+03 2.900000000000000000e+04 2.726622833333333329e+00 5.553849999999999065e-02 -9.706839777777778622e+00 1.243994444444444618e-02 2.560331111111111113e+00 2.631494444444444636e-02
1.050000000000000000e+04 -2.000000000000000000e+02 -5.000000000000000000e+03 2.856962055555555047e+00 5.885483333333333539e-02 -1.014064627777777794e+01 1.157500000000000195e-02 -1.863575555555555263e-01 1.267622222222222240e-02
1.050000000000000000e+04 -2.000000000000000000e+02 1.200000000000000000e+04 2.684009111111110624e+00 7.102333333333334109e-02 -1.081996633333333335e+01 1.377744444444444633e-02 -1.114198555555555581e+00 1.535844444444444366e-02
1.050000000000000000e+04 -2.000000000000000000e+02 2.900000000000000000e+04 2.539444611111110639e+00 5.760838888888888953e-02 -1.137444716666666800e+01 1.156599999999999989e-02 -2.144270888888888393e+00 1.325527777777777902e-02
1.050000000000000000e+04 3.900000000000000000e+03 -5.000000000000000000e+03 -3.634755555555556072e-01 5.366055555555555162e-02 -8.477205722222221240e+00 1.181672222222222152e-02 -2.439995722222222607e+00 2.756661111111111118e-02
1.050000000000000000e+04 3.900000000000000000e+03 1.200000000000000000e+04 -1.356563333333332899e+00 6.156027777777779014e-02 -8.719050722222224437e+00 1.451538888888888844e-02 -2.335816666666667096e+00 2.449894444444444125e-02
1.050000000000000000e+04 3.900000000000000000e+03 2.900000000000000000e+04 -2.478649499999999950e+00 5.411344444444443624e-02 -8.933975611111113935e+00 1.199372222222222333e-02 -2.146343944444444762e+00 2.917366666666666719e-02
1.050000000000000000e+04 7.900000000000000000e+03 -5.000000000000000000e+03 -2.566673499999999830e+00 5.716172222222221794e-02 -7.016701277777777968e+00 1.275455555555555717e-02 6.107264444444443496e-01 1.264038888888888851e-02
1.050000000000000000e+04 7.900000000000000000e+03 1.200000000000000000e+04 -2.413464277777777944e+00 6.895366666666664923e-02 -7.117595999999999812e+00 1.524377777777777623e-02 1.649685499999999916e+00 1.536672222222222085e-02
1.050000000000000000e+04 7.900000000000000000e+03 2.900000000000000000e+04 -2.241692277777777687e+00 6.049483333333333795e-02 -7.196939500000000933e+00 1.163222222222222088e-02 2.766337999999999298e+00 1.374894444444444558e-02
1.350000000000000000e+04 -4.300000000000000000e+03 -5.000000000000000000e+03 5.864844999999999642e-01 5.392494444444443508e-02 -8.934897166666667445e+00 9.506555555555554551e-03 2.978972444444444534e+00 2.471383333333333765e-02
1.350000000000000000e+04 -4.300000000000000000e+03 1.200000000000000000e+04 1.606252444444444816e+00 6.796422222222223142e-02 -9.360701444444446295e+00 1.439155555555555500e-02 2.822960999999999832e+00 3.044572222222222471e-02
1.350000000000000000e+04 -4.300000000000000000e+03 2.900000000000000000e+04 2.734509888888888796e+00 5.320472222222220882e-02 -9.811164444444441912e+00 1.209588888888888866e-02 2.638677333333333319e+00 3.049066666666665898e-02
1.350000000000000000e+04 -2.000000000000000000e+02 -5.000000000000000000e+03 2.865681222222221880e+00 6.654744444444445073e-02 -1.053432366666666731e+01 1.192761111111111105e-02 -8.471238888888887875e-02 1.334477777777777659e-02
1.350000000000000000e+04 -2.000000000000000000e+02 1.200000000000000000e+04 2.701335111111111686e+00 6.889777777777778001e-02 -1.126174061111110980e+01 1.498511111111111224e-02 -9.856142222222222804e-01 1.510266666666666528e-02
1.350000000000000000e+04 -2.000000000000000000e+02 2.900000000000000000e+04 2.578993166666666337e+00 6.021855555555553907e-02 -1.186262533333333380e+01 1.144122222222222415e-02 -2.012362722222222011e+00 1.372722222222222226e-02
1.350000000000000000e+04 3.900000000000000000e+03 -5.000000000000000000e+03 -3.712617777777778016e-01 5.421116666666667139e-02 -8.430140666666666505e+00 1.379388888888888678e-02 -2.406697555555556090e+00 2.595505555555555760e-02
1.350000000000000000e+04 3.900000000000000000e+03 1.200000000000000000e+04 -1.356391833333333352e+00 6.740094444444443000e-02 -8.637401055555555374e+00 1.509549999999999954e-02 -2.315392666666666877e+00 2.700155555555555642e-02
1.350000000000000000e+04 3.900000000000000000e+03 2.900000000000000000e+04 -2.467477111111111121e+00 5.592633333333333484e-02 -8.823756777777777671e+00 1.124972222222222346e-02 -2.122112833333333448e+00 2.970766666666666347e-02
1.350000000000000000e+04 7.900000000000000000e+03 -5.000000000000000000e+03 -2.581430555555556339e+00 5.501249999999999196e-02 -6.598929777777778227e+00 1.204472222222222229e-02 6.264032222222222224e-01 1.236572222222222239e-02
1.350000000000000000e+04 7.900000000000000000e+03 1.200000000000000000e+04 -2.422953333333333514e+00 6.713827777777778283e-02 -6.651707611111111973e+00 1.319038888888888865e-02 1.658889000000000058e+00 1.551705555555555477e-02
1.350000000000000000e+04 7.900000000000000000e+03 2.900000000000000000e+04 -2.258455166666666347e+00 5.707799999999999679e-02 -6.685033611111111718e+00 1.172888888888889113e-02 2.762907888888888497e+00 1.271083333333333266e-02
1.650000000000000000e+04 -4.300000000000000000e+03 -5.000000000000000000e+03 5.839461666666666551e-01 5.029916666666665870e-02 -8.974569833333330138e+00 1.174155555555555369e-02 3.062061277777778034e+00 2.408500000000000224e-02
1.650000000000000000e+04 -4.300000000000000000e+03 1.200000000000000000e+04 1.594756277777777731e+00 6.424999999999998768e-02 -9.430747166666666459e+00 1.448133333333333043e-02 2.918006611111111148e+00 2.884394444444444289e-02
1.650000000000000000e+04 -4.300000000000000000e+03 2.900000000000000000e+04 2.714237166666666035e+00 5.031055555555555281e-02 -9.914372333333332676e+00 1.182116666666666559e-02 2.733040499999999540e+00 2.274372222222222420e-02
1.650000000000000000e+04 -2.000000000000000000e+02 -5.000000000000000000e+03 2.940062555555555512e+00 5.770588888888888296e-02 -1.091960350000000091e+01 1.267461111111111045e-02 4.581033333333332791e-02 1.213694444444444326e-02
1.650000000000000000e+04 -2.000000000000000000e+02 1.200000000000000000e+04 2.762720833333333292e+00 7.085755555555556251e-02 -1.169824099999999945e+01 1.441438888888889151e-02 -8.411667222222223295e-01 1.497266666666666537e-02
1.650000000000000000e+04 -2.000000000000000000e+02 2.900000000000000000e+04 2.633176611111110788e+00 5.192838888888889892e-02 -1.234279444444444351e+01 1.056472222222222361e-02 -1.862464611111111168e+00 1.232505555555555785e-02
1.650000000000000000e+04 3.900000000000000000e+03 -5.000000000000000000e+03 -3.359052777777777887e-01 5.380061111111111849e-02 -8.378573388888888474e+00 1.170583333333333198e-02 -2.400246388888888749e+00 2.932461111111110685e-02
1.650000000000000000e+04 3.900000000000000000e+03 1.200000000000000000e+04 -1.321546777777777848e+00 6.616494444444442902e-02 -8.566032111111111291e+00 1.435405555555555393e-02 -2.289225777777777804e+00 2.931783333333333463e-02
1.650000000000000000e+04 3.900000000000000000e+03 2.900000000000000000e+04 -2.427314833333332977e+00 5.024783333333332491e-02 -8.725306277777777453e+00 1.171511111111111191e-02 -2.115793277777777703e+00 2.618305555555554623e-02
1.650000000000000000e+04 7.900000000000000000e+03 -5.000000000000000000e+03 -2.597772111111110505e+00 5.145150000000000418e-02 -6.175495111111111157e+00 1.126238888888888429e-02 6.086555555555555053e-01 1.265505555555555654e-02
1.650000000000000000e+04 7.900000000000000000e+03 1.200000000000000000e+04 -2.434836611111110827e+00 7.073844444444443713e-02 -6.192633944444445149e+00 1.306649999999999999e-02 1.641631499999999910e+00 1.554283333333333211e-02
1.650000000000000000e+04 7.900000000000000000e+03 2.900000000000000000e+04 -2.281462166666667013e+00 5.925550000000001649e-02 -6.172917222222221945e+00 1.270472222222222315e-02 2.743049666666666830e+00 1.275200000000000118e-02
1.950000000000000000e+04 -4.300000000000000000e+03 -5.000000000000000000e+03 5.491205000000001224e-01 5.605029999999998347e-02 -9.031263100000000321e+00 1.255210000000000006e-02 3.145963100000000345e+00 2.718010000000000218e-02
1.950000000000000000e+04 -4.300000000000000000e+03 1.200000000000000000e+04 1.573869399999999974e+00 6.974829999999999919e-02 -9.499902800000000980e+00 1.419609999999999969e-02 3.017891900000000405e+00 2.640649999999999942e-02
1.950000000000000000e+04 -4.300000000000000000e+03 2.900000000000000000e+04 2.678415900000000072e+00 5.381239999999999635e-02 -1.000253119999999996e+01 1.273340000000000062e-02 2.853781399999999913e+00 2.472519999999999926e-02
1.950000000000000000e+04 -2.000000000000000000e+02 -5.000000000000000000e+03 2.970841200000000182e+00 6.069830000000000364e-02 -1.130366550000000103e+01 1.214420000000000083e-02 1.970662999999999998e-01 1.308080000000000007e-02
1.950000000000000000e+04 -2.000000000000000000e+02 1.200000000000000000e+04 2.804575300000000215e+00 7.244780000000000664e-02 -1.212430399999999864e+01 1.431780000000000032e-02 -6.841382000000000296e-01 1.601510000000000086e-02
1.950000000000000000e+04 -2.000000000000000000e+02 2.900000000000000000e+04 2.668723899999999816e+00 5.536739999999999717e-02 -1.282749529999999893e+01 1.202289999999999956e-02 -1.687422199999999872e+00 1.202250000000000020e-02
1.950000000000000000e+04 3.900000000000000000e+03 -5.000000000000000000e+03 -3.027854000000000378e-01 5.456629999999999814e-02 -8.329281899999999794e+00 1.313210000000000245e-02 -2.375872099999999598e+00 2.539450000000000388e-02
1.950000000000000000e+04 3.900000000000000000e+03 1.200000000000000000e+04 -1.277783700000000078e+00 6.224369999999999209e-02 -8.498908500000000643e+00 1.531879999999999874e-02 -2.294598100000000862e+00 2.804759999999999892e-02
1.950000000000000000e+04 3.900000000000000000e+03 2.900000000000000000e+04 -2.367487500000000189e+00 4.604709999999999359e-02 -8.623581300000001448e+00 1.250440000000000232e-02 -2.115159400000000023e+00 2.340770000000000003e-02
1.950000000000000000e+04 7.900000000000000000e+03 -5.000000000000000000e+03 -2.649895699999999632e+00 5.675380000000000008e-02 -5.756139300000000070e+00 1.115350000000000022e-02 5.660422000000000509e-01 1.295939999999999939e-02
1.950000000000000000e+04 7.900000000000000000e+03 1.200000000000000000e+04 -2.484960199999999730e+00 6.799499999999999988e-02 -5.726921299999999881e+00 1.387359999999999982e-02 1.601481799999999733e+00 1.590630000000000169e-02
1.950000000000000000e+04 7.900000000000000000e+03 2.900000000000000000e+04 -2.328857999999999429e+00 5.444729999999999709e-02 -5.668945100000000181e+00 1.291239999999999923e-02 2.695166899999999810e+00 1.366479999999999952e-02
