2.525000000000000000e+03 3.950000000000000000e+03 -5.203200000000000000e+04 -6.931419708839015037e+00 5.018309118115302225e-02 2.484933787906960845e+00 1.080034762666962252e-02 2.261786947917123314e+01 1.387353526132302679e-02 1.000000000000000000e+00 9.030262999999999707e+00 9.813000000000000542e-03 8.431602259999999660e+02
2.525000000000000000e+03 3.950000000000000000e+03 -5.203200000000000000e+04 -6.912330620721546026e+00 6.344602963603665491e-02 2.429763655947403400e+00 9.914283848207788158e-03 -1.135300185881291135e+01 1.509584099016438724e-02 0.000000000000000000e+00 -2.364679699999999940e+01 3.300999999999999768e-02 8.536068229999999630e+02
4.525000000000000000e+03 3.950000000000000000e+03 -5.203200000000000000e+04 -6.780814192555962627e+00 6.027122569353222936e-02 2.559881052047102479e+00 1.057470350078292508e-02 2.269788433168841735e+01 1.295492312867309315e-02 1.000000000000000000e+00 9.041657000000000721e+00 8.899999999999999925e-03 8.663475519999999506e+02
4.525000000000000000e+03 3.950000000000000000e+03 -5.203200000000000000e+04 -6.796140272784701786e+00 5.781265157041433345e-02 2.547429611502348479e+00 1.015355850329322830e-02 -1.128398737897405724e+01 1.379557342476455881e-02 0.000000000000000000e+00 -2.364770599999999945e+01 3.269799999999999790e-02 8.766921439999999848e+02
8.525000000000000000e+03 3.950000000000000000e+03 -5.203200000000000000e+04 -6.834922007413926970e+00 7.318670698395143837e-02 1.849568723943544546e+00 1.180588857886054853e-02 2.282784668751620671e+01 9.992255036215008657e-03 1.000000000000000000e+00 9.047890999999999906e+00 1.007300000000000036e-02 8.914379870000000210e+02
8.525000000000000000e+03 3.950000000000000000e+03 -5.203200000000000000e+04 -6.830730928210676289e+00 5.944959521169265043e-02 1.849014246138285689e+00 1.439595870316922807e-02 -1.114888482290232652e+01 1.541737017725577745e-02 0.000000000000000000e+00 -2.366021299999999883e+01 3.660599999999999965e-02 9.017805789999999888e+02
1.252500000000000000e+04 3.950000000000000000e+03 -5.203200000000000000e+04 -6.916830190258023592e+00 6.089396764116579430e-02 1.255414329834802167e+00 1.299149189727438237e-02 2.298778721470791808e+01 1.153894506442017416e-02 1.000000000000000000e+00 9.033253000000000199e+00 9.154000000000000678e-03 9.165244219999999586e+02
1.252500000000000000e+04 3.950000000000000000e+03 -5.203200000000000000e+04 -6.850865532722822060e+00 6.548728075830005657e-02 1.233365426579794422e+00 1.146307933160079819e-02 -1.100177074302450997e+01 1.577620743781635304e-02 0.000000000000000000e+00 -2.364360800000000040e+01 1.884200000000000111e-02 9.268680140000000165e+02
1.652500000000000000e+04 3.950000000000000000e+03 -5.203200000000000000e+04 -6.958276822644826609e+00 5.621641896315278386e-02 5.536331411010099179e-01 1.416671943247266655e-02 2.318377231802316629e+01 1.433131216884472175e-02 1.000000000000000000e+00 9.050444000000000599e+00 9.983999999999999819e-03 9.416108570000000100e+02
1.652500000000000000e+04 3.950000000000000000e+03 -5.203200000000000000e+04 -6.861174678428400675e+00 8.723662727540018591e-02 5.303552769317899651e-01 1.660191449978322409e-02 -1.083134825214518315e+01 1.451102272601038565e-02 0.000000000000000000e+00 -2.365967600000000104e+01 2.320399999999999893e-02 9.519544489999999541e+02
2.052500000000000000e+04 3.950000000000000000e+03 -5.203200000000000000e+04 -6.992143365233216556e+00 6.432359791895006507e-02 2.492951032623927365e-02 1.413539559188047544e-02 2.341792822621337322e+01 1.159680607849800441e-02 1.000000000000000000e+00 9.045854000000000283e+00 1.174099999999999970e-02 9.666982920000000377e+02
2.052500000000000000e+04 3.950000000000000000e+03 -5.203200000000000000e+04 -6.829258182943852340e+00 7.575394950430970609e-02 -3.738058510728733963e-02 1.512579025204949593e-02 -1.063168957929432068e+01 1.478824042100685202e-02 0.000000000000000000e+00 -2.363294899999999998e+01 2.619499999999999953e-02 9.771428889999999683e+02
2.452500000000000000e+04 3.950000000000000000e+03 -5.203200000000000000e+04 -6.946473466447810274e+00 7.237372339075465177e-02 -5.143056451450167543e-01 1.355368933476843243e-02 2.369104433692750433e+01 1.019104224184737804e-02 1.000000000000000000e+00 9.041588000000000847e+00 8.385000000000000092e-03 9.918887330000000020e+02
2.452500000000000000e+04 3.950000000000000000e+03 -5.203200000000000000e+04 -6.847935127208166328e+00 6.590348732071209248e-02 -5.465242018647351596e-01 1.288582767257680922e-02 -1.039609840755533732e+01 1.253594261160268994e-02 0.000000000000000000e+00 -2.365658200000000022e+01 2.238300000000000012e-02 1.002234324000000015e+03
2.852500000000000000e+04 3.950000000000000000e+03 -5.203200000000000000e+04 -6.929506161602353664e+00 7.124328654669950800e-02 -1.051536274035028917e+00 1.229966210480645458e-02 2.399520985957551034e+01 1.243362690981392009e-02 1.000000000000000000e+00 9.046310999999999325e+00 1.134199999999999965e-02 1.016979167999999959e+03
2.852500000000000000e+04 3.950000000000000000e+03 -5.203200000000000000e+04 -6.906784610413816416e+00 7.092723625640634522e-02 -1.085427654783748919e+00 1.489455641980817063e-02 -1.013696352869479789e+01 1.916093899278083212e-02 0.000000000000000000e+00 -2.364378200000000163e+01 3.650799999999999879e-02 1.027325759000000062e+03
3.252500000000000000e+04 3.950000000000000000e+03 -5.203200000000000000e+04 -6.897779360620727829e+00 7.842473914786661504e-02 -1.600154661062132222e+00 1.441260622380781918e-02 2.432244412010616585e+01 1.475612040566668184e-02 1.000000000000000000e+00 9.039834000000000813e+00 1.002699999999999945e-02 1.042071603000000096e+03
3.252500000000000000e+04 3.950000000000000000e+03 -5.203200000000000000e+04 -6.877748720995246146e+00 6.293889574177530255e-02 -1.631838165542586205e+00 1.144372423744229733e-02 -9.852491891336976337e+00 1.779181045827871177e-02 0.000000000000000000e+00 -2.364659800000000089e+01 3.264000000000000234e-02 1.052416193999999905e+03
3.252500000000000000e+04 3.950000000000000000e+03 -5.203200000000000000e+04 -6.917101239201514318e+00 5.353653100865841258e-02 -1.627554248888698929e+00 1.801762416965706562e-02 2.432256266985790205e+01 1.328828799507090520e-02 1.000000000000000000e+00 8.993088999999999444e+00 2.458899999999999975e-02 1.062761786000000029e+03
3.252500000000000000e+04 3.950000000000000000e+03 -5.203200000000000000e+04 -6.912714352756908376e+00 6.108603340128856973e-02 -1.628262274600408732e+00 1.127841590081072459e-02 -9.856693228442880539e+00 1.540791624668947334e-02 0.000000000000000000e+00 -2.365324899999999886e+01 2.014799999999999924e-02 1.073108377999999902e+03
2.852500000000000000e+04 3.950000000000000000e+03 -5.203200000000000000e+04 -6.849957318260435635e+00 6.765847529061103094e-02 -1.113580650809117056e+00 1.241276263653757345e-02 2.400712880603390076e+01 1.476967135987639762e-02 1.000000000000000000e+00 9.042863999999999791e+00 1.113300000000000053e-02 1.087853221000000076e+03
2.852500000000000000e+04 3.950000000000000000e+03 -5.203200000000000000e+04 -6.909824190289814538e+00 6.708120446520043911e-02 -1.076974534929861838e+00 1.364460940142021850e-02 -1.012565773602407937e+01 1.818642077981943994e-02 0.000000000000000000e+00 -2.365075500000000019e+01 2.741299999999999987e-02 1.098197812999999996e+03
2.452500000000000000e+04 3.950000000000000000e+03 -5.203200000000000000e+04 -6.808694329751346253e+00 5.986370925364602885e-02 -5.597616520220884961e-01 9.999802185390434250e-03 2.372050661808441774e+01 1.170001468580253966e-02 1.000000000000000000e+00 9.035681999999999547e+00 1.012700000000000058e-02 1.112941657000000077e+03
2.452500000000000000e+04 3.950000000000000000e+03 -5.203200000000000000e+04 -6.939999711630967738e+00 9.818869743234949488e-02 -5.028809294541511932e-01 1.362858612402783297e-02 -1.036452715331429886e+01 1.151996539918757195e-02 0.000000000000000000e+00 -2.366190200000000132e+01 2.346499999999999975e-02 1.123287248000000091e+03
2.052500000000000000e+04 3.950000000000000000e+03 -5.203200000000000000e+04 -6.716377644489470278e+00 5.487187625142116859e-02 -7.066470068768418433e-02 1.283550247337955988e-02 2.348524810554561171e+01 1.392842539214641899e-02 1.000000000000000000e+00 9.036167999999999978e+00 1.386199999999999932e-02 1.138034092000000101e+03
2.052500000000000000e+04 3.950000000000000000e+03 -5.203200000000000000e+04 -6.993221243386656738e+00 5.943169324602209924e-02 2.547564062143416186e-02 1.041812904636520154e-02 -1.055846685604962865e+01 1.757005779967765052e-02 0.000000000000000000e+00 -2.365399400000000085e+01 2.420399999999999982e-02 1.148382683999999927e+03
1.652500000000000000e+04 3.950000000000000000e+03 -5.203200000000000000e+04 -6.747027692119613285e+00 5.111882283059493437e-02 4.994001073203988561e-01 1.393787105986763614e-02 2.324356248591298524e+01 1.228000312429724898e-02 1.000000000000000000e+00 9.034677999999999543e+00 1.303900000000000024e-02 1.163128527000000076e+03
1.652500000000000000e+04 3.950000000000000000e+03 -5.203200000000000000e+04 -6.950391790022959704e+00 6.857231206562447445e-02 5.498644897066302661e-01 1.257426120570694951e-02 -1.077160513079527604e+01 1.576216828692242333e-02 0.000000000000000000e+00 -2.365135599999999982e+01 3.642900000000000305e-02 1.173473118999999997e+03
1.252500000000000000e+04 3.950000000000000000e+03 -5.203200000000000000e+04 -6.817782627799764406e+00 7.274524351178715542e-02 1.220078555400244680e+00 1.208003600053574218e-02 2.301026622049525727e+01 1.114382275687062981e-02 1.000000000000000000e+00 9.053264999999999674e+00 9.648999999999999591e-03 1.188220962000000100e+03
1.252500000000000000e+04 3.950000000000000000e+03 -5.203200000000000000e+04 -6.904114519442924980e+00 6.379781330912731585e-02 1.257256074629887088e+00 1.092384298729958368e-02 -1.098645888151034811e+01 1.447074446469720499e-02 0.000000000000000000e+00 -2.366963499999999954e+01 2.484199999999999950e-02 1.198566553999999996e+03
8.525000000000000000e+03 3.950000000000000000e+03 -5.203200000000000000e+04 -6.816391135078677443e+00 5.640028763868591005e-02 1.850531158741059778e+00 1.191134681990101835e-02 2.283940417200701845e+01 1.002478549443960171e-02 1.000000000000000000e+00 9.039417000000000257e+00 7.675999999999999664e-03 1.213312396999999919e+03
8.525000000000000000e+03 3.950000000000000000e+03 -5.203200000000000000e+04 -6.858924841861899324e+00 5.773706908848118963e-02 1.837969928723190982e+00 1.322998877809236119e-02 -1.114242141073366632e+01 1.338719447843723410e-02 0.000000000000000000e+00 -2.365436700000000059e+01 2.647100000000000147e-02 1.223658989000000020e+03
4.525000000000000000e+03 3.950000000000000000e+03 -5.203200000000000000e+04 -6.752035086166572775e+00 6.621623213778943251e-02 2.531191752507437887e+00 1.466233657070033572e-02 2.269645974601126071e+01 1.011055061615751503e-02 1.000000000000000000e+00 9.021698999999999913e+00 1.391300000000000002e-02 1.238403831999999966e+03
4.525000000000000000e+03 3.950000000000000000e+03 -5.203200000000000000e+04 -6.806748339750392063e+00 5.765969243145576545e-02 2.543081817280944623e+00 1.346428013802688367e-02 -1.127080155500815728e+01 1.301096487869586073e-02 0.000000000000000000e+00 -2.366223400000000154e+01 3.790899999999999825e-02 1.248750424000000066e+03
2.525000000000000000e+03 3.950000000000000000e+03 -5.203200000000000000e+04 -6.906606876458744715e+00 6.793136081013734229e-02 2.447519329051763837e+00 1.058979671370202484e-02 2.263681667903932038e+01 1.140929489694265248e-02 1.000000000000000000e+00 9.031190999999999747e+00 1.221200000000000063e-02 1.261498153000000002e+03
2.525000000000000000e+03 3.950000000000000000e+03 -5.203200000000000000e+04 -6.892756387149775676e+00 6.482251422907359117e-02 2.462148161109976918e+00 1.180441580482127252e-02 -1.134587041446740407e+01 1.349749319423563208e-02 0.000000000000000000e+00 -2.365845399999999898e+01 3.433300000000000241e-02 1.271944750999999997e+03
2.525000000000000000e+03 3.950000000000000000e+03 -5.203200000000000000e+04 -6.895704945324934165e+00 5.694226726492489232e-02 2.396944044060825618e+00 1.004672634058601313e-02 2.262647877931843610e+01 1.682915403599478249e-02 1.000000000000000000e+00 8.995796000000000348e+00 3.043999999999999831e-02 1.282287342999999964e+03
2.525000000000000000e+03 3.950000000000000000e+03 -5.203200000000000000e+04 -6.928657070175245458e+00 7.357821822251450761e-02 2.437502329412100099e+00 1.475016348514840772e-02 -1.133783538663766066e+01 1.701912613389506418e-02 0.000000000000000000e+00 -2.365692999999999913e+01 3.476599999999999829e-02 1.292633933999999954e+03
4.525000000000000000e+03 3.950000000000000000e+03 -5.203200000000000000e+04 -6.809727012294302995e+00 7.944439957079459103e-02 2.556734325995121182e+00 1.556256703443050990e-02 2.268511046888454885e+01 1.092306816488795504e-02 1.000000000000000000e+00 9.032985000000000042e+00 1.716499999999999970e-02 1.305379662999999937e+03
4.525000000000000000e+03 3.950000000000000000e+03 -5.203200000000000000e+04 -6.739688454924899652e+00 7.985544635368230226e-02 2.557303557971671193e+00 1.579013901882741003e-02 -1.129816026387603678e+01 1.580273401726005680e-02 0.000000000000000000e+00 -2.365499700000000161e+01 2.617999999999999841e-02 1.315723255000000108e+03
8.525000000000000000e+03 3.950000000000000000e+03 -5.203200000000000000e+04 -6.858711949586495216e+00 5.556913057220160684e-02 1.848934783862930420e+00 1.504713807178418086e-02 2.281498706759958139e+01 1.100117958667487690e-02 1.000000000000000000e+00 9.033998000000000417e+00 8.116999999999999216e-03 1.330471097999999984e+03
8.525000000000000000e+03 3.950000000000000000e+03 -5.203200000000000000e+04 -6.820358632751502448e+00 5.324118887851012755e-02 1.862038039179513937e+00 1.087295795738350140e-02 -1.116527192562754500e+01 1.663386482630480057e-02 0.000000000000000000e+00 -2.364961800000000025e+01 2.630299999999999999e-02 1.340818690000000061e+03
1.252500000000000000e+04 3.950000000000000000e+03 -5.203200000000000000e+04 -6.899799187184158633e+00 6.073790343442681677e-02 1.266938952529669260e+00 1.148639607686748922e-02 2.298457360987238118e+01 1.186139627343957108e-02 1.000000000000000000e+00 9.034563999999999595e+00 9.667999999999999511e-03 1.355562533999999914e+03
1.252500000000000000e+04 3.950000000000000000e+03 -5.203200000000000000e+04 -6.879434913351943237e+00 7.211662736650316374e-02 1.251815378605679152e+00 1.355270080329946600e-02 -1.100867271996672869e+01 1.151846205954478938e-02 0.000000000000000000e+00 -2.365808699999999831e+01 3.190300000000000080e-02 1.366009131000000025e+03
1.652500000000000000e+04 3.950000000000000000e+03 -5.203200000000000000e+04 -6.946633756077675415e+00 6.521352961020490668e-02 5.588248530117917445e-01 1.416639617077296992e-02 2.317645946540956459e+01 1.195229000282528424e-02 1.000000000000000000e+00 9.028658000000000072e+00 8.942999999999999561e-03 1.380754973999999947e+03
1.652500000000000000e+04 3.950000000000000000e+03 -5.203200000000000000e+04 -6.840371389468052676e+00 6.984217496936440117e-02 5.316378256936642455e-01 1.572059910787835385e-02 -1.084177934082784844e+01 1.393976266792443762e-02 0.000000000000000000e+00 -2.366220500000000015e+01 2.960499999999999937e-02 1.391099566000000095e+03
2.052500000000000000e+04 3.950000000000000000e+03 -5.203200000000000000e+04 -6.952217571797974394e+00 6.090440323965577024e-02 2.266899722117055038e-02 1.308015696279876336e-02 2.341422354362667235e+01 1.372354141065470004e-02 1.000000000000000000e+00 9.034807000000000698e+00 1.118099999999999997e-02 1.405846410000000105e+03
2.052500000000000000e+04 3.950000000000000000e+03 -5.203200000000000000e+04 -6.838264239234203679e+00 7.594262722292699497e-02 -1.116717191752336635e-02 9.870055783138166269e-03 -1.063289894691325443e+01 1.611709844597622801e-02 0.000000000000000000e+00 -2.365934400000000082e+01 3.148399999999999810e-02 1.416192000999999891e+03
2.452500000000000000e+04 3.950000000000000000e+03 -5.203200000000000000e+04 -6.906656510143979411e+00 6.317505566474841683e-02 -5.279291876151490648e-01 1.538622966815012157e-02 2.368810532310254047e+01 1.220900685374846223e-02 1.000000000000000000e+00 9.022831999999999297e+00 9.646000000000000060e-03 1.430938844999999901e+03
2.452500000000000000e+04 3.950000000000000000e+03 -5.203200000000000000e+04 -6.873896113288755494e+00 6.042096415672770782e-02 -5.525879461487765987e-01 1.340381052502500302e-02 -1.039162898645399302e+01 1.291255914916379643e-02 0.000000000000000000e+00 -2.366390300000000124e+01 3.120799999999999963e-02 1.441283437000000049e+03
2.852500000000000000e+04 3.950000000000000000e+03 -5.203200000000000000e+04 -6.912529915176820694e+00 6.763649509085581379e-02 -1.121185292931971889e+00 1.342342279042611775e-02 2.398550267780153433e+01 1.046549843123131297e-02 1.000000000000000000e+00 9.022111999999999910e+00 1.593200000000000172e-02 1.456027280000000019e+03
2.852500000000000000e+04 3.950000000000000000e+03 -5.203200000000000000e+04 -6.875386621033462653e+00 5.501745018561792627e-02 -1.123904909343270697e+00 1.101982741855092943e-02 -1.014289707876478275e+01 1.176868887083019205e-02 0.000000000000000000e+00 -2.365738199999999836e+01 2.368599999999999872e-02 1.466370871999999963e+03
3.252500000000000000e+04 3.950000000000000000e+03 -5.203200000000000000e+04 -6.854108786572664869e+00 7.484258189730655375e-02 -1.658230522669343454e+00 1.156058806022040690e-02 2.431267215193733833e+01 9.793731089163646916e-03 1.000000000000000000e+00 9.042621000000000464e+00 1.197699999999999980e-02 1.481114714999999933e+03
3.252500000000000000e+04 3.950000000000000000e+03 -5.203200000000000000e+04 -6.878513924615552000e+00 8.200451965243675534e-02 -1.625839357702115962e+00 1.158562596060063767e-02 -9.873520051454130808e+00 1.337443623762032789e-02 0.000000000000000000e+00 -2.367063399999999973e+01 4.340600000000000014e-02 1.491458305999999993e+03
2.525000000000000000e+03 7.950000000000000000e+03 -5.203200000000000000e+04 2.261343834443272272e+01 7.769962112759877526e-02 3.023423283611574863e+00 1.445684834033785643e-02 6.560431246182025333e+00 1.237030398543536962e-02 1.000000000000000000e+00 9.033813999999999567e+00 1.255700000000000045e-02 1.538206979999999930e+03
2.525000000000000000e+03 7.950000000000000000e+03 -5.203200000000000000e+04 -1.136387273756930583e+01 7.177061543558649337e-02 2.982986661079445767e+00 1.459911311865135820e-02 6.516932630829490591e+00 1.162116599769471952e-02 0.000000000000000000e+00 -2.365654699999999977e+01 2.941900000000000071e-02 1.548651577999999972e+03
4.525000000000000000e+03 7.950000000000000000e+03 -5.203200000000000000e+04 2.267279621836748049e+01 8.345956522756425855e-02 2.991509810715948792e+00 1.458104667502336908e-02 6.550622045890953871e+00 1.507780205755262018e-02 1.000000000000000000e+00 9.027753999999999834e+00 9.195000000000000048e-03 1.561395307000000003e+03
4.525000000000000000e+03 7.950000000000000000e+03 -5.203200000000000000e+04 -1.134677077692233205e+01 6.316082277787996024e-02 3.003973097654073054e+00 1.908997645823020881e-02 6.543500383162211165e+00 1.110145413202496927e-02 0.000000000000000000e+00 -2.365930399999999878e+01 2.289800000000000169e-02 1.571842904000000090e+03
8.525000000000000000e+03 7.950000000000000000e+03 -5.203200000000000000e+04 2.269185499035888398e+01 7.116979545436713517e-02 3.049714090886214812e+00 8.793669817541384034e-03 6.642260629236373504e+00 1.314729440316910782e-02 1.000000000000000000e+00 9.030908000000000158e+00 8.484000000000000222e-03 1.586587747999999920e+03
8.525000000000000000e+03 7.950000000000000000e+03 -5.203200000000000000e+04 -1.129844987906369802e+01 6.872816018554847584e-02 3.032966228971203382e+00 1.380341666590050378e-02 6.610515925291356787e+00 1.298713716941213292e-02 0.000000000000000000e+00 -2.367100100000000040e+01 2.440000000000000155e-02 1.596933338999999933e+03
1.252500000000000000e+04 7.950000000000000000e+03 -5.203200000000000000e+04 2.273093231973824047e+01 7.225111809549092379e-02 3.043110532213864072e+00 1.797200329553194989e-02 6.705132245646638012e+00 1.190460266018197356e-02 1.000000000000000000e+00 9.028574000000000765e+00 8.139000000000000401e-03 1.611679182999999966e+03
1.252500000000000000e+04 7.950000000000000000e+03 -5.203200000000000000e+04 -1.125029266635920955e+01 5.263041603481795339e-02 3.059959985826099960e+00 1.207797571468141248e-02 6.665407347460790000e+00 1.345710799680016785e-02 0.000000000000000000e+00 -2.365730699999999942e+01 2.718599999999999836e-02 1.622024775000000091e+03
1.652500000000000000e+04 7.950000000000000000e+03 -5.203200000000000000e+04 2.277691202267983073e+01 7.935751929034036423e-02 2.993757213536071937e+00 1.082743798052637069e-02 6.811482763892730219e+00 1.274387883892151400e-02 1.000000000000000000e+00 9.020070000000000476e+00 7.807999999999999836e-03 1.636766618000000108e+03
1.652500000000000000e+04 7.950000000000000000e+03 -5.203200000000000000e+04 -1.122609343135101057e+01 7.265266981159469728e-02 2.956754310411753739e+00 1.244079245932431903e-02 6.723828580563099067e+00 1.477738935777945725e-02 0.000000000000000000e+00 -2.365131200000000078e+01 3.757900000000000129e-02 1.647110208999999941e+03
2.052500000000000000e+04 7.950000000000000000e+03 -5.203200000000000000e+04 2.282070756111510335e+01 5.762780020112778095e-02 2.925604198918880350e+00 1.475247618403433165e-02 6.883195910009121121e+00 1.317269833475272905e-02 1.000000000000000000e+00 9.032503000000000171e+00 7.712000000000000105e-03 1.661859052999999903e+03
2.052500000000000000e+04 7.950000000000000000e+03 -5.203200000000000000e+04 -1.117961707078554134e+01 8.913054862894859154e-02 2.948059163517979808e+00 1.432846123260589355e-02 6.738746370337157288e+00 1.047364338749148631e-02 0.000000000000000000e+00 -2.366885500000000064e+01 3.199799999999999867e-02 1.672301650000000109e+03
2.452500000000000000e+04 7.950000000000000000e+03 -5.203200000000000000e+04 2.289410160185912702e+01 5.472693245401884926e-02 2.914169689974656308e+00 1.426698737845855970e-02 6.905546865485693075e+00 1.369018266189912965e-02 1.000000000000000000e+00 9.024665000000000603e+00 9.187000000000000721e-03 1.687047493000000031e+03
2.452500000000000000e+04 7.950000000000000000e+03 -5.203200000000000000e+04 -1.111518802996104505e+01 5.056241789321804653e-02 2.890355640098778878e+00 1.302226499517855456e-02 6.772961554401508266e+00 1.127140559943303789e-02 0.000000000000000000e+00 -2.365085499999999996e+01 1.733399999999999871e-02 1.697394084999999905e+03
2.852500000000000000e+04 7.950000000000000000e+03 -5.203200000000000000e+04 2.300020091432094205e+01 8.586420777827635797e-02 2.877587015549545768e+00 1.405137828831373552e-02 6.857403206585386712e+00 1.228452362966061043e-02 1.000000000000000000e+00 9.028107000000000326e+00 8.458999999999999506e-03 1.712141928999999891e+03
2.852500000000000000e+04 7.950000000000000000e+03 -5.203200000000000000e+04 -1.103928603248619922e+01 6.134063094083730405e-02 2.846365543152168165e+00 1.879961900653420379e-02 6.795070736288488789e+00 1.063471273656001366e-02 0.000000000000000000e+00 -2.366279600000000016e+01 2.849099999999999897e-02 1.722488520999999992e+03
3.252500000000000000e+04 7.950000000000000000e+03 -5.203200000000000000e+04 2.311862397276997427e+01 7.222463934716570610e-02 2.805430377736153780e+00 1.314828170682150708e-02 6.829069233578517917e+00 1.241673005786570437e-02 1.000000000000000000e+00 9.028321000000000041e+00 1.018100000000000081e-02 1.737232363999999961e+03
3.252500000000000000e+04 7.950000000000000000e+03 -5.203200000000000000e+04 -1.092054145611718141e+01 7.508068540380473388e-02 2.788152401039859285e+00 1.371374368288651342e-02 6.817525872372081963e+00 1.594413131829367988e-02 0.000000000000000000e+00 -2.366268099999999919e+01 3.402499999999999969e-02 1.747575955000000022e+03
3.252500000000000000e+04 7.950000000000000000e+03 -5.203200000000000000e+04 2.309235965809566338e+01 7.418579670475265730e-02 2.821364176113919875e+00 1.167409737750042982e-02 6.833853066136776455e+00 1.227800772526830252e-02 1.000000000000000000e+00 8.981645000000000323e+00 3.366299999999999848e-02 1.757919546999999966e+03
3.252500000000000000e+04 7.950000000000000000e+03 -5.203200000000000000e+04 -1.094170031285401556e+01 7.114529750094941707e-02 2.816095247158904247e+00 1.261865089300816256e-02 6.813753083833415936e+00 1.063940313841815408e-02 0.000000000000000000e+00 -2.366346100000000163e+01 2.405099999999999946e-02 1.768264138999999886e+03
2.852500000000000000e+04 7.950000000000000000e+03 -5.203200000000000000e+04 2.300475490505332488e+01 7.241101632279706157e-02 2.882273117614394753e+00 1.204007567787268931e-02 6.736746502926422409e+00 1.330872866846100240e-02 1.000000000000000000e+00 9.010737000000000663e+00 9.520999999999999949e-03 1.783005981999999904e+03
2.852500000000000000e+04 7.950000000000000000e+03 -5.203200000000000000e+04 -1.098509883607279569e+01 6.918838540673040438e-02 2.898477310099575988e+00 1.287082916293768795e-02 6.856410128651587499e+00 1.207476142489804019e-02 0.000000000000000000e+00 -2.365177399999999963e+01 2.437100000000000030e-02 1.793350574000000051e+03
2.452500000000000000e+04 7.950000000000000000e+03 -5.203200000000000000e+04 2.295600846837064068e+01 6.117720267179726362e-02 2.865096463778039393e+00 1.137640304831354955e-02 6.674494477496774714e+00 1.487693059525934877e-02 1.000000000000000000e+00 9.028971000000000302e+00 9.358999999999999264e-03 1.808095416999999998e+03
2.452500000000000000e+04 7.950000000000000000e+03 -5.203200000000000000e+04 -1.104347473957776238e+01 8.107556233366561282e-02 2.897596701745621672e+00 1.361576808582881659e-02 6.893770148581017665e+00 1.351500416991528730e-02 0.000000000000000000e+00 -2.365844399999999936e+01 3.279300000000000270e-02 1.818440008999999918e+03
2.052500000000000000e+04 7.950000000000000000e+03 -5.203200000000000000e+04 2.290074390395851722e+01 6.909830635715424885e-02 2.928811098957770476e+00 1.548566227669983565e-02 6.631877336229959674e+00 1.278218844427094630e-02 1.000000000000000000e+00 9.018411000000000399e+00 1.281200000000000047e-02 1.833186852000000044e+03
2.052500000000000000e+04 7.950000000000000000e+03 -5.203200000000000000e+04 -1.109660726120003105e+01 6.992027037434338232e-02 2.946845290118880190e+00 1.159711138509230202e-02 6.881101998378161611e+00 1.467796904549407283e-02 0.000000000000000000e+00 -2.365817600000000098e+01 2.465699999999999836e-02 1.843533443999999918e+03
1.652500000000000000e+04 7.950000000000000000e+03 -5.203200000000000000e+04 2.281554734393378681e+01 5.747489530974270178e-02 2.957562376013405547e+00 1.603312069620956709e-02 6.652283217846548524e+00 1.817570498976293913e-02 1.000000000000000000e+00 9.017834999999999823e+00 2.661300000000000124e-02 1.858277286999999887e+03
1.652500000000000000e+04 7.950000000000000000e+03 -5.203200000000000000e+04 -1.116687282753465205e+01 6.865765235181003900e-02 2.942668938030000181e+00 1.201172654550523682e-02 6.806644305190086897e+00 1.299950837278072285e-02 0.000000000000000000e+00 -2.367031599999999969e+01 3.821800000000000197e-02 1.868628879999999981e+03
1.252500000000000000e+04 7.950000000000000000e+03 -5.203200000000000000e+04 2.270932668490277706e+01 6.932603783691564103e-02 3.041987061508466539e+00 1.386389084136702490e-02 6.640346625830736649e+00 1.627743817599073065e-02 1.000000000000000000e+00 9.023362999999999801e+00 1.177399999999999974e-02 1.883373722999999927e+03
1.252500000000000000e+04 7.950000000000000000e+03 -5.203200000000000000e+04 -1.125995161233116804e+01 5.824371820834917807e-02 3.028091281260048895e+00 1.572009439393246000e-02 6.695768044389429186e+00 1.340431104205906665e-02 0.000000000000000000e+00 -2.366026199999999946e+01 3.285300000000000026e-02 1.893719315000000051e+03
8.525000000000000000e+03 7.950000000000000000e+03 -5.203200000000000000e+04 2.269648765902741516e+01 6.402169767488857799e-02 3.036384485246673037e+00 1.665478383326265965e-02 6.593437660702067937e+00 1.798103001200040615e-02 1.000000000000000000e+00 9.035641999999999285e+00 7.785000000000000253e-03 1.908463158000000021e+03
8.525000000000000000e+03 7.950000000000000000e+03 -5.203200000000000000e+04 -1.130566724027926817e+01 7.879604194359156322e-02 3.043364143381732667e+00 1.288533258056251234e-02 6.641594316851978874e+00 1.344284691990695751e-02 0.000000000000000000e+00 -2.367029600000000045e+01 1.805899999999999866e-02 1.918809749999999894e+03
4.525000000000000000e+03 7.950000000000000000e+03 -5.203200000000000000e+04 2.265497246906753048e+01 5.503491157657345451e-02 3.015496766521295058e+00 1.366231530593738780e-02 6.539834599062127829e+00 1.195799122929472845e-02 1.000000000000000000e+00 9.030649999999999622e+00 1.002300000000000066e-02 1.933555593000000044e+03
4.525000000000000000e+03 7.950000000000000000e+03 -5.203200000000000000e+04 -1.134039969093526246e+01 7.714947021498265445e-02 3.018415418107618375e+00 1.376580526949744768e-02 6.563804432444619863e+00 1.342958945127437076e-02 0.000000000000000000e+00 -2.366824000000000083e+01 3.148900000000000310e-02 1.943902184000000034e+03
2.525000000000000000e+03 7.950000000000000000e+03 -5.203200000000000000e+04 2.267802613056642969e+01 7.060100207868143241e-02 2.999234881271870989e+00 1.415032882897725511e-02 6.500179320465099941e+00 1.256887908756525174e-02 1.000000000000000000e+00 9.036034000000000788e+00 1.151699999999999946e-02 1.956647913999999901e+03
2.525000000000000000e+03 7.950000000000000000e+03 -5.203200000000000000e+04 -1.136425491294264134e+01 5.759003362627986705e-02 3.028133281827714463e+00 8.837261156080723767e-03 6.529919313354138666e+00 1.336763820512740231e-02 0.000000000000000000e+00 -2.367494500000000102e+01 2.871999999999999900e-02 1.967091511000000082e+03
2.525000000000000000e+03 7.950000000000000000e+03 -5.203200000000000000e+04 2.262473270625298483e+01 9.631639249307262507e-02 3.012684713664109282e+00 1.380803941007518500e-02 6.505274444366142994e+00 1.210518016264924487e-02 1.000000000000000000e+00 8.982559000000000182e+00 1.953999999999999834e-02 1.977439102999999932e+03
2.525000000000000000e+03 7.950000000000000000e+03 -5.203200000000000000e+04 -1.134124153877164964e+01 8.172868621440466941e-02 3.024246666208763923e+00 1.547379318552278595e-02 6.519058700374358750e+00 1.163579009431903524e-02 0.000000000000000000e+00 -2.365302499999999952e+01 3.283400000000000207e-02 1.987785695000000032e+03
4.525000000000000000e+03 7.950000000000000000e+03 -5.203200000000000000e+04 2.264925824241419150e+01 7.522383310896990638e-02 3.012012659789154334e+00 1.270339450953282545e-02 6.567405638143622326e+00 1.176208235513655914e-02 1.000000000000000000e+00 9.022251000000000687e+00 8.314000000000000209e-03 2.000530424000000039e+03
4.525000000000000000e+03 7.950000000000000000e+03 -5.203200000000000000e+04 -1.132773865213481201e+01 8.629756978917553500e-02 2.996627381863862016e+00 1.540080892185642474e-02 6.550553545261708521e+00 1.352999641666045513e-02 0.000000000000000000e+00 -2.367161700000000124e+01 3.124100000000000141e-02 2.010876015000000052e+03
8.525000000000000000e+03 7.950000000000000000e+03 -5.203200000000000000e+04 2.266531961931933026e+01 8.490553266020266221e-02 3.018562583528590970e+00 1.321883971973650609e-02 6.635406554014927849e+00 1.286256561309498912e-02 1.000000000000000000e+00 9.018242000000000758e+00 9.506000000000000560e-03 2.025620859000000110e+03
8.525000000000000000e+03 7.950000000000000000e+03 -5.203200000000000000e+04 -1.131323941620014928e+01 7.176197841979765901e-02 3.028340569873244625e+00 1.208857967576841726e-02 6.618999498488951083e+00 1.370173743359193001e-02 0.000000000000000000e+00 -2.367213900000000137e+01 3.030899999999999914e-02 2.035969450999999935e+03
1.252500000000000000e+04 7.950000000000000000e+03 -5.203200000000000000e+04 2.274053860661849313e+01 7.386678092189602474e-02 2.995610048382161938e+00 1.805063980673151519e-02 6.682306623176954119e+00 1.443429592339915378e-02 1.000000000000000000e+00 9.023517000000000010e+00 6.852999999999999717e-03 2.050715294000000085e+03
1.252500000000000000e+04 7.950000000000000000e+03 -5.203200000000000000e+04 -1.125354905705422581e+01 6.508095183927273264e-02 2.992645884426539560e+00 1.119998321645787089e-02 6.666590996230974397e+00 1.403914041689601280e-02 0.000000000000000000e+00 -2.367773700000000048e+01 1.828400000000000164e-02 2.061061885999999959e+03
1.652500000000000000e+04 7.950000000000000000e+03 -5.203200000000000000e+04 2.278321185912536961e+01 7.014889745836815071e-02 2.915466392599832091e+00 1.616108024474114183e-02 6.793039742315747809e+00 1.308916283413064444e-02 1.000000000000000000e+00 9.014253999999999323e+00 1.090900000000000029e-02 2.075807729000000108e+03
1.652500000000000000e+04 7.950000000000000000e+03 -5.203200000000000000e+04 -1.121174008115860410e+01 5.381377200084015017e-02 2.967376059806297484e+00 1.347691463168517768e-02 6.726324380645953838e+00 1.039607887868603670e-02 0.000000000000000000e+00 -2.368242499999999851e+01 3.163200000000000039e-02 2.086152321000000029e+03
2.052500000000000000e+04 7.950000000000000000e+03 -5.203200000000000000e+04 2.282369413184557416e+01 5.832966107547266077e-02 2.956685016619455819e+00 1.312208001984817643e-02 6.832576077923904201e+00 1.141963238345225333e-02 1.000000000000000000e+00 9.027813999999999339e+00 1.660800000000000123e-02 2.100897163999999975e+03
2.052500000000000000e+04 7.950000000000000000e+03 -5.203200000000000000e+04 -1.116618817695997912e+01 7.116415490543340217e-02 2.916186809455287854e+00 1.726048852338559966e-02 6.727813637507522593e+00 1.290794311769139120e-02 0.000000000000000000e+00 -2.366830399999999912e+01 2.858700000000000130e-02 2.111240756000000147e+03
2.452500000000000000e+04 7.950000000000000000e+03 -5.203200000000000000e+04 2.287591814924434885e+01 6.955279519930750165e-02 2.858662450031092206e+00 1.103290885629207990e-02 6.849188853305935964e+00 1.374596621310915541e-02 1.000000000000000000e+00 9.007196000000000424e+00 8.644000000000000641e-03 2.125987599000000046e+03
2.452500000000000000e+04 7.950000000000000000e+03 -5.203200000000000000e+04 -1.111483835841434775e+01 6.299562262857305583e-02 2.850021539550962490e+00 1.618004065946317127e-02 6.762486288256534195e+00 1.028985514458463819e-02 0.000000000000000000e+00 -2.369183299999999903e+01 3.521699999999999831e-02 2.136334190999999919e+03
2.852500000000000000e+04 7.950000000000000000e+03 -5.203200000000000000e+04 2.296278567141114735e+01 6.358225367886891077e-02 2.838812949178661782e+00 1.696677992556247516e-02 6.838357365042762481e+00 1.183505006637021462e-02 1.000000000000000000e+00 9.015207000000000193e+00 9.029000000000000567e-03 2.151081035000000156e+03
2.852500000000000000e+04 7.950000000000000000e+03 -5.203200000000000000e+04 -1.103752500704395167e+01 7.342442133781348912e-02 2.853810241582493301e+00 1.583173746136689458e-02 6.781042953260750572e+00 1.618291309256749896e-02 0.000000000000000000e+00 -2.369430200000000042e+01 2.766800000000000162e-02 2.161527631999999812e+03
3.252500000000000000e+04 7.950000000000000000e+03 -5.203200000000000000e+04 2.306941646479179653e+01 6.866018194809031527e-02 2.763328459511931623e+00 1.256717654569843197e-02 6.790907535117646887e+00 1.322060715415066499e-02 1.000000000000000000e+00 9.006410999999999945e+00 9.974000000000000227e-03 2.176272476000000097e+03
3.252500000000000000e+04 7.950000000000000000e+03 -5.203200000000000000e+04 -1.096069782805437853e+01 7.206589015500987350e-02 2.785871061905202950e+00 1.651090202863645870e-02 6.822530592703359709e+00 1.378337953358384042e-02 0.000000000000000000e+00 -2.368434299999999837e+01 1.883599999999999858e-02 2.186618066999999883e+03
2.525000000000000000e+03 -4.050000000000000000e+03 -5.203200000000000000e+04 6.653092496683845170e+00 6.457398428994126638e-02 2.516580420821879382e+00 1.299798347546201292e-02 -2.286767862202875179e+01 1.471718099684978139e-02 1.000000000000000000e+00 9.038513000000000019e+00 7.298999999999999932e-03 2.264365514000000076e+03
2.525000000000000000e+03 -4.050000000000000000e+03 -5.203200000000000000e+04 6.689724461375310405e+00 6.029713854804363143e-02 2.497857476838760249e+00 1.715018002314932025e-02 1.113108002552854181e+01 1.666669862605071536e-02 0.000000000000000000e+00 -2.367066300000000112e+01 2.693800000000000014e-02 2.274811110999999983e+03
4.525000000000000000e+03 -4.050000000000000000e+03 -5.203200000000000000e+04 6.696414711425561883e+00 5.839919328568548423e-02 2.737176082757185824e+00 1.620873095950142034e-02 -2.279550133638045750e+01 1.301548267501627040e-02 1.000000000000000000e+00 9.026811000000000362e+00 9.258000000000000604e-03 2.287554841000000124e+03
4.525000000000000000e+03 -4.050000000000000000e+03 -5.203200000000000000e+04 6.691737244035964594e+00 7.670813303868538602e-02 2.745990651317002040e+00 1.231635489936242639e-02 1.118906394602531407e+01 1.591006790407554702e-02 0.000000000000000000e+00 -2.368612099999999998e+01 2.591900000000000107e-02 2.297897432000000208e+03
8.525000000000000000e+03 -4.050000000000000000e+03 -5.203200000000000000e+04 6.676013741835404858e+00 7.358595654468372271e-02 3.379392066176613696e+00 1.883534170340252223e-02 -2.266647381786000892e+01 1.225657510563145369e-02 1.000000000000000000e+00 8.998096000000000316e+00 1.316999999999999942e-02 2.312642275000000154e+03
8.525000000000000000e+03 -4.050000000000000000e+03 -5.203200000000000000e+04 6.624257979551671838e+00 5.229435875471611511e-02 3.381819760185837076e+00 1.156943526857799609e-02 1.131268531077089712e+01 1.528991981663831157e-02 0.000000000000000000e+00 -2.366835400000000078e+01 2.894899999999999904e-02 2.322988867000000027e+03
1.252500000000000000e+04 -4.050000000000000000e+03 -5.203200000000000000e+04 6.645039138713458193e+00 6.740630637891532884e-02 4.031318831642653144e+00 1.482606008069064021e-02 -2.257597933313382654e+01 1.062370057162529378e-02 1.000000000000000000e+00 9.006261999999999546e+00 8.651999999999999968e-03 2.337734711000000061e+03
1.252500000000000000e+04 -4.050000000000000000e+03 -5.203200000000000000e+04 6.590266811804487368e+00 7.959763715875713130e-02 4.031763517874743741e+00 1.595891100912613658e-02 1.141170195628998307e+01 1.804799933914114779e-02 0.000000000000000000e+00 -2.368643399999999843e+01 3.590900000000000342e-02 2.348179308000000219e+03
1.652500000000000000e+04 -4.050000000000000000e+03 -5.203200000000000000e+04 6.621724057001361352e+00 7.082173193056925942e-02 4.630441977148825217e+00 1.294370304467831918e-02 -2.251531159414751926e+01 1.715132469652922917e-02 1.000000000000000000e+00 9.014298999999999396e+00 8.788999999999999937e-03 2.362925150999999914e+03
1.652500000000000000e+04 -4.050000000000000000e+03 -5.203200000000000000e+04 6.528343823172082949e+00 6.724296855468549217e-02 4.678425023518231640e+00 1.584818112944722662e-02 1.147867877155743876e+01 1.773256805546823481e-02 0.000000000000000000e+00 -2.366689799999999977e+01 2.564900000000000166e-02 2.373270743000000039e+03
2.052500000000000000e+04 -4.050000000000000000e+03 -5.203200000000000000e+04 6.548870275533951180e+00 7.214310558391207051e-02 5.268451252543702168e+00 1.377985651253684808e-02 -2.251240178672652448e+01 1.016121632494906661e-02 1.000000000000000000e+00 9.025667999999999580e+00 1.041300000000000038e-02 2.388016587000000072e+03
2.052500000000000000e+04 -4.050000000000000000e+03 -5.203200000000000000e+04 6.468444242759005647e+00 6.596596454178181579e-02 5.286299884101569369e+00 1.357497077124869035e-02 1.151452748551891858e+01 1.596729089833734058e-02 0.000000000000000000e+00 -2.367355900000000091e+01 2.640800000000000092e-02 2.398361178000000109e+03
2.452500000000000000e+04 -4.050000000000000000e+03 -5.203200000000000000e+04 6.521973884408519773e+00 8.709886669135319393e-02 5.879592873393418628e+00 1.401441397658956083e-02 -2.251869301674689794e+01 8.734190974249158093e-03 1.000000000000000000e+00 9.037782999999999234e+00 8.262999999999999512e-03 2.413109022000000095e+03
2.452500000000000000e+04 -4.050000000000000000e+03 -5.203200000000000000e+04 6.426231988619646174e+00 6.568426444964645117e-02 5.944193196722811656e+00 1.165859139650115769e-02 1.154394832833276396e+01 1.324313997352360474e-02 0.000000000000000000e+00 -2.367548100000000133e+01 3.502899999999999764e-02 2.423454614000000220e+03
2.852500000000000000e+04 -4.050000000000000000e+03 -5.203200000000000000e+04 6.382777382105233599e+00 7.756212130322412412e-02 6.518485008244041978e+00 1.472838346544462669e-02 -2.257296049833083984e+01 8.112839049233355401e-03 1.000000000000000000e+00 9.012499999999999289e+00 1.384499999999999967e-02 2.438205457000000024e+03
2.852500000000000000e+04 -4.050000000000000000e+03 -5.203200000000000000e+04 6.358877546962191651e+00 5.946690692686828345e-02 6.547347348813583601e+00 1.542419322474969899e-02 1.152046677323713375e+01 1.516618996046047337e-02 0.000000000000000000e+00 -2.367795999999999879e+01 2.340700000000000072e-02 2.448551049000000148e+03
3.252500000000000000e+04 -4.050000000000000000e+03 -5.203200000000000000e+04 5.892378267641524836e+00 6.959115420723371859e-02 7.228739607162316005e+00 1.670445763729091343e-02 -2.273197446319676729e+01 1.096981249379273479e-02 1.000000000000000000e+00 9.024580000000000268e+00 8.697999999999999135e-03 2.463295892000000094e+03
3.252500000000000000e+04 -4.050000000000000000e+03 -5.203200000000000000e+04 6.736028294244962744e+00 5.691020871404436909e-02 6.928894223618734749e+00 1.480003496963389759e-02 1.139370144079259362e+01 1.765492220377994081e-02 0.000000000000000000e+00 -2.365240500000000168e+01 2.179599999999999940e-02 2.473639483999999811e+03
3.252500000000000000e+04 -4.050000000000000000e+03 -5.203200000000000000e+04 5.892800563261675784e+00 6.662630843633765565e-02 7.230279173389004832e+00 1.343118506932558867e-02 -2.274158502261039061e+01 1.895667900185912802e-02 1.000000000000000000e+00 8.977021000000000583e+00 2.542900000000000021e-02 2.483984076000000186e+03
3.252500000000000000e+04 -4.050000000000000000e+03 -5.203200000000000000e+04 6.706219302266563709e+00 6.123462981107068853e-02 6.925583557404725532e+00 1.594630999055350259e-02 1.138447947037130348e+01 1.738164936323095475e-02 0.000000000000000000e+00 -2.367130900000000082e+01 3.700699999999999823e-02 2.494329667999999856e+03
2.852500000000000000e+04 -4.050000000000000000e+03 -5.203200000000000000e+04 6.325652301028170221e+00 7.275233005542916520e-02 6.562219281711396235e+00 1.066075246928539083e-02 -2.258035339852099099e+01 1.473966357467234103e-02 1.000000000000000000e+00 9.016548999999999481e+00 1.108199999999999984e-02 2.509076511000000210e+03
2.852500000000000000e+04 -4.050000000000000000e+03 -5.203200000000000000e+04 6.409606453007217652e+00 7.303944015081431651e-02 6.534151229944368922e+00 1.511203176658842788e-02 1.151447037412897245e+01 1.496451400284152557e-02 0.000000000000000000e+00 -2.368141200000000168e+01 1.715900000000000064e-02 2.519423103000000083e+03
2.452500000000000000e+04 -4.050000000000000000e+03 -5.203200000000000000e+04 6.350960713565608984e+00 6.517036324889781407e-02 5.986649630383423570e+00 1.471945179765419935e-02 -2.254192411459086642e+01 1.711160596739074238e-02 1.000000000000000000e+00 9.006346000000000629e+00 1.053100000000000043e-02 2.534169945999999982e+03
2.452500000000000000e+04 -4.050000000000000000e+03 -5.203200000000000000e+04 6.491828174800002849e+00 1.045118841516171210e-01 5.895915694874025448e+00 1.284272941112618062e-02 1.152244230817950132e+01 1.823990894581332609e-02 0.000000000000000000e+00 -2.366285500000000042e+01 2.052000000000000005e-02 2.544513538000000153e+03
2.052500000000000000e+04 -4.050000000000000000e+03 -5.203200000000000000e+04 6.377564919840871482e+00 9.318626985277871089e-02 5.380303193782333793e+00 1.425934962675689047e-02 -2.253770497767187564e+01 1.503023806022414297e-02 1.000000000000000000e+00 9.019007000000000218e+00 1.101599999999999975e-02 2.559257380999999896e+03
2.052500000000000000e+04 -4.050000000000000000e+03 -5.203200000000000000e+04 6.550940286962307901e+00 6.051557012538690689e-02 5.302381155939212221e+00 1.369949469867190982e-02 1.148557168083504543e+01 1.986124566588004514e-02 0.000000000000000000e+00 -2.365916999999999959e+01 2.770399999999999946e-02 2.569600973000000067e+03
1.652500000000000000e+04 -4.050000000000000000e+03 -5.203200000000000000e+04 6.417727356963636609e+00 8.246972958903966977e-02 4.725024053644728994e+00 1.205577575017979623e-02 -2.255158026614472533e+01 1.024330310847298108e-02 1.000000000000000000e+00 9.024079000000000406e+00 1.454699999999999917e-02 2.584344815999999810e+03
1.652500000000000000e+04 -4.050000000000000000e+03 -5.203200000000000000e+04 6.610198781223218134e+00 6.613729114595466585e-02 4.661867697110016806e+00 1.641087517405879354e-02 1.144124068647475312e+01 2.115911666154068893e-02 0.000000000000000000e+00 -2.367659899999999951e+01 2.875899999999999984e-02 2.594686408000000029e+03
1.252500000000000000e+04 -4.050000000000000000e+03 -5.203200000000000000e+04 6.567788392006488785e+00 7.023939112305514765e-02 4.061972011121087967e+00 1.610863898869105415e-02 -2.260306117068370924e+01 1.576062494301874034e-02 1.000000000000000000e+00 9.020557000000000158e+00 9.851000000000000381e-03 2.609432251000000178e+03
1.252500000000000000e+04 -4.050000000000000000e+03 -5.203200000000000000e+04 6.654104817602600974e+00 6.546384215597840506e-02 4.036834312402645786e+00 1.585494667208568395e-02 1.138671552772214035e+01 1.519630820964299085e-02 0.000000000000000000e+00 -2.364623999999999882e+01 2.226399999999999907e-02 2.619777842999999848e+03
8.525000000000000000e+03 -4.050000000000000000e+03 -5.203200000000000000e+04 6.619649609701808934e+00 7.938459052694782359e-02 3.403362315777875846e+00 1.195978916639513570e-02 -2.268062906695283232e+01 1.509239490485868827e-02 1.000000000000000000e+00 9.029398000000000479e+00 1.147100000000000029e-02 2.634521686000000045e+03
8.525000000000000000e+03 -4.050000000000000000e+03 -5.203200000000000000e+04 6.671842545016799519e+00 8.889317232906984723e-02 3.373758836269422634e+00 1.570491555247211651e-02 1.130167038452925965e+01 2.368323317801037525e-02 0.000000000000000000e+00 -2.366610899999999873e+01 2.938599999999999893e-02 2.644866277999999966e+03
4.525000000000000000e+03 -4.050000000000000000e+03 -5.203200000000000000e+04 6.710718257802224862e+00 8.194448011050345371e-02 2.762930560450766126e+00 1.680801096310598208e-02 -2.278067234036651101e+01 1.475961049226618034e-02 1.000000000000000000e+00 9.013761999999999830e+00 1.140099999999999968e-02 2.659613120999999865e+03
4.525000000000000000e+03 -4.050000000000000000e+03 -5.203200000000000000e+04 6.726224008884147842e+00 6.062595158144533369e-02 2.749782499033893934e+00 1.355980101484253672e-02 1.119445123320885749e+01 1.259781462326392890e-02 0.000000000000000000e+00 -2.367476100000000017e+01 2.800300000000000011e-02 2.669959713000000193e+03
2.525000000000000000e+03 -4.050000000000000000e+03 -5.203200000000000000e+04 6.678362377734575972e+00 7.497727753375774129e-02 2.520143263217558882e+00 1.652287220057196623e-02 -2.285327021591477248e+01 1.815808797394247512e-02 1.000000000000000000e+00 9.024108000000000018e+00 8.930999999999999703e-03 2.682703441999999995e+03
2.525000000000000000e+03 -4.050000000000000000e+03 -5.203200000000000000e+04 6.683945195478615986e+00 5.848586888776341475e-02 2.537731377249700326e+00 1.091121496697125548e-02 1.113282879730145680e+01 1.472958714247925120e-02 0.000000000000000000e+00 -2.369005500000000097e+01 2.300400000000000014e-02 2.693149038999999902e+03
2.525000000000000000e+03 -4.050000000000000000e+03 -5.203200000000000000e+04 6.700310172751083648e+00 8.359653812635706172e-02 2.530854627160903370e+00 1.645862900318244282e-02 -2.284295636399676610e+01 1.400003509367514151e-02 1.000000000000000000e+00 8.980238999999999194e+00 3.695199999999999874e-02 2.703495630999999776e+03
2.525000000000000000e+03 -4.050000000000000000e+03 -5.203200000000000000e+04 6.658095702321057630e+00 6.547287059834401568e-02 2.531993399656883970e+00 1.897771400490652280e-02 1.113943223236524638e+01 1.875474819240388613e-02 0.000000000000000000e+00 -2.368111400000000089e+01 2.845599999999999866e-02 2.713840223000000151e+03
4.525000000000000000e+03 -4.050000000000000000e+03 -5.203200000000000000e+04 6.681100390048362314e+00 6.580350756741791540e-02 2.767813584110915492e+00 1.402678258108826410e-02 -2.279084554122215067e+01 1.075727917494266779e-02 1.000000000000000000e+00 9.019633000000000678e+00 8.420000000000000401e-03 2.726586952000000110e+03
4.525000000000000000e+03 -4.050000000000000000e+03 -5.203200000000000000e+04 6.670286634731550812e+00 6.238092902113993171e-02 2.772147890275053594e+00 1.700317677294318694e-02 1.119832349566667240e+01 1.750159818666707431e-02 0.000000000000000000e+00 -2.368036400000000086e+01 2.374799999999999828e-02 2.736929543000000194e+03
8.525000000000000000e+03 -4.050000000000000000e+03 -5.203200000000000000e+04 6.666405359997938262e+00 5.960060833009255682e-02 3.388693516243810322e+00 1.488889325237632844e-02 -2.266699321569684855e+01 1.479234739323831947e-02 1.000000000000000000e+00 9.012072999999999112e+00 9.449000000000000801e-03 2.751673386999999821e+03
8.525000000000000000e+03 -4.050000000000000000e+03 -5.203200000000000000e+04 6.665980425939300957e+00 6.957524784815577457e-02 3.415887086639496584e+00 1.225476550554530086e-02 1.131486222366099526e+01 1.416595366615999892e-02 0.000000000000000000e+00 -2.367101100000000002e+01 3.624900000000000344e-02 2.762019979000000149e+03
1.252500000000000000e+04 -4.050000000000000000e+03 -5.203200000000000000e+04 6.635750827703294163e+00 7.434940130572299799e-02 4.024758113421982308e+00 1.778345917686250874e-02 -2.257560570095183650e+01 1.527391731630819462e-02 1.000000000000000000e+00 9.018188000000000315e+00 1.098700000000000024e-02 2.776762822000000142e+03
1.252500000000000000e+04 -4.050000000000000000e+03 -5.203200000000000000e+04 6.604210026278537704e+00 6.013015271851970822e-02 4.049449560333200360e+00 1.511495313246994342e-02 1.140636822014274365e+01 1.989046612954896084e-02 0.000000000000000000e+00 -2.369988000000000028e+01 2.033300000000000038e-02 2.787102413000000070e+03
1.652500000000000000e+04 -4.050000000000000000e+03 -5.203200000000000000e+04 6.620583992095567361e+00 6.126441541323771750e-02 4.684765267660586652e+00 1.408315322855297619e-02 -2.251311084223386416e+01 1.388909519066446399e-02 1.000000000000000000e+00 9.002983999999999654e+00 1.071199999999999930e-02 2.801849256999999852e+03
1.652500000000000000e+04 -4.050000000000000000e+03 -5.203200000000000000e+04 6.521483816809530154e+00 7.159543617723508613e-02 4.699942788275143890e+00 1.779022952376487290e-02 1.148451382927539832e+01 1.554759033044109291e-02 0.000000000000000000e+00 -2.366326300000000060e+01 2.105699999999999933e-02 2.812196848000000045e+03
2.052500000000000000e+04 -4.050000000000000000e+03 -5.203200000000000000e+04 6.583541753478722391e+00 6.715374351268409148e-02 5.275754926033243031e+00 1.461998756420677427e-02 -2.250831570159727590e+01 1.129294141732242740e-02 1.000000000000000000e+00 9.007329999999999615e+00 1.102299999999999981e-02 2.826939691999999923e+03
2.052500000000000000e+04 -4.050000000000000000e+03 -5.203200000000000000e+04 6.490596531739819319e+00 7.306085164273165566e-02 5.335829375497393556e+00 1.533027677905699285e-02 1.152649406706844637e+01 1.826843157242193788e-02 0.000000000000000000e+00 -2.367093200000000053e+01 2.566600000000000131e-02 2.837386289000000033e+03
2.452500000000000000e+04 -4.050000000000000000e+03 -5.203200000000000000e+04 6.475137951742658160e+00 6.893883828973619565e-02 5.897899958068062887e+00 1.515634711419411307e-02 -2.252400905437226086e+01 1.385361149360213491e-02 1.000000000000000000e+00 9.007896000000000569e+00 1.627699999999999980e-02 2.852133131999999932e+03
2.452500000000000000e+04 -4.050000000000000000e+03 -5.203200000000000000e+04 6.430003064354854914e+00 7.810840035690669314e-02 5.924029288224041956e+00 1.726842383101771100e-02 1.152724998593441441e+01 2.571680614068396278e-02 0.000000000000000000e+00 -2.368171500000000052e+01 2.655000000000000068e-02 2.862478724000000057e+03
2.852500000000000000e+04 -4.050000000000000000e+03 -5.203200000000000000e+04 6.413441980107548623e+00 6.175871576515223199e-02 6.560213867719055791e+00 1.034662033352156188e-02 -2.257231819834557385e+01 1.519502983587384982e-02 1.000000000000000000e+00 8.996292999999999651e+00 9.702000000000000554e-03 2.877223567000000003e+03
2.852500000000000000e+04 -4.050000000000000000e+03 -5.203200000000000000e+04 6.353402559977411990e+00 6.371835241290642327e-02 6.559422080327710347e+00 1.417017771246348659e-02 1.152406065531342172e+01 1.699372764821975579e-02 0.000000000000000000e+00 -2.367423499999999947e+01 2.260099999999999956e-02 2.887569160000000011e+03
3.252500000000000000e+04 -4.050000000000000000e+03 -5.203200000000000000e+04 5.128601965186048162e+00 1.368906150587510528e-01 8.666574201921733334e+00 2.064687656401738847e-01 -2.244749845241648600e+01 3.852498993977534342e-02 1.000000000000000000e+00 8.876150000000000873e+00 1.228899999999999958e-02 2.902314002999999957e+03
3.252500000000000000e+04 -4.050000000000000000e+03 -5.203200000000000000e+04 3.471538776904186108e+00 1.076096419499558005e-01 9.271070699511115620e+00 1.758947459970562621e-01 1.161177024280820191e+01 4.350327677351863848e-02 0.000000000000000000e+00 -2.380865299999999962e+01 1.248299999999999930e-02 2.912658594999999877e+03
2.525000000000000000e+03 -5.000000000000000000e+01 -5.203200000000000000e+04 -2.541978698643769974e+01 6.446410048570763718e-02 -5.346709705358324349e+00 1.626847765129509418e-02 -5.893996766882523275e+00 2.866100136907117138e-02 1.000000000000000000e+00 1.119897800000000032e+01 1.845300000000000065e-02 2.959404267999999774e+03
2.525000000000000000e+03 -5.000000000000000000e+01 -5.203200000000000000e+04 8.774395162454414532e+00 8.609467354091203395e-02 -5.380285218757542509e+00 1.579625873775164155e-02 -5.621269824416602390e+00 1.298373100359788077e-02 0.000000000000000000e+00 -2.170577600000000018e+01 2.864299999999999832e-02 2.969853865999999925e+03
4.525000000000000000e+03 -5.000000000000000000e+01 -5.203200000000000000e+04 -2.524424012881511104e+01 6.865650878642355626e-02 -5.468384970267980094e+00 1.700269446026114392e-02 -5.778495466167117733e+00 1.321745877053340235e-02 1.000000000000000000e+00 1.100989200000000068e+01 1.180400000000000026e-02 2.982600594999999885e+03
4.525000000000000000e+03 -5.000000000000000000e+01 -5.203200000000000000e+04 8.736810078717814676e+00 6.006618260344639970e-02 -5.445395768439796669e+00 1.883675613643405466e-02 -5.560360176489450801e+00 9.725403832538148316e-03 0.000000000000000000e+00 -2.169580799999999954e+01 3.143599999999999867e-02 2.992948186999999962e+03
8.525000000000000000e+03 -5.000000000000000000e+01 -5.203200000000000000e+04 -2.523832787337236283e+01 7.238319380356121602e-02 -5.497482786105154062e+00 1.333280857691179939e-02 -5.678325356863957118e+00 1.168520929412576390e-02 1.000000000000000000e+00 1.099421099999999996e+01 1.040899999999999985e-02 3.007693029999999908e+03
8.525000000000000000e+03 -5.000000000000000000e+01 -5.203200000000000000e+04 8.767374580399158290e+00 8.806358271390653247e-02 -5.455570110407999884e+00 1.134565837470027060e-02 -5.555119202620454999e+00 1.221049403732445311e-02 0.000000000000000000e+00 -2.170009399999999999e+01 2.058300000000000060e-02 3.018037620999999945e+03
1.252500000000000000e+04 -5.000000000000000000e+01 -5.203200000000000000e+04 -2.517944174380671640e+01 7.795655650246700874e-02 -5.508515145409048408e+00 1.352363760273336477e-02 -5.620639825467645068e+00 1.782026818730862369e-02 1.000000000000000000e+00 1.098176800000000064e+01 7.507999999999999917e-03 3.032785464999999931e+03
1.252500000000000000e+04 -5.000000000000000000e+01 -5.203200000000000000e+04 8.765931036422459854e+00 7.986791825826332347e-02 -5.444163968916717167e+00 1.420120025848987770e-02 -5.508475883872272938e+00 9.840942805932374748e-03 0.000000000000000000e+00 -2.168236200000000125e+01 3.241999999999999743e-02 3.043131057000000055e+03
1.652500000000000000e+04 -5.000000000000000000e+01 -5.203200000000000000e+04 -2.524517687333286986e+01 9.756841127572642158e-02 -5.483922921695318919e+00 1.410688195416954366e-02 -5.644424766688438844e+00 1.026586872416672055e-02 1.000000000000000000e+00 1.101680600000000076e+01 1.173500000000000064e-02 3.057878901000000042e+03
1.652500000000000000e+04 -5.000000000000000000e+01 -5.203200000000000000e+04 8.780969061403997244e+00 8.557646347538742926e-02 -5.495197466608845893e+00 1.283981238972269588e-02 -5.489616344360193523e+00 1.322185046967344971e-02 0.000000000000000000e+00 -2.167831899999999834e+01 2.072699999999999890e-02 3.068323498000000200e+03
2.052500000000000000e+04 -5.000000000000000000e+01 -5.203200000000000000e+04 -2.523625636970082553e+01 6.170733902107428809e-02 -5.514652552302504063e+00 1.618228701454843196e-02 -5.563976080272270863e+00 1.055511847005897487e-02 1.000000000000000000e+00 1.100437299999999929e+01 8.512999999999999734e-03 3.083068341000000146e+03
2.052500000000000000e+04 -5.000000000000000000e+01 -5.203200000000000000e+04 8.733166321540034360e+00 7.378311067547831115e-02 -5.517788535735767219e+00 1.147667822638639631e-02 -5.416493612569930782e+00 1.083176882776338591e-02 0.000000000000000000e+00 -2.167739999999999867e+01 2.657999999999999946e-02 3.093414933000000019e+03
2.452500000000000000e+04 -5.000000000000000000e+01 -5.203200000000000000e+04 -2.527366872757862026e+01 7.726870213668336762e-02 -5.574643144555942342e+00 1.053266170819553392e-02 -5.447275915890347875e+00 9.976120611400638230e-03 1.000000000000000000e+00 1.101787900000000064e+01 1.199000000000000066e-02 3.108159775999999965e+03
2.452500000000000000e+04 -5.000000000000000000e+01 -5.203200000000000000e+04 8.740118014162908011e+00 8.347266715081522181e-02 -5.544263382488805902e+00 1.620260313953549719e-02 -5.319340338464898288e+00 1.188530673697275712e-02 0.000000000000000000e+00 -2.168601299999999910e+01 1.974800000000000166e-02 3.118505368000000090e+03
2.852500000000000000e+04 -5.000000000000000000e+01 -5.203200000000000000e+04 -2.529773808770627852e+01 7.607023928903990095e-02 -5.613286125278603045e+00 1.415613746817371080e-02 -5.275355739808727407e+00 1.147569930289122318e-02 1.000000000000000000e+00 1.100223300000000037e+01 1.412199999999999914e-02 3.133254211999999825e+03
2.852500000000000000e+04 -5.000000000000000000e+01 -5.203200000000000000e+04 8.723020127430284987e+00 6.282033657159503959e-02 -5.569765422102621599e+00 1.578085288669563852e-02 -5.213633975347727656e+00 1.045353630117529589e-02 0.000000000000000000e+00 -2.166089900000000057e+01 2.286900000000000044e-02 3.143598804000000200e+03
3.252500000000000000e+04 -5.000000000000000000e+01 -5.203200000000000000e+04 -2.535444591161284933e+01 7.703743484114862483e-02 -5.619593560977233615e+00 1.564783108143499510e-02 -5.106632544297557530e+00 1.140293403219782772e-02 1.000000000000000000e+00 1.100503400000000020e+01 9.426999999999999616e-03 3.158343647000000146e+03
3.252500000000000000e+04 -5.000000000000000000e+01 -5.203200000000000000e+04 8.698103227092625289e+00 7.439651940506594729e-02 -5.631352171754916647e+00 1.462921781915097440e-02 -5.078898555114785829e+00 7.542524206887496821e-03 0.000000000000000000e+00 -2.168365800000000121e+01 2.018199999999999855e-02 3.168687237999999979e+03
3.252500000000000000e+04 -5.000000000000000000e+01 -5.203200000000000000e+04 -2.533256392852708672e+01 7.233192026976092981e-02 -5.618120040181114661e+00 1.069068247769039588e-02 -5.106112825433232416e+00 1.261145987783151429e-02 1.000000000000000000e+00 1.096837200000000045e+01 2.142799999999999913e-02 3.179029829999999947e+03
3.252500000000000000e+04 -5.000000000000000000e+01 -5.203200000000000000e+04 8.646452086245595581e+00 6.326161241124872436e-02 -5.618402994913551218e+00 1.283955341171966712e-02 -5.079761893015912300e+00 9.023614204770690969e-03 0.000000000000000000e+00 -2.167733000000000132e+01 1.938300000000000092e-02 3.189375422000000071e+03
2.852500000000000000e+04 -5.000000000000000000e+01 -5.203200000000000000e+04 -2.533796145700574343e+01 7.024539575082307252e-02 -5.541796929064654265e+00 1.519991990499704876e-02 -5.201959494755708846e+00 1.515954407928955631e-02 1.000000000000000000e+00 1.101406399999999941e+01 1.044699999999999969e-02 3.204121265000000221e+03
2.852500000000000000e+04 -5.000000000000000000e+01 -5.203200000000000000e+04 8.691843502278794986e+00 5.447970594813082712e-02 -5.592067346219806723e+00 1.175069267445074013e-02 -5.256948995258087898e+00 1.248518323757437029e-02 0.000000000000000000e+00 -2.169776999999999845e+01 2.886199999999999877e-02 3.214465857000000142e+03
2.452500000000000000e+04 -5.000000000000000000e+01 -5.203200000000000000e+04 -2.528893681424899853e+01 7.330191729896626263e-02 -5.521014326674348105e+00 1.317385881003941411e-02 -5.233299722352260375e+00 1.217498342293157204e-02 1.000000000000000000e+00 1.100703599999999938e+01 1.115200000000000045e-02 3.229211699999999837e+03
2.452500000000000000e+04 -5.000000000000000000e+01 -5.203200000000000000e+04 8.666764109958275952e+00 6.961815074386476510e-02 -5.579173958847845505e+00 1.588253369716279007e-02 -5.416789235730169239e+00 1.435196221298712209e-02 0.000000000000000000e+00 -2.169148099999999957e+01 3.371799999999999797e-02 3.239558292000000165e+03
2.052500000000000000e+04 -5.000000000000000000e+01 -5.203200000000000000e+04 -2.527129034867743940e+01 6.383467834231425220e-02 -5.519347887535518637e+00 1.259865845128682604e-02 -5.314897939836150442e+00 1.097964512910577090e-02 1.000000000000000000e+00 1.100156699999999965e+01 7.610999999999999710e-03 3.254304134999999860e+03
2.052500000000000000e+04 -5.000000000000000000e+01 -5.203200000000000000e+04 8.716283071820230433e+00 7.871346203308310363e-02 -5.526003316589362058e+00 1.505690770772040096e-02 -5.521519191570601670e+00 1.149084979658051772e-02 0.000000000000000000e+00 -2.169551900000000089e+01 3.272200000000000109e-02 3.264643727000000126e+03
1.652500000000000000e+04 -5.000000000000000000e+01 -5.203200000000000000e+04 -2.523199761237342997e+01 8.643058534818910676e-02 -5.485992041752834503e+00 1.646696372642753731e-02 -5.387768983072035667e+00 1.099479549613880183e-02 1.000000000000000000e+00 1.098856299999999919e+01 8.377000000000000765e-03 3.279388570000000072e+03
1.652500000000000000e+04 -5.000000000000000000e+01 -5.203200000000000000e+04 8.684074654803245252e+00 7.876694093669517338e-02 -5.502486058135091618e+00 1.368808570229055645e-02 -5.576863982844290746e+00 8.556729005988358144e-03 0.000000000000000000e+00 -2.169027900000000031e+01 2.552499999999999908e-02 3.289734162000000197e+03
1.252500000000000000e+04 -5.000000000000000000e+01 -5.203200000000000000e+04 -2.524637664321996056e+01 7.482750041867179680e-02 -5.506333554150548260e+00 1.213044306995929821e-02 -5.504999857977511013e+00 1.207587309556329945e-02 1.000000000000000000e+00 1.099088300000000018e+01 7.431000000000000105e-03 3.304481005000000096e+03
1.252500000000000000e+04 -5.000000000000000000e+01 -5.203200000000000000e+04 8.723797689926160004e+00 6.751111063064656193e-02 -5.497245039603583017e+00 1.192926260807122656e-02 -5.614804991781438659e+00 1.193296447008340873e-02 0.000000000000000000e+00 -2.169257899999999850e+01 3.320399999999999741e-02 3.314825597000000016e+03
8.525000000000000000e+03 -5.000000000000000000e+01 -5.203200000000000000e+04 -2.525360744229575261e+01 5.187571582906973927e-02 -5.461183090367991433e+00 1.328646571874686141e-02 -5.571812177844154057e+00 1.153679235863101782e-02 1.000000000000000000e+00 1.099430000000000085e+01 9.228000000000000091e-03 3.329572440999999799e+03
8.525000000000000000e+03 -5.000000000000000000e+01 -5.203200000000000000e+04 8.688604771528050108e+00 6.779284909980438922e-02 -5.508698632490956371e+00 1.168126402506268306e-02 -5.641380460539002328e+00 1.096897496158727968e-02 0.000000000000000000e+00 -2.168634499999999932e+01 2.226200000000000054e-02 3.339916032000000087e+03
4.525000000000000000e+03 -5.000000000000000000e+01 -5.203200000000000000e+04 -2.529129929917257869e+01 6.644970734274753543e-02 -5.445026149930810355e+00 1.770671441069364763e-02 -5.578764143005919607e+00 1.100038712233977582e-02 1.000000000000000000e+00 1.098733600000000088e+01 1.020300000000000026e-02 3.354659874999999829e+03
4.525000000000000000e+03 -5.000000000000000000e+01 -5.203200000000000000e+04 8.647759003001212363e+00 8.738778057038032454e-02 -5.443302691024252127e+00 1.350839446426459894e-02 -5.711553720937117440e+00 1.315377569296692292e-02 0.000000000000000000e+00 -2.169035399999999925e+01 3.322100000000000053e-02 3.365003467000000001e+03
2.525000000000000000e+03 -5.000000000000000000e+01 -5.203200000000000000e+04 -2.530812250493487880e+01 6.878993185700704727e-02 -5.355912720904554725e+00 1.179677100542621954e-02 -5.563606042524890327e+00 1.329988571206015130e-02 1.000000000000000000e+00 1.098708799999999997e+01 9.069000000000000672e-03 3.377748196000000007e+03
2.525000000000000000e+03 -5.000000000000000000e+01 -5.203200000000000000e+04 8.743422185193672647e+00 7.766763532428723471e-02 -5.325268323905839374e+00 1.623654390105375503e-02 -5.645695783854917771e+00 1.179082021246543634e-02 0.000000000000000000e+00 -2.175695199999999829e+01 2.569899999999999962e-02 3.388194794000000002e+03
2.525000000000000000e+03 -5.000000000000000000e+01 -5.203200000000000000e+04 -2.523865590078276000e+01 6.066832634325752815e-02 -5.342956762793200198e+00 1.108758371727911092e-02 -5.444661486726861455e+00 9.976976496931862226e-03 1.000000000000000000e+00 1.091440000000000055e+01 2.875399999999999831e-02 3.398539385000000038e+03
2.525000000000000000e+03 -5.000000000000000000e+01 -5.203200000000000000e+04 8.725452529169784199e+00 6.875036823205567249e-02 -5.340023731761721848e+00 1.369092641811654743e-02 -5.635297708293075303e+00 1.347619782321660478e-02 0.000000000000000000e+00 -2.176477999999999824e+01 3.661799999999999777e-02 3.408886977000000115e+03
4.525000000000000000e+03 -5.000000000000000000e+01 -5.203200000000000000e+04 -2.523223210255935456e+01 7.849500420650350196e-02 -5.391322626676611662e+00 1.321874012703941510e-02 -5.453482786127329618e+00 1.123094145985982679e-02 1.000000000000000000e+00 1.092597800000000063e+01 8.822999999999999246e-03 3.421632705999999871e+03
4.525000000000000000e+03 -5.000000000000000000e+01 -5.203200000000000000e+04 8.710530266894560114e+00 5.657674135217390793e-02 -5.416030599473707241e+00 1.351168510067430814e-02 -5.538811809471802405e+00 9.469850141867687879e-03 0.000000000000000000e+00 -2.173623399999999961e+01 3.260899999999999910e-02 3.431978297999999995e+03
8.525000000000000000e+03 -5.000000000000000000e+01 -5.203200000000000000e+04 -2.518828225412857691e+01 7.382537667273630921e-02 -5.446245220997060876e+00 1.170461308474196604e-02 -5.451999533358774741e+00 8.698089023750426099e-03 1.000000000000000000e+00 1.095191600000000065e+01 1.136599999999999937e-02 3.446725141999999778e+03
8.525000000000000000e+03 -5.000000000000000000e+01 -5.203200000000000000e+04 8.795628727935815405e+00 6.796606551656698969e-02 -5.440643016375482865e+00 1.374317189708477299e-02 -5.505637082862696374e+00 1.046035173428229090e-02 0.000000000000000000e+00 -2.173840500000000020e+01 2.977499999999999938e-02 3.457072732999999971e+03
1.252500000000000000e+04 -5.000000000000000000e+01 -5.203200000000000000e+04 -2.518279434444760767e+01 8.523025405513336150e-02 -5.425083260773487126e+00 1.637005456308014695e-02 -5.427321334098867744e+00 1.106274926495228947e-02 1.000000000000000000e+00 1.093828199999999917e+01 1.327399999999999934e-02 3.471818576000000121e+03
1.252500000000000000e+04 -5.000000000000000000e+01 -5.203200000000000000e+04 8.775487754736150947e+00 7.319710794745235005e-02 -5.498524607802179887e+00 1.230556961674162536e-02 -5.429682618322246412e+00 1.257627661657186383e-02 0.000000000000000000e+00 -2.175859099999999913e+01 2.189400000000000027e-02 3.482163168000000042e+03
1.652500000000000000e+04 -5.000000000000000000e+01 -5.203200000000000000e+04 -2.520027137454662025e+01 6.550429869807418426e-02 -5.499734543760893324e+00 1.112985007214750688e-02 -5.401725327396928122e+00 1.405693172228549004e-02 1.000000000000000000e+00 1.095919800000000066e+01 7.660000000000000142e-03 3.496909012000000075e+03
1.652500000000000000e+04 -5.000000000000000000e+01 -5.203200000000000000e+04 8.813376916466935995e+00 7.717439237157268372e-02 -5.471962359589297442e+00 1.275934617263896516e-02 -5.367431669948834028e+00 8.323299425426713971e-03 0.000000000000000000e+00 -2.174088899999999924e+01 2.497399999999999967e-02 3.507252602999999908e+03
2.052500000000000000e+04 -5.000000000000000000e+01 -5.203200000000000000e+04 -2.519023097881339979e+01 8.000958934458393679e-02 -5.507871615889522232e+00 1.306945681786538666e-02 -5.355559854502723205e+00 1.240081394090697051e-02 1.000000000000000000e+00 1.094535499999999928e+01 1.192400000000000057e-02 3.521996446999999989e+03
2.052500000000000000e+04 -5.000000000000000000e+01 -5.203200000000000000e+04 8.805430014408488049e+00 7.157939217567495238e-02 -5.498079355896466680e+00 1.357605386581324861e-02 -5.296421437986992942e+00 1.041056978236365796e-02 0.000000000000000000e+00 -2.173355700000000112e+01 2.269699999999999843e-02 3.532341038000000026e+03
2.452500000000000000e+04 -5.000000000000000000e+01 -5.203200000000000000e+04 -2.519928306574147925e+01 9.098072106404049564e-02 -5.543708172714991278e+00 1.323339693260808768e-02 -5.250602804489092890e+00 1.120178853091318046e-02 1.000000000000000000e+00 1.094007500000000022e+01 1.246599999999999965e-02 3.547084881000000223e+03
2.452500000000000000e+04 -5.000000000000000000e+01 -5.203200000000000000e+04 8.765932383414689610e+00 7.678021331736482880e-02 -5.515928436623298126e+00 1.263570709873509425e-02 -5.195053597655864941e+00 1.031761120875021240e-02 0.000000000000000000e+00 -2.174609399999999937e+01 2.814099999999999935e-02 3.557429473000000144e+03
2.852500000000000000e+04 -5.000000000000000000e+01 -5.203200000000000000e+04 -2.523256231655937398e+01 7.124327487063980557e-02 -5.572863616429856393e+00 1.189652491709540343e-02 -5.088963953501551174e+00 1.001244059175326884e-02 1.000000000000000000e+00 1.094199700000000064e+01 1.366700000000000033e-02 3.572177317000000130e+03
2.852500000000000000e+04 -5.000000000000000000e+01 -5.203200000000000000e+04 8.768557176112361518e+00 7.653360868158398667e-02 -5.566116241085207861e+00 1.172605824199380448e-02 -5.095692905502535730e+00 1.440897905056218002e-02 0.000000000000000000e+00 -2.175004799999999960e+01 2.717100000000000071e-02 3.582621913999999833e+03
3.252500000000000000e+04 -5.000000000000000000e+01 -5.203200000000000000e+04 -2.529589960970628226e+01 4.677800894879074328e-02 -5.625390855106243926e+00 1.376742684648300623e-02 -4.908763210574904612e+00 1.276287760709128409e-02 1.000000000000000000e+00 1.091893999999999920e+01 1.158700000000000008e-02 3.597367756999999983e+03
3.252500000000000000e+04 -5.000000000000000000e+01 -5.203200000000000000e+04 8.721163451142652789e+00 8.098890731223025441e-02 -5.613349323762036214e+00 1.176411114527337563e-02 -4.962848225568041727e+00 7.631315046087022713e-03 0.000000000000000000e+00 -2.174075900000000061e+01 3.154799999999999965e-02 3.607709349000000202e+03
