4.525000000000000000e+03 3.950000000000000000e+03 3.451623427116917719e-02 -3.332925077182666111e-03 -1.808921878255746393e-02
4.525000000000000000e+03 3.950000000000000000e+03 3.451623427116917719e-02 -3.332925077182666111e-03 -1.808921878255746393e-02
4.525000000000000000e+03 3.950000000000000000e+03 3.451623427116917719e-02 -3.332925077182666111e-03 -1.808921878255746393e-02
4.525000000000000000e+03 3.950000000000000000e+03 3.451623427116917719e-02 -3.332925077182666111e-03 -1.808921878255746393e-02
4.525000000000000000e+03 3.950000000000000000e+03 3.451623427116917719e-02 -3.332925077182666111e-03 -1.808921878255746393e-02
4.525000000000000000e+03 3.950000000000000000e+03 3.451623427116917719e-02 -3.332925077182666111e-03 -1.808921878255746393e-02
4.525000000000000000e+03 3.950000000000000000e+03 3.451623427116917719e-02 -3.332925077182666111e-03 -1.808921878255746393e-02
4.525000000000000000e+03 3.950000000000000000e+03 3.451623427116917719e-02 -3.332925077182666111e-03 -1.808921878255746393e-02
4.525000000000000000e+03 3.950000000000000000e+03 3.451623427116917719e-02 -3.332925077182666111e-03 -1.808921878255746393e-02
4.525000000000000000e+03 3.950000000000000000e+03 3.451623427116917719e-02 -3.332925077182666111e-03 -1.808921878255746393e-02
4.525000000000000000e+03 3.950000000000000000e+03 3.451623427116917719e-02 -3.332925077182666111e-03 -1.808921878255746393e-02
4.525000000000000000e+03 3.950000000000000000e+03 3.451623427116917719e-02 -3.332925077182666111e-03 -1.808921878255746393e-02
4.525000000000000000e+03 3.950000000000000000e+03 3.451623427116917719e-02 -3.332925077182666111e-03 -1.808921878255746393e-02
4.525000000000000000e+03 3.950000000000000000e+03 3.451623427116917719e-02 -3.332925077182666111e-03 -1.808921878255746393e-02
4.525000000000000000e+03 3.950000000000000000e+03 3.451623427116917719e-02 -3.332925077182666111e-03 -1.808921878255746393e-02
4.525000000000000000e+03 3.950000000000000000e+03 3.451623427116917719e-02 -3.332925077182666111e-03 -1.808921878255746393e-02
4.525000000000000000e+03 3.950000000000000000e+03 3.451623427116917719e-02 -3.332925077182666111e-03 -1.808921878255746393e-02
4.525000000000000000e+03 3.950000000000000000e+03 3.451623427116917719e-02 -3.332925077182666111e-03 -1.808921878255746393e-02
4.525000000000000000e+03 3.950000000000000000e+03 3.451623427116917719e-02 -3.332925077182666111e-03 -1.808921878255746393e-02
4.525000000000000000e+03 3.950000000000000000e+03 3.451623427116917719e-02 -3.332925077182666111e-03 -1.808921878255746393e-02
4.525000000000000000e+03 3.950000000000000000e+03 3.451623427116917719e-02 -3.332925077182666111e-03 -1.808921878255746393e-02
4.525000000000000000e+03 3.950000000000000000e+03 3.451623427116917719e-02 -3.332925077182666111e-03 -1.808921878255746393e-02
4.525000000000000000e+03 3.950000000000000000e+03 3.451623427116917719e-02 -3.332925077182666111e-03 -1.808921878255746393e-02
4.525000000000000000e+03 3.950000000000000000e+03 3.451623427116917719e-02 -3.332925077182666111e-03 -1.808921878255746393e-02
4.525000000000000000e+03 3.950000000000000000e+03 3.451623427116917719e-02 -3.332925077182666111e-03 -1.808921878255746393e-02
4.525000000000000000e+03 3.950000000000000000e+03 3.451623427116917719e-02 -3.332925077182666111e-03 -1.808921878255746393e-02
4.525000000000000000e+03 3.950000000000000000e+03 3.451623427116917719e-02 -3.332925077182666111e-03 -1.808921878255746393e-02
4.525000000000000000e+03 3.950000000000000000e+03 3.451623427116917719e-02 -3.332925077182666111e-03 -1.808921878255746393e-02
4.525000000000000000e+03 3.950000000000000000e+03 3.451623427116917719e-02 -3.332925077182666111e-03 -1.808921878255746393e-02
4.525000000000000000e+03 3.950000000000000000e+03 3.451623427116917719e-02 -3.332925077182666111e-03 -1.808921878255746393e-02
4.525000000000000000e+03 3.950000000000000000e+03 3.451623427116917719e-02 -3.332925077182666111e-03 -1.808921878255746393e-02
4.525000000000000000e+03 3.950000000000000000e+03 3.451623427116917719e-02 -3.332925077182666111e-03 -1.808921878255746393e-02
4.525000000000000000e+03 3.950000000000000000e+03 3.451623427116917719e-02 -3.332925077182666111e-03 -1.808921878255746393e-02
4.525000000000000000e+03 3.950000000000000000e+03 3.451623427116917719e-02 -3.332925077182666111e-03 -1.808921878255746393e-02
4.525000000000000000e+03 3.950000000000000000e+03 3.451623427116917719e-02 -3.332925077182666111e-03 -1.808921878255746393e-02
4.525000000000000000e+03 3.950000000000000000e+03 3.451623427116917719e-02 -3.332925077182666111e-03 -1.808921878255746393e-02
4.525000000000000000e+03 3.950000000000000000e+03 3.451623427116917719e-02 -3.332925077182666111e-03 -1.808921878255746393e-02
4.525000000000000000e+03 3.950000000000000000e+03 3.451623427116917719e-02 -3.332925077182666111e-03 -1.808921878255746393e-02
4.525000000000000000e+03 3.950000000000000000e+03 3.451623427116917719e-02 -3.332925077182666111e-03 -1.808921878255746393e-02
4.525000000000000000e+03 3.950000000000000000e+03 3.451623427116917719e-02 -3.332925077182666111e-03 -1.808921878255746393e-02
4.525000000000000000e+03 3.950000000000000000e+03 3.451623427116917719e-02 -3.332925077182666111e-03 -1.808921878255746393e-02
4.525000000000000000e+03 3.950000000000000000e+03 3.451623427116917719e-02 -3.332925077182666111e-03 -1.808921878255746393e-02
4.525000000000000000e+03 3.950000000000000000e+03 3.451623427116917719e-02 -3.332925077182666111e-03 -1.808921878255746393e-02
4.525000000000000000e+03 3.950000000000000000e+03 3.451623427116917719e-02 -3.332925077182666111e-03 -1.808921878255746393e-02
4.525000000000000000e+03 3.950000000000000000e+03 3.451623427116917719e-02 -3.332925077182666111e-03 -1.808921878255746393e-02
4.525000000000000000e+03 3.950000000000000000e+03 3.451623427116917719e-02 -3.332925077182666111e-03 -1.808921878255746393e-02
4.525000000000000000e+03 3.950000000000000000e+03 3.451623427116917719e-02 -3.332925077182666111e-03 -1.808921878255746393e-02
4.525000000000000000e+03 3.950000000000000000e+03 3.451623427116917719e-02 -3.332925077182666111e-03 -1.808921878255746393e-02
4.525000000000000000e+03 3.950000000000000000e+03 3.451623427116917719e-02 -3.332925077182666111e-03 -1.808921878255746393e-02
4.525000000000000000e+03 3.950000000000000000e+03 3.451623427116917719e-02 -3.332925077182666111e-03 -1.808921878255746393e-02
4.525000000000000000e+03 3.950000000000000000e+03 3.451623427116917719e-02 -3.332925077182666111e-03 -1.808921878255746393e-02
4.525000000000000000e+03 3.950000000000000000e+03 3.451623427116917719e-02 -3.332925077182666111e-03 -1.808921878255746393e-02
4.525000000000000000e+03 3.950000000000000000e+03 3.451623427116917719e-02 -3.332925077182666111e-03 -1.808921878255746393e-02
4.525000000000000000e+03 3.950000000000000000e+03 3.451623427116917719e-02 -3.332925077182666111e-03 -1.808921878255746393e-02
4.525000000000000000e+03 3.950000000000000000e+03 3.451623427116917719e-02 -3.332925077182666111e-03 -1.808921878255746393e-02
4.525000000000000000e+03 3.950000000000000000e+03 3.451623427116917719e-02 -3.332925077182666111e-03 -1.808921878255746393e-02
4.525000000000000000e+03 3.950000000000000000e+03 3.451623427116917719e-02 -3.332925077182666111e-03 -1.808921878255746393e-02
4.525000000000000000e+03 3.950000000000000000e+03 3.451623427116917719e-02 -3.332925077182666111e-03 -1.808921878255746393e-02
4.525000000000000000e+03 3.950000000000000000e+03 3.451623427116917719e-02 -3.332925077182666111e-03 -1.808921878255746393e-02
4.525000000000000000e+03 3.950000000000000000e+03 3.451623427116917719e-02 -3.332925077182666111e-03 -1.808921878255746393e-02
4.525000000000000000e+03 3.950000000000000000e+03 3.451623427116917719e-02 -3.332925077182666111e-03 -1.808921878255746393e-02
4.525000000000000000e+03 3.950000000000000000e+03 3.451623427116917719e-02 -3.332925077182666111e-03 -1.808921878255746393e-02
4.525000000000000000e+03 3.950000000000000000e+03 3.451623427116917719e-02 -3.332925077182666111e-03 -1.808921878255746393e-02
4.525000000000000000e+03 3.950000000000000000e+03 3.451623427116917719e-02 -3.332925077182666111e-03 -1.808921878255746393e-02
4.525000000000000000e+03 3.950000000000000000e+03 3.451623427116917719e-02 -3.332925077182666111e-03 -1.808921878255746393e-02
4.525000000000000000e+03 3.950000000000000000e+03 3.451623427116917719e-02 -3.332925077182666111e-03 -1.808921878255746393e-02
