2.525000000000000000e+03 3.950000000000000000e+03 -1.348871662353758050e-02 4.935613459049017701e-03 -2.029744066627686347e-02
2.525000000000000000e+03 3.950000000000000000e+03 -1.348871662353758050e-02 4.935613459049017701e-03 -2.029744066627686347e-02
4.525000000000000000e+03 3.950000000000000000e+03 3.790732339066790746e-02 -2.510976004929283377e-03 -2.183026651459444439e-02
4.525000000000000000e+03 3.950000000000000000e+03 3.790732339066790746e-02 -2.510976004929283377e-03 -2.183026651459444439e-02
8.525000000000000000e+03 3.950000000000000000e+03 2.292977005348342812e-02 4.226994676437650336e-04 -1.867943081529150479e-02
8.525000000000000000e+03 3.950000000000000000e+03 2.292977005348342812e-02 4.226994676437650336e-04 -1.867943081529150479e-02
1.252500000000000000e+04 3.950000000000000000e+03 2.172439417987118149e-02 4.140305684257236316e-03 -1.681776893410543566e-02
1.252500000000000000e+04 3.950000000000000000e+03 2.172439417987118149e-02 4.140305684257236316e-03 -1.681776893410543566e-02
1.652500000000000000e+04 3.950000000000000000e+03 6.717298354149014820e-03 5.392592761262343833e-03 -1.136147678697527370e-02
1.652500000000000000e+04 3.950000000000000000e+03 6.717298354149014820e-03 5.392592761262343833e-03 -1.136147678697527370e-02
2.052500000000000000e+04 3.950000000000000000e+03 1.883718572147650289e-02 8.020260210704954762e-03 -1.065738382057903472e-02
2.052500000000000000e+04 3.950000000000000000e+03 1.883718572147650289e-02 8.020260210704954762e-03 -1.065738382057903472e-02
2.452500000000000000e+04 3.950000000000000000e+03 2.642960673670723126e-02 1.088893416561030093e-02 -1.170404617225219608e-02
2.452500000000000000e+04 3.950000000000000000e+03 2.642960673670723126e-02 1.088893416561030093e-02 -1.170404617225219608e-02
2.852500000000000000e+04 3.950000000000000000e+03 3.014928855880463082e-02 1.306083363118089313e-02 -1.449158008364112571e-02
2.852500000000000000e+04 3.950000000000000000e+03 3.014928855880463082e-02 1.306083363118089313e-02 -1.449158008364112571e-02
3.252500000000000000e+04 3.950000000000000000e+03 3.312591167235304918e-02 1.630852548203746283e-02 -1.825669619226791968e-02
3.252500000000000000e+04 3.950000000000000000e+03 3.312591167235304918e-02 1.630852548203746283e-02 -1.825669619226791968e-02
3.252500000000000000e+04 3.950000000000000000e+03 3.312591167235304918e-02 1.630852548203746283e-02 -1.825669619226791968e-02
3.252500000000000000e+04 3.950000000000000000e+03 3.312591167235304918e-02 1.630852548203746283e-02 -1.825669619226791968e-02
2.852500000000000000e+04 3.950000000000000000e+03 3.014928855880463082e-02 1.306083363118089313e-02 -1.449158008364112571e-02
2.852500000000000000e+04 3.950000000000000000e+03 3.014928855880463082e-02 1.306083363118089313e-02 -1.449158008364112571e-02
2.452500000000000000e+04 3.950000000000000000e+03 2.642960673670723126e-02 1.088893416561030093e-02 -1.170404617225219608e-02
2.452500000000000000e+04 3.950000000000000000e+03 2.642960673670723126e-02 1.088893416561030093e-02 -1.170404617225219608e-02
2.052500000000000000e+04 3.950000000000000000e+03 1.883718572147650289e-02 8.020260210704954762e-03 -1.065738382057903472e-02
2.052500000000000000e+04 3.950000000000000000e+03 1.883718572147650289e-02 8.020260210704954762e-03 -1.065738382057903472e-02
1.652500000000000000e+04 3.950000000000000000e+03 6.717298354149014820e-03 5.392592761262343833e-03 -1.136147678697527370e-02
1.652500000000000000e+04 3.950000000000000000e+03 6.717298354149014820e-03 5.392592761262343833e-03 -1.136147678697527370e-02
1.252500000000000000e+04 3.950000000000000000e+03 2.172439417987118149e-02 4.140305684257236316e-03 -1.681776893410543566e-02
1.252500000000000000e+04 3.950000000000000000e+03 2.172439417987118149e-02 4.140305684257236316e-03 -1.681776893410543566e-02
8.525000000000000000e+03 3.950000000000000000e+03 2.292977005348342812e-02 4.226994676437650336e-04 -1.867943081529150479e-02
8.525000000000000000e+03 3.950000000000000000e+03 2.292977005348342812e-02 4.226994676437650336e-04 -1.867943081529150479e-02
4.525000000000000000e+03 3.950000000000000000e+03 3.790732339066790746e-02 -2.510976004929283377e-03 -2.183026651459444439e-02
4.525000000000000000e+03 3.950000000000000000e+03 3.790732339066790746e-02 -2.510976004929283377e-03 -2.183026651459444439e-02
2.525000000000000000e+03 3.950000000000000000e+03 -1.348871662353758050e-02 4.935613459049017701e-03 -2.029744066627686347e-02
2.525000000000000000e+03 3.950000000000000000e+03 -1.348871662353758050e-02 4.935613459049017701e-03 -2.029744066627686347e-02
2.525000000000000000e+03 3.950000000000000000e+03 -1.348871662353758050e-02 4.935613459049017701e-03 -2.029744066627686347e-02
2.525000000000000000e+03 3.950000000000000000e+03 -1.348871662353758050e-02 4.935613459049017701e-03 -2.029744066627686347e-02
4.525000000000000000e+03 3.950000000000000000e+03 3.790732339066790746e-02 -2.510976004929283377e-03 -2.183026651459444439e-02
4.525000000000000000e+03 3.950000000000000000e+03 3.790732339066790746e-02 -2.510976004929283377e-03 -2.183026651459444439e-02
8.525000000000000000e+03 3.950000000000000000e+03 2.292977005348342812e-02 4.226994676437650336e-04 -1.867943081529150479e-02
8.525000000000000000e+03 3.950000000000000000e+03 2.292977005348342812e-02 4.226994676437650336e-04 -1.867943081529150479e-02
1.252500000000000000e+04 3.950000000000000000e+03 2.172439417987118149e-02 4.140305684257236316e-03 -1.681776893410543566e-02
1.252500000000000000e+04 3.950000000000000000e+03 2.172439417987118149e-02 4.140305684257236316e-03 -1.681776893410543566e-02
1.652500000000000000e+04 3.950000000000000000e+03 6.717298354149014820e-03 5.392592761262343833e-03 -1.136147678697527370e-02
1.652500000000000000e+04 3.950000000000000000e+03 6.717298354149014820e-03 5.392592761262343833e-03 -1.136147678697527370e-02
2.052500000000000000e+04 3.950000000000000000e+03 1.883718572147650289e-02 8.020260210704954762e-03 -1.065738382057903472e-02
2.052500000000000000e+04 3.950000000000000000e+03 1.883718572147650289e-02 8.020260210704954762e-03 -1.065738382057903472e-02
2.452500000000000000e+04 3.950000000000000000e+03 2.642960673670723126e-02 1.088893416561030093e-02 -1.170404617225219608e-02
2.452500000000000000e+04 3.950000000000000000e+03 2.642960673670723126e-02 1.088893416561030093e-02 -1.170404617225219608e-02
2.852500000000000000e+04 3.950000000000000000e+03 3.014928855880463082e-02 1.306083363118089313e-02 -1.449158008364112571e-02
2.852500000000000000e+04 3.950000000000000000e+03 3.014928855880463082e-02 1.306083363118089313e-02 -1.449158008364112571e-02
3.252500000000000000e+04 3.950000000000000000e+03 3.312591167235304918e-02 1.630852548203746283e-02 -1.825669619226791968e-02
3.252500000000000000e+04 3.950000000000000000e+03 3.312591167235304918e-02 1.630852548203746283e-02 -1.825669619226791968e-02
2.525000000000000000e+03 7.950000000000000000e+03 3.257519950246660911e-02 5.192380954479398902e-02 -7.066192847305069469e-02
2.525000000000000000e+03 7.950000000000000000e+03 3.257519950246660911e-02 5.192380954479398902e-02 -7.066192847305069469e-02
4.525000000000000000e+03 7.950000000000000000e+03 2.865441490896280738e-02 4.766971771077432168e-02 -7.170550502828201833e-02
4.525000000000000000e+03 7.950000000000000000e+03 2.865441490896280738e-02 4.766971771077432168e-02 -7.170550502828201833e-02
8.525000000000000000e+03 7.950000000000000000e+03 2.750818787821779354e-02 5.106926430077007861e-02 -6.833970917926465716e-02
8.525000000000000000e+03 7.950000000000000000e+03 2.750818787821779354e-02 5.106926430077007861e-02 -6.833970917926465716e-02
1.252500000000000000e+04 7.950000000000000000e+03 2.860617682037192716e-02 5.683070370484059886e-02 -6.578838566308803371e-02
1.252500000000000000e+04 7.950000000000000000e+03 2.860617682037192716e-02 5.683070370484059886e-02 -6.578838566308803371e-02
1.652500000000000000e+04 7.950000000000000000e+03 2.810483107429701671e-02 4.809133302862593495e-02 -6.079553414942823197e-02
1.652500000000000000e+04 7.950000000000000000e+03 2.810483107429701671e-02 4.809133302862593495e-02 -6.079553414942823197e-02
2.052500000000000000e+04 7.950000000000000000e+03 2.676495849284951656e-02 4.841104578659904956e-02 -5.909815410533175717e-02
2.052500000000000000e+04 7.950000000000000000e+03 2.676495849284951656e-02 4.841104578659904956e-02 -5.909815410533175717e-02
2.452500000000000000e+04 7.950000000000000000e+03 2.985108775760213218e-02 4.533160582181360032e-02 -5.949839926373282767e-02
2.452500000000000000e+04 7.950000000000000000e+03 2.985108775760213218e-02 4.533160582181360032e-02 -5.949839926373282767e-02
2.852500000000000000e+04 7.950000000000000000e+03 3.184045808758019513e-02 4.850980049827399720e-02 -6.176187355259955825e-02
2.852500000000000000e+04 7.950000000000000000e+03 3.184045808758019513e-02 4.850980049827399720e-02 -6.176187355259955825e-02
3.252500000000000000e+04 7.950000000000000000e+03 3.210600180505822354e-02 4.459506855936880287e-02 -6.613361583109136910e-02
3.252500000000000000e+04 7.950000000000000000e+03 3.210600180505822354e-02 4.459506855936880287e-02 -6.613361583109136910e-02
3.252500000000000000e+04 7.950000000000000000e+03 3.210600180505822354e-02 4.459506855936880287e-02 -6.613361583109136910e-02
3.252500000000000000e+04 7.950000000000000000e+03 3.210600180505822354e-02 4.459506855936880287e-02 -6.613361583109136910e-02
2.852500000000000000e+04 7.950000000000000000e+03 3.184045808758019513e-02 4.850980049827399720e-02 -6.176187355259955825e-02
2.852500000000000000e+04 7.950000000000000000e+03 3.184045808758019513e-02 4.850980049827399720e-02 -6.176187355259955825e-02
2.452500000000000000e+04 7.950000000000000000e+03 2.985108775760213218e-02 4.533160582181360032e-02 -5.949839926373282767e-02
2.452500000000000000e+04 7.950000000000000000e+03 2.985108775760213218e-02 4.533160582181360032e-02 -5.949839926373282767e-02
2.052500000000000000e+04 7.950000000000000000e+03 2.676495849284951656e-02 4.841104578659904956e-02 -5.909815410533175717e-02
2.052500000000000000e+04 7.950000000000000000e+03 2.676495849284951656e-02 4.841104578659904956e-02 -5.909815410533175717e-02
1.652500000000000000e+04 7.950000000000000000e+03 2.810483107429701671e-02 4.809133302862593495e-02 -6.079553414942823197e-02
1.652500000000000000e+04 7.950000000000000000e+03 2.810483107429701671e-02 4.809133302862593495e-02 -6.079553414942823197e-02
1.252500000000000000e+04 7.950000000000000000e+03 2.860617682037192716e-02 5.683070370484059886e-02 -6.578838566308803371e-02
1.252500000000000000e+04 7.950000000000000000e+03 2.860617682037192716e-02 5.683070370484059886e-02 -6.578838566308803371e-02
8.525000000000000000e+03 7.950000000000000000e+03 2.750818787821779354e-02 5.106926430077007861e-02 -6.833970917926465716e-02
8.525000000000000000e+03 7.950000000000000000e+03 2.750818787821779354e-02 5.106926430077007861e-02 -6.833970917926465716e-02
4.525000000000000000e+03 7.950000000000000000e+03 2.865441490896280738e-02 4.766971771077432168e-02 -7.170550502828201833e-02
4.525000000000000000e+03 7.950000000000000000e+03 2.865441490896280738e-02 4.766971771077432168e-02 -7.170550502828201833e-02
2.525000000000000000e+03 7.950000000000000000e+03 3.257519950246660911e-02 5.192380954479398902e-02 -7.066192847305069469e-02
2.525000000000000000e+03 7.950000000000000000e+03 3.257519950246660911e-02 5.192380954479398902e-02 -7.066192847305069469e-02
2.525000000000000000e+03 7.950000000000000000e+03 3.257519950246660911e-02 5.192380954479398902e-02 -7.066192847305069469e-02
2.525000000000000000e+03 7.950000000000000000e+03 3.257519950246660911e-02 5.192380954479398902e-02 -7.066192847305069469e-02
4.525000000000000000e+03 7.950000000000000000e+03 2.865441490896280738e-02 4.766971771077432168e-02 -7.170550502828201833e-02
4.525000000000000000e+03 7.950000000000000000e+03 2.865441490896280738e-02 4.766971771077432168e-02 -7.170550502828201833e-02
8.525000000000000000e+03 7.950000000000000000e+03 2.750818787821779354e-02 5.106926430077007861e-02 -6.833970917926465716e-02
8.525000000000000000e+03 7.950000000000000000e+03 2.750818787821779354e-02 5.106926430077007861e-02 -6.833970917926465716e-02
1.252500000000000000e+04 7.950000000000000000e+03 2.860617682037192716e-02 5.683070370484059886e-02 -6.578838566308803371e-02
1.252500000000000000e+04 7.950000000000000000e+03 2.860617682037192716e-02 5.683070370484059886e-02 -6.578838566308803371e-02
1.652500000000000000e+04 7.950000000000000000e+03 2.810483107429701671e-02 4.809133302862593495e-02 -6.079553414942823197e-02
1.652500000000000000e+04 7.950000000000000000e+03 2.810483107429701671e-02 4.809133302862593495e-02 -6.079553414942823197e-02
2.052500000000000000e+04 7.950000000000000000e+03 2.676495849284951656e-02 4.841104578659904956e-02 -5.909815410533175717e-02
2.052500000000000000e+04 7.950000000000000000e+03 2.676495849284951656e-02 4.841104578659904956e-02 -5.909815410533175717e-02
2.452500000000000000e+04 7.950000000000000000e+03 2.985108775760213218e-02 4.533160582181360032e-02 -5.949839926373282767e-02
2.452500000000000000e+04 7.950000000000000000e+03 2.985108775760213218e-02 4.533160582181360032e-02 -5.949839926373282767e-02
2.852500000000000000e+04 7.950000000000000000e+03 3.184045808758019513e-02 4.850980049827399720e-02 -6.176187355259955825e-02
2.852500000000000000e+04 7.950000000000000000e+03 3.184045808758019513e-02 4.850980049827399720e-02 -6.176187355259955825e-02
3.252500000000000000e+04 7.950000000000000000e+03 3.210600180505822354e-02 4.459506855936880287e-02 -6.613361583109136910e-02
3.252500000000000000e+04 7.950000000000000000e+03 3.210600180505822354e-02 4.459506855936880287e-02 -6.613361583109136910e-02
2.525000000000000000e+03 -4.050000000000000000e+03 2.736141346822756198e-02 6.427315666365748456e-03 1.595572570985277078e-02
2.525000000000000000e+03 -4.050000000000000000e+03 2.736141346822756198e-02 6.427315666365748456e-03 1.595572570985277078e-02
4.525000000000000000e+03 -4.050000000000000000e+03 3.259972431584376440e-02 7.714560567262038204e-05 1.484641407259914593e-02
4.525000000000000000e+03 -4.050000000000000000e+03 3.259972431584376440e-02 7.714560567262038204e-05 1.484641407259914593e-02
8.525000000000000000e+03 -4.050000000000000000e+03 2.859542751279169071e-02 8.287285517319885851e-04 1.744506120871782209e-02
8.525000000000000000e+03 -4.050000000000000000e+03 2.859542751279169071e-02 8.287285517319885851e-04 1.744506120871782209e-02
1.252500000000000000e+04 -4.050000000000000000e+03 2.438797085301652734e-02 3.567805879003598923e-03 2.033404918062082720e-02
1.252500000000000000e+04 -4.050000000000000000e+03 2.438797085301652734e-02 3.567805879003598923e-03 2.033404918062082720e-02
1.652500000000000000e+04 -4.050000000000000000e+03 1.867872137420840267e-02 4.906388445352932726e-03 2.586171510727041517e-02
1.652500000000000000e+04 -4.050000000000000000e+03 1.867872137420840267e-02 4.906388445352932726e-03 2.586171510727041517e-02
2.052500000000000000e+04 -4.050000000000000000e+03 1.588486457376602629e-02 7.532288464659420146e-03 2.664056219962050720e-02
2.052500000000000000e+04 -4.050000000000000000e+03 1.588486457376602629e-02 7.532288464659420146e-03 2.664056219962050720e-02
2.452500000000000000e+04 -4.050000000000000000e+03 1.624517900766408313e-02 9.673828249116288996e-03 2.720010792488797291e-02
2.452500000000000000e+04 -4.050000000000000000e+03 1.624517900766408313e-02 9.673828249116288996e-03 2.720010792488797291e-02
2.852500000000000000e+04 -4.050000000000000000e+03 1.594721877926075226e-02 1.245159305798881205e-02 2.246162958134866744e-02
2.852500000000000000e+04 -4.050000000000000000e+03 1.594721877926075226e-02 1.245159305798881205e-02 2.246162958134866744e-02
3.252500000000000000e+04 -4.050000000000000000e+03 3.513717513606511023e-02 9.324900891635793526e-03 -6.164035045768755106e-03
3.252500000000000000e+04 -4.050000000000000000e+03 3.513717513606511023e-02 9.324900891635793526e-03 -6.164035045768755106e-03
3.252500000000000000e+04 -4.050000000000000000e+03 3.513717513606511023e-02 9.324900891635793526e-03 -6.164035045768755106e-03
3.252500000000000000e+04 -4.050000000000000000e+03 3.513717513606511023e-02 9.324900891635793526e-03 -6.164035045768755106e-03
2.852500000000000000e+04 -4.050000000000000000e+03 1.594721877926075226e-02 1.245159305798881205e-02 2.246162958134866744e-02
2.852500000000000000e+04 -4.050000000000000000e+03 1.594721877926075226e-02 1.245159305798881205e-02 2.246162958134866744e-02
2.452500000000000000e+04 -4.050000000000000000e+03 1.624517900766408313e-02 9.673828249116288996e-03 2.720010792488797291e-02
2.452500000000000000e+04 -4.050000000000000000e+03 1.624517900766408313e-02 9.673828249116288996e-03 2.720010792488797291e-02
2.052500000000000000e+04 -4.050000000000000000e+03 1.588486457376602629e-02 7.532288464659420146e-03 2.664056219962050720e-02
2.052500000000000000e+04 -4.050000000000000000e+03 1.588486457376602629e-02 7.532288464659420146e-03 2.664056219962050720e-02
1.652500000000000000e+04 -4.050000000000000000e+03 1.867872137420840267e-02 4.906388445352932726e-03 2.586171510727041517e-02
1.652500000000000000e+04 -4.050000000000000000e+03 1.867872137420840267e-02 4.906388445352932726e-03 2.586171510727041517e-02
1.252500000000000000e+04 -4.050000000000000000e+03 2.438797085301652734e-02 3.567805879003598923e-03 2.033404918062082720e-02
1.252500000000000000e+04 -4.050000000000000000e+03 2.438797085301652734e-02 3.567805879003598923e-03 2.033404918062082720e-02
8.525000000000000000e+03 -4.050000000000000000e+03 2.859542751279169071e-02 8.287285517319885851e-04 1.744506120871782209e-02
8.525000000000000000e+03 -4.050000000000000000e+03 2.859542751279169071e-02 8.287285517319885851e-04 1.744506120871782209e-02
4.525000000000000000e+03 -4.050000000000000000e+03 3.259972431584376440e-02 7.714560567262038204e-05 1.484641407259914593e-02
4.525000000000000000e+03 -4.050000000000000000e+03 3.259972431584376440e-02 7.714560567262038204e-05 1.484641407259914593e-02
2.525000000000000000e+03 -4.050000000000000000e+03 2.736141346822756198e-02 6.427315666365748456e-03 1.595572570985277078e-02
2.525000000000000000e+03 -4.050000000000000000e+03 2.736141346822756198e-02 6.427315666365748456e-03 1.595572570985277078e-02
2.525000000000000000e+03 -4.050000000000000000e+03 2.736141346822756198e-02 6.427315666365748456e-03 1.595572570985277078e-02
2.525000000000000000e+03 -4.050000000000000000e+03 2.736141346822756198e-02 6.427315666365748456e-03 1.595572570985277078e-02
4.525000000000000000e+03 -4.050000000000000000e+03 3.259972431584376440e-02 7.714560567262038204e-05 1.484641407259914593e-02
4.525000000000000000e+03 -4.050000000000000000e+03 3.259972431584376440e-02 7.714560567262038204e-05 1.484641407259914593e-02
8.525000000000000000e+03 -4.050000000000000000e+03 2.859542751279169071e-02 8.287285517319885851e-04 1.744506120871782209e-02
8.525000000000000000e+03 -4.050000000000000000e+03 2.859542751279169071e-02 8.287285517319885851e-04 1.744506120871782209e-02
1.252500000000000000e+04 -4.050000000000000000e+03 2.438797085301652734e-02 3.567805879003598923e-03 2.033404918062082720e-02
1.252500000000000000e+04 -4.050000000000000000e+03 2.438797085301652734e-02 3.567805879003598923e-03 2.033404918062082720e-02
1.652500000000000000e+04 -4.050000000000000000e+03 1.867872137420840267e-02 4.906388445352932726e-03 2.586171510727041517e-02
1.652500000000000000e+04 -4.050000000000000000e+03 1.867872137420840267e-02 4.906388445352932726e-03 2.586171510727041517e-02
2.052500000000000000e+04 -4.050000000000000000e+03 1.588486457376602629e-02 7.532288464659420146e-03 2.664056219962050720e-02
2.052500000000000000e+04 -4.050000000000000000e+03 1.588486457376602629e-02 7.532288464659420146e-03 2.664056219962050720e-02
2.452500000000000000e+04 -4.050000000000000000e+03 1.624517900766408313e-02 9.673828249116288996e-03 2.720010792488797291e-02
2.452500000000000000e+04 -4.050000000000000000e+03 1.624517900766408313e-02 9.673828249116288996e-03 2.720010792488797291e-02
2.852500000000000000e+04 -4.050000000000000000e+03 1.594721877926075226e-02 1.245159305798881205e-02 2.246162958134866744e-02
2.852500000000000000e+04 -4.050000000000000000e+03 1.594721877926075226e-02 1.245159305798881205e-02 2.246162958134866744e-02
3.252500000000000000e+04 -4.050000000000000000e+03 3.513717513606511023e-02 9.324900891635793526e-03 -6.164035045768755106e-03
3.252500000000000000e+04 -4.050000000000000000e+03 3.513717513606511023e-02 9.324900891635793526e-03 -6.164035045768755106e-03
2.525000000000000000e+03 -5.000000000000000000e+01 3.379452845556338292e-02 2.287088731904735051e-02 -1.440839876697680433e-02
2.525000000000000000e+03 -5.000000000000000000e+01 3.379452845556338292e-02 2.287088731904735051e-02 -1.440839876697680433e-02
4.525000000000000000e+03 -5.000000000000000000e+01 2.845681553235756070e-02 2.516020425866113269e-02 -1.149105076089608490e-02
4.525000000000000000e+03 -5.000000000000000000e+01 2.845681553235756070e-02 2.516020425866113269e-02 -1.149105076089608490e-02
8.525000000000000000e+03 -5.000000000000000000e+01 2.743002359964336750e-02 2.483911787269425103e-02 -6.459085399375156036e-03
8.525000000000000000e+03 -5.000000000000000000e+01 2.743002359964336750e-02 2.483911787269425103e-02 -6.459085399375156036e-03
1.252500000000000000e+04 -5.000000000000000000e+01 2.603574297356521863e-02 2.409639564464419875e-02 -4.628569373550673813e-03
1.252500000000000000e+04 -5.000000000000000000e+01 2.603574297356521863e-02 2.409639564464419875e-02 -4.628569373550673813e-03
1.652500000000000000e+04 -5.000000000000000000e+01 2.610759914261197301e-02 2.019838445219154788e-02 1.243747792303200928e-04
1.652500000000000000e+04 -5.000000000000000000e+01 2.610759914261197301e-02 2.019838445219154788e-02 1.243747792303200928e-04
2.052500000000000000e+04 -5.000000000000000000e+01 2.916459934210830635e-02 1.670814156710451193e-02 2.537138666261956610e-03
2.052500000000000000e+04 -5.000000000000000000e+01 2.916459934210830635e-02 1.670814156710451193e-02 2.537138666261956610e-03
2.452500000000000000e+04 -5.000000000000000000e+01 3.000191022891891129e-02 1.633569892709253735e-02 1.813347442725498065e-03
2.452500000000000000e+04 -5.000000000000000000e+01 3.000191022891891129e-02 1.633569892709253735e-02 1.813347442725498065e-03
2.852500000000000000e+04 -5.000000000000000000e+01 3.113066245982182290e-02 1.688215959733689597e-02 -1.852294523040149809e-03
2.852500000000000000e+04 -5.000000000000000000e+01 3.113066245982182290e-02 1.688215959733689597e-02 -1.852294523040149809e-03
3.252500000000000000e+04 -5.000000000000000000e+01 3.005647576246922234e-02 2.036436292467707840e-02 -5.548740998785939293e-03
3.252500000000000000e+04 -5.000000000000000000e+01 3.005647576246922234e-02 2.036436292467707840e-02 -5.548740998785939293e-03
3.252500000000000000e+04 -5.000000000000000000e+01 3.005647576246922234e-02 2.036436292467707840e-02 -5.548740998785939293e-03
3.252500000000000000e+04 -5.000000000000000000e+01 3.005647576246922234e-02 2.036436292467707840e-02 -5.548740998785939293e-03
2.852500000000000000e+04 -5.000000000000000000e+01 3.113066245982182290e-02 1.688215959733689597e-02 -1.852294523040149809e-03
2.852500000000000000e+04 -5.000000000000000000e+01 3.113066245982182290e-02 1.688215959733689597e-02 -1.852294523040149809e-03
2.452500000000000000e+04 -5.000000000000000000e+01 3.000191022891891129e-02 1.633569892709253735e-02 1.813347442725498065e-03
2.452500000000000000e+04 -5.000000000000000000e+01 3.000191022891891129e-02 1.633569892709253735e-02 1.813347442725498065e-03
2.052500000000000000e+04 -5.000000000000000000e+01 2.916459934210830635e-02 1.670814156710451193e-02 2.537138666261956610e-03
2.052500000000000000e+04 -5.000000000000000000e+01 2.916459934210830635e-02 1.670814156710451193e-02 2.537138666261956610e-03
1.652500000000000000e+04 -5.000000000000000000e+01 2.610759914261197301e-02 2.019838445219154788e-02 1.243747792303200928e-04
1.652500000000000000e+04 -5.000000000000000000e+01 2.610759914261197301e-02 2.019838445219154788e-02 1.243747792303200928e-04
1.252500000000000000e+04 -5.000000000000000000e+01 2.603574297356521863e-02 2.409639564464419875e-02 -4.628569373550673813e-03
1.252500000000000000e+04 -5.000000000000000000e+01 2.603574297356521863e-02 2.409639564464419875e-02 -4.628569373550673813e-03
8.525000000000000000e+03 -5.000000000000000000e+01 2.743002359964336750e-02 2.483911787269425103e-02 -6.459085399375156036e-03
8.525000000000000000e+03 -5.000000000000000000e+01 2.743002359964336750e-02 2.483911787269425103e-02 -6.459085399375156036e-03
4.525000000000000000e+03 -5.000000000000000000e+01 2.845681553235756070e-02 2.516020425866113269e-02 -1.149105076089608490e-02
4.525000000000000000e+03 -5.000000000000000000e+01 2.845681553235756070e-02 2.516020425866113269e-02 -1.149105076089608490e-02
2.525000000000000000e+03 -5.000000000000000000e+01 3.379452845556338292e-02 2.287088731904735051e-02 -1.440839876697680433e-02
2.525000000000000000e+03 -5.000000000000000000e+01 3.379452845556338292e-02 2.287088731904735051e-02 -1.440839876697680433e-02
2.525000000000000000e+03 -5.000000000000000000e+01 3.379452845556338292e-02 2.287088731904735051e-02 -1.440839876697680433e-02
2.525000000000000000e+03 -5.000000000000000000e+01 3.379452845556338292e-02 2.287088731904735051e-02 -1.440839876697680433e-02
4.525000000000000000e+03 -5.000000000000000000e+01 2.845681553235756070e-02 2.516020425866113269e-02 -1.149105076089608490e-02
4.525000000000000000e+03 -5.000000000000000000e+01 2.845681553235756070e-02 2.516020425866113269e-02 -1.149105076089608490e-02
8.525000000000000000e+03 -5.000000000000000000e+01 2.743002359964336750e-02 2.483911787269425103e-02 -6.459085399375156036e-03
8.525000000000000000e+03 -5.000000000000000000e+01 2.743002359964336750e-02 2.483911787269425103e-02 -6.459085399375156036e-03
1.252500000000000000e+04 -5.000000000000000000e+01 2.603574297356521863e-02 2.409639564464419875e-02 -4.628569373550673813e-03
1.252500000000000000e+04 -5.000000000000000000e+01 2.603574297356521863e-02 2.409639564464419875e-02 -4.628569373550673813e-03
1.652500000000000000e+04 -5.000000000000000000e+01 2.610759914261197301e-02 2.019838445219154788e-02 1.243747792303200928e-04
1.652500000000000000e+04 -5.000000000000000000e+01 2.610759914261197301e-02 2.019838445219154788e-02 1.243747792303200928e-04
2.052500000000000000e+04 -5.000000000000000000e+01 2.916459934210830635e-02 1.670814156710451193e-02 2.537138666261956610e-03
2.052500000000000000e+04 -5.000000000000000000e+01 2.916459934210830635e-02 1.670814156710451193e-02 2.537138666261956610e-03
2.452500000000000000e+04 -5.000000000000000000e+01 3.000191022891891129e-02 1.633569892709253735e-02 1.813347442725498065e-03
2.452500000000000000e+04 -5.000000000000000000e+01 3.000191022891891129e-02 1.633569892709253735e-02 1.813347442725498065e-03
2.852500000000000000e+04 -5.000000000000000000e+01 3.113066245982182290e-02 1.688215959733689597e-02 -1.852294523040149809e-03
2.852500000000000000e+04 -5.000000000000000000e+01 3.113066245982182290e-02 1.688215959733689597e-02 -1.852294523040149809e-03
3.252500000000000000e+04 -5.000000000000000000e+01 3.005647576246922234e-02 2.036436292467707840e-02 -5.548740998785939293e-03
3.252500000000000000e+04 -5.000000000000000000e+01 3.005647576246922234e-02 2.036436292467707840e-02 -5.548740998785939293e-03
