2.525000000000000000e+03 -3.840000000000000000e+03 -5.203200000000000000e+04 3.382966072192194673e+01 5.510107624225742129e-02 3.382962466666666757e+01 7.059501926089198527e-03 -3.426115120571394446e+00 1.198847005660807173e-02 -3.430423333333333602e+00 4.785208512466081199e-02 -2.702948257065118209e+00 1.148692396490870980e-02 -2.704391999999999907e+00 7.394712593017684771e-03 3.272250137660528679e+01 1.337663743791792093e-02 3.271448933333333287e+01 1.216513329606744992e-02 3.411033408033656400e+01 5.466884708728950854e-02 3.411055255129980424e+01 4.401640780656993976e-03
2.525000000000000000e+03 1.600000000000000000e+02 -5.203200000000000000e+04 3.387660611427072865e+01 5.725623927470063074e-02 3.387616499999999320e+01 1.319972841892347315e-02 -2.349332759305812868e+00 9.857968807567984645e-03 -2.328608333333333835e+00 8.840871055941125489e-02 -2.011428373859051710e+00 8.504893274638866685e-03 -2.011577333333333328e+00 8.396810690838420535e-03 3.270309955983722716e+01 1.435341845747102434e-02 3.270202566666666399e+01 1.494622972897031478e-02 3.401573101465394444e+01 5.702882328749718510e-02 3.401586600250815451e+01 1.408941820109483635e-02
2.525000000000000000e+03 4.160000000000000000e+03 -5.203200000000000000e+04 3.397344514474688992e+01 4.892511294775991892e-02 3.397707500000000636e+01 7.764025781340045534e-03 -2.673330668987746739e-01 9.906231537534950296e-03 -2.679079999999999795e-01 9.218436761909965665e-03 -2.650800686247164251e+00 9.266572841740530406e-03 -2.653656666666666553e+00 1.662154299228706111e-02 3.270250615806998695e+01 1.620001787373240645e-02 3.269461433333332678e+01 1.998899552531751417e-02 3.407860687095821817e+01 4.878122935196619464e-02 3.408160872865008884e+01 6.461213660140344671e-03
2.525000000000000000e+03 8.160000000000000000e+03 -5.203200000000000000e+04 3.397762199619051415e+01 5.579073696290339640e-02 3.397976700000000250e+01 1.706815634449010063e-02 -3.611060607453807081e-01 1.060224005376566442e-02 -3.610173333333337453e-01 7.107933040702645554e-03 -3.443280895223880478e+00 9.686734560679284914e-03 -3.441923666666666382e+00 6.736853898107362029e-03 3.271988310487409990e+01 1.709888500893213051e-02 3.272011700000000189e+01 1.168445467276849753e-02 3.415323964298225690e+01 5.551330253420875410e-02 3.415555514311393637e+01 1.680389636475880522e-02
4.525000000000000000e+03 -3.840000000000000000e+03 -5.203200000000000000e+04 3.383709754736172215e+01 5.500014137486632093e-02 3.383655666666666662e+01 3.235306133549321200e-03 -3.379326863364775058e+00 1.203038623096667516e-02 -3.378857999999999695e+00 2.147802098270084822e-02 -2.799380783366559822e+00 1.274787257776008494e-02 -2.800198999999999661e+00 9.605634648475898027e-03 3.271076242248057753e+01 1.351525469147547322e-02 3.271500100000000089e+01 9.709142152287207617e-03 3.412091770883886710e+01 5.456646795818380358e-02 3.411995644913665160e+01 5.606734519006830071e-03
4.525000000000000000e+03 1.600000000000000000e+02 -5.203200000000000000e+04 3.388620229652154592e+01 5.306032951845594120e-02 3.388914733333333373e+01 2.286398650960050349e-02 -2.358601550862534868e+00 9.880688300239833313e-03 -2.358314333333333401e+00 6.728409745334415493e-02 -2.034615088376011460e+00 1.017204748346607797e-02 -2.034670333333333136e+00 4.346138912235019552e-03 3.271384086609288033e+01 1.356038973009546927e-02 3.271411333333333005e+01 8.040732415516584335e-04 3.402926171024297020e+01 5.284548253324018730e-02 3.403212045190306156e+01 1.939057545106589314e-02
4.525000000000000000e+03 4.160000000000000000e+03 -5.203200000000000000e+04 3.398860195522750161e+01 5.305263437999873516e-02 3.398863233333332801e+01 1.819953235051081702e-03 -2.152700851079988320e-01 9.465465792438117892e-03 -2.150386666666666002e-01 5.726118677700386787e-03 -2.538734570826573389e+00 1.120370115357415854e-02 -2.534559666666666544e+00 1.552112889293530938e-02 3.272649927421799276e+01 1.392589536559862493e-02 3.272521366666666864e+01 4.538180998790839263e-03 3.408364768207206907e+01 5.291188286903534405e-02 3.408368987321806998e+01 6.561530632167520685e-04
4.525000000000000000e+03 8.160000000000000000e+03 -5.203200000000000000e+04 3.397655825759437676e+01 6.383515345383837525e-02 3.397681633333333195e+01 1.626613131974511545e-02 -3.166123609725900456e-01 1.016228787767798139e-02 -3.188550000000001106e-01 3.685524130975148527e-02 -3.360106256021005766e+00 9.983308643833279858e-03 -3.360371999999999915e+00 1.162385238779877275e-02 3.270264579856448961e+01 1.438680743240263772e-02 3.270335966666666394e+01 8.388682382300399407e-03 3.414388823094117953e+01 6.353020695924010974e-02 3.414411938519531731e+01 1.490079820325920963e-02
8.525000000000000000e+03 -3.840000000000000000e+03 -5.203200000000000000e+04 3.381014891207087913e+01 4.928580686830641433e-02 3.381033733333333657e+01 2.693847331316590130e-03 -3.480321251859046061e+00 1.197840577532645855e-02 -3.480057333333333336e+00 1.784834358638839880e-02 -3.470361318012407104e+00 1.220459230165209241e-02 -3.472706333333333450e+00 1.530939447238566578e-02 3.271194356448640406e+01 1.297552102918789890e-02 3.271486233333333615e+01 4.593660716440848765e-03 3.416593792316129452e+01 4.880452548889246261e-02 3.416592627880353916e+01 6.408973108172161216e-04
8.525000000000000000e+03 1.600000000000000000e+02 -5.203200000000000000e+04 3.383879531852023348e+01 6.103421658788202309e-02 3.383866366666666892e+01 6.918670135541820851e-03 -2.515022290935891025e+00 1.043853220017663258e-02 -2.500154333333333589e+00 5.503839125051195741e-02 -1.945535349480855825e+00 9.559360040516783757e-03 -1.943513000000000046e+00 1.409666663907934749e-02 3.270428409977336059e+01 1.007176606617775187e-02 3.270660500000000326e+01 4.988631308619500063e-03 3.398688070959251917e+01 6.077573927162119305e-02 3.398660788531048382e+01 1.022948261555634182e-02
8.525000000000000000e+03 4.160000000000000000e+03 -5.203200000000000000e+04 3.398831632054019991e+01 5.587112016088145033e-02 3.398836533333333421e+01 2.235649073037952565e-03 -3.767217198330320427e-01 9.070195040886550736e-03 -3.704099999999999615e-01 2.007378596578159730e-02 -1.931806809628687560e+00 9.144766337508913531e-03 -1.931365999999999916e+00 1.750596586881171535e-02 3.269787515947123069e+01 1.076406477842216554e-02 3.268870100000000178e+01 1.278808681286208900e-02 3.404506206721007544e+01 5.578052769214480316e-02 3.404523139821557010e+01 1.431057165679024872e-03
8.525000000000000000e+03 8.160000000000000000e+03 -5.203200000000000000e+04 3.397228152791776523e+01 5.613401887099209869e-02 3.397314466666666277e+01 2.114652874061308425e-03 -4.575315917795385601e-01 1.110875564269770896e-02 -4.577506666666666391e-01 2.589618604050464637e-02 -3.436083762847326639e+00 9.747258534336486480e-03 -3.435778666666667203e+00 6.168258704403110741e-03 3.270903076567154955e+01 1.438993856433322220e-02 3.270918133333333344e+01 1.131919345379516807e-02 3.414851965246147358e+01 5.585396972809991700e-02 3.414952537763139873e+01 2.450221769727137320e-03
1.252500000000000000e+04 -3.840000000000000000e+03 -5.203200000000000000e+04 3.380859320594782957e+01 5.707425426502628352e-02 3.380714066666666184e+01 9.833391706042091465e-03 -3.595298516974240410e+00 1.128443488820669340e-02 -3.593000666666666287e+00 5.827126404822360189e-02 -4.103989724652012505e+00 1.179827598937915195e-02 -4.104695333333333807e+00 1.375591877863657081e-02 3.270592592747150462e+01 1.467615728693749504e-02 3.270497766666667161e+01 6.080739273403416162e-03 3.424469504812226717e+01 5.637864599047232722e-02 3.424453641449576224e+01 3.626598392530602181e-03
1.252500000000000000e+04 1.600000000000000000e+02 -5.203200000000000000e+04 3.385083490752047908e+01 6.138005313187182288e-02 3.385016466666666446e+01 1.496046079206973453e-02 -2.591694372892601628e+00 1.104482205061411287e-02 -2.580572999999999784e+00 8.043967978761043525e-02 -1.889428636956494545e+00 9.032948647750050492e-03 -1.889687333333333497e+00 1.614825515170156172e-03 3.271476406304892492e+01 1.444701784193557631e-02 3.271354600000000090e+01 7.043500005915854026e-03 3.400078854260525674e+01 6.111748993410173053e-02 3.400112714611618969e+01 1.830178194063188796e-02
1.252500000000000000e+04 4.160000000000000000e+03 -5.203200000000000000e+04 3.399632980006818883e+01 5.838111603113063652e-02 3.399613533333333493e+01 2.679840190094727459e-03 -4.604908690104229652e-01 9.957576669440627165e-03 -4.628939999999997501e-01 1.869851198179510107e-02 -1.255855796356735166e+00 8.699314492698652368e-03 -1.261677666666666697e+00 2.751758773544258144e-02 3.269530895473442911e+01 1.230713722879804919e-02 3.269954500000000053e+01 1.126180731498909252e-02 3.402301991129017722e+01 5.833646819818065488e-02 3.402272084074733982e+01 2.612637605291794236e-03
1.252500000000000000e+04 8.160000000000000000e+03 -5.203200000000000000e+04 3.394618897726591911e+01 5.124624939466394108e-02 3.394434666666666800e+01 6.251748724248225308e-03 -5.431828371524669574e-01 1.052194389343558481e-02 -5.444513333333335092e-01 2.095147306144489949e-02 -3.459984855018531480e+00 8.512714666941634950e-03 -3.456507333333333154e+00 1.287065551727826704e-02 3.269340018442053974e+01 1.183952756877340064e-02 3.269446233333333396e+01 4.647588347135613897e-03 3.412598721235912080e+01 5.098566901041994004e-02 3.412424018830344608e+01 5.468194126158732772e-03
1.652500000000000000e+04 -3.840000000000000000e+03 -5.203200000000000000e+04 3.380342380179897788e+01 4.528688361440508930e-02 3.380453533333332672e+01 8.901322979073433145e-03 -3.743624546275090115e+00 1.092971233206664616e-02 -3.750054666666666758e+00 1.039388858421674139e-01 -4.778581191616995127e+00 1.246656994767075810e-02 -4.770017666666666933e+00 2.613418256060655309e-02 3.269600972742566114e+01 1.543311042260700310e-02 3.269822366666667079e+01 4.998013783273080879e-03 3.434581113655364248e+01 4.462218702325835423e-02 3.434509632615932873e+01 6.206238684824083932e-03
1.652500000000000000e+04 1.600000000000000000e+02 -5.203200000000000000e+04 3.383870009562571113e+01 6.184053674239047699e-02 3.384146799999999899e+01 1.859478324691982848e-02 -2.777192759910595665e+00 1.073404280394891185e-02 -2.774693666666666392e+00 1.407196414178835675e-01 -1.775782271227025477e+00 8.924532374224620687e-03 -1.774145666666666843e+00 7.063151193184048771e-03 3.270550493365661993e+01 1.524917996359128301e-02 3.270651033333333402e+01 1.183499625874339517e-02 3.399701477255516835e+01 6.156070204587293232e-02 3.400191907745537634e+01 2.615892478226280321e-02
1.652500000000000000e+04 4.160000000000000000e+03 -5.203200000000000000e+04 3.400584512968411843e+01 4.625748919736927950e-02 3.400494499999999931e+01 8.875739762595995577e-03 -6.240792491309991030e-01 9.160412406604208357e-03 -6.256753333333332501e-01 1.032474549635217231e-01 -6.168239822945098538e-01 8.256617095109631058e-03 -6.133166666666667322e-01 2.001520923642261668e-02 3.269921863783380900e+01 1.313900970420649357e-02 3.269869299999999868e+01 7.224049902926970787e-03 3.401727462382716283e+01 4.624249238498145259e-02 3.401655607637714240e+01 7.174980642274293718e-03
1.652500000000000000e+04 8.160000000000000000e+03 -5.203200000000000000e+04 3.396570888560582091e+01 5.690134409967720353e-02 3.396530966666666274e+01 5.227812044993459563e-03 -6.929441774859481651e-01 1.065320438120585279e-02 -6.901803333333331736e-01 5.472600747156499551e-02 -3.468662549582012478e+00 9.810414137113520130e-03 -3.471386000000000305e+00 2.291523766696156733e-02 3.270222178447025385e+01 1.078631154891078123e-02 3.270325766666666567e+01 3.974701763794998358e-03 3.414981533711333839e+01 5.660411711842190663e-02 3.414932193492388279e+01 4.274287200212961539e-03
2.052500000000000000e+04 -3.840000000000000000e+03 -5.203200000000000000e+04 3.381581935325832688e+01 5.119744519430131924e-02 3.382102299999999673e+01 1.645108599252027501e-02 -3.845104354067924390e+00 1.065162443058936988e-02 -3.826881999999999895e+00 1.480305185392525313e-01 -5.448902846759726692e+00 1.085503915294138561e-02 -5.453472333333333033e+00 2.853682069615398262e-02 3.269231853015216416e+01 1.301200289804389960e-02 3.269325233333333358e+01 2.793953729833434634e-03 3.447328259560403296e+01 5.027013191078019000e-02 3.447162493917267767e+01 5.157395809835536686e-03
2.052500000000000000e+04 1.600000000000000000e+02 -5.203200000000000000e+04 3.385023155868967848e+01 6.286639149411722693e-02 3.385085966666665769e+01 1.750134404679972583e-02 -2.835878361140209858e+00 1.046898880535061804e-02 -2.840768000000000182e+00 1.196804910208843081e-01 -1.694845732890820633e+00 1.013205101043736234e-02 -1.687310333333333467e+00 2.162477133854701083e-02 3.271895715374984803e+01 1.460982551250788498e-02 3.272099966666667115e+01 6.721920765508168291e-03 3.401204187639791598e+01 6.257566046569806861e-02 3.401216894970522020e+01 1.089025446954485291e-02
2.052500000000000000e+04 4.160000000000000000e+03 -5.203200000000000000e+04 3.404341553658499464e+01 5.041727660006284362e-02 3.404466333333333949e+01 4.814205968911057509e-03 -6.701892032020090317e-01 8.000792008809985353e-03 -6.703223333333333533e-01 1.127530126387367021e-01 2.701823602474814207e-02 9.052984632970809478e-03 2.999766666666666901e-02 2.941952579684300670e-02 3.271075300216325132e+01 1.475632844507475047e-02 3.270697266666666536e+01 6.854804989527616896e-03 3.405110857387725076e+01 5.040621651182963098e-02 3.405167429638955667e+01 2.723697623995153475e-03
2.052500000000000000e+04 8.160000000000000000e+03 -5.203200000000000000e+04 3.397325478563973888e+01 5.174169871925916875e-02 3.396751199999999926e+01 1.240956543692585401e-02 -7.161739918374498970e-01 1.130350670282611290e-02 -7.117406666666665771e-01 5.356914696705360884e-02 -3.516324719479462679e+00 8.343431905430739176e-03 -3.515545666666666680e+00 8.290720944391857805e-03 3.270115593412506882e+01 1.394000041498494671e-02 3.269518933333333166e+01 1.012446595025017111e-02 3.416135296559010470e+01 5.146656461463630650e-02 3.415645502381480725e+01 1.167392426138514142e-02
2.452500000000000000e+04 -3.840000000000000000e+03 -5.203200000000000000e+04 3.384935166174418697e+01 4.992255458382720279e-02 3.385176799999999986e+01 8.279550370240985543e-03 -3.812884627966262041e+00 1.211112501633920119e-02 -3.783583999999999836e+00 1.072718580632091995e-01 -6.068791290186049459e+00 1.220396946087878853e-02 -6.069308666666667129e+00 8.162305236743810227e-03 3.269981018716775623e+01 1.419761361328273838e-02 3.269969566666666339e+01 3.008668051554498016e-03 3.460080574640422668e+01 4.890712109261231150e-02 3.459938504724029684e+01 5.074760416801223951e-03
2.452500000000000000e+04 1.600000000000000000e+02 -5.203200000000000000e+04 3.385910385067253259e+01 6.327608336855988780e-02 3.385943833333333686e+01 1.566044470774903552e-02 -2.736360762295158455e+00 1.097553520875518135e-02 -2.743568000000000229e+00 9.297635252758280899e-02 -1.613017989525935558e+00 9.563879913431810181e-03 -1.613082333333333507e+00 1.159840025367482770e-02 3.271108616424449167e+01 1.382000980853618534e-02 3.271142933333333502e+01 1.346272673389408824e-03 3.400750799348497111e+01 6.300792777200613093e-02 3.400894043914563980e+01 1.978875028767125566e-02
2.452500000000000000e+04 4.160000000000000000e+03 -5.203200000000000000e+04 3.408165091775714473e+01 5.107282236946245751e-02 3.408123699999999445e+01 3.430117636466470561e-03 -6.631512227596101372e-01 9.630536741082473470e-03 -6.719633333333332459e-01 1.047537613792990790e-01 6.862281056476255969e-01 8.999518134459814564e-03 6.860763333333332881e-01 2.051876695721369104e-02 3.269545753845836344e+01 1.606924310185547586e-02 3.269717600000000601e+01 1.045713595270345020e-02 3.409512347209594196e+01 5.105330728123119027e-02 3.409509863314718103e+01 2.487437790267823298e-03
2.452500000000000000e+04 8.160000000000000000e+03 -5.203200000000000000e+04 3.396806018875518873e+01 5.526281015661772822e-02 3.397349799999999931e+01 8.746836056540814586e-03 -7.348421765752362056e-01 1.171773704860712070e-02 -7.282123333333331283e-01 4.703493629680428195e-02 -3.548683536500539137e+00 8.418746007939847953e-03 -3.550196666666666889e+00 1.849607791157656736e-02 3.270331273672734795e+01 1.284116069656188533e-02 3.270732333333333486e+01 9.396094833021197829e-03 3.416034863754749296e+01 5.496036105605453526e-02 3.416632596972763736e+01 9.681303933720556212e-03
2.852500000000000000e+04 -3.840000000000000000e+03 -5.203200000000000000e+04 3.390879242493138435e+01 5.590174261917073284e-02 3.390796133333333273e+01 6.864616263450535293e-03 -3.680327782284250837e+00 1.162657195859265538e-02 -3.686560999999999755e+00 4.237667613597544125e-02 -6.733726880197240305e+00 1.188840623847790996e-02 -6.734646999999999828e+00 1.777003923274597663e-02 3.270026956851908295e+01 1.404741594925322870e-02 3.270084200000000152e+01 4.542781416709155973e-03 3.476684173723649707e+01 5.458694774769400765e-02 3.476636763461436175e+01 4.629193211761850439e-03
2.852500000000000000e+04 1.600000000000000000e+02 -5.203200000000000000e+04 3.388027861650363803e+01 6.156894454397000838e-02 3.388132466666666431e+01 6.898109169266357366e-03 -2.656879447330418031e+00 1.075648817160803836e-02 -2.658907999999999827e+00 7.016576858649331561e-02 -1.494879199691068195e+00 1.026939390504161796e-02 -1.495215333333333341e+00 1.318712238427242021e-02 3.271844448694181295e+01 1.275423370394275155e-02 3.271625466666666426e+01 4.823443456471685278e-03 3.401834700071148632e+01 6.132673330144712553e-02 3.401852288178800165e+01 2.469131072342799996e-03
2.852500000000000000e+04 4.160000000000000000e+03 -5.203200000000000000e+04 3.412823525718755491e+01 4.876009195103873928e-02 3.412791633333333152e+01 1.159899037751934217e-03 -5.696559066774226077e-01 9.207267269901951365e-03 -5.781530000000000280e-01 6.497634035041782719e-02 1.314261223064752127e+00 9.156342435695671855e-03 1.320300000000000029e+00 1.694262589840588723e-02 3.271494659409345473e+01 1.003246748759479764e-02 3.271217633333333197e+01 3.531748213625706019e-03 3.415819756433219823e+01 4.871885017362877213e-02 3.415847103767610093e+01 1.274782180914917507e-03
2.852500000000000000e+04 8.160000000000000000e+03 -5.203200000000000000e+04 3.399106471555851527e+01 5.688484347204051522e-02 3.399255633333333293e+01 9.511584801936793024e-03 -6.638033139969424790e-01 9.634796726466703792e-03 -6.663263333333334648e-01 3.631251524076938714e-02 -3.664425677464555609e+00 9.164870563509524073e-03 -3.660241666666666394e+00 1.053561177362018035e-02 3.271193593437934055e+01 1.509024972362905774e-02 3.271332533333333004e+01 4.246830439020562141e-03 3.419392970881329319e+01 5.655726079924421057e-02 3.419558571400374802e+01 1.009277482746218958e-02
3.252500000000000000e+04 -3.840000000000000000e+03 -5.203200000000000000e+04 3.397716312632717717e+01 5.183349627826842193e-02 3.397775033333333994e+01 3.752378549371236660e-03 -3.488417793668873390e+00 1.068603527689412393e-02 -3.482933000000000501e+00 1.350882886609100324e-02 -7.441498372493182245e+00 1.206916026311201547e-02 -7.441315000000000346e+00 1.127708514348154355e-02 3.270622224405724410e+01 1.293140474174001020e-02 3.270406499999999284e+01 4.884642566247363905e-03 3.495663259045076643e+01 5.046263260021587038e-02 3.495700420904142192e+01 2.563007119219751651e-03
3.252500000000000000e+04 1.600000000000000000e+02 -5.203200000000000000e+04 3.391715351657429522e+01 6.069679860583727243e-02 3.391881666666666462e+01 1.307815209083938897e-02 -2.506446840118647046e+00 1.061189905090674859e-02 -2.503288666666666717e+00 1.227797016792462649e-02 -1.374622842786783705e+00 9.541242965921145278e-03 -1.375587666666666875e+00 4.039478115356517733e-03 3.270925557367662861e+01 1.558328984140325800e-02 3.270680033333333370e+01 1.290697323585524546e-02 3.403731230671866825e+01 6.048925004038245568e-02 3.403887789463625069e+01 1.199012779104572518e-02
3.252500000000000000e+04 4.160000000000000000e+03 -5.203200000000000000e+04 3.418553062976712908e+01 5.089410304504164706e-02 3.418615333333332984e+01 3.825233166458950722e-03 -3.781253557319972924e-01 9.009733886999198721e-03 -3.775546666666667051e-01 1.341351908005935546e-02 2.029501938907908087e+00 8.119884136900738097e-03 2.028831666666666589e+00 1.368807766310206619e-02 3.270377187762721860e+01 8.961898407591484261e-03 3.269415099999999796e+01 7.724958338614714912e-03 3.424768759084116709e+01 5.080413468076906691e-02 3.424839429654064560e+01 4.308920810595202877e-03
3.252500000000000000e+04 8.160000000000000000e+03 -5.203200000000000000e+04 3.401536622782226971e+01 5.884357636101538586e-02 3.401492833333333721e+01 1.148839838465076819e-02 -5.217348895096396433e-01 1.087557698713675393e-02 -5.220739999999999270e-01 5.346268823519011171e-03 -3.630306554730250657e+00 9.460171944675046379e-03 -3.629359666666667206e+00 1.091306453038939223e-02 3.270297084953275402e+01 1.381420026351711655e-02 3.270136300000000062e+01 1.425980302575463252e-02 3.421247549363570073e+01 5.851345593440660658e-02 3.421199366300245259e+01 1.027856303656688071e-02
