4.525000000000000000e+03 4.160000000000000000e+03 -7.000000000000000000e+04 3.397261769176267876e+01 4.448429548160456881e-02 3.397285166666666356e+01 3.496066567507487548e-03 -4.176822732207175481e-01 9.398035436733438372e-03 -3.952363333333330786e-01 8.297626036470392985e-02 -3.286480888498991781e+00 9.219091413083383910e-03 -3.286715666666666369e+00 7.844241844251755372e-03 3.269497159263456609e+01 1.088251497001722391e-02 3.269635633333333402e+01 1.174935835600158726e-02 3.413372213419931711e+01 4.428356929811312626e-02 3.413396046658499472e+01 3.353538303318512326e-03
4.525000000000000000e+03 4.160000000000000000e+03 -6.650000000000000000e+04 3.398197821733021584e+01 3.827320024301975043e-02 3.398212933333333297e+01 7.179241680789079892e-04 -3.273362603837196572e-01 7.198916381421785297e-03 -3.188430000000002096e-01 8.461320683163681133e-02 -2.941242811212495312e+00 7.984515270433544670e-03 -2.941055999999999671e+00 2.844802805116704216e-03 3.270973562213685426e+01 1.443616934418163675e-02 3.271093666666666877e+01 3.905306020161698147e-03 3.411064681820759148e+01 3.813547362668043977e-02 3.411086217397036791e+01 1.232021389702283492e-03
4.525000000000000000e+03 4.160000000000000000e+03 -6.300000000000000000e+04 3.398219606661937320e+01 3.025822579787441555e-02 3.398183699999999874e+01 1.965105934379348177e-03 -2.972859492060048181e-01 7.340062084283113970e-03 -2.813339999999999175e-01 5.436998106492234306e-02 -2.836660829969636310e+00 7.393746191323539996e-03 -2.834233666666666540e+00 1.353331899835039966e-02 3.271210335545171688e+01 1.306809186174150150e-02 3.271265633333333511e+01 2.420036524060132071e-03 3.410151385247304745e+01 3.015950438456473787e-02 3.410107826000214715e+01 3.384598314789992197e-03
4.525000000000000000e+03 4.160000000000000000e+03 -5.950000000000000000e+04 3.398197121313458524e+01 3.832092423628429695e-02 3.398188366666666838e+01 4.395517919154275414e-04 -2.041304814573568494e-01 6.919705690000418734e-03 -2.074643333333329454e-01 3.307640257209227413e-02 -2.764664601353357121e+00 7.014962622752095138e-03 -2.764163999999999621e+00 2.589789759806810678e-03 3.270554789860424449e+01 1.539677605521797520e-02 3.270512333333332577e+01 4.381354065177534007e-03 3.409490655365515721e+01 3.819845800005809699e-02 3.409478351733113755e+01 4.510769408637519415e-04
4.525000000000000000e+03 4.160000000000000000e+03 -5.600000000000000000e+04 3.398276385121459953e+01 5.076580873286924006e-02 3.398260433333333452e+01 2.577527518980561247e-03 -2.020085690717389471e-01 7.962298735896516932e-03 -1.928553333333328512e-01 2.740972891349168633e-02 -2.698107233387990966e+00 9.006927463178533363e-03 -2.698825666666666567e+00 5.704223123655432701e-03 3.270400528263039774e+01 1.301986456878405710e-02 3.270594466666666733e+01 5.318103055703901801e-03 3.409040790654768216e+01 5.061098461001963672e-02 3.409017190920453544e+01 2.300599802514014403e-03
4.525000000000000000e+03 4.160000000000000000e+03 -5.250000000000000000e+04 3.397892198463004121e+01 3.941445045494303828e-02 3.397889066666666480e+01 5.573109046525358138e-04 -1.903679824117748276e-01 7.021531956869814413e-03 -1.821383333333335131e-01 2.982152950656779405e-02 -2.611456013910554930e+00 8.117434019140737367e-03 -2.611894333333333318e+00 6.070775797027742025e-03 3.269874155926687109e+01 1.388132561833115355e-02 3.269861600000000124e+01 8.916931703226155595e-03 3.407956841369086476e+01 3.930301290073443671e-02 3.407964245512541623e+01 4.615959336744876874e-04
4.525000000000000000e+03 4.160000000000000000e+03 -4.900000000000000000e+04 3.397761992375046702e+01 3.775236103488009698e-02 3.397764600000000002e+01 2.115332913112924940e-04 -1.681934130229532920e-01 7.515581543604559281e-03 -1.689176666666668825e-01 3.434943683348797017e-02 -2.527830051229405406e+00 7.260578221995612168e-03 -2.527697666666666620e+00 8.640094334618658375e-03 3.270317568488192705e+01 1.331616739936081033e-02 3.270392766666666517e+01 5.339597123794564623e-03 3.407192769268636567e+01 3.765179621831590828e-02 3.407199326081445889e+01 6.197132183337602856e-04
4.525000000000000000e+03 4.160000000000000000e+03 -4.550000000000000000e+04 3.396661512146552298e+01 3.433494977136373333e-02 3.396729500000000002e+01 3.701517571663765459e-03 -2.081817400466924872e-01 6.372362415439918916e-03 -1.972846666666665527e-01 3.680530799732229658e-02 -2.448829742226628969e+00 7.920677421688431669e-03 -2.448106999999999811e+00 1.023801105358524040e-02 3.270662592226716470e+01 1.150730509996224574e-02 3.270675399999999655e+01 3.701006484726503034e-03 3.405552065567688658e+01 3.425016463963825170e-02 3.405601573539254190e+01 2.938406932826429993e-03
4.525000000000000000e+03 4.160000000000000000e+03 -4.200000000000000000e+04 3.396525378558833097e+01 4.744398765379059107e-02 3.396515600000000035e+01 4.870000000006743392e-04 -2.055707465975537551e-01 9.423387266411458948e-03 -2.012246666666666073e-01 3.926758636302666444e-02 -2.362588061678791984e+00 9.161123924385825013e-03 -2.363703333333333045e+00 1.062706222078537398e-02 3.270515373031700790e+01 1.396898491495329915e-02 3.270502766666666616e+01 1.378417732202075283e-03 3.404789550106679741e+01 4.733347717719651321e-02 3.404794729800763520e+01 9.850977088713477881e-04
4.525000000000000000e+03 4.160000000000000000e+03 -3.850000000000000000e+04 3.395633327821354897e+01 4.059356873584784448e-02 3.395655133333333708e+01 3.922896223172514692e-03 -2.113647896484237565e-01 7.503795236481182462e-03 -2.110723333333330842e-01 2.331050765451300050e-02 -2.295952800541039007e+00 7.400526825914042171e-03 -2.295938000000000034e+00 4.772444481954028588e-03 3.268821688187725982e+01 1.483422259845310932e-02 3.268779666666666373e+01 4.943965491160280668e-03 3.403443036375433906e+01 4.050374559332726304e-02 3.403475274134971329e+01 3.886415392971356679e-03
4.525000000000000000e+03 4.160000000000000000e+03 -3.500000000000000000e+04 3.394780715268187521e+01 3.496567601698256922e-02 3.394758433333333159e+01 4.372559331914778469e-03 -2.197661635805745195e-01 6.921886908188216829e-03 -2.194526666666666015e-01 2.812899805262245381e-02 -2.218018820358570675e+00 7.106530932948870727e-03 -2.218235999999999652e+00 4.831285163735729235e-03 3.270387207892464687e+01 1.308899993957880759e-02 3.269838633333333178e+01 8.883974285821362449e-03 3.402097163455372453e+01 3.489372512968967610e-02 3.402071202874866884e+01 4.059099838162885492e-03
