4.525000000000000000e+03 4.160000000000000000e+03 -7.000000000000000000e+04 3.397423599999999766e+01 7.172056477747509873e-02 -2.294529999999994629e-01 1.910558876350058888e-02 -3.302360999999999880e+00 1.622066216280950920e-02 1.000000000000000000e+00 3.271985499999999547e+01 2.004837941081523064e-02 2.596948499999999882e+01 3.413512778117618041e+01 7.139988091369671441e-02
4.525000000000000000e+03 4.160000000000000000e+03 -7.000000000000000000e+04 3.396622399999999686e+01 7.670346339638126065e-02 -4.846159999999999357e-01 1.571089838296970201e-02 -3.279900000000000038e+00 1.576420001141827856e-02 1.000000000000000000e+00 3.268456499999999920e+01 1.400745358728702067e-02 5.386768100000000459e+02 3.412765695877218519e+01 7.635599362679464097e-02
4.525000000000000000e+03 4.160000000000000000e+03 -7.000000000000000000e+04 3.397809499999999616e+01 8.422507278120927587e-02 -4.716399999999998371e-01 1.485572943345428443e-02 -3.277886000000000077e+00 1.592892777308002258e-02 1.000000000000000000e+00 3.268464900000000029e+01 3.411346528865105004e-02 5.593659940000000006e+02 3.413909665980663277e+01 8.384206528908766387e-02
4.525000000000000000e+03 4.160000000000000000e+03 -6.650000000000000000e+04 3.398226400000000069e+01 6.531448981657897446e-02 -1.509819999999999496e-01 1.313928826078490479e-02 -2.935471000000000164e+00 1.413026811493681492e-02 1.000000000000000000e+00 3.270314199999999971e+01 2.176405977753231510e-02 5.076190299999999667e+01 3.410914909700711206e+01 6.508290972210700742e-02
4.525000000000000000e+03 4.160000000000000000e+03 -6.650000000000000000e+04 3.398329999999999984e+01 7.414445242228173694e-02 -4.213529999999998665e-01 1.210175809541737604e-02 -2.944789000000000101e+00 1.300133243171637358e-02 1.000000000000000000e+00 3.271526599999999974e+01 2.501737160454711034e-02 5.140874039999999923e+02 3.411325254934114781e+01 7.387068078279812600e-02
4.525000000000000000e+03 4.160000000000000000e+03 -6.650000000000000000e+04 3.398082399999999836e+01 6.127333074021681925e-02 -3.841940000000008126e-01 1.223942470053229238e-02 -2.942908000000000079e+00 1.449227552870839021e-02 1.000000000000000000e+00 3.271440199999999976e+01 3.029660840754291179e-02 5.839554000000000542e+02 3.411018487556284384e+01 6.105391533136370757e-02
4.525000000000000000e+03 4.160000000000000000e+03 -6.300000000000000000e+04 3.397805699999999973e+01 5.559577110716246162e-02 -1.731749999999996348e-01 1.478111294862467437e-02 -2.807932999999999790e+00 1.370086135978318756e-02 1.000000000000000000e+00 3.271747600000000489e+01 2.642696586821877136e-02 7.535030999999999324e+01 3.409432261841204337e+01 5.541772262166160673e-02
4.525000000000000000e+03 4.160000000000000000e+03 -6.300000000000000000e+04 3.398465900000000062e+01 4.605720540805748747e-02 -3.256920000000000925e-01 1.387084799138106096e-02 -2.841847000000000012e+00 1.384469302657159034e-02 1.000000000000000000e+00 3.270986200000000110e+01 2.553283803261987422e-02 4.895009979999999814e+02 3.410482688706327536e+01 4.590961141037658982e-02
4.525000000000000000e+03 4.160000000000000000e+03 -6.300000000000000000e+04 3.398279499999999587e+01 5.799860692292531372e-02 -3.451349999999999696e-01 1.066827071272565854e-02 -2.852920999999999818e+00 1.136070618403627226e-02 1.000000000000000000e+00 3.271063099999999935e+01 1.860206977731241815e-02 6.085468069999999443e+02 3.410408527453112981e+01 5.780025078505816177e-02
4.525000000000000000e+03 4.160000000000000000e+03 -5.950000000000000000e+04 3.398100500000000324e+01 7.469171887163932044e-02 -1.413589999999995683e-01 1.146532380702786763e-02 -2.768604999999999983e+00 1.162678222897461922e-02 1.000000000000000000e+00 3.269781700000000058e+01 2.936330369696162068e-02 9.994171599999999955e+01 3.409389764786260457e+01 7.445039976906123180e-02
4.525000000000000000e+03 4.160000000000000000e+03 -5.950000000000000000e+04 3.398229899999999759e+01 5.592285873415270975e-02 -2.383470000000000866e-01 1.123091064874082168e-02 -2.764251999999999931e+00 1.134801343848340638e-02 1.000000000000000000e+00 3.270458699999999652e+01 2.471092869561967650e-02 4.649005910000000199e+02 3.409537422785258087e+01 5.574504200003306542e-02
4.525000000000000000e+03 4.160000000000000000e+03 -5.950000000000000000e+04 3.398234699999999719e+01 7.413228426266116333e-02 -2.426869999999992089e-01 1.367277777190867814e-02 -2.759634999999999838e+00 1.392327163421011420e-02 1.000000000000000000e+00 3.271296600000000154e+01 2.652924147049817022e-02 6.331372129999999743e+02 3.409507867627823430e+01 7.389583166032460959e-02
4.525000000000000000e+03 4.160000000000000000e+03 -5.600000000000000000e+04 3.398282000000000380e+01 7.750217778230493459e-02 -1.600500000000000256e-01 1.403447298618654832e-02 -2.709369000000000138e+00 1.651587179049292600e-02 1.000000000000000000e+00 3.270851599999999593e+01 2.935073486303196519e-02 1.245311229999999938e+02 3.409103036772372519e+01 7.726735133660479760e-02
4.525000000000000000e+03 4.160000000000000000e+03 -5.600000000000000000e+04 3.398695699999999675e+01 9.270356332417864498e-02 -1.712219999999993192e-01 1.674314456725498057e-02 -2.689779999999999838e+00 1.478329225849235595e-02 1.000000000000000000e+00 3.271359700000000004e+01 2.292370672469877871e-02 4.403101839999999925e+02 3.409365746794457408e+01 9.242083336525384885e-02
4.525000000000000000e+03 4.160000000000000000e+03 -5.600000000000000000e+04 3.397803600000000301e+01 9.750733622656297672e-02 -2.472939999999992366e-01 1.184355098777389523e-02 -2.697328000000000170e+00 1.564610766293009908e-02 1.000000000000000000e+00 3.269572100000000603e+01 1.878007127249521277e-02 6.577296199999999544e+02 3.408582789194529994e+01 9.720690562522191214e-02
4.525000000000000000e+03 4.160000000000000000e+03 -5.250000000000000000e+04 3.397918299999999903e+01 6.254759027332706944e-02 -1.435140000000005855e-01 1.405166531056016750e-02 -2.600519999999999943e+00 1.351438274580086044e-02 1.000000000000000000e+00 3.271636300000000119e+01 2.370170428471336799e-02 1.491225289999999859e+02 3.407885235576581096e+01 6.237321334566836573e-02
4.525000000000000000e+03 4.160000000000000000e+03 -5.250000000000000000e+04 3.397967599999999777e+01 7.157298015312761608e-02 -1.620920000000003469e-01 1.218301850938428160e-02 -2.613903000000000088e+00 1.445098986228971101e-02 1.000000000000000000e+00 3.268822000000000116e+01 2.276450087306989417e-02 4.157207779999999957e+02 3.408045105004992337e+01 7.136997099562746028e-02
4.525000000000000000e+03 4.160000000000000000e+03 -5.250000000000000000e+04 3.397781299999999760e+01 7.200251790736210411e-02 -2.408089999999996067e-01 1.085851776256777958e-02 -2.621259999999999923e+00 1.426778066133622611e-02 1.000000000000000000e+00 3.269126500000000135e+01 2.599471023112202503e-02 6.823230270000000246e+02 3.407962395956050017e+01 7.179584307383797548e-02
4.525000000000000000e+03 4.160000000000000000e+03 -4.900000000000000000e+04 3.397804899999999861e+01 6.677094326876024943e-02 -1.308610000000003382e-01 1.275451688618584913e-02 -2.510603000000000140e+00 1.277083681674775692e-02 1.000000000000000000e+00 3.270672299999999666e+01 2.585029827680910761e-02 1.737139359999999897e+02 3.407092698872942549e+01 6.659559169620085650e-02
4.525000000000000000e+03 4.160000000000000000e+03 -4.900000000000000000e+04 3.397733300000000156e+01 5.824766304325006833e-02 -1.384140000000000370e-01 1.316891890019829953e-02 -2.534057999999999922e+00 1.197870781845855083e-02 1.000000000000000000e+00 3.269360400000000055e+01 2.122845507803146695e-02 3.911323709999999778e+02 3.407197919369593819e+01 5.809271727897329096e-02
4.525000000000000000e+03 4.160000000000000000e+03 -4.900000000000000000e+04 3.397755599999999987e+01 7.400398000783471597e-02 -2.374780000000003000e-01 1.314120375003751361e-02 -2.538431999999999800e+00 1.305323182204315251e-02 1.000000000000000000e+00 3.271145599999999831e+01 2.279798703833301257e-02 7.069124329999999645e+02 3.407307360001800589e+01 7.380298735658662179e-02
4.525000000000000000e+03 4.160000000000000000e+03 -4.550000000000000000e+04 3.396559799999999996e+01 5.397776527423121112e-02 -1.542300000000000892e-01 1.350904589525107891e-02 -2.463201999999999892e+00 1.313394171602721809e-02 1.000000000000000000e+00 3.271046700000000129e+01 1.778308648688410251e-02 1.983063429999999983e+02 3.405514643168206845e+01 5.384424570382143060e-02
4.525000000000000000e+03 4.160000000000000000e+03 -4.550000000000000000e+04 3.397438400000000058e+01 6.762871912139102604e-02 -1.671050000000002811e-01 1.073178200486759812e-02 -2.428577999999999903e+00 1.407513360504972222e-02 1.000000000000000000e+00 3.269935200000000464e+01 1.958946298396155652e-02 3.665369640000000118e+02 3.406148386906485115e+01 6.746326842838033799e-02
4.525000000000000000e+03 4.160000000000000000e+03 -4.550000000000000000e+04 3.396190299999999951e+01 5.909052310650160511e-02 -2.705189999999992878e-01 9.775800990200240667e-03 -2.452541000000000082e+00 1.401005446099336249e-02 1.000000000000000000e+00 3.271044299999999794e+01 2.367712926011090319e-02 7.315028399999999920e+02 3.405141690543069188e+01 5.894387574374166522e-02
4.525000000000000000e+03 4.160000000000000000e+03 -4.200000000000000000e+04 3.396576900000000165e+01 9.507870244171405527e-02 -1.722970000000003665e-01 1.747866324980260067e-02 -2.383933999999999997e+00 1.656941112411663281e-02 1.000000000000000000e+00 3.270462200000000053e+01 2.705059646292480580e-02 2.228957489999999950e+02 3.404976198645044860e+01 9.485130066381639025e-02
4.525000000000000000e+03 4.160000000000000000e+03 -4.200000000000000000e+04 3.396419399999999911e+01 9.649109389472169951e-02 -1.524570000000000647e-01 1.628262785916327615e-02 -2.359230999999999856e+00 1.612786300165027983e-02 1.000000000000000000e+00 3.270286899999999974e+01 2.366056332803595855e-02 3.419475580000000150e+02 3.404637555038488728e+01 9.626469754309174842e-02
4.525000000000000000e+03 4.160000000000000000e+03 -4.200000000000000000e+04 3.396550500000000028e+01 6.648442278458917276e-02 -2.789199999999993906e-01 1.540079218741685456e-02 -2.347945000000000171e+00 1.502733675672439373e-02 1.000000000000000000e+00 3.270759200000000533e+01 2.251986520829998145e-02 7.560942459999999983e+02 3.404770435718758392e+01 6.633212874625425692e-02
4.525000000000000000e+03 4.160000000000000000e+03 -3.850000000000000000e+04 3.394986899999999963e+01 7.618934447808302368e-02 -1.740069999999995787e-01 1.246961138127407678e-02 -2.304685000000000095e+00 1.281044374719314538e-02 1.000000000000000000e+00 3.269518399999999758e+01 2.442301373704727774e-02 2.474881550000000061e+02 3.402845069206699691e+01 7.601837909091917200e-02
4.525000000000000000e+03 4.160000000000000000e+03 -3.850000000000000000e+04 3.395633200000000329e+01 5.996267400641835943e-02 -2.051150000000001583e-01 1.417355414142832358e-02 -2.288256000000000068e+00 1.284986634171733297e-02 1.000000000000000000e+00 3.267841099999999699e+01 2.650379084206634997e-02 3.173531510000000253e+02 3.403396348618516498e+01 5.983219801211875355e-02
4.525000000000000000e+03 4.160000000000000000e+03 -3.850000000000000000e+04 3.396345300000000123e+01 7.994594104768545928e-02 -2.540949999999995157e-01 1.254841476043886718e-02 -2.294872999999999941e+00 1.279414717751831999e-02 1.000000000000000000e+00 3.268979500000000371e+01 2.631344981183577139e-02 7.806846520000000282e+02 3.404184404579697798e+01 7.976656084316793849e-02
4.525000000000000000e+03 4.160000000000000000e+03 -3.500000000000000000e+04 3.394478499999999599e+01 6.558991023777971385e-02 -1.847259999999995017e-01 1.158926645651052467e-02 -2.213598999999999872e+00 1.145013838344323236e-02 1.000000000000000000e+00 3.269126099999999724e+01 2.227238085611863566e-02 2.720785619999999767e+02 3.401738633293424385e+01 6.545419671582658472e-02
4.525000000000000000e+03 4.160000000000000000e+03 -3.500000000000000000e+04 3.395615899999999954e+01 5.835297988106519923e-02 -1.984850000000006887e-01 1.260295473291878597e-02 -2.213213000000000097e+00 1.302657729413217620e-02 1.000000000000000000e+00 3.268785299999999694e+01 3.656059519482690590e-02 2.927657449999999812e+02 3.402878843144249998e+01 5.823464392732170120e-02
4.525000000000000000e+03 4.160000000000000000e+03 -3.500000000000000000e+04 3.394180899999999923e+01 5.854039940075570631e-02 -2.751469999999995864e-01 1.184273300382981606e-02 -2.227895999999999876e+00 1.261844511023446115e-02 1.000000000000000000e+00 3.271604500000000115e+01 1.803940256771271317e-02 8.052740589999999656e+02 3.401596132186926269e+01 5.841871036293860148e-02
