2.525000000000000000e+03 -3.840000000000000000e+03 -5.203200000000000000e+04 -1.030634900000000087e+01 5.301800000000000263e-02 7.793638999999999761e+00 1.419800000000000055e-02 -2.840250999999999859e+00 1.438799999999999975e-02 0.000000000000000000e+00 -2.362105299999999986e+01 1.811899999999999969e-02 2.274896115999999893e+03
2.525000000000000000e+03 -3.840000000000000000e+03 -5.203200000000000000e+04 -1.029856400000000072e+01 6.162800000000000222e-02 7.745542999999999623e+00 1.493500000000000036e-02 -2.878344999999999931e+00 1.535100000000000006e-02 0.000000000000000000e+00 -2.361036800000000113e+01 1.588099999999999928e-02 2.693226044000000002e+03
2.525000000000000000e+03 -3.840000000000000000e+03 -5.203200000000000000e+04 -1.028923900000000025e+01 5.788599999999999995e-02 7.774954000000000143e+00 1.422999999999999959e-02 -2.869200000000000195e+00 1.426499999999999990e-02 0.000000000000000000e+00 -2.360840599999999867e+01 2.492600000000000024e-02 2.713920227000000068e+03
2.525000000000000000e+03 1.600000000000000000e+02 -5.203200000000000000e+04 -1.043709199999999981e+01 5.861299999999999844e-02 7.581184000000000367e+00 1.231200000000000003e-02 -3.061840000000000117e+00 9.426999999999999616e-03 0.000000000000000000e+00 -2.361107900000000015e+01 2.668399999999999939e-02 2.969929869999999937e+03
2.525000000000000000e+03 1.600000000000000000e+02 -5.203200000000000000e+04 -1.041919299999999993e+01 6.777600000000000291e-02 7.637302000000000035e+00 9.631999999999999937e-03 -3.054876000000000147e+00 9.065999999999999406e-03 0.000000000000000000e+00 -2.361492799999999903e+01 1.868600000000000122e-02 3.388263797000000068e+03
2.525000000000000000e+03 1.600000000000000000e+02 -5.203200000000000000e+04 -1.039430199999999971e+01 6.549900000000000166e-02 7.631266000000000105e+00 1.403000000000000080e-02 -3.045984999999999943e+00 1.114300000000000013e-02 0.000000000000000000e+00 -2.362179799999999830e+01 2.091799999999999909e-02 3.408951981000000160e+03
2.525000000000000000e+03 4.160000000000000000e+03 -5.203200000000000000e+04 -1.121488000000000085e+01 4.953500000000000264e-02 7.056184000000000012e+00 1.434400000000000085e-02 -2.586835000000000218e+00 1.557099999999999977e-02 0.000000000000000000e+00 -2.359032600000000102e+01 2.016099999999999837e-02 8.538048350000000255e+02
2.525000000000000000e+03 4.160000000000000000e+03 -5.203200000000000000e+04 -1.121630900000000075e+01 7.656100000000000405e-02 7.047553999999999874e+00 1.285700000000000037e-02 -2.585566000000000031e+00 1.014699999999999977e-02 0.000000000000000000e+00 -2.362393799999999899e+01 2.080699999999999911e-02 1.272127760999999964e+03
2.525000000000000000e+03 4.160000000000000000e+03 -5.203200000000000000e+04 -1.121720599999999912e+01 7.761700000000000543e-02 7.059393000000000029e+00 1.120600000000000068e-02 -2.579515999999999920e+00 1.474800000000000069e-02 0.000000000000000000e+00 -2.360329499999999925e+01 2.819199999999999831e-02 1.292818944999999985e+03
2.525000000000000000e+03 8.160000000000000000e+03 -5.203200000000000000e+04 -1.125362999999999936e+01 5.475000000000000006e-02 6.855151000000000217e+00 1.272799999999999973e-02 -2.483760999999999886e+00 1.319500000000000013e-02 0.000000000000000000e+00 -2.362878100000000003e+01 2.736299999999999844e-02 1.548841588000000002e+03
2.525000000000000000e+03 8.160000000000000000e+03 -5.203200000000000000e+04 -1.127432100000000048e+01 6.601600000000000523e-02 6.846521000000000079e+00 1.298200000000000048e-02 -2.455556000000000072e+00 1.150400000000000034e-02 0.000000000000000000e+00 -2.363117499999999893e+01 2.788300000000000153e-02 1.967171514999999999e+03
2.525000000000000000e+03 8.160000000000000000e+03 -5.203200000000000000e+04 -1.123788000000000054e+01 6.971800000000000219e-02 6.846553000000000111e+00 1.270699999999999955e-02 -2.443115000000000148e+00 1.031900000000000005e-02 0.000000000000000000e+00 -2.363198999999999828e+01 2.358599999999999933e-02 1.987862699000000021e+03
4.525000000000000000e+03 -3.840000000000000000e+03 -5.203200000000000000e+04 -1.036285999999999952e+01 6.498400000000000010e-02 7.746936999999999962e+00 1.392200000000000035e-02 -3.145728000000000080e+00 1.557799999999999983e-02 0.000000000000000000e+00 -2.362012400000000056e+01 2.068199999999999900e-02 2.297985436999999820e+03
4.525000000000000000e+03 -3.840000000000000000e+03 -5.203200000000000000e+04 -1.037545000000000073e+01 5.803799999999999931e-02 7.763668000000000013e+00 1.531000000000000069e-02 -3.183946999999999861e+00 1.953699999999999881e-02 0.000000000000000000e+00 -2.364994099999999833e+01 2.857700000000000171e-02 2.670031716999999844e+03
4.525000000000000000e+03 -3.840000000000000000e+03 -5.203200000000000000e+04 -1.034801299999999991e+01 8.134399999999999964e-02 7.750536000000000314e+00 1.507099999999999933e-02 -3.181214000000000208e+00 1.549400000000000083e-02 0.000000000000000000e+00 -2.359772200000000097e+01 1.671900000000000122e-02 2.737007548000000043e+03
4.525000000000000000e+03 1.600000000000000000e+02 -5.203200000000000000e+04 -1.048039699999999996e+01 6.096200000000000230e-02 7.585290999999999784e+00 1.085599999999999933e-02 -2.934928000000000203e+00 1.226000000000000006e-02 0.000000000000000000e+00 -2.360923599999999922e+01 2.288000000000000103e-02 2.993020191000000068e+03
4.525000000000000000e+03 1.600000000000000000e+02 -5.203200000000000000e+04 -1.043420599999999965e+01 7.041000000000000036e-02 7.632458999999999882e+00 1.094799999999999940e-02 -2.936694999999999833e+00 1.391599999999999955e-02 0.000000000000000000e+00 -2.362803100000000001e+01 1.502099999999999963e-02 3.365074470999999903e+03
4.525000000000000000e+03 1.600000000000000000e+02 -5.203200000000000000e+04 -1.042420300000000033e+01 5.939599999999999741e-02 7.601987000000000272e+00 1.279199999999999955e-02 -2.948871000000000020e+00 1.179099999999999940e-02 0.000000000000000000e+00 -2.361634899999999959e+01 2.818599999999999925e-02 3.432041301000000203e+03
4.525000000000000000e+03 4.160000000000000000e+03 -5.203200000000000000e+04 -1.118569100000000027e+01 5.360499999999999987e-02 7.052032999999999774e+00 9.048000000000000487e-03 -2.288231999999999822e+00 1.414100000000000079e-02 0.000000000000000000e+00 -2.360912700000000086e+01 2.127499999999999877e-02 8.768951550000000452e+02
4.525000000000000000e+03 4.160000000000000000e+03 -5.203200000000000000e+04 -1.113264299999999984e+01 5.724400000000000321e-02 7.034856999999999694e+00 1.555100000000000059e-02 -2.269591999999999832e+00 1.981000000000000122e-02 0.000000000000000000e+00 -2.356344500000000153e+01 2.047500000000000014e-02 1.248939435000000003e+03
4.525000000000000000e+03 4.160000000000000000e+03 -5.203200000000000000e+04 -1.119154600000000066e+01 7.724699999999999622e-02 7.034961000000000020e+00 9.679000000000000103e-03 -2.313238000000000127e+00 1.433599999999999978e-02 0.000000000000000000e+00 -2.362119200000000063e+01 2.913100000000000064e-02 1.315912266000000045e+03
4.525000000000000000e+03 8.160000000000000000e+03 -5.203200000000000000e+04 -1.126886999999999972e+01 8.326000000000000068e-02 6.848843999999999710e+00 1.413000000000000020e-02 -2.596156000000000130e+00 1.428199999999999956e-02 0.000000000000000000e+00 -2.361308999999999969e+01 2.111999999999999988e-02 1.571933909000000085e+03
4.525000000000000000e+03 8.160000000000000000e+03 -5.203200000000000000e+04 -1.122821000000000069e+01 6.167999999999999872e-02 6.870157999999999987e+00 1.409700000000000016e-02 -2.551595999999999975e+00 1.378200000000000085e-02 0.000000000000000000e+00 -2.360342899999999844e+01 1.990600000000000008e-02 1.943982189000000062e+03
4.525000000000000000e+03 8.160000000000000000e+03 -5.203200000000000000e+04 -1.124028900000000064e+01 9.474200000000000677e-02 6.841048999999999936e+00 1.110200000000000076e-02 -2.572235000000000049e+00 1.225200000000000074e-02 0.000000000000000000e+00 -2.362750499999999931e+01 2.741400000000000087e-02 2.010954019999999900e+03
8.525000000000000000e+03 -3.840000000000000000e+03 -5.203200000000000000e+04 -1.046411499999999961e+01 5.408099999999999713e-02 7.751787000000000205e+00 9.117999999999999369e-03 -3.757436000000000220e+00 1.831699999999999995e-02 0.000000000000000000e+00 -2.362406299999999959e+01 2.974699999999999914e-02 2.323070871999999781e+03
8.525000000000000000e+03 -3.840000000000000000e+03 -5.203200000000000000e+04 -1.044352800000000059e+01 6.040800000000000336e-02 7.757196999999999676e+00 1.544000000000000060e-02 -3.735876000000000197e+00 1.676300000000000012e-02 0.000000000000000000e+00 -2.362527400000000100e+01 1.319400000000000087e-02 2.644943282000000181e+03
8.525000000000000000e+03 -3.840000000000000000e+03 -5.203200000000000000e+04 -1.043540600000000040e+01 4.794799999999999757e-02 7.754383999999999943e+00 1.901900000000000118e-02 -3.771628999999999898e+00 1.494000000000000015e-02 0.000000000000000000e+00 -2.361136199999999974e+01 2.478100000000000094e-02 2.762098982999999862e+03
8.525000000000000000e+03 1.600000000000000000e+02 -5.203200000000000000e+04 -1.041104299999999938e+01 7.420499999999999319e-02 7.547329000000000399e+00 1.622799999999999937e-02 -2.854677000000000131e+00 9.599999999999999159e-03 0.000000000000000000e+00 -2.360981699999999961e+01 1.706799999999999984e-02 3.018111625999999887e+03
8.525000000000000000e+03 1.600000000000000000e+02 -5.203200000000000000e+04 -1.040667599999999915e+01 7.031999999999999362e-02 7.584171000000000440e+00 9.298000000000000709e-03 -2.871099000000000068e+00 1.071100000000000003e-02 0.000000000000000000e+00 -2.361424299999999832e+01 1.186100000000000002e-02 3.339984035999999833e+03
8.525000000000000000e+03 1.600000000000000000e+02 -5.203200000000000000e+04 -1.038245900000000077e+01 7.294699999999999795e-02 7.572564999999999991e+00 1.191099999999999971e-02 -2.881540000000000212e+00 1.155800000000000056e-02 0.000000000000000000e+00 -2.361767499999999842e+01 1.773100000000000023e-02 3.457129735999999866e+03
8.525000000000000000e+03 4.160000000000000000e+03 -5.203200000000000000e+04 -1.101369000000000042e+01 7.188799999999999357e-02 7.087754999999999583e+00 1.306200000000000069e-02 -1.687051999999999996e+00 1.255200000000000066e-02 0.000000000000000000e+00 -2.360477099999999950e+01 1.246899999999999918e-02 9.019855900000000020e+02
8.525000000000000000e+03 4.160000000000000000e+03 -5.203200000000000000e+04 -1.098957799999999985e+01 6.757900000000000018e-02 7.123362000000000194e+00 8.142999999999999197e-03 -1.690792999999999990e+00 1.209600000000000085e-02 0.000000000000000000e+00 -2.356089700000000065e+01 2.400400000000000103e-02 1.223851000000000113e+03
8.525000000000000000e+03 4.160000000000000000e+03 -5.203200000000000000e+04 -1.101920800000000078e+01 7.550999999999999379e-02 7.095168000000000141e+00 1.115000000000000019e-02 -1.703675000000000050e+00 1.252200000000000014e-02 0.000000000000000000e+00 -2.359002800000000022e+01 1.884699999999999917e-02 1.341003701000000092e+03
8.525000000000000000e+03 8.160000000000000000e+03 -5.203200000000000000e+04 -1.122271699999999939e+01 8.029300000000000326e-02 6.970220000000000304e+00 1.273900000000000032e-02 -2.564276000000000000e+00 1.011199999999999946e-02 0.000000000000000000e+00 -2.360983200000000082e+01 3.756700000000000317e-02 1.597023345000000063e+03
8.525000000000000000e+03 8.160000000000000000e+03 -5.203200000000000000e+04 -1.118195300000000003e+01 5.505199999999999677e-02 6.990935999999999595e+00 1.122800000000000013e-02 -2.549091999999999913e+00 1.363499999999999955e-02 0.000000000000000000e+00 -2.363020200000000060e+01 1.730200000000000141e-02 1.918896754000000101e+03
8.525000000000000000e+03 8.160000000000000000e+03 -5.203200000000000000e+04 -1.119065200000000004e+01 5.949200000000000321e-02 6.969948999999999728e+00 1.306000000000000043e-02 -2.589271999999999796e+00 1.219800000000000051e-02 0.000000000000000000e+00 -2.362572700000000125e+01 1.983599999999999947e-02 2.036044454999999971e+03
1.252500000000000000e+04 -3.840000000000000000e+03 -5.203200000000000000e+04 -1.053823599999999949e+01 6.296599999999999420e-02 7.734829999999999650e+00 1.620299999999999865e-02 -4.340563999999999645e+00 1.417000000000000030e-02 0.000000000000000000e+00 -2.362273100000000170e+01 1.979600000000000110e-02 2.348162307000000055e+03
1.252500000000000000e+04 -3.840000000000000000e+03 -5.203200000000000000e+04 -1.050171500000000080e+01 8.179899999999999671e-02 7.791688999999999865e+00 1.272500000000000020e-02 -4.299935999999999758e+00 1.482100000000000084e-02 0.000000000000000000e+00 -2.361090000000000089e+01 2.483799999999999897e-02 2.619852847000000111e+03
1.252500000000000000e+04 -3.840000000000000000e+03 -5.203200000000000000e+04 -1.052557299999999962e+01 5.727100000000000246e-02 7.754210999999999743e+00 1.394300000000000053e-02 -4.355267999999999695e+00 1.761800000000000171e-02 0.000000000000000000e+00 -2.360338000000000136e+01 2.691299999999999942e-02 2.787192418000000089e+03
1.252500000000000000e+04 1.600000000000000000e+02 -5.203200000000000000e+04 -1.039423200000000058e+01 7.453799999999999315e-02 7.464196000000000275e+00 1.487100000000000054e-02 -2.793966000000000172e+00 1.067799999999999999e-02 0.000000000000000000e+00 -2.361791300000000149e+01 2.278499999999999970e-02 3.043204060999999911e+03
1.252500000000000000e+04 1.600000000000000000e+02 -5.203200000000000000e+04 -1.038704899999999931e+01 7.709199999999999386e-02 7.519944999999999879e+00 1.013099999999999938e-02 -2.786226999999999787e+00 1.049199999999999959e-02 0.000000000000000000e+00 -2.361275799999999947e+01 2.698499999999999857e-02 3.314895601000000170e+03
1.252500000000000000e+04 1.600000000000000000e+02 -5.203200000000000000e+04 -1.042473200000000055e+01 8.128399999999999515e-02 7.461243999999999765e+00 1.307499999999999982e-02 -2.759611000000000036e+00 1.111700000000000015e-02 0.000000000000000000e+00 -2.361646800000000113e+01 1.964799999999999880e-02 3.482225171999999930e+03
1.252500000000000000e+04 4.160000000000000000e+03 -5.203200000000000000e+04 -1.082677699999999987e+01 8.362600000000000589e-02 7.121991999999999656e+00 1.180699999999999979e-02 -1.129226000000000063e+00 1.035900000000000015e-02 0.000000000000000000e+00 -2.361145099999999886e+01 2.122100000000000028e-02 9.270760249999999587e+02
1.252500000000000000e+04 4.160000000000000000e+03 -5.203200000000000000e+04 -1.079137799999999991e+01 7.523100000000000620e-02 7.178701000000000221e+00 1.236399999999999999e-02 -1.116983999999999977e+00 9.117000000000000104e-03 0.000000000000000000e+00 -2.358004899999999893e+01 2.037599999999999828e-02 1.198758565000000090e+03
1.252500000000000000e+04 4.160000000000000000e+03 -5.203200000000000000e+04 -1.083491300000000024e+01 6.988600000000000367e-02 7.135367999999999711e+00 8.959999999999999215e-03 -1.132563999999999904e+00 1.446099999999999990e-02 0.000000000000000000e+00 -2.358614400000000089e+01 1.574000000000000052e-02 1.366098136000000068e+03
1.252500000000000000e+04 8.160000000000000000e+03 -5.203200000000000000e+04 -1.114959299999999942e+01 7.236199999999999577e-02 7.069091000000000236e+00 1.166000000000000023e-02 -2.605609999999999982e+00 9.261000000000000135e-03 0.000000000000000000e+00 -2.362257699999999971e+01 2.300999999999999920e-02 1.622110779000000093e+03
1.252500000000000000e+04 8.160000000000000000e+03 -5.203200000000000000e+04 -1.114332100000000025e+01 5.010599999999999776e-02 7.084514000000000422e+00 1.386000000000000079e-02 -2.582533999999999885e+00 1.120900000000000021e-02 0.000000000000000000e+00 -2.362350599999999901e+01 1.572399999999999839e-02 1.893809318999999959e+03
1.252500000000000000e+04 8.160000000000000000e+03 -5.203200000000000000e+04 -1.112149999999999928e+01 5.160000000000000003e-02 7.061124999999999652e+00 1.395700000000000066e-02 -2.594672000000000089e+00 1.031800000000000078e-02 0.000000000000000000e+00 -2.362402300000000110e+01 1.847000000000000031e-02 2.061131890000000112e+03
1.652500000000000000e+04 -3.840000000000000000e+03 -5.203200000000000000e+04 -1.059302600000000005e+01 5.944900000000000184e-02 7.702943000000000318e+00 1.034400000000000076e-02 -4.941169999999999618e+00 1.555800000000000065e-02 0.000000000000000000e+00 -2.361491300000000138e+01 2.113800000000000054e-02 2.373253741999999875e+03
1.652500000000000000e+04 -3.840000000000000000e+03 -5.203200000000000000e+04 -1.053448500000000010e+01 3.950800000000000145e-02 7.814500999999999920e+00 1.511700000000000023e-02 -4.913663999999999810e+00 1.380900000000000009e-02 0.000000000000000000e+00 -2.361355199999999854e+01 2.237199999999999953e-02 2.594762412000000040e+03
1.652500000000000000e+04 -3.840000000000000000e+03 -5.203200000000000000e+04 -1.055861100000000086e+01 7.964400000000000646e-02 7.720829000000000164e+00 1.723600000000000132e-02 -4.944772000000000389e+00 1.737100000000000102e-02 0.000000000000000000e+00 -2.360257000000000005e+01 3.295599999999999918e-02 2.812281852999999956e+03
1.652500000000000000e+04 1.600000000000000000e+02 -5.203200000000000000e+04 -1.035755699999999990e+01 6.454200000000000215e-02 7.370350000000000179e+00 1.477700000000000020e-02 -2.735881000000000007e+00 9.880999999999999159e-03 0.000000000000000000e+00 -2.358365600000000128e+01 2.431300000000000128e-02 3.068294495999999981e+03
1.652500000000000000e+04 1.600000000000000000e+02 -5.203200000000000000e+04 -1.035451100000000046e+01 7.300600000000000145e-02 7.494974000000000025e+00 1.548000000000000070e-02 -2.747069000000000205e+00 8.996999999999999789e-03 0.000000000000000000e+00 -2.362574599999999947e+01 2.363900000000000029e-02 3.289801166000000194e+03
1.652500000000000000e+04 1.600000000000000000e+02 -5.203200000000000000e+04 -1.040456499999999984e+01 7.727900000000000047e-02 7.377824999999999633e+00 1.358200000000000032e-02 -2.741592999999999947e+00 1.201799999999999917e-02 0.000000000000000000e+00 -2.361745600000000067e+01 2.598400000000000015e-02 3.507317606999999953e+03
1.652500000000000000e+04 4.160000000000000000e+03 -5.203200000000000000e+04 -1.061976399999999998e+01 6.013700000000000295e-02 7.160680000000000156e+00 9.950999999999999776e-03 -5.725789999999999491e-01 1.107900000000000031e-02 0.000000000000000000e+00 -2.361721299999999957e+01 1.907599999999999921e-02 9.521664610000000266e+02
1.652500000000000000e+04 4.160000000000000000e+03 -5.203200000000000000e+04 -1.054174100000000003e+01 5.916600000000000331e-02 7.278552000000000355e+00 1.319299999999999987e-02 -5.760450000000000292e-01 1.273200000000000026e-02 0.000000000000000000e+00 -2.358977000000000146e+01 2.001599999999999907e-02 1.173669129999999996e+03
1.652500000000000000e+04 4.160000000000000000e+03 -5.203200000000000000e+04 -1.061671100000000045e+01 4.997399999999999759e-02 7.147345999999999755e+00 1.073200000000000022e-02 -5.771579999999999488e-01 1.006699999999999956e-02 0.000000000000000000e+00 -2.362452000000000041e+01 2.609699999999999867e-02 1.391190571000000091e+03
1.652500000000000000e+04 8.160000000000000000e+03 -5.203200000000000000e+04 -1.106882700000000064e+01 7.324100000000000055e-02 7.134313999999999822e+00 1.342899999999999996e-02 -2.655421000000000031e+00 9.700999999999999554e-03 0.000000000000000000e+00 -2.360609200000000030e+01 1.363499999999999955e-02 1.647205214999999953e+03
1.652500000000000000e+04 8.160000000000000000e+03 -5.203200000000000000e+04 -1.104982900000000079e+01 7.367500000000000437e-02 7.188944000000000223e+00 1.465499999999999962e-02 -2.657003000000000004e+00 1.220599999999999984e-02 0.000000000000000000e+00 -2.363247700000000151e+01 1.692499999999999907e-02 1.868719884000000093e+03
1.652500000000000000e+04 8.160000000000000000e+03 -5.203200000000000000e+04 -1.107287799999999933e+01 4.284700000000000314e-02 7.133003999999999678e+00 1.254300000000000033e-02 -2.644162000000000123e+00 1.232399999999999989e-02 0.000000000000000000e+00 -2.361720299999999995e+01 2.033700000000000091e-02 2.086217325000000073e+03
2.052500000000000000e+04 -3.840000000000000000e+03 -5.203200000000000000e+04 -1.064366099999999982e+01 7.967000000000000470e-02 7.682749000000000272e+00 1.408200000000000077e-02 -5.519040000000000390e+00 1.663099999999999995e-02 0.000000000000000000e+00 -2.360464599999999891e+01 1.792399999999999896e-02 2.398343177000000196e+03
2.052500000000000000e+04 -3.840000000000000000e+03 -5.203200000000000000e+04 -1.055954299999999968e+01 5.181999999999999801e-02 7.817383000000000415e+00 1.307000000000000002e-02 -5.495724000000000053e+00 1.441899999999999953e-02 0.000000000000000000e+00 -2.361619999999999919e+01 2.431300000000000128e-02 2.569669977000000017e+03
2.052500000000000000e+04 -3.840000000000000000e+03 -5.203200000000000000e+04 -1.061454799999999921e+01 7.433700000000000030e-02 7.689122000000000234e+00 1.396400000000000072e-02 -5.497664000000000328e+00 1.088899999999999937e-02 0.000000000000000000e+00 -2.359749400000000108e+01 2.102300000000000002e-02 2.837370288000000073e+03
2.052500000000000000e+04 1.600000000000000000e+02 -5.203200000000000000e+04 -1.044190099999999966e+01 6.989900000000000280e-02 7.237283999999999828e+00 1.170999999999999992e-02 -2.636512999999999884e+00 1.758900000000000047e-02 0.000000000000000000e+00 -2.366475799999999907e+01 2.455699999999999897e-02 3.093384931999999935e+03
2.052500000000000000e+04 1.600000000000000000e+02 -5.203200000000000000e+04 -1.030247199999999985e+01 7.659100000000000630e-02 7.354286000000000101e+00 1.489799999999999978e-02 -2.680969000000000158e+00 1.203800000000000009e-02 0.000000000000000000e+00 -2.361734200000000072e+01 2.051800000000000151e-02 3.264707730000000083e+03
2.052500000000000000e+04 1.600000000000000000e+02 -5.203200000000000000e+04 -1.037704899999999952e+01 8.127500000000000002e-02 7.242766999999999733e+00 1.216700000000000073e-02 -2.655094000000000065e+00 9.461999999999999925e-03 0.000000000000000000e+00 -2.362738099999999974e+01 2.434300000000000005e-02 3.532506048000000192e+03
2.052500000000000000e+04 4.160000000000000000e+03 -5.203200000000000000e+04 -1.040169700000000041e+01 7.619399999999999784e-02 7.165710999999999942e+00 1.031400000000000025e-02 -1.668999999999999911e-03 1.319900000000000066e-02 0.000000000000000000e+00 -2.360147200000000112e+01 3.662399999999999683e-02 9.772548960000000307e+02
2.052500000000000000e+04 4.160000000000000000e+03 -5.203200000000000000e+04 -1.033285399999999932e+01 5.294999999999999707e-02 7.268861000000000239e+00 1.083499999999999915e-02 -1.025299999999999996e-02 1.395599999999999966e-02 0.000000000000000000e+00 -2.361665199999999842e+01 2.074399999999999855e-02 1.148579694999999901e+03
2.052500000000000000e+04 4.160000000000000000e+03 -5.203200000000000000e+04 -1.040617199999999976e+01 6.747499999999999332e-02 7.159060000000000201e+00 1.049399999999999986e-02 1.250700000000000076e-02 1.294700000000000017e-02 0.000000000000000000e+00 -2.362219999999999942e+01 1.849500000000000102e-02 1.416282007000000021e+03
2.052500000000000000e+04 8.160000000000000000e+03 -5.203200000000000000e+04 -1.100935400000000008e+01 7.637499999999999845e-02 7.161226000000000091e+00 1.661400000000000030e-02 -2.663345000000000073e+00 1.200999999999999984e-02 0.000000000000000000e+00 -2.361493300000000062e+01 3.771900000000000253e-02 1.672293650000000071e+03
2.052500000000000000e+04 8.160000000000000000e+03 -5.203200000000000000e+04 -1.098375000000000057e+01 7.814799999999999525e-02 7.220087000000000366e+00 1.510700000000000064e-02 -2.634638999999999953e+00 8.701999999999999666e-03 0.000000000000000000e+00 -2.360983200000000082e+01 2.319900000000000087e-02 1.843630448999999999e+03
2.052500000000000000e+04 8.160000000000000000e+03 -5.203200000000000000e+04 -1.102328999999999937e+01 5.250400000000000206e-02 7.162716999999999778e+00 1.430200000000000048e-02 -2.666808000000000067e+00 8.864999999999999616e-03 0.000000000000000000e+00 -2.362640199999999879e+01 1.526899999999999959e-02 2.111304759999999987e+03
2.452500000000000000e+04 -3.840000000000000000e+03 -5.203200000000000000e+04 -1.066081900000000005e+01 5.717099999999999960e-02 7.627646999999999622e+00 1.258699999999999923e-02 -6.113830000000000098e+00 1.657600000000000046e-02 0.000000000000000000e+00 -2.361603099999999955e+01 2.622400000000000078e-02 2.423431611999999859e+03
2.452500000000000000e+04 -3.840000000000000000e+03 -5.203200000000000000e+04 -1.062371300000000041e+01 4.938100000000000128e-02 7.739888999999999797e+00 1.225700000000000053e-02 -6.080523999999999596e+00 1.533200000000000014e-02 0.000000000000000000e+00 -2.360857499999999831e+01 2.503800000000000123e-02 2.544578540999999859e+03
2.452500000000000000e+04 -3.840000000000000000e+03 -5.203200000000000000e+04 -1.064104599999999934e+01 6.848799999999999333e-02 7.606893000000000349e+00 1.756299999999999875e-02 -6.079651000000000138e+00 1.431299999999999933e-02 0.000000000000000000e+00 -2.360058799999999835e+01 1.892900000000000138e-02 2.862460723000000144e+03
2.452500000000000000e+04 1.600000000000000000e+02 -5.203200000000000000e+04 -1.034219599999999950e+01 8.680000000000000215e-02 7.058263000000000176e+00 1.273999999999999959e-02 -2.611642999999999937e+00 1.162099999999999939e-02 0.000000000000000000e+00 -2.361006000000000071e+01 1.963799999999999921e-02 3.118472365999999965e+03
2.452500000000000000e+04 1.600000000000000000e+02 -5.203200000000000000e+04 -1.033227600000000024e+01 8.350299999999999390e-02 7.145514000000000365e+00 1.566499999999999837e-02 -2.604211999999999971e+00 1.094799999999999940e-02 0.000000000000000000e+00 -2.363419999999999987e+01 2.580999999999999961e-02 3.239615295000000060e+03
2.452500000000000000e+04 1.600000000000000000e+02 -5.203200000000000000e+04 -1.037597099999999983e+01 6.887000000000000066e-02 7.065728000000000009e+00 1.715099999999999958e-02 -2.613119999999999887e+00 1.039999999999999952e-02 0.000000000000000000e+00 -2.361862899999999854e+01 2.103299999999999961e-02 3.557599482999999964e+03
2.452500000000000000e+04 4.160000000000000000e+03 -5.203200000000000000e+04 -1.016089099999999945e+01 5.123300000000000076e-02 7.162676000000000265e+00 1.203700000000000082e-02 6.092880000000000518e-01 1.352000000000000077e-02 0.000000000000000000e+00 -2.360307699999999897e+01 2.821800000000000003e-02 1.002347331000000054e+03
2.452500000000000000e+04 4.160000000000000000e+03 -5.203200000000000000e+04 -1.011178300000000085e+01 7.162399999999999323e-02 7.265308000000000099e+00 1.118300000000000023e-02 5.500169999999999781e-01 1.251599999999999935e-02 0.000000000000000000e+00 -2.360963299999999876e+01 2.633399999999999977e-02 1.123489260000000058e+03
2.452500000000000000e+04 4.160000000000000000e+03 -5.203200000000000000e+04 -1.016810599999999987e+01 6.946599999999999997e-02 7.157947000000000060e+00 1.057499999999999933e-02 6.018649999999999833e-01 1.125199999999999985e-02 0.000000000000000000e+00 -2.359806000000000026e+01 2.374400000000000122e-02 1.441367441000000099e+03
2.452500000000000000e+04 8.160000000000000000e+03 -5.203200000000000000e+04 -1.096462000000000003e+01 8.542600000000000193e-02 7.174510999999999861e+00 1.457299999999999915e-02 -2.658469999999999889e+00 9.898999999999999813e-03 0.000000000000000000e+00 -2.361972600000000000e+01 2.445999999999999910e-02 1.697388085000000046e+03
2.452500000000000000e+04 8.160000000000000000e+03 -5.203200000000000000e+04 -1.091812299999999958e+01 4.686300000000000188e-02 7.222040999999999933e+00 1.168899999999999974e-02 -2.665604999999999780e+00 7.524999999999999571e-03 0.000000000000000000e+00 -2.362826000000000093e+01 2.411699999999999955e-02 1.818538013999999976e+03
2.452500000000000000e+04 8.160000000000000000e+03 -5.203200000000000000e+04 -1.095713100000000040e+01 9.937999999999999612e-02 7.179268000000000427e+00 1.701599999999999988e-02 -2.644016000000000144e+00 9.658999999999999184e-03 0.000000000000000000e+00 -2.361944799999999844e+01 1.450800000000000006e-02 2.136397195000000011e+03
2.852500000000000000e+04 -3.840000000000000000e+03 -5.203200000000000000e+04 -1.070113399999999970e+01 7.742400000000000670e-02 7.523115999999999914e+00 1.486200000000000021e-02 -6.704297000000000395e+00 1.476099999999999982e-02 0.000000000000000000e+00 -2.361587199999999953e+01 2.263300000000000034e-02 2.448623052999999800e+03
2.852500000000000000e+04 -3.840000000000000000e+03 -5.203200000000000000e+04 -1.069398600000000066e+01 5.904999999999999832e-02 7.594915000000000305e+00 1.686700000000000005e-02 -6.654963000000000406e+00 1.769599999999999992e-02 0.000000000000000000e+00 -2.361542999999999992e+01 2.107099999999999945e-02 2.519489105999999992e+03
2.852500000000000000e+04 -3.840000000000000000e+03 -5.203200000000000000e+04 -1.068211200000000005e+01 6.279700000000000559e-02 7.530281999999999698e+00 1.332000000000000024e-02 -6.687305000000000277e+00 1.595699999999999896e-02 0.000000000000000000e+00 -2.360570900000000094e+01 2.432499999999999940e-02 2.887648164000000179e+03
2.852500000000000000e+04 1.600000000000000000e+02 -5.203200000000000000e+04 -1.035609000000000002e+01 8.801299999999999402e-02 6.860574999999999868e+00 1.266600000000000018e-02 -2.549710999999999839e+00 1.244600000000000047e-02 0.000000000000000000e+00 -2.361858399999999847e+01 1.986699999999999924e-02 3.143659807000000001e+03
2.852500000000000000e+04 1.600000000000000000e+02 -5.203200000000000000e+04 -1.033105600000000024e+01 7.415299999999999669e-02 6.927576000000000178e+00 1.423199999999999986e-02 -2.523787000000000003e+00 1.244299999999999920e-02 0.000000000000000000e+00 -2.362914900000000173e+01 1.372499999999999935e-02 3.214523859999999786e+03
2.852500000000000000e+04 1.600000000000000000e+02 -5.203200000000000000e+04 -1.034686199999999978e+01 8.002499999999999891e-02 6.862039000000000222e+00 1.288000000000000082e-02 -2.547013000000000194e+00 1.535000000000000080e-02 0.000000000000000000e+00 -2.362479300000000038e+01 2.526099999999999873e-02 3.582686917999999878e+03
2.852500000000000000e+04 4.160000000000000000e+03 -5.203200000000000000e+04 -9.935036000000000200e+00 5.550599999999999978e-02 7.132749999999999702e+00 9.662000000000000449e-03 1.156352999999999964e+00 1.023600000000000031e-02 0.000000000000000000e+00 -2.361220099999999888e+01 1.048800000000000079e-02 1.027535771000000068e+03
2.852500000000000000e+04 4.160000000000000000e+03 -5.203200000000000000e+04 -9.894360000000000710e+00 7.122599999999999765e-02 7.181958999999999982e+00 1.228600000000000005e-02 1.147597999999999896e+00 1.556599999999999998e-02 0.000000000000000000e+00 -2.359897899999999993e+01 2.094599999999999934e-02 1.098396823999999924e+03
2.852500000000000000e+04 4.160000000000000000e+03 -5.203200000000000000e+04 -9.932168000000000774e+00 5.893700000000000327e-02 7.138810000000000322e+00 9.473000000000000517e-03 1.145828000000000069e+00 1.156899999999999942e-02 0.000000000000000000e+00 -2.361812199999999962e+01 2.174099999999999991e-02 1.466557882000000063e+03
2.852500000000000000e+04 8.160000000000000000e+03 -5.203200000000000000e+04 -1.091544599999999932e+01 7.621600000000000597e-02 7.150347000000000008e+00 1.212000000000000056e-02 -2.606235999999999997e+00 9.402999999999999900e-03 0.000000000000000000e+00 -2.360877899999999840e+01 2.181500000000000106e-02 1.722475519999999960e+03
2.852500000000000000e+04 8.160000000000000000e+03 -5.203200000000000000e+04 -1.089837099999999914e+01 8.657299999999999718e-02 7.189358000000000359e+00 1.245199999999999953e-02 -2.643111999999999906e+00 1.372199999999999982e-02 0.000000000000000000e+00 -2.362088400000000021e+01 2.994799999999999893e-02 1.793446578999999929e+03
2.852500000000000000e+04 8.160000000000000000e+03 -5.203200000000000000e+04 -1.088015799999999977e+01 6.821299999999999586e-02 7.158131000000000022e+00 1.019499999999999920e-02 -2.626732000000000067e+00 1.265400000000000032e-02 0.000000000000000000e+00 -2.363089700000000093e+01 2.477800000000000141e-02 2.161488629999999830e+03
3.252500000000000000e+04 -3.840000000000000000e+03 -5.203200000000000000e+04 -1.075787799999999983e+01 5.415199999999999875e-02 7.412069999999999936e+00 1.459000000000000054e-02 -7.183328999999999631e+00 1.590400000000000147e-02 0.000000000000000000e+00 -2.362122099999999847e+01 1.869600000000000081e-02 2.473712488000000121e+03
3.252500000000000000e+04 -3.840000000000000000e+03 -5.203200000000000000e+04 -1.075964100000000023e+01 6.003599999999999909e-02 7.387832000000000399e+00 1.295900000000000003e-02 -7.210776000000000074e+00 1.351199999999999971e-02 0.000000000000000000e+00 -2.362477300000000113e+01 2.382799999999999849e-02 2.494397671000000173e+03
3.252500000000000000e+04 -3.840000000000000000e+03 -5.203200000000000000e+04 -1.072848699999999944e+01 7.069999999999999896e-02 7.418870000000000076e+00 1.034099999999999950e-02 -7.221658999999999828e+00 1.221599999999999943e-02 0.000000000000000000e+00 -2.360016600000000153e+01 1.487400000000000007e-02 2.912738598999999795e+03
3.252500000000000000e+04 1.600000000000000000e+02 -5.203200000000000000e+04 -1.037477200000000011e+01 6.566299999999999915e-02 6.633683999999999692e+00 1.168199999999999968e-02 -2.519928000000000168e+00 7.962000000000000327e-03 0.000000000000000000e+00 -2.362576100000000068e+01 2.168199999999999988e-02 3.168746242000000166e+03
3.252500000000000000e+04 1.600000000000000000e+02 -5.203200000000000000e+04 -1.035434799999999989e+01 8.421800000000000119e-02 6.635009000000000157e+00 1.524000000000000007e-02 -2.523884999999999934e+00 1.159800000000000067e-02 0.000000000000000000e+00 -2.362265700000000024e+01 1.875800000000000037e-02 3.189433425000000170e+03
3.252500000000000000e+04 1.600000000000000000e+02 -5.203200000000000000e+04 -1.034228700000000067e+01 7.073400000000000520e-02 6.633879000000000303e+00 1.233300000000000021e-02 -2.511552000000000007e+00 1.269699999999999995e-02 0.000000000000000000e+00 -2.362887600000000177e+01 2.727900000000000116e-02 3.607780353000000105e+03
3.252500000000000000e+04 4.160000000000000000e+03 -5.203200000000000000e+04 -9.701465999999999923e+00 4.680399999999999838e-02 7.056437999999999988e+00 1.116400000000000031e-02 1.690717000000000025e+00 1.200900000000000058e-02 0.000000000000000000e+00 -2.361258899999999983e+01 7.163000000000000096e-03 1.052626207000000022e+03
3.252500000000000000e+04 4.160000000000000000e+03 -5.203200000000000000e+04 -9.704686000000000590e+00 6.867499999999999993e-02 7.056308999999999720e+00 1.120299999999999942e-02 1.658377999999999908e+00 1.069999999999999944e-02 0.000000000000000000e+00 -2.360076199999999957e+01 2.084899999999999948e-02 1.073311390000000074e+03
3.252500000000000000e+04 4.160000000000000000e+03 -5.203200000000000000e+04 -9.699481000000000464e+00 6.180100000000000177e-02 7.073996000000000173e+00 1.160800000000000026e-02 1.673713999999999924e+00 1.161700000000000059e-02 0.000000000000000000e+00 -2.359990300000000119e+01 1.929799999999999918e-02 1.491651317999999947e+03
3.252500000000000000e+04 8.160000000000000000e+03 -5.203200000000000000e+04 -1.086813899999999933e+01 5.918799999999999756e-02 7.095818000000000403e+00 1.404599999999999946e-02 -2.605551000000000172e+00 1.049800000000000039e-02 0.000000000000000000e+00 -2.363612300000000133e+01 2.618799999999999947e-02 1.747663960000000088e+03
3.252500000000000000e+04 8.160000000000000000e+03 -5.203200000000000000e+04 -1.085872999999999955e+01 6.957199999999999496e-02 7.095404000000000266e+00 1.315999999999999982e-02 -2.625738000000000127e+00 1.313199999999999958e-02 0.000000000000000000e+00 -2.361343799999999860e+01 1.439200000000000028e-02 1.768356144000000086e+03
3.252500000000000000e+04 8.160000000000000000e+03 -5.203200000000000000e+04 -1.084828899999999940e+01 6.682499999999999551e-02 7.096867999999999732e+00 1.356199999999999940e-02 -2.611763999999999974e+00 1.064499999999999995e-02 0.000000000000000000e+00 -2.362364499999999978e+01 1.603399999999999964e-02 2.186681070999999974e+03
