4.525000000000000000e+03 4.160000000000000000e+03 -7.000000000000000000e+04 -1.018895400000000073e+01 4.578600000000000031e-02 7.046802999999999706e+00 1.260099999999999935e-02 -2.618332000000000104e+00 1.068400000000000079e-02 0.000000000000000000e+00 -2.358412699999999873e+01 1.761899999999999925e-02 3.651308800000000332e+01
4.525000000000000000e+03 4.160000000000000000e+03 -7.000000000000000000e+04 -1.013522399999999912e+01 5.772399999999999753e-02 7.105344999999999800e+00 9.381999999999999715e-03 -2.573271000000000086e+00 1.261100000000000068e-02 0.000000000000000000e+00 -2.358975999999999829e+01 9.716000000000000678e-03 5.490224020000000564e+02
4.525000000000000000e+03 4.160000000000000000e+03 -7.000000000000000000e+04 -1.013798899999999925e+01 7.052200000000000135e-02 7.104582999999999871e+00 9.464000000000000190e-03 -2.572426000000000101e+00 1.116200000000000005e-02 0.000000000000000000e+00 -2.360926100000000005e+01 2.273299999999999974e-02 5.697095849999999473e+02
4.525000000000000000e+03 4.160000000000000000e+03 -6.650000000000000000e+04 -1.033943900000000049e+01 4.583399999999999974e-02 7.012641999999999598e+00 9.863999999999999505e-03 -2.598663000000000167e+00 9.700999999999999554e-03 0.000000000000000000e+00 -2.358076499999999953e+01 2.064699999999999869e-02 6.110549499999999767e+01
4.525000000000000000e+03 4.160000000000000000e+03 -6.650000000000000000e+04 -1.031756900000000066e+01 5.318500000000000311e-02 7.079466000000000037e+00 8.975000000000000339e-03 -2.601872000000000185e+00 1.055299999999999988e-02 0.000000000000000000e+00 -2.360585299999999975e+01 2.410100000000000089e-02 5.244319960000000265e+02
4.525000000000000000e+03 4.160000000000000000e+03 -6.650000000000000000e+04 -1.029177400000000020e+01 4.550599999999999784e-02 7.046344000000000385e+00 9.509000000000000091e-03 -2.609274999999999789e+00 1.135500000000000051e-02 0.000000000000000000e+00 -2.360995099999999880e+01 2.981599999999999875e-02 5.943009919999999511e+02
4.525000000000000000e+03 4.160000000000000000e+03 -6.300000000000000000e+04 -1.053106700000000018e+01 3.953700000000000270e-02 7.020565999999999640e+00 1.020599999999999979e-02 -2.533561000000000174e+00 1.141900000000000033e-02 0.000000000000000000e+00 -2.358555300000000088e+01 2.387500000000000039e-02 8.569790100000000166e+01
4.525000000000000000e+03 4.160000000000000000e+03 -6.300000000000000000e+04 -1.052609799999999929e+01 3.708899999999999697e-02 7.063517000000000046e+00 9.518000000000000418e-03 -2.527420999999999918e+00 1.192999999999999963e-02 0.000000000000000000e+00 -2.360576400000000064e+01 2.412299999999999861e-02 4.998455890000000181e+02
4.525000000000000000e+03 4.160000000000000000e+03 -6.300000000000000000e+04 -1.049776800000000065e+01 3.183899999999999925e-02 7.059180999999999706e+00 6.732000000000000137e-03 -2.543702999999999825e+00 8.602000000000000271e-03 0.000000000000000000e+00 -2.360057799999999872e+01 1.803400000000000142e-02 6.188913979999999810e+02
4.525000000000000000e+03 4.160000000000000000e+03 -5.950000000000000000e+04 -1.073422799999999988e+01 5.276800000000000240e-02 7.005921999999999983e+00 8.696999999999999870e-03 -2.466048999999999936e+00 9.201000000000000845e-03 0.000000000000000000e+00 -2.358085900000000024e+01 2.869000000000000022e-02 1.102863080000000053e+02
4.525000000000000000e+03 4.160000000000000000e+03 -5.950000000000000000e+04 -1.074640100000000054e+01 2.922299999999999898e-02 7.029808000000000057e+00 6.122999999999999970e-03 -2.457082000000000210e+00 9.119999999999999635e-03 0.000000000000000000e+00 -2.360287299999999888e+01 2.338900000000000007e-02 4.752521820000000048e+02
4.525000000000000000e+03 4.160000000000000000e+03 -5.950000000000000000e+04 -1.071411400000000036e+01 5.702100000000000224e-02 7.030179999999999652e+00 9.076000000000000734e-03 -2.461554000000000020e+00 1.120699999999999995e-02 0.000000000000000000e+00 -2.360880399999999923e+01 2.544199999999999934e-02 6.434808050000000321e+02
4.525000000000000000e+03 4.160000000000000000e+03 -5.600000000000000000e+04 -1.093909599999999926e+01 5.424400000000000055e-02 7.010972999999999900e+00 1.179599999999999919e-02 -2.404827000000000048e+00 1.398499999999999917e-02 0.000000000000000000e+00 -2.358916899999999828e+01 2.840099999999999916e-02 1.348767139999999927e+02
4.525000000000000000e+03 4.160000000000000000e+03 -5.600000000000000000e+04 -1.096136899999999947e+01 5.874200000000000255e-02 7.022370999999999697e+00 1.425700000000000058e-02 -2.366004000000000218e+00 1.028300000000000047e-02 0.000000000000000000e+00 -2.359204000000000079e+01 2.041300000000000059e-02 4.506547760000000267e+02
4.525000000000000000e+03 4.160000000000000000e+03 -5.600000000000000000e+04 -1.092235799999999912e+01 5.482700000000000073e-02 7.051510999999999640e+00 9.646000000000000060e-03 -2.373906999999999989e+00 1.264599999999999926e-02 0.000000000000000000e+00 -2.360037000000000162e+01 1.717399999999999829e-02 6.680772120000000314e+02
4.525000000000000000e+03 4.160000000000000000e+03 -5.250000000000000000e+04 -1.114946800000000060e+01 3.849299999999999944e-02 7.014478000000000435e+00 9.457000000000000128e-03 -2.317632999999999832e+00 9.730000000000000801e-03 0.000000000000000000e+00 -2.359589400000000126e+01 2.293099999999999999e-02 1.594681209999999965e+02
4.525000000000000000e+03 4.160000000000000000e+03 -5.250000000000000000e+04 -1.117306899999999992e+01 4.366799999999999848e-02 7.022420000000000329e+00 9.204000000000000375e-03 -2.299701999999999913e+00 1.263799999999999993e-02 0.000000000000000000e+00 -2.358916899999999828e+01 2.111000000000000029e-02 4.260653699999999731e+02
4.525000000000000000e+03 4.160000000000000000e+03 -5.250000000000000000e+04 -1.113290699999999944e+01 4.392399999999999777e-02 7.044359000000000037e+00 5.911999999999999721e-03 -2.302230000000000221e+00 1.137099999999999916e-02 0.000000000000000000e+00 -2.359478199999999859e+01 2.459599999999999981e-02 6.926676179999999476e+02
4.525000000000000000e+03 4.160000000000000000e+03 -4.900000000000000000e+04 -1.136040299999999981e+01 4.820800000000000085e-02 7.033069000000000237e+00 6.800999999999999754e-03 -2.228782999999999959e+00 9.766999999999999640e-03 0.000000000000000000e+00 -2.360438299999999856e+01 2.142499999999999960e-02 1.840605270000000075e+02
4.525000000000000000e+03 4.160000000000000000e+03 -4.900000000000000000e+04 -1.138129600000000075e+01 3.838699999999999751e-02 7.022698000000000107e+00 1.045199999999999949e-02 -2.200042999999999971e+00 1.032100000000000031e-02 0.000000000000000000e+00 -2.359047500000000142e+01 1.945200000000000054e-02 4.014769630000000120e+02
4.525000000000000000e+03 4.160000000000000000e+03 -4.900000000000000000e+04 -1.134775800000000068e+01 5.656400000000000317e-02 7.046014000000000443e+00 8.399999999999999481e-03 -2.227253000000000149e+00 1.069400000000000038e-02 0.000000000000000000e+00 -2.360755699999999990e+01 2.186300000000000049e-02 7.172580249999999751e+02
4.525000000000000000e+03 4.160000000000000000e+03 -4.550000000000000000e+04 -1.157580300000000051e+01 3.483800000000000091e-02 7.051187999999999789e+00 8.455000000000000709e-03 -2.155693999999999999e+00 1.085900000000000060e-02 0.000000000000000000e+00 -2.360342400000000040e+01 1.691799999999999901e-02 2.086509340000000066e+02
4.525000000000000000e+03 4.160000000000000000e+03 -4.550000000000000000e+04 -1.160471700000000084e+01 3.838899999999999951e-02 7.047314000000000078e+00 7.572999999999999871e-03 -2.137989999999999835e+00 1.213499999999999995e-02 0.000000000000000000e+00 -2.358798200000000023e+01 1.878799999999999915e-02 3.768865569999999821e+02
4.525000000000000000e+03 4.160000000000000000e+03 -4.550000000000000000e+04 -1.155938199999999938e+01 4.526399999999999868e-02 7.077041999999999611e+00 6.050999999999999955e-03 -2.125713000000000186e+00 1.170500000000000013e-02 0.000000000000000000e+00 -2.360521800000000070e+01 2.253499999999999948e-02 7.418484310000000050e+02
4.525000000000000000e+03 4.160000000000000000e+03 -4.200000000000000000e+04 -1.180123399999999911e+01 6.690300000000000413e-02 7.063507000000000424e+00 9.863000000000000239e-03 -2.089928000000000008e+00 1.324400000000000056e-02 0.000000000000000000e+00 -2.359749400000000108e+01 2.426299999999999985e-02 2.332423410000000104e+02
4.525000000000000000e+03 4.160000000000000000e+03 -4.200000000000000000e+04 -1.182374699999999912e+01 6.819899999999999574e-02 7.047063999999999773e+00 1.282900000000000013e-02 -2.035652999999999935e+00 1.164600000000000010e-02 0.000000000000000000e+00 -2.359178700000000006e+01 2.156100000000000030e-02 3.522931500000000256e+02
4.525000000000000000e+03 4.160000000000000000e+03 -4.200000000000000000e+04 -1.178320599999999985e+01 5.192800000000000193e-02 7.112930999999999671e+00 1.182399999999999944e-02 -2.053892999999999969e+00 1.026499999999999982e-02 0.000000000000000000e+00 -2.359163300000000163e+01 2.151499999999999940e-02 7.664388380000000325e+02
4.525000000000000000e+03 4.160000000000000000e+03 -3.850000000000000000e+04 -1.202877900000000011e+01 6.036600000000000299e-02 7.086008999999999780e+00 9.322000000000000425e-03 -2.018901000000000057e+00 9.561999999999999320e-03 0.000000000000000000e+00 -2.358870699999999943e+01 2.388799999999999951e-02 2.578337470000000167e+02
4.525000000000000000e+03 4.160000000000000000e+03 -3.850000000000000000e+04 -1.205287700000000051e+01 4.000700000000000089e-02 7.088579000000000185e+00 9.279000000000000789e-03 -1.963068999999999953e+00 8.613000000000000864e-03 0.000000000000000000e+00 -2.357401499999999928e+01 2.445200000000000151e-02 3.277007429999999886e+02
4.525000000000000000e+03 4.160000000000000000e+03 -3.850000000000000000e+04 -1.201291699999999985e+01 5.438300000000000078e-02 7.108494999999999564e+00 9.933000000000000856e-03 -1.985692999999999930e+00 1.097899999999999918e-02 0.000000000000000000e+00 -2.358376000000000161e+01 2.472500000000000045e-02 7.910292439999999488e+02
4.525000000000000000e+03 4.160000000000000000e+03 -3.500000000000000000e+04 -1.225607600000000019e+01 3.721499999999999808e-02 7.119126999999999761e+00 7.375999999999999744e-03 -1.903289999999999926e+00 9.537999999999999604e-03 0.000000000000000000e+00 -2.358997899999999959e+01 2.138999999999999929e-02 2.824221529999999802e+02
4.525000000000000000e+03 4.160000000000000000e+03 -3.500000000000000000e+04 -1.225866000000000078e+01 4.169400000000000189e-02 7.108787000000000411e+00 1.068200000000000052e-02 -1.908417999999999948e+00 9.853999999999999912e-03 0.000000000000000000e+00 -2.360255499999999884e+01 2.525499999999999967e-02 3.031093369999999823e+02
4.525000000000000000e+03 4.160000000000000000e+03 -3.500000000000000000e+04 -1.223930700000000016e+01 3.649899999999999672e-02 7.128173999999999566e+00 7.736999999999999954e-03 -1.904538000000000064e+00 1.068900000000000058e-02 0.000000000000000000e+00 -2.360961299999999952e+01 1.646699999999999900e-02 8.156176510000000235e+02
