4.525000000000000000e+03 4.160000000000000000e+03 -7.000000000000000000e+04 2.378528199999999870e+01 5.520400000000000307e-02 6.817350000000000243e+00 1.436100000000000050e-02 -3.302360999999999880e+00 1.220500000000000057e-02 1.000000000000000000e+00 9.135728000000000293e+00 9.565999999999999850e-03 2.596948499999999882e+01
4.525000000000000000e+03 4.160000000000000000e+03 -7.000000000000000000e+04 2.383099999999999952e+01 5.051100000000000034e-02 6.620728999999999864e+00 1.260200000000000035e-02 -3.279900000000000038e+00 9.459000000000000394e-03 1.000000000000000000e+00 9.094804999999999140e+00 1.009000000000000001e-02 5.386768100000000459e+02
4.525000000000000000e+03 4.160000000000000000e+03 -7.000000000000000000e+04 2.384010599999999869e+01 4.604899999999999965e-02 6.632943000000000033e+00 1.145099999999999937e-02 -3.277886000000000077e+00 1.136400000000000084e-02 1.000000000000000000e+00 9.075388000000000233e+00 2.543499999999999928e-02 5.593659940000000006e+02
4.525000000000000000e+03 4.160000000000000000e+03 -6.650000000000000000e+04 2.364282499999999843e+01 4.653199999999999698e-02 6.861659999999999648e+00 8.680000000000000215e-03 -2.935471000000000164e+00 1.027400000000000015e-02 1.000000000000000000e+00 9.122377000000000180e+00 6.883000000000000229e-03 5.076190299999999667e+01
4.525000000000000000e+03 4.160000000000000000e+03 -6.650000000000000000e+04 2.366573100000000096e+01 5.165999999999999759e-02 6.658113000000000170e+00 8.118000000000000216e-03 -2.944789000000000101e+00 7.594000000000000056e-03 1.000000000000000000e+00 9.109412999999999982e+00 6.708999999999999686e-03 5.140874039999999923e+02
4.525000000000000000e+03 4.160000000000000000e+03 -6.650000000000000000e+04 2.368905000000000172e+01 4.103199999999999903e-02 6.662149999999999572e+00 7.706000000000000176e-03 -2.942908000000000079e+00 9.005000000000000851e-03 1.000000000000000000e+00 9.104450999999999183e+00 5.374999999999999570e-03 5.839554000000000542e+02
4.525000000000000000e+03 4.160000000000000000e+03 -6.300000000000000000e+04 2.344698999999999955e+01 3.908600000000000269e-02 6.847391000000000005e+00 1.069200000000000012e-02 -2.807932999999999790e+00 7.570999999999999605e-03 1.000000000000000000e+00 9.131923000000000457e+00 1.132999999999999979e-02 7.535030999999999324e+01
4.525000000000000000e+03 4.160000000000000000e+03 -6.300000000000000000e+04 2.345856099999999955e+01 2.730700000000000141e-02 6.737824999999999953e+00 1.009000000000000001e-02 -2.841847000000000012e+00 7.024999999999999994e-03 1.000000000000000000e+00 9.104098000000000468e+00 8.366999999999999438e-03 4.895009979999999814e+02
4.525000000000000000e+03 4.160000000000000000e+03 -6.300000000000000000e+04 2.348502699999999876e+01 4.847800000000000026e-02 6.714045999999999736e+00 8.276000000000000370e-03 -2.852920999999999818e+00 7.420999999999999645e-03 1.000000000000000000e+00 9.110053000000000623e+00 4.562000000000000083e-03 6.085468069999999443e+02
4.525000000000000000e+03 4.160000000000000000e+03 -5.950000000000000000e+04 2.324677700000000158e+01 5.286199999999999927e-02 6.864563000000000415e+00 7.471000000000000210e-03 -2.768604999999999983e+00 7.107999999999999735e-03 1.000000000000000000e+00 9.116958000000000339e+00 6.251999999999999745e-03 9.994171599999999955e+01
4.525000000000000000e+03 4.160000000000000000e+03 -5.950000000000000000e+04 2.323589799999999883e+01 4.768000000000000016e-02 6.791460999999999970e+00 9.414999999999999758e-03 -2.764251999999999931e+00 6.753000000000000322e-03 1.000000000000000000e+00 9.101713999999999416e+00 7.974000000000000185e-03 4.649005910000000199e+02
4.525000000000000000e+03 4.160000000000000000e+03 -5.950000000000000000e+04 2.326823299999999861e+01 4.737299999999999844e-02 6.787493000000000443e+00 1.022600000000000071e-02 -2.759634999999999838e+00 8.262000000000000247e-03 1.000000000000000000e+00 9.104162000000000532e+00 7.517000000000000244e-03 6.331372129999999743e+02
4.525000000000000000e+03 4.160000000000000000e+03 -5.600000000000000000e+04 2.304372400000000098e+01 5.535500000000000143e-02 6.850922999999999874e+00 7.603999999999999648e-03 -2.709369000000000138e+00 8.786000000000000407e-03 1.000000000000000000e+00 9.119346999999999426e+00 7.406000000000000257e-03 1.245311229999999938e+02
4.525000000000000000e+03 4.160000000000000000e+03 -5.600000000000000000e+04 2.302558799999999906e+01 7.171700000000000297e-02 6.851149000000000377e+00 8.779000000000000345e-03 -2.689779999999999838e+00 1.062100000000000023e-02 1.000000000000000000e+00 9.121556999999999249e+00 1.043099999999999930e-02 4.403101839999999925e+02
4.525000000000000000e+03 4.160000000000000000e+03 -5.600000000000000000e+04 2.305567800000000034e+01 8.063299999999999634e-02 6.804217000000000404e+00 6.871999999999999637e-03 -2.697328000000000170e+00 9.213000000000000703e-03 1.000000000000000000e+00 9.095351000000000852e+00 7.598999999999999852e-03 6.577296199999999544e+02
4.525000000000000000e+03 4.160000000000000000e+03 -5.250000000000000000e+04 2.282971500000000020e+01 4.929999999999999660e-02 6.870963999999999849e+00 1.039299999999999946e-02 -2.600519999999999943e+00 9.379000000000000184e-03 1.000000000000000000e+00 9.120468999999999937e+00 5.995000000000000329e-03 1.491225289999999859e+02
4.525000000000000000e+03 4.160000000000000000e+03 -5.250000000000000000e+04 2.280660699999999963e+01 5.670800000000000146e-02 6.860327999999999982e+00 7.981999999999999512e-03 -2.613903000000000088e+00 7.008000000000000340e-03 1.000000000000000000e+00 9.099050999999999334e+00 8.519999999999999796e-03 4.157207779999999957e+02
4.525000000000000000e+03 4.160000000000000000e+03 -5.250000000000000000e+04 2.284490600000000171e+01 5.705299999999999955e-02 6.803550000000000431e+00 9.107999999999999777e-03 -2.621259999999999923e+00 8.618000000000000660e-03 1.000000000000000000e+00 9.096482999999999208e+00 8.411999999999999339e-03 6.823230270000000246e+02
4.525000000000000000e+03 4.160000000000000000e+03 -4.900000000000000000e+04 2.261764600000000058e+01 4.619899999999999701e-02 6.902207999999999899e+00 1.078999999999999924e-02 -2.510603000000000140e+00 8.227999999999999203e-03 1.000000000000000000e+00 9.102339999999999876e+00 1.446399999999999943e-02 1.737139359999999897e+02
4.525000000000000000e+03 4.160000000000000000e+03 -4.900000000000000000e+04 2.259603699999999904e+01 4.380900000000000072e-02 6.884284000000000070e+00 8.011000000000000759e-03 -2.534057999999999922e+00 6.080000000000000335e-03 1.000000000000000000e+00 9.103128999999999138e+00 8.500999999999999876e-03 3.911323709999999778e+02
4.525000000000000000e+03 4.160000000000000000e+03 -4.900000000000000000e+04 2.262979800000000097e+01 4.771899999999999753e-02 6.808536000000000143e+00 1.010600000000000040e-02 -2.538431999999999800e+00 7.485000000000000334e-03 1.000000000000000000e+00 9.103899000000000186e+00 6.461999999999999862e-03 7.069124329999999645e+02
4.525000000000000000e+03 4.160000000000000000e+03 -4.550000000000000000e+04 2.238979499999999945e+01 4.123000000000000276e-02 6.896957999999999700e+00 1.053600000000000023e-02 -2.463201999999999892e+00 7.387999999999999602e-03 1.000000000000000000e+00 9.107043000000000887e+00 5.479000000000000363e-03 1.983063429999999983e+02
4.525000000000000000e+03 4.160000000000000000e+03 -4.550000000000000000e+04 2.236966699999999975e+01 5.567699999999999733e-02 6.880208999999999797e+00 7.603999999999999648e-03 -2.428577999999999903e+00 7.131000000000000186e-03 1.000000000000000000e+00 9.111370000000000857e+00 5.545999999999999715e-03 3.665369640000000118e+02
4.525000000000000000e+03 4.160000000000000000e+03 -4.550000000000000000e+04 2.240252100000000013e+01 3.798499999999999793e-02 6.806523000000000323e+00 7.677999999999999929e-03 -2.452541000000000082e+00 7.699000000000000114e-03 1.000000000000000000e+00 9.105225000000000790e+00 7.264999999999999757e-03 7.315028399999999920e+02
4.525000000000000000e+03 4.160000000000000000e+03 -4.200000000000000000e+04 2.216453500000000076e+01 6.755700000000000593e-02 6.891210000000000058e+00 1.443000000000000012e-02 -2.383933999999999997e+00 9.957000000000000572e-03 1.000000000000000000e+00 9.107127999999999446e+00 1.196000000000000014e-02 2.228957489999999950e+02
4.525000000000000000e+03 4.160000000000000000e+03 -4.200000000000000000e+04 2.214044700000000176e+01 6.826000000000000123e-02 6.894606999999999708e+00 1.002699999999999945e-02 -2.359230999999999856e+00 1.115700000000000025e-02 1.000000000000000000e+00 9.111081999999999681e+00 9.743999999999999190e-03 3.419475580000000150e+02
4.525000000000000000e+03 4.160000000000000000e+03 -4.200000000000000000e+04 2.218229900000000043e+01 4.151699999999999835e-02 6.834011000000000280e+00 9.868000000000000035e-03 -2.347945000000000171e+00 1.097500000000000038e-02 1.000000000000000000e+00 9.115959000000000145e+00 6.651999999999999927e-03 7.560942459999999983e+02
4.525000000000000000e+03 4.160000000000000000e+03 -3.850000000000000000e+04 2.192108999999999952e+01 4.648399999999999754e-02 6.912002000000000201e+00 8.281999999999999432e-03 -2.304685000000000095e+00 8.524999999999999592e-03 1.000000000000000000e+00 9.106476999999999933e+00 5.083999999999999977e-03 2.474881550000000061e+02
4.525000000000000000e+03 4.160000000000000000e+03 -3.850000000000000000e+04 2.190345500000000101e+01 4.466500000000000331e-02 6.883464000000000027e+00 1.071399999999999957e-02 -2.288256000000000068e+00 9.535999999999999338e-03 1.000000000000000000e+00 9.104395999999999489e+00 1.022499999999999971e-02 3.173531510000000253e+02
4.525000000000000000e+03 4.160000000000000000e+03 -3.850000000000000000e+04 2.195053599999999960e+01 5.859899999999999831e-02 6.854400000000000048e+00 7.668000000000000337e-03 -2.294872999999999941e+00 6.569000000000000186e-03 1.000000000000000000e+00 9.106035000000000323e+00 9.003999999999999851e-03 7.806846520000000282e+02
4.525000000000000000e+03 4.160000000000000000e+03 -3.500000000000000000e+04 2.168870899999999935e+01 5.401000000000000245e-02 6.934401000000000259e+00 8.939000000000000765e-03 -2.213598999999999872e+00 6.335000000000000353e-03 1.000000000000000000e+00 9.101281999999999428e+00 6.206999999999999844e-03 2.720785619999999767e+02
4.525000000000000000e+03 4.160000000000000000e+03 -3.500000000000000000e+04 2.169749900000000054e+01 4.082500000000000018e-02 6.910301999999999722e+00 6.688000000000000368e-03 -2.213213000000000097e+00 8.519999999999999796e-03 1.000000000000000000e+00 9.085297999999999874e+00 2.643600000000000116e-02 2.927657449999999812e+02
4.525000000000000000e+03 4.160000000000000000e+03 -3.500000000000000000e+04 2.170250199999999907e+01 4.576899999999999719e-02 6.853026999999999980e+00 8.966000000000000011e-03 -2.227895999999999876e+00 6.706000000000000155e-03 1.000000000000000000e+00 9.106431999999999860e+00 7.366000000000000152e-03 8.052740589999999656e+02
