0.000000000000000000e+00 4.050000000000000000e+03 -7.000000000000000000e+04 2.019494500000000059e+01 6.590900000000000925e-02 6.144236666666667013e+00 1.357033333333333182e-02 -1.128986999999999741e+00 1.550166666666666533e-02 1.000000000000000000e+00 5.259788666666667112e+00 2.482099999999999931e-02 3.678723746666666443e+02
0.000000000000000000e+00 4.050000000000000000e+03 -6.650000000000000000e+04 2.003809466666666594e+01 4.950433333333333769e-02 6.147343666666666984e+00 1.045366666666666666e-02 -8.118463333333333365e-01 8.188666666666667010e-03 1.000000000000000000e+00 5.288104333333333962e+00 1.408066666666666668e-02 3.761061790000000542e+02
0.000000000000000000e+00 4.050000000000000000e+03 -6.300000000000000000e+04 1.983350933333333188e+01 4.416733333333333622e-02 6.190434666666665642e+00 8.077333333333332199e-03 -6.559893333333333132e-01 7.135666666666666026e-03 1.000000000000000000e+00 5.290268333333333572e+00 1.200633333333333240e-02 3.842986473333333493e+02
0.000000000000000000e+00 4.050000000000000000e+03 -5.950000000000000000e+04 1.962155733333333174e+01 5.007700000000000345e-02 6.200977000000000849e+00 9.761000000000000579e-03 -5.195863333333333722e-01 8.724000000000000851e-03 1.000000000000000000e+00 5.288298000000000165e+00 8.577666666666665732e-03 3.924921159999999531e+02
0.000000000000000000e+00 4.050000000000000000e+03 -5.600000000000000000e+04 1.940508799999999923e+01 7.268099999999999561e-02 6.216845333333332668e+00 1.203066666666666694e-02 -3.867410000000000014e-01 1.180699999999999979e-02 1.000000000000000000e+00 5.285322666666666613e+00 1.336766666666666659e-02 4.006865846666666471e+02
0.000000000000000000e+00 4.050000000000000000e+03 -5.250000000000000000e+04 1.918538566666666512e+01 6.129733333333333561e-02 6.236353666666666129e+00 1.075366666666666658e-02 -2.477419999999999900e-01 8.412333333333334162e-03 1.000000000000000000e+00 5.284744666666666646e+00 1.346733333333333289e-02 4.088793866666666759e+02
0.000000000000000000e+00 4.050000000000000000e+03 -4.900000000000000000e+04 1.896479733333333328e+01 4.225166666666666654e-02 6.233324000000000531e+00 9.120666666666667546e-03 -1.078316666666666590e-01 8.058333333333334014e-03 1.000000000000000000e+00 5.282983000000000651e+00 7.544333333333333447e-03 4.170745220000000586e+02
0.000000000000000000e+00 4.050000000000000000e+03 -4.550000000000000000e+04 1.873312900000000170e+01 5.045633333333333220e-02 6.232812666666666779e+00 9.170333333333334155e-03 2.214700000000000002e-02 7.626333333333332187e-03 1.000000000000000000e+00 5.288596000000000963e+00 9.441666666666665916e-03 4.252699906666666720e+02
0.000000000000000000e+00 4.050000000000000000e+03 -4.200000000000000000e+04 1.849769866666666829e+01 5.378833333333332689e-02 6.248206333333333085e+00 1.219866666666666842e-02 1.555126666666666602e-01 1.029966666666666704e-02 1.000000000000000000e+00 5.287716999999999778e+00 1.055366666666666779e-02 4.334621259999999552e+02
0.000000000000000000e+00 4.050000000000000000e+03 -3.850000000000000000e+04 1.825395266666666672e+01 5.580199999999999744e-02 6.260684999999999611e+00 9.515000000000000888e-03 3.026213333333333533e-01 1.000366666666666765e-02 1.000000000000000000e+00 5.287117333333333669e+00 1.197899999999999833e-02 4.416559279999999603e+02
0.000000000000000000e+00 4.050000000000000000e+03 -3.500000000000000000e+04 1.799772333333333307e+01 4.933166666666666256e-02 6.268370333333333377e+00 7.589333333333333348e-03 4.586473333333333513e-01 1.407400000000000144e-02 1.000000000000000000e+00 5.244210333333333196e+00 2.329966666666666644e-02 4.498620643333333646e+02
