0.000000000000000000e+00 -3.950000000000000000e+03 -5.865400000000000000e+04 2.019855733333333703e+01 6.548833333333332896e-02 4.959058666666666504e+00 1.279399999999999982e-02 -4.471049999999999192e-01 1.816633333333333294e-02 1.000000000000000000e+00 5.244627666666667132e+00 2.508733333333333301e-02 2.377670328333333600e+03
0.000000000000000000e+00 5.000000000000000000e+01 -5.865400000000000000e+04 2.000114166666666904e+01 8.372866666666667346e-02 5.666839333333332895e+00 1.423333333333333395e-02 1.385289999999999855e-01 1.239299999999999950e-02 1.000000000000000000e+00 5.266659999999999897e+00 2.541233333333333191e-02 3.001584014000000025e+03
0.000000000000000000e+00 4.050000000000000000e+03 -5.865400000000000000e+04 1.950326166666666339e+01 7.681366666666665510e-02 6.203300666666666352e+00 1.173333333333333346e-02 -4.775656666666666106e-01 1.592100000000000112e-02 1.000000000000000000e+00 5.238748333333333562e+00 3.034933333333332886e-02 1.098228481999999985e+03
0.000000000000000000e+00 8.050000000000000000e+03 -5.865400000000000000e+04 1.931565733333333412e+01 6.309033333333333160e-02 6.658124666666666691e+00 1.134666666666666636e-02 -1.094138999999999973e+00 1.232699999999999942e-02 1.000000000000000000e+00 5.232935333333333716e+00 2.371433333333333379e-02 1.721951156666666748e+03
4.000000000000000000e+03 -3.950000000000000000e+03 -5.865400000000000000e+04 2.000330966666666654e+01 6.446999999999999953e-02 4.905781666666666041e+00 1.379433333333333206e-02 -7.711209999999999454e-01 1.293366666666666796e-02 1.000000000000000000e+00 5.289860999999999258e+00 1.205666666666666692e-02 2.386098810666666850e+03
4.000000000000000000e+03 5.000000000000000000e+01 -5.865400000000000000e+04 2.002999799999999908e+01 7.938366666666667182e-02 5.414506333333332755e+00 1.486933333333333163e-02 1.223763333333333508e-01 1.362933333333333358e-02 1.000000000000000000e+00 5.294637666666667464e+00 1.372133333333333365e-02 3.009980494333333354e+03
4.000000000000000000e+03 4.050000000000000000e+03 -5.865400000000000000e+04 1.975227166666666889e+01 7.495466666666666944e-02 6.209471000000000629e+00 1.111133333333333417e-02 -6.724033333333333251e-02 1.309600000000000174e-02 1.000000000000000000e+00 5.274915000000000020e+00 1.563200000000000006e-02 1.106594960333333347e+03
4.000000000000000000e+03 8.050000000000000000e+03 -5.865400000000000000e+04 1.938562966666666654e+01 6.703800000000000037e-02 6.754226000000000063e+00 1.316766666666666606e-02 -1.039806999999999926e+00 1.280733333333333203e-02 1.000000000000000000e+00 5.256248999999999505e+00 1.144500000000000205e-02 1.730313634999999749e+03
8.000000000000000000e+03 -3.950000000000000000e+03 -5.865400000000000000e+04 1.981954800000000105e+01 5.809266666666666051e-02 4.816289000000000264e+00 1.285133333333333266e-02 -1.443995333333333297e+00 1.102900000000000234e-02 1.000000000000000000e+00 5.296584666666666941e+00 1.157233333333333204e-02 2.394493624333333628e+03
8.000000000000000000e+03 5.000000000000000000e+01 -5.865400000000000000e+04 2.003215799999999902e+01 8.642566666666666453e-02 5.201578666666666351e+00 1.571833333333333416e-02 1.376486666666666692e-01 1.378466666666666729e-02 1.000000000000000000e+00 5.288009999999999877e+00 1.422533333333333289e-02 3.018346306666666806e+03
8.000000000000000000e+03 4.050000000000000000e+03 -5.865400000000000000e+04 2.002911833333333291e+01 7.701500000000000012e-02 6.177247999999999628e+00 1.306566666666666467e-02 4.905436666666666556e-01 1.207933333333333602e-02 1.000000000000000000e+00 5.264066999999999830e+00 1.767566666666666592e-02 1.114964105666666683e+03
8.000000000000000000e+03 8.050000000000000000e+03 -5.865400000000000000e+04 1.941138333333333321e+01 7.253600000000000325e-02 6.892231666666666534e+00 1.216533333333333355e-02 -1.036475000000000035e+00 1.124333333333333261e-02 1.000000000000000000e+00 5.262529000000000678e+00 1.076533333333333335e-02 1.738677780333333430e+03
1.200000000000000000e+04 -3.950000000000000000e+03 -5.865400000000000000e+04 1.967059833333333074e+01 7.463599999999999401e-02 4.707414333333333367e+00 1.396066666666666810e-02 -2.080178666666666842e+00 1.456099999999999929e-02 1.000000000000000000e+00 5.280456333333333419e+00 1.413566666666666617e-02 2.402855768666666791e+03
1.200000000000000000e+04 5.000000000000000000e+01 -5.865400000000000000e+04 2.004973533333333435e+01 9.148299999999999488e-02 4.910154333333333732e+00 1.586700000000000263e-02 1.415956666666666752e-01 1.077933333333333348e-02 1.000000000000000000e+00 5.288621000000000016e+00 1.218099999999999912e-02 3.026708450999999968e+03
1.200000000000000000e+04 4.050000000000000000e+03 -5.865400000000000000e+04 2.035577533333333022e+01 6.798333333333334005e-02 6.118649999999999700e+00 1.181133333333333341e-02 1.120190333333333399e+00 1.222600000000000076e-02 1.000000000000000000e+00 5.265457666666666370e+00 1.567666666666666861e-02 1.123326583999999912e+03
1.200000000000000000e+04 8.050000000000000000e+03 -5.865400000000000000e+04 1.951623400000000075e+01 7.550133333333332308e-02 6.961535000000000473e+00 1.234733333333333342e-02 -1.051072333333333386e+00 1.292699999999999926e-02 1.000000000000000000e+00 5.256889666666666017e+00 1.291333333333333222e-02 1.747041591999999810e+03
1.600000000000000000e+04 -3.950000000000000000e+03 -5.865400000000000000e+04 1.954806400000000011e+01 7.137500000000000788e-02 4.589134666666667250e+00 1.560166666666666646e-02 -2.713913333333333622e+00 1.485833333333333450e-02 1.000000000000000000e+00 5.300576666666666270e+00 1.720233333333333337e-02 2.411217580666666890e+03
1.600000000000000000e+04 5.000000000000000000e+01 -5.865400000000000000e+04 2.011061199999999971e+01 7.507300000000000084e-02 4.621817666666666824e+00 1.246400000000000112e-02 1.900979999999999892e-01 1.289599999999999948e-02 1.000000000000000000e+00 5.286527666666666292e+00 1.463433333333333253e-02 3.035070262666666622e+03
1.600000000000000000e+04 4.050000000000000000e+03 -5.865400000000000000e+04 2.070603633333333349e+01 8.363133333333333530e-02 6.052127666666667238e+00 1.226933333333333348e-02 1.726418999999999926e+00 1.057466666666666451e-02 1.000000000000000000e+00 5.260966000000000697e+00 1.452466666666666663e-02 1.131692062333333297e+03
1.600000000000000000e+04 8.050000000000000000e+03 -5.865400000000000000e+04 1.959712033333333281e+01 7.126366666666666960e-02 7.028183000000001179e+00 1.292500000000000072e-02 -1.046735666666666509e+00 1.242033333333333184e-02 1.000000000000000000e+00 5.254770333333333099e+00 1.463666666666666588e-02 1.755405403999999862e+03
2.000000000000000000e+04 -3.950000000000000000e+03 -5.865400000000000000e+04 1.943227299999999858e+01 7.115566666666667262e-02 4.559507666666667625e+00 1.263500000000000040e-02 -3.350953333333333006e+00 1.466333333333333377e-02 1.000000000000000000e+00 5.287129000000000190e+00 1.745199999999999876e-02 2.419581392333333042e+03
2.000000000000000000e+04 5.000000000000000000e+01 -5.865400000000000000e+04 2.010985366666666607e+01 7.207433333333333747e-02 4.423478333333332735e+00 1.524499999999999987e-02 2.452446666666666941e-01 1.174533333333333505e-02 1.000000000000000000e+00 5.300748666666666331e+00 1.246833333333333647e-02 3.043432074333333276e+03
2.000000000000000000e+04 4.050000000000000000e+03 -5.865400000000000000e+04 2.105324200000000090e+01 8.214700000000001168e-02 6.078069333333332658e+00 1.379433333333333379e-02 2.365179666666666680e+00 1.163166666666666516e-02 1.000000000000000000e+00 5.271504333333333570e+00 1.442800000000000159e-02 1.140054540666666753e+03
2.000000000000000000e+04 8.050000000000000000e+03 -5.865400000000000000e+04 1.967288866666666536e+01 7.920133333333333192e-02 7.149640666666666533e+00 1.462966666666666582e-02 -1.069644000000000039e+00 1.065200000000000001e-02 1.000000000000000000e+00 5.265525666666666105e+00 1.328600000000000093e-02 1.763771548666666604e+03
2.400000000000000000e+04 -3.950000000000000000e+03 -5.865400000000000000e+04 1.933908166666666517e+01 6.684366666666667622e-02 4.520433666666666461e+00 1.487766666666666925e-02 -4.016570999999999891e+00 1.616966666666666552e-02 1.000000000000000000e+00 5.286274666666666455e+00 1.252333333333333250e-02 2.427945204000000103e+03
2.400000000000000000e+04 5.000000000000000000e+01 -5.865400000000000000e+04 2.012598433333333503e+01 8.668766666666666287e-02 4.200457000000000107e+00 1.273266666666666817e-02 3.051986666666666737e-01 1.182633333333333280e-02 1.000000000000000000e+00 5.288014666666666308e+00 1.681866666666666579e-02 3.051791886000000432e+03
2.400000000000000000e+04 4.050000000000000000e+03 -5.865400000000000000e+04 2.142510500000000206e+01 7.276066666666668181e-02 6.094510666666667298e+00 1.095633333333333355e-02 2.978227666666666718e+00 1.279699999999999761e-02 1.000000000000000000e+00 5.276830666666666225e+00 1.751700000000000132e-02 1.148419019333333381e+03
2.400000000000000000e+04 8.050000000000000000e+03 -5.865400000000000000e+04 1.973942899999999767e+01 7.008933333333333682e-02 7.264398333333333291e+00 1.507933333333333348e-02 -1.078789666666666536e+00 1.053733333333333431e-02 1.000000000000000000e+00 5.262414666666666463e+00 1.265066666666666596e-02 1.772136360666666633e+03
2.800000000000000000e+04 -3.950000000000000000e+03 -5.865400000000000000e+04 1.923722700000000074e+01 6.744033333333332436e-02 4.572300666666666125e+00 1.599000000000000074e-02 -4.673743666666666741e+00 1.866766666666666921e-02 1.000000000000000000e+00 5.247457333333333196e+00 2.726633333333333686e-02 2.436308348999999907e+03
2.800000000000000000e+04 5.000000000000000000e+01 -5.865400000000000000e+04 2.013912833333333197e+01 7.203866666666668139e-02 4.018631666666666824e+00 1.229966666666666708e-02 3.827236666666666842e-01 1.208700000000000052e-02 1.000000000000000000e+00 5.262926333333332707e+00 2.497933333333333603e-02 3.060154031000000032e+03
2.800000000000000000e+04 4.050000000000000000e+03 -5.865400000000000000e+04 2.179874366666666674e+01 7.665133333333333521e-02 6.160870333333332560e+00 1.170566666666666457e-02 3.579334333333333173e+00 1.666700000000000126e-02 1.000000000000000000e+00 5.227747666666666682e+00 1.871566666666666864e-02 1.156781830666666792e+03
2.800000000000000000e+04 8.050000000000000000e+03 -5.865400000000000000e+04 1.977217266666666617e+01 7.508366666666667355e-02 7.428507666666667397e+00 1.277299999999999963e-02 -1.065714999999999968e+00 1.144366666666666622e-02 1.000000000000000000e+00 5.218128333333333480e+00 2.188533333333332956e-02 1.780500505666666868e+03
