4.525000000000000000e+03 4.050000000000000000e+03 -7.000000000000000000e+04 -6.646592667971983559e+00 4.713304654002749977e-02 3.225043509909704564e+00 9.084335681049932401e-03 2.389123126133118191e+01 1.059982504995272794e-02 1.000000000000000000e+00 9.330581000000000458e+00 1.215800000000000040e-02 2.595948500000000081e+01
4.525000000000000000e+03 4.050000000000000000e+03 -7.000000000000000000e+04 -6.688421213306460444e+00 4.201915366053718404e-02 2.854683330652366013e+00 1.033746137084647770e-02 -1.008483028027347039e+01 8.221294731270881173e-03 0.000000000000000000e+00 -2.337670800000000071e+01 2.186799999999999855e-02 3.640308199999999772e+01
4.525000000000000000e+03 4.050000000000000000e+03 -6.650000000000000000e+04 -6.697183020143922860e+00 4.878639341380436312e-02 2.875778624742193035e+00 1.098502852759592613e-02 2.374659267723605183e+01 6.833864786591156183e-03 1.000000000000000000e+00 9.322931000000000523e+00 1.336200000000000061e-02 5.064389700000000261e+01
4.525000000000000000e+03 4.050000000000000000e+03 -6.650000000000000000e+04 -6.655069359672121543e+00 5.839964225214630544e-02 2.918314879407927442e+00 8.158232884557980319e-03 -1.024053989598207615e+01 1.028781735951047119e-02 0.000000000000000000e+00 -2.338950300000000126e+01 2.309900000000000148e-02 6.098648800000000136e+01
4.525000000000000000e+03 4.050000000000000000e+03 -6.300000000000000000e+04 -6.700017897365274422e+00 4.804601446562315609e-02 2.776744784663861765e+00 8.448404095120985377e-03 2.354956215999448688e+01 9.272879607472249083e-03 1.000000000000000000e+00 9.312659999999999272e+00 5.897000000000000332e-03 7.522530199999999923e+01
4.525000000000000000e+03 4.050000000000000000e+03 -6.300000000000000000e+04 -6.665301143649504212e+00 4.727532877661640848e-02 2.811153062588544582e+00 8.382660962666420648e-03 -1.043838055675384346e+01 7.958793454275206458e-03 0.000000000000000000e+00 -2.339444599999999852e+01 1.716000000000000164e-02 8.556389400000000478e+01
4.525000000000000000e+03 4.050000000000000000e+03 -5.950000000000000000e+04 -6.722168914149038166e+00 5.061188254835868872e-02 2.680129949810948986e+00 7.347192300982434941e-03 2.334495208339074424e+01 7.754963842825419833e-03 1.000000000000000000e+00 9.315913000000000110e+00 7.052000000000000109e-03 9.980370899999999779e+01
4.525000000000000000e+03 4.050000000000000000e+03 -5.950000000000000000e+04 -6.680547523598957760e+00 3.353394628446810383e-02 2.751912969868389069e+00 9.430015793471404825e-03 -1.064305498936804462e+01 9.815566755174537014e-03 0.000000000000000000e+00 -2.340859199999999873e+01 1.950700000000000003e-02 1.101432999999999964e+02
4.525000000000000000e+03 4.050000000000000000e+03 -5.600000000000000000e+04 -6.701814908067890819e+00 6.445153168236210373e-02 2.608863065625050215e+00 1.107969486814332043e-02 2.314557387693406199e+01 9.829328177770492794e-03 1.000000000000000000e+00 9.322309999999999874e+00 9.851999999999999647e-03 1.243831140000000062e+02
4.525000000000000000e+03 4.050000000000000000e+03 -5.600000000000000000e+04 -6.667579483062103129e+00 6.029958209032638961e-02 2.658840052593852477e+00 8.737178063253985341e-03 -1.084470021609717172e+01 9.243482310416502312e-03 0.000000000000000000e+00 -2.339059599999999861e+01 1.859500000000000042e-02 1.347197050000000047e+02
4.525000000000000000e+03 4.050000000000000000e+03 -5.250000000000000000e+04 -6.718434809917972039e+00 4.035956836408158277e-02 2.551143052711848824e+00 1.076572967482265601e-02 2.293114927339987474e+01 8.801529187230381149e-03 1.000000000000000000e+00 9.317159999999999442e+00 1.483899999999999976e-02 1.489595199999999977e+02
4.525000000000000000e+03 4.050000000000000000e+03 -5.250000000000000000e+04 -6.677280559867577736e+00 6.600644758551629798e-02 2.601159236762583760e+00 8.414764050509421223e-03 -1.105203735290544742e+01 9.223421009297074272e-03 0.000000000000000000e+00 -2.339490800000000092e+01 1.450899999999999933e-02 1.593001109999999869e+02
4.525000000000000000e+03 4.050000000000000000e+03 -4.900000000000000000e+04 -6.735785737540838092e+00 3.966752746168862587e-02 2.500038408765695941e+00 6.195371963009358753e-03 2.271865464933431866e+01 7.942596006101310113e-03 1.000000000000000000e+00 9.304821000000000453e+00 9.875999999999999363e-03 1.735419259999999895e+02
4.525000000000000000e+03 4.050000000000000000e+03 -4.900000000000000000e+04 -6.718545634338577877e+00 3.796452947892436924e-02 2.513347315830163797e+00 9.098715033726790732e-03 -1.126152238932824368e+01 9.853325640559962295e-03 0.000000000000000000e+00 -2.339398900000000125e+01 1.458399999999999974e-02 1.838825170000000071e+02
4.525000000000000000e+03 4.050000000000000000e+03 -4.550000000000000000e+04 -6.764290496152169929e+00 3.994829482235948137e-02 2.398915556516226122e+00 1.075458470306479321e-02 2.249479082198063296e+01 6.659171318599030158e-03 1.000000000000000000e+00 9.315302000000000859e+00 9.731000000000000066e-03 1.981213319999999953e+02
4.525000000000000000e+03 4.050000000000000000e+03 -4.550000000000000000e+04 -6.716415958522756746e+00 5.337460304137491007e-02 2.446986818466819980e+00 8.468259862237911828e-03 -1.148206187853734406e+01 7.720012375719513716e-03 0.000000000000000000e+00 -2.340454400000000135e+01 2.329699999999999827e-02 2.084599230000000034e+02
4.525000000000000000e+03 4.050000000000000000e+03 -4.200000000000000000e+04 -6.757423012583672062e+00 6.223194624074360193e-02 2.307362359708481137e+00 1.187579925203238913e-02 2.226745116855273210e+01 8.175875562569845725e-03 1.000000000000000000e+00 9.318709000000000131e+00 7.583000000000000330e-03 2.226987379999999916e+02
4.525000000000000000e+03 4.050000000000000000e+03 -4.200000000000000000e+04 -6.759321837611907746e+00 5.581018849284268002e-02 2.366020606754946964e+00 1.152695038631583978e-02 -1.170362422001850433e+01 9.797774195437676872e-03 0.000000000000000000e+00 -2.341132400000000047e+01 2.579899999999999902e-02 2.330383290000000045e+02
4.525000000000000000e+03 4.050000000000000000e+03 -3.850000000000000000e+04 -6.779206141748117531e+00 3.905807407114612884e-02 2.243406678578326652e+00 9.788524483501847770e-03 2.203151716561762541e+01 6.331141152173739954e-03 1.000000000000000000e+00 9.318436000000000163e+00 7.701999999999999645e-03 2.472841430000000003e+02
4.525000000000000000e+03 4.050000000000000000e+03 -3.850000000000000000e+04 -6.771117337089735955e+00 5.171953927840947790e-02 2.251501245389673667e+00 1.009565822340197094e-02 -1.192748889570129123e+01 1.115059226522593233e-02 0.000000000000000000e+00 -2.339317399999999836e+01 1.330500000000000085e-02 2.576287360000000035e+02
4.525000000000000000e+03 4.050000000000000000e+03 -3.500000000000000000e+04 -6.786535159360045810e+00 4.350158571358647697e-02 2.169258754097739494e+00 7.681662298604776014e-03 2.179346892435323824e+01 6.837755313966899402e-03 1.000000000000000000e+00 9.308908999999999878e+00 5.987000000000000134e-03 2.718735500000000229e+02
4.525000000000000000e+03 4.050000000000000000e+03 -3.500000000000000000e+04 -6.802731364904374800e+00 5.561837678866533852e-02 2.197275588325698692e+00 7.894074755729710638e-03 -1.216025804296809554e+01 8.703534462791795087e-03 0.000000000000000000e+00 -2.340709700000000026e+01 2.469000000000000014e-02 2.822191419999999766e+02
4.525000000000000000e+03 4.050000000000000000e+03 -3.500000000000000000e+04 -6.811292279566822927e+00 3.444456242589547662e-02 2.177316117586754363e+00 7.411417202664296808e-03 2.179750937960891122e+01 7.482737489491467914e-03 1.000000000000000000e+00 9.288702999999999932e+00 1.023800000000000057e-02 2.925627339999999776e+02
4.525000000000000000e+03 4.050000000000000000e+03 -3.500000000000000000e+04 -6.800515103275457385e+00 4.266319631368709758e-02 2.224842116816459381e+00 9.280435107861693608e-03 -1.216364511565115158e+01 1.147549744057154396e-02 0.000000000000000000e+00 -2.340700700000000012e+01 2.247400000000000092e-02 3.029053250000000048e+02
4.525000000000000000e+03 4.050000000000000000e+03 -3.850000000000000000e+04 -6.782920701943702113e+00 5.113543196659538215e-02 2.233550898267938845e+00 1.133291785072316343e-02 2.201288394458563857e+01 8.291876300238473080e-03 1.000000000000000000e+00 9.294822999999999169e+00 1.854000000000000092e-02 3.171521399999999744e+02
4.525000000000000000e+03 4.050000000000000000e+03 -3.850000000000000000e+04 -6.768043351540660169e+00 3.380680227324350806e-02 2.292607023697378121e+00 7.525768692261254784e-03 -1.194815033390297465e+01 8.100253554574577200e-03 0.000000000000000000e+00 -2.341684700000000063e+01 1.082200000000000002e-02 3.274967320000000086e+02
4.525000000000000000e+03 4.050000000000000000e+03 -4.200000000000000000e+04 -6.758315555701907229e+00 7.278213045001181991e-02 2.331192078723588690e+00 1.334640172535855873e-02 2.224348374431809106e+01 9.331202824009839775e-03 1.000000000000000000e+00 9.296661000000000286e+00 1.215699999999999940e-02 3.417405459999999948e+02
4.525000000000000000e+03 4.050000000000000000e+03 -4.200000000000000000e+04 -6.745198533342347424e+00 6.281920934670839896e-02 2.364299699017327061e+00 1.073192851102446575e-02 -1.172156176831999019e+01 8.866963431112446364e-03 0.000000000000000000e+00 -2.340327699999999922e+01 1.923000000000000057e-02 3.520851379999999722e+02
4.525000000000000000e+03 4.050000000000000000e+03 -4.550000000000000000e+04 -6.752862361203317398e+00 3.913611891659347919e-02 2.399414552733449391e+00 9.980123164418147966e-03 2.247675642966023091e+01 8.794190967297586120e-03 1.000000000000000000e+00 9.294221999999999539e+00 1.116900000000000011e-02 3.663319529999999986e+02
4.525000000000000000e+03 4.050000000000000000e+03 -4.550000000000000000e+04 -6.724608936478063903e+00 4.601866161262790217e-02 2.437874877054551526e+00 9.981759371451565457e-03 -1.150147125423372430e+01 1.044872835482319774e-02 0.000000000000000000e+00 -2.342965200000000081e+01 1.605699999999999836e-02 3.766755440000000021e+02
4.525000000000000000e+03 4.050000000000000000e+03 -4.900000000000000000e+04 -6.739431087466710046e+00 5.250979521485860807e-02 2.454837898510667138e+00 9.620305984672266469e-03 2.270067239072748677e+01 7.307369790484874797e-03 1.000000000000000000e+00 9.294987000000000776e+00 6.427000000000000421e-03 3.909233590000000049e+02
4.525000000000000000e+03 4.050000000000000000e+03 -4.900000000000000000e+04 -6.711807999436565808e+00 5.299436123009843708e-02 2.484134491802746147e+00 1.027480138754482790e-02 -1.127960981994374023e+01 8.685925584550422546e-03 0.000000000000000000e+00 -2.340952599999999961e+01 3.311000000000000054e-02 4.012679509999999823e+02
4.525000000000000000e+03 4.050000000000000000e+03 -5.250000000000000000e+04 -6.729013748875986245e+00 5.303693343772045155e-02 2.545437453810649675e+00 7.952365524965792493e-03 2.291748981507602068e+01 8.497952640497973692e-03 1.000000000000000000e+00 9.289766000000000190e+00 1.076200000000000073e-02 4.155127659999999992e+02
4.525000000000000000e+03 4.050000000000000000e+03 -5.250000000000000000e+04 -6.694066373958648342e+00 6.765406698575336664e-02 2.568711068077478732e+00 9.468716190423479354e-03 -1.106466786787052214e+01 1.224077881478172376e-02 0.000000000000000000e+00 -2.340893000000000157e+01 3.010900000000000035e-02 4.258583570000000122e+02
4.525000000000000000e+03 4.050000000000000000e+03 -5.600000000000000000e+04 -6.700289170960611607e+00 4.929757938050687016e-02 2.610257304126332389e+00 1.110948289010284078e-02 2.313067270599749037e+01 8.577024258863679557e-03 1.000000000000000000e+00 9.285807999999999396e+00 9.778999999999999498e-03 4.401041720000000055e+02
4.525000000000000000e+03 4.050000000000000000e+03 -5.600000000000000000e+04 -6.695227831445554223e+00 6.581061721098764583e-02 2.649672066592379416e+00 1.344924180746270327e-02 -1.085661152527559814e+01 8.899266436805702146e-03 0.000000000000000000e+00 -2.338888700000000043e+01 2.540500000000000050e-02 4.504487639999999828e+02
4.525000000000000000e+03 4.050000000000000000e+03 -5.950000000000000000e+04 -6.677341205224338161e+00 4.534233483880131810e-02 2.697476478413553647e+00 7.692204278389890362e-03 2.333931067806926052e+01 6.802391837107405609e-03 1.000000000000000000e+00 9.311403000000000318e+00 1.143399999999999972e-02 4.646935789999999997e+02
4.525000000000000000e+03 4.050000000000000000e+03 -5.950000000000000000e+04 -6.680210771002351500e+00 5.288951530599328432e-02 2.724344302455067979e+00 8.546532007184661633e-03 -1.064653039333626516e+01 9.597909686346895938e-03 0.000000000000000000e+00 -2.341517299999999935e+01 3.091500000000000151e-02 4.750391710000000103e+02
4.525000000000000000e+03 4.050000000000000000e+03 -6.300000000000000000e+04 -6.635581555052175062e+00 4.247853863948703595e-02 2.747674735306919747e+00 1.062696991647056784e-02 2.354971013531040924e+01 5.671274940261384831e-03 1.000000000000000000e+00 9.293397000000000574e+00 1.287899999999999982e-02 4.892859849999999824e+02
4.525000000000000000e+03 4.050000000000000000e+03 -6.300000000000000000e+04 -6.665501782750146376e+00 4.203469634406186567e-02 2.797216742336683382e+00 1.207935573720797864e-02 -1.043627692755912939e+01 8.135543573510779086e-03 0.000000000000000000e+00 -2.341119899999999987e+01 2.063399999999999956e-02 4.996305770000000166e+02
4.525000000000000000e+03 4.050000000000000000e+03 -6.650000000000000000e+04 -6.609648954590089609e+00 7.035964184869500371e-02 2.844194936730784384e+00 1.015142406226435604e-02 2.374503043390829404e+01 1.091990853585541980e-02 1.000000000000000000e+00 9.307021999999999906e+00 1.391500000000000029e-02 5.138773919999999862e+02
4.525000000000000000e+03 4.050000000000000000e+03 -6.650000000000000000e+04 -6.685122583742453273e+00 6.110790146365329550e-02 2.869621876088498169e+00 1.010114259798266211e-02 -1.023765179959994498e+01 1.218315053357136440e-02 0.000000000000000000e+00 -2.341805899999999951e+01 1.120600000000000068e-02 5.242189839999999776e+02
4.525000000000000000e+03 4.050000000000000000e+03 -7.000000000000000000e+04 -6.587007814884769274e+00 6.767858373633436897e-02 3.226419164693020480e+00 1.387452607184958692e-02 2.391201072192313148e+01 1.088940561856082193e-02 1.000000000000000000e+00 9.295249999999999346e+00 1.576200000000000170e-02 5.384637979999999970e+02
4.525000000000000000e+03 4.050000000000000000e+03 -7.000000000000000000e+04 -6.706438567897898828e+00 6.164039927837632743e-02 2.851854015682107502e+00 1.377557208747859190e-02 -1.006299910404942111e+01 1.489387093622824600e-02 0.000000000000000000e+00 -2.340323199999999915e+01 1.882699999999999999e-02 5.488103899999999840e+02
4.525000000000000000e+03 4.050000000000000000e+03 -7.000000000000000000e+04 -6.572175501363753725e+00 6.069577053185921250e-02 3.216521769770266825e+00 1.033450952541516664e-02 2.392607068687178185e+01 1.301251310904220568e-02 1.000000000000000000e+00 9.296015000000000583e+00 2.020500000000000074e-02 5.591589820000000373e+02
4.525000000000000000e+03 4.050000000000000000e+03 -7.000000000000000000e+04 -6.685820148701230536e+00 6.109947092861557627e-02 2.864729650380376302e+00 1.108717597805751812e-02 -1.006471816191557522e+01 9.440698283222696136e-03 0.000000000000000000e+00 -2.338630500000000012e+01 1.859200000000000089e-02 5.695045740000000478e+02
4.525000000000000000e+03 4.050000000000000000e+03 -6.650000000000000000e+04 -6.633671312856103341e+00 5.169114022404205921e-02 2.873208081823545701e+00 7.668021715933595953e-03 2.376291149215901655e+01 6.658861712214181154e-03 1.000000000000000000e+00 9.300276999999999461e+00 7.344999999999999966e-03 5.837503890000000411e+02
4.525000000000000000e+03 4.050000000000000000e+03 -6.650000000000000000e+04 -6.667239218391046940e+00 4.476875019643794529e-02 2.888720185037967347e+00 8.260617741062827035e-03 -1.022321648457121412e+01 1.235345936913931873e-02 0.000000000000000000e+00 -2.342485399999999984e+01 2.371200000000000044e-02 5.940949799999999641e+02
4.525000000000000000e+03 4.050000000000000000e+03 -6.300000000000000000e+04 -6.670066824213016332e+00 4.648580642164099053e-02 2.751978422437313387e+00 1.128347916279892268e-02 2.356674058859233867e+01 8.140654292647779913e-03 1.000000000000000000e+00 9.312018999999999380e+00 1.198199999999999960e-02 6.083387950000000046e+02
4.525000000000000000e+03 4.050000000000000000e+03 -6.300000000000000000e+04 -6.669903648013212560e+00 4.422914288368631763e-02 2.803592184293960177e+00 1.034243955440238005e-02 -1.042122103621868590e+01 8.117957491758214308e-03 0.000000000000000000e+00 -2.339688900000000160e+01 9.013000000000000178e-03 6.186833860000000413e+02
4.525000000000000000e+03 4.050000000000000000e+03 -5.950000000000000000e+04 -6.674824806848199898e+00 3.791225755358492572e-02 2.700375436001817064e+00 8.665575607848551021e-03 2.336430191387532318e+01 7.809433563025126694e-03 1.000000000000000000e+00 9.308825000000000571e+00 5.970999999999999745e-03 6.329282009999999445e+02
4.525000000000000000e+03 4.050000000000000000e+03 -5.950000000000000000e+04 -6.648935408963748017e+00 4.739473073872170483e-02 2.730695312780493378e+00 1.074146277927996371e-02 -1.062408618147216188e+01 8.325684390211581659e-03 0.000000000000000000e+00 -2.340829899999999952e+01 1.975999999999999979e-02 6.432757930000000215e+02
4.525000000000000000e+03 4.050000000000000000e+03 -5.600000000000000000e+04 -6.688369284863304287e+00 6.102968659837105375e-02 2.581391277176463106e+00 1.270547521110226494e-02 2.316157676523825870e+01 1.222428252964873237e-02 1.000000000000000000e+00 9.302889000000000408e+00 1.266100000000000038e-02 6.575196079999999483e+02
4.525000000000000000e+03 4.050000000000000000e+03 -5.600000000000000000e+04 -6.676318052714727003e+00 5.521918724345016571e-02 2.609100796425888991e+00 1.276695376379801718e-02 -1.082326998860692058e+01 1.155634530315856508e-02 0.000000000000000000e+00 -2.338693500000000114e+01 2.967200000000000046e-02 6.678661990000000515e+02
4.525000000000000000e+03 4.050000000000000000e+03 -5.250000000000000000e+04 -6.708056545563302997e+00 5.201966254026946929e-02 2.523073762136488707e+00 7.862197509863388944e-03 2.294706942178425635e+01 6.803774284350117517e-03 1.000000000000000000e+00 9.306893000000000526e+00 9.348000000000000406e-03 6.821120140000000447e+02
4.525000000000000000e+03 4.050000000000000000e+03 -5.250000000000000000e+04 -6.692691481717032431e+00 4.229376036857190185e-02 2.570729228359714735e+00 9.163020674837114160e-03 -1.104129235507616613e+01 1.033594906132593617e-02 0.000000000000000000e+00 -2.339953200000000066e+01 1.950899999999999856e-02 6.924546060000000125e+02
4.525000000000000000e+03 4.050000000000000000e+03 -4.900000000000000000e+04 -6.719908815835456295e+00 4.506380947675780319e-02 2.473834637535407666e+00 9.229325551854057272e-03 2.272935824608829591e+01 7.534631928658965666e-03 1.000000000000000000e+00 9.299312999999999718e+00 6.922000000000000201e-03 7.067014209999999821e+02
4.525000000000000000e+03 4.050000000000000000e+03 -4.900000000000000000e+04 -6.692725767599763564e+00 4.347239132434468911e-02 2.516770278064450750e+00 8.783251543648442836e-03 -1.125159657550103454e+01 1.145662715916154900e-02 0.000000000000000000e+00 -2.340347600000000128e+01 2.035000000000000003e-02 7.170450120000000425e+02
4.525000000000000000e+03 4.050000000000000000e+03 -4.550000000000000000e+04 -6.739761164037705754e+00 4.762240799579210704e-02 2.420423131689638296e+00 7.843238709387866797e-03 2.250863663124475167e+01 8.547312398050984153e-03 1.000000000000000000e+00 9.308412999999999826e+00 8.869000000000000147e-03 7.312878269999999929e+02
4.525000000000000000e+03 4.050000000000000000e+03 -4.550000000000000000e+04 -6.713905866621099783e+00 6.889559650077838049e-02 2.431742787711677067e+00 8.864550301907574148e-03 -1.146815571098544417e+01 9.080714880827799734e-03 0.000000000000000000e+00 -2.341219800000000006e+01 1.585999999999999910e-02 7.416314190000000508e+02
4.525000000000000000e+03 4.050000000000000000e+03 -4.200000000000000000e+04 -6.706893878047068824e+00 5.396064478029555939e-02 2.316431468678745276e+00 1.300716591404045032e-02 2.227898062259302492e+01 9.855347927870733785e-03 1.000000000000000000e+00 9.293874000000000635e+00 1.316499999999999962e-02 7.558752339999999776e+02
4.525000000000000000e+03 4.050000000000000000e+03 -4.200000000000000000e+04 -6.743117164834132815e+00 4.337546321251641024e-02 2.347142803137518996e+00 1.001611641423007237e-02 -1.169018501971688728e+01 1.101888579105106750e-02 0.000000000000000000e+00 -2.337560099999999963e+01 1.999400000000000135e-02 7.662208249999999907e+02
4.525000000000000000e+03 4.050000000000000000e+03 -3.850000000000000000e+04 -6.761208524951796583e+00 5.681533988450516298e-02 2.240625316861593497e+00 8.034517668639388349e-03 2.204066742084102870e+01 7.798083972392193600e-03 1.000000000000000000e+00 9.319637999999999423e+00 1.286400000000000043e-02 7.804656400000000076e+02
4.525000000000000000e+03 4.050000000000000000e+03 -3.850000000000000000e+04 -6.766045714042244086e+00 4.643938602889541301e-02 2.271996634192491538e+00 9.246779415938478214e-03 -1.191750597856823468e+01 1.006799889214389683e-02 0.000000000000000000e+00 -2.339931800000000095e+01 3.269099999999999784e-02 7.908082309999999779e+02
4.525000000000000000e+03 4.050000000000000000e+03 -3.500000000000000000e+04 -6.774798113183861936e+00 5.642215773252495792e-02 2.168845143434468437e+00 1.010647620471017208e-02 2.179775622353540143e+01 8.036791432512188985e-03 1.000000000000000000e+00 9.311348000000000624e+00 1.116499999999999958e-02 8.050560460000000376e+02
4.525000000000000000e+03 4.050000000000000000e+03 -3.500000000000000000e+04 -6.807061365260354435e+00 4.635634091705738424e-02 2.199482987129984579e+00 8.962149596862704209e-03 -1.215233800348359416e+01 9.659222555930978629e-03 0.000000000000000000e+00 -2.340677900000000022e+01 1.315099999999999950e-02 8.154006379999999581e+02
