2.525000000000000000e+03 4.050000000000000000e+03 -5.203200000000000000e+04 -6.754489986389947020e+00 6.980969168546773129e-02 2.630519950304604837e+00 1.466365207711505143e-02 2.283443976226989491e+01 9.539228928024289650e-03 1.000000000000000000e+00 9.300599000000000061e+00 1.026299999999999955e-02 8.432462309999999661e+02
2.525000000000000000e+03 4.050000000000000000e+03 -5.203200000000000000e+04 -6.738879401884371845e+00 7.272555087844546906e-02 2.630558971370522414e+00 1.386341998089298498e-02 -1.114357624750670439e+01 1.273280918964918122e-02 0.000000000000000000e+00 -2.341227699999999956e+01 1.435499999999999970e-02 8.536928279999999631e+02
4.525000000000000000e+03 4.050000000000000000e+03 -5.203200000000000000e+04 -6.760595154022015052e+00 6.814917389661186153e-02 2.397813876312218540e+00 1.452756431105329399e-02 2.290377720182748789e+01 1.519818223991165757e-02 1.000000000000000000e+00 9.320989000000000857e+00 9.579000000000000709e-03 8.664385569999999461e+02
4.525000000000000000e+03 4.050000000000000000e+03 -5.203200000000000000e+04 -6.752043557910445415e+00 7.922309120478610023e-02 2.396328377052688197e+00 1.195256369975567293e-02 -1.109286476644640729e+01 1.415257322755930115e-02 0.000000000000000000e+00 -2.342497799999999941e+01 1.822299999999999962e-02 8.767831489999999803e+02
8.525000000000000000e+03 4.050000000000000000e+03 -5.203200000000000000e+04 -6.795554279924712837e+00 6.900176663963984713e-02 1.799360114224550333e+00 1.173347403747754085e-02 2.303691474108510207e+01 7.839001379035861680e-03 1.000000000000000000e+00 9.293397000000000574e+00 1.041000000000000085e-02 8.915289920000000166e+02
8.525000000000000000e+03 4.050000000000000000e+03 -5.203200000000000000e+04 -6.771340730745023073e+00 6.986560312260857442e-02 1.783778838567642300e+00 1.023934905874451795e-02 -1.094736440605220729e+01 8.495982531016271766e-03 0.000000000000000000e+00 -2.340335599999999872e+01 1.187700000000000040e-02 9.018775839999999562e+02
1.252500000000000000e+04 4.050000000000000000e+03 -5.203200000000000000e+04 -6.877325560792291625e+00 6.276864770492306123e-02 1.189167353850997699e+00 1.387907211776272763e-02 2.318753055363485771e+01 8.941765622358726143e-03 1.000000000000000000e+00 9.292657000000000167e+00 1.444900000000000004e-02 9.166234279999999899e+02
1.252500000000000000e+04 4.050000000000000000e+03 -5.203200000000000000e+04 -6.781180244907825561e+00 6.498796631682096647e-02 1.154349258947755752e+00 9.055283435445371509e-03 -1.080543229211870049e+01 1.135335976297293346e-02 0.000000000000000000e+00 -2.339180299999999946e+01 2.187700000000000061e-02 9.269690190000000030e+02
1.652500000000000000e+04 4.050000000000000000e+03 -5.203200000000000000e+04 -6.926569666493811894e+00 6.127368120043279881e-02 5.388574327056107061e-01 1.128278280695256715e-02 2.339210129775826275e+01 1.122686048184726865e-02 1.000000000000000000e+00 9.277720999999999663e+00 1.146900000000000003e-02 9.417158630000000130e+02
1.652500000000000000e+04 4.050000000000000000e+03 -5.203200000000000000e+04 -6.799246264903006320e+00 7.438991080804373268e-02 5.009219990160524993e-01 1.182462739385877620e-02 -1.062547954285293628e+01 1.259412350930789667e-02 0.000000000000000000e+00 -2.341228699999999918e+01 2.025100000000000164e-02 9.520564540000000306e+02
2.052500000000000000e+04 4.050000000000000000e+03 -5.203200000000000000e+04 -6.936298470937852123e+00 7.193776150382576173e-02 -8.547496190993744691e-02 1.406419165377565707e-02 2.363862986241031194e+01 1.009037521326900354e-02 1.000000000000000000e+00 9.283979999999999677e+00 8.103000000000000827e-03 9.668022979999999507e+02
2.052500000000000000e+04 4.050000000000000000e+03 -5.203200000000000000e+04 -6.818596520320298282e+00 6.297960901931408395e-02 -9.304957383951667493e-02 1.324682715274845199e-02 -1.042244920644923134e+01 1.354977871256717731e-02 0.000000000000000000e+00 -2.341209800000000030e+01 7.986000000000000043e-03 9.771478899999999612e+02
2.452500000000000000e+04 4.050000000000000000e+03 -5.203200000000000000e+04 -6.935175886441295567e+00 6.372871130635868187e-02 -6.243041833123486040e-01 1.208391072917990895e-02 2.391282725744005688e+01 1.272542288963321271e-02 1.000000000000000000e+00 9.303098000000000312e+00 7.755999999999999873e-03 9.918927330000000211e+02
2.452500000000000000e+04 4.050000000000000000e+03 -5.203200000000000000e+04 -6.847237549205683393e+00 7.286420585489719604e-02 -6.491431166088321714e-01 1.223353533839435965e-02 -1.017852273387435957e+01 1.470873034151559157e-02 0.000000000000000000e+00 -2.341113999999999962e+01 2.220300000000000051e-02 1.002337329999999952e+03
2.852500000000000000e+04 4.050000000000000000e+03 -5.203200000000000000e+04 -6.861902015457946646e+00 9.029439775112889366e-02 -1.213920683596435790e+00 1.288690683501922743e-02 2.423850646576469714e+01 1.169197096243675821e-02 1.000000000000000000e+00 9.317249000000000336e+00 1.089599999999999944e-02 1.017084173999999962e+03
2.852500000000000000e+04 4.050000000000000000e+03 -5.203200000000000000e+04 -6.872645688801952701e+00 6.362073780313386162e-02 -1.218799131077049624e+00 1.756710361807447759e-02 -9.905172876595628395e+00 1.011693411349155747e-02 0.000000000000000000e+00 -2.341282400000000052e+01 1.591100000000000153e-02 1.027428765000000112e+03
2.852500000000000000e+04 4.050000000000000000e+03 -5.203200000000000000e+04 -6.887542880712131499e+00 7.380185761856312976e-02 -1.221779767019502305e+00 1.011852799270923121e-02 2.424284371567286556e+01 9.455162838899019290e-03 1.000000000000000000e+00 9.260322000000000386e+00 2.466000000000000136e-02 1.037774357000000009e+03
2.852500000000000000e+04 4.050000000000000000e+03 -5.203200000000000000e+04 -6.873402830563622778e+00 6.876256015301419888e-02 -1.222025576476893471e+00 9.684990775380321673e-03 -9.905774079086112849e+00 1.116277057382711324e-02 0.000000000000000000e+00 -2.342312499999999886e+01 1.919900000000000079e-02 1.048121949000000086e+03
2.452500000000000000e+04 4.050000000000000000e+03 -5.203200000000000000e+04 -6.718759041604682736e+00 5.275515751502928702e-02 -6.836671124414225309e-01 1.174007019994651423e-02 2.396369052026483004e+01 1.065515313192525598e-02 1.000000000000000000e+00 9.280542999999999765e+00 1.453800000000000057e-02 1.062868793000000096e+03
2.452500000000000000e+04 4.050000000000000000e+03 -5.203200000000000000e+04 -6.917035750125099192e+00 6.601857507001866743e-02 -6.407919125965052531e-01 1.340003160404681405e-02 -1.012317159930642596e+01 1.086399888323157439e-02 0.000000000000000000e+00 -2.342893199999999965e+01 2.327100000000000002e-02 1.073215384000000086e+03
2.052500000000000000e+04 4.050000000000000000e+03 -5.203200000000000000e+04 -6.699460293057660110e+00 6.599184780794428717e-02 -1.301280461283747525e-01 1.197361297260943896e-02 2.370787235302966423e+01 1.321250257427716499e-02 1.000000000000000000e+00 9.281437000000000381e+00 1.345999999999999974e-02 1.087960227000000032e+03
2.052500000000000000e+04 4.050000000000000000e+03 -5.203200000000000000e+04 -6.954239671815209967e+00 6.407314717071643795e-02 -8.479124453941799811e-02 1.323209240990996099e-02 -1.034416085973850130e+01 1.482920874811993056e-02 0.000000000000000000e+00 -2.341389200000000059e+01 2.047399999999999914e-02 1.098305820000000040e+03
1.652500000000000000e+04 4.050000000000000000e+03 -5.203200000000000000e+04 -6.712077664364375806e+00 5.860240270777551663e-02 4.764395891689944817e-01 1.335137726183642862e-02 2.345663571380694279e+01 1.141291759752176976e-02 1.000000000000000000e+00 9.278083999999999776e+00 1.303799999999999924e-02 1.113051662999999962e+03
1.652500000000000000e+04 4.050000000000000000e+03 -5.203200000000000000e+04 -6.937107604598904409e+00 6.349164744101506996e-02 5.255638525016852469e-01 1.107548435743254886e-02 -1.055957385953924899e+01 1.361067733340667538e-02 0.000000000000000000e+00 -2.343864200000000153e+01 1.051999999999999984e-02 1.123395254000000023e+03
1.252500000000000000e+04 4.050000000000000000e+03 -5.203200000000000000e+04 -6.754470494736865227e+00 4.882998434560630041e-02 1.153231864396144779e+00 1.185637983408725088e-02 2.323055309648342259e+01 1.114181089579660902e-02 1.000000000000000000e+00 9.284337000000000728e+00 1.405600000000000079e-02 1.138141098000000056e+03
1.252500000000000000e+04 4.050000000000000000e+03 -5.203200000000000000e+04 -6.860535094787966415e+00 5.599467491533910435e-02 1.178706201419227106e+00 1.227429859879773481e-02 -1.077026494530461953e+01 1.387488792866614640e-02 0.000000000000000000e+00 -2.344072900000000104e+01 3.413000000000000062e-02 1.148487689000000046e+03
8.525000000000000000e+03 4.050000000000000000e+03 -5.203200000000000000e+04 -6.752265452591016626e+00 4.436589674949302509e-02 1.801284655900231568e+00 1.451934209365217908e-02 2.304429873027874365e+01 1.077785214135102906e-02 1.000000000000000000e+00 9.272942999999999714e+00 1.350200000000000011e-02 1.163233533000000079e+03
8.525000000000000000e+03 4.050000000000000000e+03 -5.203200000000000000e+04 -6.779214585962578532e+00 7.129781732450383991e-02 1.836352173590799719e+00 7.486112520760630426e-03 -1.094014592397106256e+01 1.271761943479179924e-02 0.000000000000000000e+00 -2.343462900000000104e+01 2.049000000000000127e-02 1.173579124999999976e+03
4.525000000000000000e+03 4.050000000000000000e+03 -5.203200000000000000e+04 -6.743128317843173569e+00 5.638680507348946269e-02 2.382065243962147694e+00 1.327958910943156760e-02 2.289789528861801671e+01 1.008474370963236694e-02 1.000000000000000000e+00 9.301802000000000348e+00 1.314500000000000043e-02 1.188324967999999899e+03
4.525000000000000000e+03 4.050000000000000000e+03 -5.203200000000000000e+04 -6.765105791162228321e+00 4.723715869974232096e-02 2.371085344020216201e+00 1.355390654277409054e-02 -1.108118108771077104e+01 1.571704579127721282e-02 0.000000000000000000e+00 -2.341883899999999841e+01 1.808799999999999991e-02 1.198671559999999999e+03
2.525000000000000000e+03 4.050000000000000000e+03 -5.203200000000000000e+04 -6.742171694204059484e+00 5.187978026169830226e-02 2.611776514263895788e+00 1.064920742144850017e-02 2.285052169688644597e+01 1.064289919584245070e-02 1.000000000000000000e+00 9.289388999999999896e+00 1.581899999999999973e-02 1.211418288999999959e+03
2.525000000000000000e+03 4.050000000000000000e+03 -5.203200000000000000e+04 -6.756782275539642058e+00 7.737036355864715387e-02 2.603615660146228805e+00 1.342767408911111661e-02 -1.114740556247863701e+01 1.526017687837789329e-02 0.000000000000000000e+00 -2.344063900000000089e+01 1.595799999999999996e-02 1.221864886999999953e+03
2.525000000000000000e+03 4.050000000000000000e+03 -5.203200000000000000e+04 -6.761466289230851245e+00 7.156472805357778910e-02 2.625095976800349007e+00 1.877026676344823591e-02 2.285299904455928299e+01 1.286340099843147518e-02 1.000000000000000000e+00 9.268890000000000740e+00 1.158799999999999934e-02 1.232208478000000014e+03
2.525000000000000000e+03 4.050000000000000000e+03 -5.203200000000000000e+04 -6.762477130588449015e+00 6.969444574858645047e-02 2.633232350632903618e+00 1.329755632367272261e-02 -1.114317069192694198e+01 1.193762252779377239e-02 0.000000000000000000e+00 -2.343415699999999902e+01 3.123499999999999888e-02 1.242554069999999911e+03
4.525000000000000000e+03 4.050000000000000000e+03 -5.203200000000000000e+04 -6.776853579950194550e+00 6.828454743349557376e-02 2.388440073050982271e+00 1.286576438054216377e-02 2.290077718103462701e+01 9.816711654473019716e-03 1.000000000000000000e+00 9.294361000000000317e+00 1.567599999999999896e-02 1.255299798999999894e+03
4.525000000000000000e+03 4.050000000000000000e+03 -5.203200000000000000e+04 -6.763432103680250052e+00 6.132202118242040256e-02 2.400906049620589844e+00 1.337161208228703803e-02 -1.108998643913524518e+01 9.950317302660239074e-03 0.000000000000000000e+00 -2.345497900000000158e+01 3.362600000000000311e-02 1.265645391000000018e+03
8.525000000000000000e+03 4.050000000000000000e+03 -5.203200000000000000e+04 -6.775104739585041891e+00 6.800568648601691690e-02 1.820138067085894429e+00 1.449909892374976091e-02 2.303730961801259269e+01 1.493557133038089096e-02 1.000000000000000000e+00 9.248037999999999315e+00 1.000900000000000054e-02 1.280391233999999940e+03
8.525000000000000000e+03 4.050000000000000000e+03 -5.203200000000000000e+04 -6.772375105622018054e+00 8.437679231080356945e-02 1.800653202683594190e+00 1.118670580230938377e-02 -1.095339785401304233e+01 1.067400818025256333e-02 0.000000000000000000e+00 -2.343134099999999975e+01 1.501300000000000030e-02 1.290737826000000041e+03
1.252500000000000000e+04 4.050000000000000000e+03 -5.203200000000000000e+04 -6.821822399872546683e+00 6.782070531873629626e-02 1.164343335047167027e+00 1.317478390355728696e-02 2.319782883671233620e+01 1.224368642050671641e-02 1.000000000000000000e+00 9.281803999999999277e+00 1.252799999999999921e-02 1.305483668999999963e+03
1.252500000000000000e+04 4.050000000000000000e+03 -5.203200000000000000e+04 -6.811902452212573955e+00 5.625633412099754344e-02 1.173687700001317280e+00 1.563865238370683308e-02 -1.080805906141615935e+01 1.040451017051104501e-02 0.000000000000000000e+00 -2.343423200000000151e+01 1.919699999999999879e-02 1.315828261000000111e+03
1.652500000000000000e+04 4.050000000000000000e+03 -5.203200000000000000e+04 -6.913155792881545914e+00 7.748450251740081340e-02 5.228521943674236949e-01 1.441108469806721797e-02 2.339781980048642396e+01 1.114397875339137242e-02 1.000000000000000000e+00 9.267077000000000453e+00 9.195999999999999314e-03 1.330576105000000098e+03
1.652500000000000000e+04 4.050000000000000000e+03 -5.203200000000000000e+04 -6.815445195990503358e+00 6.401093571874874599e-02 5.116619098907916330e-01 8.992688034669439612e-03 -1.062595347852915495e+01 1.030717814541539344e-02 0.000000000000000000e+00 -2.345432800000000029e+01 8.342999999999999722e-03 1.340921696000000111e+03
2.052500000000000000e+04 4.050000000000000000e+03 -5.203200000000000000e+04 -6.969164089906114690e+00 4.610844824569972772e-02 -8.142108890146346201e-02 1.427730130104039666e-02 2.363233582837289504e+01 9.771014324671719806e-03 1.000000000000000000e+00 9.258319999999999439e+00 7.182000000000000016e-03 1.355667539999999917e+03
2.052500000000000000e+04 4.050000000000000000e+03 -5.203200000000000000e+04 -6.832049758578792265e+00 5.380713092604642867e-02 -1.192029239513324457e-01 1.296503177526532602e-02 -1.041617838805854568e+01 1.005455690588389663e-02 0.000000000000000000e+00 -2.343124600000000157e+01 1.642499999999999863e-02 1.366015131000000110e+03
2.452500000000000000e+04 4.050000000000000000e+03 -5.203200000000000000e+04 -6.958521340522947796e+00 6.584145587461953664e-02 -6.542533434624239197e-01 1.222560656420131064e-02 2.390034018216092448e+01 9.674934544889090063e-03 1.000000000000000000e+00 9.241823999999999373e+00 1.454899999999999943e-02 1.380761974999999893e+03
2.452500000000000000e+04 4.050000000000000000e+03 -5.203200000000000000e+04 -6.848211786369605925e+00 6.358572030867035152e-02 -6.722841536267860629e-01 1.168713390812213711e-02 -1.017915100824286512e+01 1.247438607071187956e-02 0.000000000000000000e+00 -2.343175799999999853e+01 2.885700000000000071e-02 1.391105567000000065e+03
2.852500000000000000e+04 4.050000000000000000e+03 -5.203200000000000000e+04 -6.866164406003644416e+00 6.025948687683350957e-02 -1.230506593946638416e+00 1.157502928096451091e-02 2.422207581033982393e+01 1.263314289816847708e-02 1.000000000000000000e+00 9.267046999999999812e+00 9.546999999999999931e-03 1.405852409999999963e+03
2.852500000000000000e+04 4.050000000000000000e+03 -5.203200000000000000e+04 -6.869560303364885989e+00 5.562976012764633132e-02 -1.225384099979347496e+00 1.031079024885020977e-02 -9.911869518086746211e+00 1.140467419897413758e-02 0.000000000000000000e+00 -2.345030500000000018e+01 2.398300000000000085e-02 1.416299007000000074e+03
2.525000000000000000e+03 8.050000000000000000e+03 -5.203200000000000000e+04 2.282299205010692944e+01 8.093799270341217600e-02 2.745060711971241574e+00 1.562830442544165671e-02 6.565370733642055256e+00 1.444159523488033545e-02 1.000000000000000000e+00 9.272486000000000672e+00 9.400000000000000369e-03 1.459744492999999920e+03
2.525000000000000000e+03 8.050000000000000000e+03 -5.203200000000000000e+04 -1.112379125665452939e+01 4.437156371379075148e-02 2.763441321010748020e+00 1.069891228852132628e-02 6.517231258172185626e+00 8.907929637998638489e-03 0.000000000000000000e+00 -2.343356599999999901e+01 1.908599999999999880e-02 1.470190090000000055e+03
4.525000000000000000e+03 8.050000000000000000e+03 -5.203200000000000000e+04 2.286552218495610944e+01 5.380519007290218009e-02 2.846888990518515516e+00 1.404853198170537103e-02 6.560681222240966726e+00 1.147855837541767593e-02 1.000000000000000000e+00 9.257595000000000240e+00 6.085000000000000131e-03 1.482937818999999990e+03
4.525000000000000000e+03 8.050000000000000000e+03 -5.203200000000000000e+04 -1.114535630986005010e+01 6.576869016619370234e-02 2.879136025184400260e+00 1.282198333799499344e-02 6.519375245027558385e+00 9.610191626777980778e-03 0.000000000000000000e+00 -2.342244499999999974e+01 1.806299999999999920e-02 1.493282410999999911e+03
8.525000000000000000e+03 8.050000000000000000e+03 -5.203200000000000000e+04 2.287245046475336352e+01 6.178659484713747152e-02 2.837925503810468264e+00 1.255825885603363383e-02 6.639027281800380820e+00 9.208906107705619806e-03 1.000000000000000000e+00 9.273016999999999399e+00 1.731100000000000000e-02 1.508030254000000014e+03
8.525000000000000000e+03 8.050000000000000000e+03 -5.203200000000000000e+04 -1.110044813607045633e+01 6.234358039078230496e-02 2.828103285763126973e+00 1.398267089433317088e-02 6.615030751787535301e+00 1.080184543116742904e-02 0.000000000000000000e+00 -2.344670899999999847e+01 3.022499999999999840e-02 1.518374845999999934e+03
1.252500000000000000e+04 8.050000000000000000e+03 -5.203200000000000000e+04 2.292955533434452420e+01 5.492897407389440989e-02 2.765841435570295381e+00 1.069140722716151008e-02 6.778363721873071235e+00 9.867653555553823966e-03 1.000000000000000000e+00 9.260763999999999996e+00 7.879999999999999852e-03 1.533127690000000030e+03
1.252500000000000000e+04 8.050000000000000000e+03 -5.203200000000000000e+04 -1.105568047677420473e+01 6.424514182262881790e-02 2.753907918953986123e+00 1.195540931402199955e-02 6.670476120860210578e+00 9.853612957920827170e-03 0.000000000000000000e+00 -2.343675999999999959e+01 2.939800000000000052e-02 1.543570287000000008e+03
1.652500000000000000e+04 8.050000000000000000e+03 -5.203200000000000000e+04 2.295782222336134026e+01 7.396616804648724341e-02 2.738346542790926819e+00 1.355548778132534792e-02 6.862084987901361899e+00 1.137323852423536077e-02 1.000000000000000000e+00 9.252751999999999200e+00 9.136000000000000024e-03 1.558316131000000041e+03
1.652500000000000000e+04 8.050000000000000000e+03 -5.203200000000000000e+04 -1.104086612266118728e+01 7.018130731047249327e-02 2.722841854604336476e+00 1.290634588279429909e-02 6.739360755565275696e+00 9.934586460779345693e-03 0.000000000000000000e+00 -2.343022799999999961e+01 1.378000000000000058e-02 1.568660722000000078e+03
2.052500000000000000e+04 8.050000000000000000e+03 -5.203200000000000000e+04 2.303328137511334717e+01 4.880043929263518099e-02 2.872419170297576319e+00 1.373932165691199407e-02 6.815713705880666495e+00 1.013345801065647367e-02 1.000000000000000000e+00 9.267205999999999833e+00 1.339899999999999945e-02 1.583403565000000071e+03
2.052500000000000000e+04 8.050000000000000000e+03 -5.203200000000000000e+04 -1.096355437670190369e+01 6.196260009208621328e-02 2.885786249116070401e+00 1.326045429177072701e-02 6.728048964174622171e+00 1.012948260297917395e-02 0.000000000000000000e+00 -2.343900999999999968e+01 1.023699999999999957e-02 1.593752156999999897e+03
2.452500000000000000e+04 8.050000000000000000e+03 -5.203200000000000000e+04 2.308881404227641099e+01 6.353566308083533065e-02 2.787180884988724294e+00 1.723058652474181163e-02 6.860326239344463950e+00 7.347608379055230177e-03 1.000000000000000000e+00 9.255414000000000030e+00 1.321899999999999985e-02 1.608494999999999891e+03
2.452500000000000000e+04 8.050000000000000000e+03 -5.203200000000000000e+04 -1.093436377202087151e+01 9.127625160842961494e-02 2.772049882351211636e+00 1.503983449140387611e-02 6.787636665281087112e+00 1.160856906710859733e-02 0.000000000000000000e+00 -2.344529299999999949e+01 2.931999999999999884e-02 1.618838592000000062e+03
2.852500000000000000e+04 8.050000000000000000e+03 -5.203200000000000000e+04 2.319539927567319992e+01 7.419899520801759296e-02 2.761765949402156917e+00 1.200829782238816909e-02 6.809409098504140445e+00 1.074932684075656682e-02 1.000000000000000000e+00 9.257932999999999524e+00 1.024399999999999963e-02 1.633583435999999892e+03
2.852500000000000000e+04 8.050000000000000000e+03 -5.203200000000000000e+04 -1.082630717026727218e+01 6.424017947847257548e-02 2.771753358553055602e+00 1.076240735426411271e-02 6.797368898137738924e+00 7.858098403208654825e-03 0.000000000000000000e+00 -2.345566000000000173e+01 1.953399999999999928e-02 1.643927026999999953e+03
2.852500000000000000e+04 8.050000000000000000e+03 -5.203200000000000000e+04 2.323291422378120430e+01 6.392880545372237044e-02 2.763318797735317744e+00 1.264397364396250070e-02 6.805828253141972262e+00 8.911727876842873847e-03 1.000000000000000000e+00 9.250258000000000536e+00 2.850400000000000156e-02 1.654273619000000053e+03
2.852500000000000000e+04 8.050000000000000000e+03 -5.203200000000000000e+04 -1.083643564109348034e+01 6.675083778583013050e-02 2.764429840768730884e+00 1.120664551512973346e-02 6.794828353120354159e+00 1.316498120727923639e-02 0.000000000000000000e+00 -2.344109600000000171e+01 1.432699999999999946e-02 1.664618210000000090e+03
2.452500000000000000e+04 8.050000000000000000e+03 -5.203200000000000000e+04 2.312553038397585325e+01 6.123381187050444541e-02 2.757686652953486472e+00 8.608172704835950761e-03 6.740647877996803317e+00 8.475933900838670751e-03 1.000000000000000000e+00 9.238053999999999988e+00 1.497199999999999920e-02 1.679363053999999920e+03
2.452500000000000000e+04 8.050000000000000000e+03 -5.203200000000000000e+04 -1.088331433907976731e+01 7.067781653224745886e-02 2.765865694236436134e+00 1.287981589028413046e-02 6.845364347711207387e+00 1.292501465633036188e-02 0.000000000000000000e+00 -2.345507800000000032e+01 2.820800000000000043e-02 1.689707644999999957e+03
2.052500000000000000e+04 8.050000000000000000e+03 -5.203200000000000000e+04 2.304917655781370556e+01 7.976662976237008928e-02 2.812972016118993945e+00 1.479671410716388094e-02 6.658902139862752811e+00 1.226092720734578943e-02 1.000000000000000000e+00 9.250075000000000713e+00 1.573899999999999952e-02 1.704452489000000014e+03
2.052500000000000000e+04 8.050000000000000000e+03 -5.203200000000000000e+04 -1.091211394803241674e+01 6.268825493624141654e-02 2.824840803673324796e+00 1.222839706305381760e-02 6.812582084429852358e+00 1.310113813060153481e-02 0.000000000000000000e+00 -2.345858499999999935e+01 2.021999999999999839e-02 1.714799080999999887e+03
1.652500000000000000e+04 8.050000000000000000e+03 -5.203200000000000000e+04 2.302855419979793083e+01 7.838915325658590838e-02 2.724099796558153042e+00 1.141206718558573918e-02 6.655422612435597074e+00 1.057908499196263605e-02 1.000000000000000000e+00 9.241351999999999123e+00 1.046300000000000008e-02 1.729544924000000037e+03
1.652500000000000000e+04 8.050000000000000000e+03 -5.203200000000000000e+04 -1.098956848189451740e+01 3.963368209624705540e-02 2.709027828233702362e+00 1.248549015732500732e-02 6.842107387588934664e+00 1.241245084682985646e-02 0.000000000000000000e+00 -2.344479199999999963e+01 2.436699999999999977e-02 1.739889515999999958e+03
1.252500000000000000e+04 8.050000000000000000e+03 -5.203200000000000000e+04 2.294278796416970678e+01 5.380395218207657121e-02 2.765499832764344745e+00 1.219171171810993527e-02 6.609087508779109221e+00 1.020633900922945057e-02 1.000000000000000000e+00 9.250745000000000218e+00 1.198300000000000060e-02 1.754635359000000108e+03
1.252500000000000000e+04 8.050000000000000000e+03 -5.203200000000000000e+04 -1.103145510754356451e+01 5.960419654259496713e-02 2.814665743770847772e+00 1.126435370290032253e-02 6.766105746594930359e+00 1.143565088517772659e-02 0.000000000000000000e+00 -2.345539600000000036e+01 1.939899999999999958e-02 1.764980951000000005e+03
8.525000000000000000e+03 8.050000000000000000e+03 -5.203200000000000000e+04 2.286430513019766764e+01 6.456342066813462732e-02 2.827113564713056526e+00 1.303254214461994909e-02 6.611164511103091890e+00 8.571682091526242053e-03 1.000000000000000000e+00 9.238144000000000133e+00 7.910999999999999630e-03 1.779724793999999974e+03
8.525000000000000000e+03 8.050000000000000000e+03 -5.203200000000000000e+04 -1.112088503994387878e+01 6.782446462546032340e-02 2.845898576602713170e+00 1.581587232175478766e-02 6.636761831052103489e+00 1.007871960973383274e-02 0.000000000000000000e+00 -2.345722400000000007e+01 1.199500000000000045e-02 1.790069385999999895e+03
4.525000000000000000e+03 8.050000000000000000e+03 -5.203200000000000000e+04 2.284593552560713547e+01 6.179637011707082156e-02 2.865121948895340775e+00 1.335503009146508761e-02 6.493454235276088227e+00 9.601917756888955768e-03 1.000000000000000000e+00 9.229943000000000453e+00 1.080599999999999963e-02 1.804815229000000045e+03
4.525000000000000000e+03 8.050000000000000000e+03 -5.203200000000000000e+04 -1.112081071478890770e+01 6.694997317890456767e-02 2.868803860796873995e+00 1.147846961558889045e-02 6.552412088561294645e+00 1.256913710753295929e-02 0.000000000000000000e+00 -2.344676899999999975e+01 2.300999999999999920e-02 1.815162820999999894e+03
2.525000000000000000e+03 8.050000000000000000e+03 -5.203200000000000000e+04 2.286038894176303060e+01 3.978013552075147785e-02 2.767869007163343387e+00 1.215126595323012121e-02 6.514459183293514144e+00 1.157793361030008163e-02 1.000000000000000000e+00 9.241123999999999228e+00 2.226900000000000060e-02 1.827906549999999925e+03
2.525000000000000000e+03 8.050000000000000000e+03 -5.203200000000000000e+04 -1.114800558602421177e+01 6.397536494365360649e-02 2.758947039237652277e+00 1.467293743972171612e-02 6.542038623318862989e+00 9.259247929305491898e-03 0.000000000000000000e+00 -2.346566800000000086e+01 2.148500000000000063e-02 1.838351147999999966e+03
2.525000000000000000e+03 8.050000000000000000e+03 -5.203200000000000000e+04 2.287186524869755289e+01 6.143542972674826547e-02 2.751974228103840403e+00 1.231833394648802066e-02 6.516568966171951693e+00 9.583464721726471860e-03 1.000000000000000000e+00 9.236907000000000423e+00 2.057700000000000154e-02 1.848697738999999956e+03
2.525000000000000000e+03 8.050000000000000000e+03 -5.203200000000000000e+04 -1.115652785461642438e+01 5.807355948491620123e-02 2.742513560594976418e+00 1.202611240565226898e-02 6.537115829524395849e+00 9.196949231050233903e-03 0.000000000000000000e+00 -2.347648099999999971e+01 2.136000000000000051e-02 1.859043331000000080e+03
4.525000000000000000e+03 8.050000000000000000e+03 -5.203200000000000000e+04 2.285806270722266120e+01 7.436111722358977605e-02 2.874291066921798254e+00 1.383847131318623538e-02 6.545314534057341760e+00 1.000278371123059819e-02 1.000000000000000000e+00 9.282970999999999862e+00 1.444499999999999951e-02 1.871789060000000063e+03
4.525000000000000000e+03 8.050000000000000000e+03 -5.203200000000000000e+04 -1.113397026272647672e+01 7.285670815901809649e-02 2.838344699445284114e+00 1.327352973366521111e-02 6.527652240624834512e+00 1.191255231430989221e-02 0.000000000000000000e+00 -2.345141800000000032e+01 2.861500000000000155e-02 1.882134651999999960e+03
8.525000000000000000e+03 8.050000000000000000e+03 -5.203200000000000000e+04 2.287974242823931448e+01 7.268690584018715206e-02 2.821673052387105418e+00 1.064744936028255186e-02 6.623134970192222859e+00 9.301383257343150135e-03 1.000000000000000000e+00 9.248305999999999472e+00 1.670500000000000110e-02 1.896878494999999930e+03
8.525000000000000000e+03 8.050000000000000000e+03 -5.203200000000000000e+04 -1.112662362692274165e+01 8.186003542229486341e-02 2.812722642542386797e+00 1.297843596505164447e-02 6.621492464080583673e+00 8.931636667581304215e-03 0.000000000000000000e+00 -2.345814800000000133e+01 2.476199999999999929e-02 1.907226087000000007e+03
1.252500000000000000e+04 8.050000000000000000e+03 -5.203200000000000000e+04 2.289935343312053462e+01 5.532242053686547978e-02 2.795947136639854058e+00 8.428698742733197954e-03 6.747830892171799100e+00 9.512706473262607168e-03 1.000000000000000000e+00 9.266764000000000223e+00 1.179400000000000066e-02 1.921972929999999906e+03
1.252500000000000000e+04 8.050000000000000000e+03 -5.203200000000000000e+04 -1.109022905605475096e+01 5.138047953698715586e-02 2.758725524253157424e+00 1.162507512989144169e-02 6.698708478499577623e+00 1.051596865598332896e-02 0.000000000000000000e+00 -2.345083199999999835e+01 2.137400000000000064e-02 1.932321521999999959e+03
1.652500000000000000e+04 8.050000000000000000e+03 -5.203200000000000000e+04 2.297467546431406404e+01 4.857334441706548378e-02 2.727524939316039454e+00 1.036089085185848413e-02 6.824364536305156825e+00 1.051449189913659758e-02 1.000000000000000000e+00 9.268890000000000740e+00 1.121499999999999928e-02 1.947068365999999969e+03
1.652500000000000000e+04 8.050000000000000000e+03 -5.203200000000000000e+04 -1.101685568712375840e+01 6.965114266979390012e-02 2.758101640797443910e+00 8.665592487264991983e-03 6.760403804391892812e+00 9.784518416185624887e-03 0.000000000000000000e+00 -2.345704999999999885e+01 1.114799999999999992e-02 1.957413958000000093e+03
2.052500000000000000e+04 8.050000000000000000e+03 -5.203200000000000000e+04 2.301183171757354629e+01 6.544291765007125006e-02 2.887578494031709297e+00 8.569680620796519752e-03 6.804760397095234836e+00 8.347115939265408943e-03 1.000000000000000000e+00 9.244858999999999938e+00 1.235799999999999919e-02 1.972159801000000016e+03
2.052500000000000000e+04 8.050000000000000000e+03 -5.203200000000000000e+04 -1.096417402733586322e+01 8.396866870466834776e-02 2.862341069955351092e+00 1.212329973963428148e-02 6.738743565439447636e+00 7.451083504339307134e-03 0.000000000000000000e+00 -2.344658499999999890e+01 2.147699999999999956e-02 1.982506392999999889e+03
2.452500000000000000e+04 8.050000000000000000e+03 -5.203200000000000000e+04 2.310291153625700389e+01 4.077723177101848229e-02 2.757358286816566473e+00 1.155752106991552071e-02 6.835568746342766566e+00 1.018915383194799774e-02 1.000000000000000000e+00 9.253353000000000605e+00 9.395999999999999838e-03 1.997250236000000086e+03
2.452500000000000000e+04 8.050000000000000000e+03 -5.203200000000000000e+04 -1.090128989420330186e+01 5.603199193114193066e-02 2.764315184602684550e+00 8.559577477082965652e-03 6.803576994350692964e+00 8.226349837094215980e-03 0.000000000000000000e+00 -2.346426200000000151e+01 1.103099999999999914e-02 2.007596827999999960e+03
2.852500000000000000e+04 8.050000000000000000e+03 -5.203200000000000000e+04 2.319146155890538452e+01 5.414343252464039885e-02 2.774898645482748449e+00 1.142798529909919841e-02 6.791173031211237721e+00 1.153387842199163522e-02 1.000000000000000000e+00 9.241669999999999163e+00 1.204200000000000062e-02 2.022339670999999953e+03
2.852500000000000000e+04 8.050000000000000000e+03 -5.203200000000000000e+04 -1.081623203602701544e+01 6.968946621085490845e-02 2.763764778952422674e+00 1.127364130819196592e-02 6.814228437040244835e+00 1.206074918486988064e-02 0.000000000000000000e+00 -2.345460699999999932e+01 1.110399999999999929e-02 2.032785268000000087e+03
2.525000000000000000e+03 -3.950000000000000000e+03 -5.203200000000000000e+04 6.644894475564020020e+00 5.563238303136110174e-02 2.350512317311594934e+00 1.430476145835335965e-02 -2.304835032213182444e+01 1.697176537286363557e-02 1.000000000000000000e+00 9.253928999999999405e+00 9.287000000000000116e-03 2.108830617999999959e+03
2.525000000000000000e+03 -3.950000000000000000e+03 -5.203200000000000000e+04 6.646508661556704389e+00 7.630653137600898472e-02 2.357209119921023888e+00 1.216731172014784770e-02 1.095509594729926661e+01 1.350039232270348021e-02 0.000000000000000000e+00 -2.346296600000000154e+01 1.890899999999999873e-02 2.119278214999999818e+03
4.525000000000000000e+03 -3.950000000000000000e+03 -5.203200000000000000e+04 6.550889704761170940e+00 6.308396824611245401e-02 2.986351976637861227e+00 1.402685127767025995e-02 -2.298384651676617452e+01 1.915842419296528640e-02 1.000000000000000000e+00 9.249945000000000306e+00 1.083800000000000041e-02 2.132024945000000116e+03
4.525000000000000000e+03 -3.950000000000000000e+03 -5.203200000000000000e+04 6.515904326053912676e+00 8.051103396725309280e-02 2.940140156303255647e+00 1.162119032724713737e-02 1.100670193290043031e+01 1.619519690839599582e-02 0.000000000000000000e+00 -2.344569100000000006e+01 2.443100000000000133e-02 2.142369536000000153e+03
8.525000000000000000e+03 -3.950000000000000000e+03 -5.203200000000000000e+04 6.513450693956380988e+00 6.938839368840396538e-02 3.503346172068462661e+00 1.904389467561094090e-02 -2.286164367939360531e+01 1.388738675659673127e-02 1.000000000000000000e+00 9.263322000000000500e+00 7.760999999999999670e-03 2.157118379999999888e+03
8.525000000000000000e+03 -3.950000000000000000e+03 -5.203200000000000000e+04 6.490561363964332919e+00 7.032645299707952768e-02 3.514164964872833252e+00 1.759878273756379161e-02 1.112256099443288448e+01 1.383168699058765112e-02 0.000000000000000000e+00 -2.345867000000000147e+01 2.761299999999999866e-02 2.167464972000000216e+03
1.252500000000000000e+04 -3.950000000000000000e+03 -5.203200000000000000e+04 6.571939419995707965e+00 7.328404653831167848e-02 3.995601366002213162e+00 1.357509821900394764e-02 -2.278196827700200799e+01 1.336605747088362092e-02 1.000000000000000000e+00 9.243487999999999261e+00 1.261400000000000021e-02 2.182211815000000115e+03
1.252500000000000000e+04 -3.950000000000000000e+03 -5.203200000000000000e+04 6.479466609634826568e+00 6.472099749484554188e-02 3.998493599796869358e+00 1.690452606603866717e-02 1.121493265866419797e+01 1.917482369553407187e-02 0.000000000000000000e+00 -2.347051599999999993e+01 2.631700000000000012e-02 2.192557406999999785e+03
1.652500000000000000e+04 -3.950000000000000000e+03 -5.203200000000000000e+04 6.566951857925149127e+00 6.561507859970686085e-02 4.567749425011680131e+00 1.246462672973525608e-02 -2.272842517695172404e+01 1.320940107812083007e-02 1.000000000000000000e+00 9.241561000000000803e+00 1.079300000000000051e-02 2.207303249999999935e+03
1.652500000000000000e+04 -3.950000000000000000e+03 -5.203200000000000000e+04 6.451158686234968798e+00 5.985250751810791692e-02 4.579374699960408357e+00 1.432710086348417712e-02 1.128714035227513612e+01 1.356280323688230371e-02 0.000000000000000000e+00 -2.347567700000000102e+01 2.798499999999999946e-02 2.217651842000000215e+03
2.052500000000000000e+04 -3.950000000000000000e+03 -5.203200000000000000e+04 6.483066551098723096e+00 5.950933369021606939e-02 5.196178656911492055e+00 1.609297326678060802e-02 -2.272044749556901877e+01 1.260480686806424167e-02 1.000000000000000000e+00 9.240508000000000166e+00 8.307000000000000148e-03 2.232396686000000045e+03
2.052500000000000000e+04 -3.950000000000000000e+03 -5.203200000000000000e+04 6.370656096910292554e+00 7.467919287566840425e-02 5.196990485014321592e+00 1.434362237844538993e-02 1.131855371686772926e+01 1.651802901387682335e-02 0.000000000000000000e+00 -2.346200199999999825e+01 2.842300000000000035e-02 2.242843283000000156e+03
2.452500000000000000e+04 -3.950000000000000000e+03 -5.203200000000000000e+04 6.387245108069263821e+00 6.289978151599517897e-02 5.779575949524433653e+00 1.393182441560860026e-02 -2.273334338603525850e+01 1.418182088776774076e-02 1.000000000000000000e+00 9.236276000000000153e+00 1.127500000000000030e-02 2.257590126999999939e+03
2.452500000000000000e+04 -3.950000000000000000e+03 -5.203200000000000000e+04 6.322724788315756683e+00 6.267664758575246242e-02 5.817928342527837415e+00 1.318298034156654107e-02 1.132655441792930162e+01 1.452894867928378360e-02 0.000000000000000000e+00 -2.346746100000000013e+01 1.914499999999999882e-02 2.267934717999999975e+03
2.852500000000000000e+04 -3.950000000000000000e+03 -5.203200000000000000e+04 6.393185487390618427e+00 6.696856010327981168e-02 6.326354758622745322e+00 1.661094302564956882e-02 -2.279786347950637193e+01 1.758614782981252761e-02 1.000000000000000000e+00 9.247391999999999612e+00 7.187999999999999945e-03 2.282680562000000009e+03
2.852500000000000000e+04 -3.950000000000000000e+03 -5.203200000000000000e+04 6.381890661281132360e+00 8.663102218556968659e-02 6.277627174034608792e+00 1.698779083833482084e-02 1.130884002702725866e+01 1.370378734205683971e-02 0.000000000000000000e+00 -2.345147700000000057e+01 1.610599999999999879e-02 2.293026154000000133e+03
2.852500000000000000e+04 -3.950000000000000000e+03 -5.203200000000000000e+04 6.402854848386267506e+00 6.143820039960009444e-02 6.310259631792689561e+00 1.226582630610475663e-02 -2.281092483377231162e+01 1.398587640039217900e-02 1.000000000000000000e+00 9.237323999999999202e+00 1.927299999999999847e-02 2.303367745000000014e+03
2.852500000000000000e+04 -3.950000000000000000e+03 -5.203200000000000000e+04 6.397774250643534444e+00 7.594622910036516461e-02 6.320869810402798272e+00 1.191229959068546181e-02 1.130588586472718937e+01 1.673340398414504757e-02 0.000000000000000000e+00 -2.346854400000000140e+01 1.936399999999999927e-02 2.313710336999999981e+03
2.452500000000000000e+04 -3.950000000000000000e+03 -5.203200000000000000e+04 6.281471808817284064e+00 8.901404333220166998e-02 5.821868602602700449e+00 1.423767172950401484e-02 -2.275763034150424602e+01 1.441576142199232219e-02 1.000000000000000000e+00 9.242763000000000062e+00 1.150200000000000007e-02 2.328457179999999880e+03
2.452500000000000000e+04 -3.950000000000000000e+03 -5.203200000000000000e+04 6.403811167379874547e+00 7.361043546023862683e-02 5.771516240934881914e+00 1.738807345015011899e-02 1.130895984726118186e+01 1.463019261822031715e-02 0.000000000000000000e+00 -2.348380300000000176e+01 3.088499999999999926e-02 2.338801771999999801e+03
2.052500000000000000e+04 -3.950000000000000000e+03 -5.203200000000000000e+04 6.254494788869875421e+00 7.276399790358037412e-02 5.250308695196634901e+00 1.355164841417852775e-02 -2.276523670317361692e+01 1.461952243906221825e-02 1.000000000000000000e+00 9.248431000000000068e+00 8.699999999999999400e-03 2.353542614999999842e+03
2.052500000000000000e+04 -3.950000000000000000e+03 -5.203200000000000000e+04 6.486207842618241237e+00 4.886184329820235372e-02 5.200304627703284055e+00 1.249372778150481013e-02 1.128048263861819045e+01 1.111079995425946938e-02 0.000000000000000000e+00 -2.346670599999999851e+01 1.659899999999999917e-02 2.363886207000000013e+03
1.652500000000000000e+04 -3.950000000000000000e+03 -5.203200000000000000e+04 6.305319478865415661e+00 5.890328427812548812e-02 4.632988502827790178e+00 1.627008770491764067e-02 -2.278701291369968018e+01 1.300518178745004548e-02 1.000000000000000000e+00 9.239504999999999413e+00 1.053300000000000070e-02 2.378629050000000007e+03
1.652500000000000000e+04 -3.950000000000000000e+03 -5.203200000000000000e+04 6.571129755751172752e+00 5.686393504341267363e-02 4.563778325338371467e+00 1.430150888774769403e-02 1.123131806902922136e+01 1.893409820699726645e-02 0.000000000000000000e+00 -2.347099800000000158e+01 1.235900000000000019e-02 2.388974640999999792e+03
1.252500000000000000e+04 -3.950000000000000000e+03 -5.203200000000000000e+04 6.379662379044797049e+00 5.182317740220052094e-02 3.986259421271828085e+00 1.245684284232414889e-02 -2.282545832042364964e+01 1.286208312606051951e-02 1.000000000000000000e+00 9.254331000000000529e+00 9.192999999999999783e-03 2.403719485000000077e+03
1.252500000000000000e+04 -3.950000000000000000e+03 -5.203200000000000000e+04 6.542900690759011262e+00 7.203216261407063836e-02 3.962846308689252250e+00 1.674895095907013090e-02 1.117158084718394484e+01 1.396342754880576693e-02 0.000000000000000000e+00 -2.345364800000000116e+01 1.819600000000000037e-02 2.414064076000000114e+03
8.525000000000000000e+03 -3.950000000000000000e+03 -5.203200000000000000e+04 6.471570046845546820e+00 7.454857461040316491e-02 3.508639380525471196e+00 1.444525840985932258e-02 -2.286808106052325229e+01 1.589103464314208652e-02 1.000000000000000000e+00 9.256149000000000626e+00 9.282999999999999585e-03 2.428808919999999944e+03
8.525000000000000000e+03 -3.950000000000000000e+03 -5.203200000000000000e+04 6.500118791887373071e+00 7.532986624363609274e-02 3.481474031552209247e+00 1.151717458730831985e-02 1.111781166046669966e+01 1.706895082427029031e-02 0.000000000000000000e+00 -2.345746799999999865e+01 2.507500000000000007e-02 2.439154511000000184e+03
4.525000000000000000e+03 -3.950000000000000000e+03 -5.203200000000000000e+04 6.483806574122498390e+00 6.516461182879217107e-02 2.889974103411316442e+00 1.267779265221071795e-02 -2.299397174718543368e+01 1.631687153440852106e-02 1.000000000000000000e+00 9.243696999999999164e+00 6.910000000000000343e-03 2.453900355000000218e+03
4.525000000000000000e+03 -3.950000000000000000e+03 -5.203200000000000000e+04 6.548122097170168132e+00 6.247677076566590659e-02 2.889529718911355349e+00 1.629517881014263050e-02 1.099070162139405404e+01 1.756175621172081924e-02 0.000000000000000000e+00 -2.345304199999999994e+01 1.953099999999999975e-02 2.464246947000000091e+03
2.525000000000000000e+03 -3.950000000000000000e+03 -5.203200000000000000e+04 6.644740001167179777e+00 5.709601676591652408e-02 2.366567164087226782e+00 1.628916013617350694e-02 -2.305311148991627590e+01 1.650081211711335039e-02 1.000000000000000000e+00 9.249055999999999500e+00 1.121499999999999928e-02 2.476990675000000010e+03
2.525000000000000000e+03 -3.950000000000000000e+03 -5.203200000000000000e+04 6.637503893848714753e+00 6.565862589414485362e-02 2.372311494258925180e+00 1.632670393185667659e-02 1.095243538741777378e+01 1.513285106694129897e-02 0.000000000000000000e+00 -2.346580200000000005e+01 2.299000000000000002e-02 2.487437273000000005e+03
2.525000000000000000e+03 -3.950000000000000000e+03 -5.203200000000000000e+04 6.643635049277514248e+00 7.049606878716173364e-02 2.378815676868713425e+00 1.696940471502628861e-02 -2.305689880809188352e+01 1.368099364715175820e-02 1.000000000000000000e+00 9.232416999999999874e+00 1.614000000000000157e-02 2.497784865000000082e+03
2.525000000000000000e+03 -3.950000000000000000e+03 -5.203200000000000000e+04 6.649259286848989703e+00 7.175216492028667348e-02 2.366375757861835183e+00 1.188050048312089269e-02 1.094895898743598828e+01 1.608603352360509289e-02 0.000000000000000000e+00 -2.347282600000000130e+01 2.465300000000000130e-02 2.508130457000000206e+03
4.525000000000000000e+03 -3.950000000000000000e+03 -5.203200000000000000e+04 6.530461841276868462e+00 6.672793487300848758e-02 2.891742195871760845e+00 1.305838984934377771e-02 -2.299644550703750667e+01 1.513804819407358129e-02 1.000000000000000000e+00 9.238775000000000404e+00 9.259999999999999135e-03 2.520876185999999961e+03
4.525000000000000000e+03 -3.950000000000000000e+03 -5.203200000000000000e+04 6.501130125742986543e+00 4.632887291053403717e-02 2.938399492211402730e+00 1.360641577361860685e-02 1.100285684763583482e+01 1.368594299399965991e-02 0.000000000000000000e+00 -2.345807900000000146e+01 2.025499999999999870e-02 2.531218777000000046e+03
8.525000000000000000e+03 -3.950000000000000000e+03 -5.203200000000000000e+04 6.478599556004240867e+00 7.992648110561105523e-02 3.502857256482102333e+00 1.551240748142513996e-02 -2.286873292441619654e+01 1.158990988768360958e-02 1.000000000000000000e+00 9.259413000000000338e+00 1.497700000000000073e-02 2.545960619999999835e+03
8.525000000000000000e+03 -3.950000000000000000e+03 -5.203200000000000000e+04 6.472942977854800439e+00 7.556317661621160531e-02 3.519213626882413237e+00 1.225123509450261848e-02 1.111629977555726079e+01 1.398662211995586706e-02 0.000000000000000000e+00 -2.345236099999999979e+01 2.197400000000000048e-02 2.556306211999999960e+03
1.252500000000000000e+04 -3.950000000000000000e+03 -5.203200000000000000e+04 6.548890227807698139e+00 6.686669062218365822e-02 3.956764007652509907e+00 1.128919394035197629e-02 -2.278649764582083748e+01 1.355161224409474896e-02 1.000000000000000000e+00 9.257460999999999274e+00 1.231100000000000076e-02 2.571052055999999993e+03
1.252500000000000000e+04 -3.950000000000000000e+03 -5.203200000000000000e+04 6.478123728857397623e+00 5.437846179787966805e-02 3.977287047007400655e+00 1.292312697776494546e-02 1.120172203479531348e+01 1.149985593879791768e-02 0.000000000000000000e+00 -2.345792000000000144e+01 1.634199999999999889e-02 2.581399647000000186e+03
1.652500000000000000e+04 -3.950000000000000000e+03 -5.203200000000000000e+04 6.531157658157194845e+00 6.258486164885743164e-02 4.515702606318935608e+00 1.038252020359257434e-02 -2.273765621356394817e+01 1.364593978498238915e-02 1.000000000000000000e+00 9.254554999999999865e+00 1.459200000000000080e-02 2.596146490999999969e+03
1.652500000000000000e+04 -3.950000000000000000e+03 -5.203200000000000000e+04 6.381144156500522691e+00 7.023400919962079214e-02 4.573275691094927708e+00 1.089047644965827205e-02 1.127323782563702714e+01 1.547148122989585456e-02 0.000000000000000000e+00 -2.346812200000000104e+01 1.467899999999999934e-02 2.606593088999999964e+03
2.052500000000000000e+04 -3.950000000000000000e+03 -5.203200000000000000e+04 6.453239118070643876e+00 6.110530593469835209e-02 5.152471937808733138e+00 1.529821316350376582e-02 -2.272456329357524396e+01 1.347704561953091962e-02 1.000000000000000000e+00 9.254405999999999466e+00 1.000000000000000021e-02 2.621341931999999815e+03
2.052500000000000000e+04 -3.950000000000000000e+03 -5.203200000000000000e+04 6.333932599534613850e+00 7.091236390714336646e-02 5.201666865243448790e+00 1.723465608136031182e-02 1.130868584883805461e+01 1.216827201611224603e-02 0.000000000000000000e+00 -2.344100200000000100e+01 1.492199999999999950e-02 2.631687523999999939e+03
2.452500000000000000e+04 -3.950000000000000000e+03 -5.203200000000000000e+04 6.385413017613183584e+00 4.960596533053839713e-02 5.787335651040422135e+00 1.314481912829556544e-02 -2.274317846417137545e+01 1.236011912199140063e-02 1.000000000000000000e+00 9.253199000000000396e+00 1.456900000000000035e-02 2.646433367000000089e+03
2.452500000000000000e+04 -3.950000000000000000e+03 -5.203200000000000000e+04 6.327591953487691434e+00 5.601948659878108056e-02 5.799338078105512828e+00 1.095889411513342390e-02 1.132156082294200772e+01 1.854547645606017051e-02 0.000000000000000000e+00 -2.345774099999999862e+01 1.443799999999999945e-02 2.656780959000000166e+03
2.852500000000000000e+04 -3.950000000000000000e+03 -5.203200000000000000e+04 6.385309968797939106e+00 7.574960348258256981e-02 6.274040115117741401e+00 1.534436854113516158e-02 -2.280654140223249726e+01 1.207484075693483240e-02 1.000000000000000000e+00 9.238253000000000270e+00 1.027100000000000062e-02 2.671528801999999814e+03
2.852500000000000000e+04 -3.950000000000000000e+03 -5.203200000000000000e+04 6.401682094190526584e+00 7.908492841372216642e-02 6.312147415647666016e+00 1.731790366049975466e-02 1.130239896373234032e+01 1.429478448952928651e-02 0.000000000000000000e+00 -2.346177899999999994e+01 1.727400000000000116e-02 2.681872393999999986e+03
2.525000000000000000e+03 5.000000000000000000e+01 -5.203200000000000000e+04 -2.303596213894673639e+01 7.206362615397671201e-02 2.354366795210955488e+00 1.378473981694098259e-02 -6.904846738534134332e+00 1.183965572637667336e-02 1.000000000000000000e+00 9.236812999999999718e+00 9.561000000000000054e-03 2.725318878999999924e+03
2.525000000000000000e+03 5.000000000000000000e+01 -5.203200000000000000e+04 1.092419893420194654e+01 5.012548376328697375e-02 2.378057202822907001e+00 1.311766974901269235e-02 -6.749346855712190951e+00 1.011662260106063055e-02 0.000000000000000000e+00 -2.348153800000000047e+01 1.931300000000000031e-02 2.735762475999999879e+03
4.525000000000000000e+03 5.000000000000000000e+01 -5.203200000000000000e+04 -2.304067543612017488e+01 6.251229038395721138e-02 2.316425743735514686e+00 1.515082641197366617e-02 -6.817833083603169086e+00 1.371129300926984818e-02 1.000000000000000000e+00 9.232421999999999684e+00 5.969999999999999613e-03 2.748504205000000184e+03
4.525000000000000000e+03 5.000000000000000000e+01 -5.203200000000000000e+04 1.092821558186657427e+01 6.641840635090011380e-02 2.314051812974263100e+00 1.585955755001357270e-02 -6.744870528369921736e+00 1.233342840107803928e-02 0.000000000000000000e+00 -2.346938799999999858e+01 1.405400000000000052e-02 2.758849796999999853e+03
8.525000000000000000e+03 5.000000000000000000e+01 -5.203200000000000000e+04 -2.302003413495499373e+01 6.721010311545569382e-02 2.273494807082808045e+00 1.325999761372890530e-02 -6.710087383831551122e+00 1.288325717719384506e-02 1.000000000000000000e+00 9.237890000000000157e+00 1.147899999999999962e-02 2.773592639999999847e+03
8.525000000000000000e+03 5.000000000000000000e+01 -5.203200000000000000e+04 1.094200559513551241e+01 7.219071681308343591e-02 2.290249760293656678e+00 8.264444248957067765e-03 -6.651432337963756325e+00 1.370758539163896041e-02 0.000000000000000000e+00 -2.347850800000000149e+01 1.486299999999999948e-02 2.783938231999999971e+03
1.252500000000000000e+04 5.000000000000000000e+01 -5.203200000000000000e+04 -2.299790593493549196e+01 6.238879498322393719e-02 2.217366781480815785e+00 1.376413613366274900e-02 -6.633492626714243556e+00 1.160568158426083206e-02 1.000000000000000000e+00 9.237080999999999875e+00 1.067899999999999926e-02 2.798684075000000121e+03
1.252500000000000000e+04 5.000000000000000000e+01 -5.203200000000000000e+04 1.094734726128805846e+01 5.587771725200094131e-02 2.219821776342442377e+00 1.446171333116464362e-02 -6.540189580800138458e+00 1.152935233361577008e-02 0.000000000000000000e+00 -2.347819499999999948e+01 1.675000000000000100e-02 2.809029666999999790e+03
1.652500000000000000e+04 5.000000000000000000e+01 -5.203200000000000000e+04 -2.303630421796413330e+01 6.240656808960132890e-02 2.169646963744689128e+00 1.268367165837264339e-02 -6.548328597249184924e+00 1.100259385511194107e-02 1.000000000000000000e+00 9.253318000000000154e+00 1.013299999999999965e-02 2.823775509999999940e+03
1.652500000000000000e+04 5.000000000000000000e+01 -5.203200000000000000e+04 1.095915131386488817e+01 8.836570624212573832e-02 2.167117714716241927e+00 1.291150377708839316e-02 -6.398463390916335314e+00 1.404307956057250159e-02 0.000000000000000000e+00 -2.346812699999999907e+01 1.905700000000000102e-02 2.834120101999999861e+03
2.052500000000000000e+04 5.000000000000000000e+01 -5.203200000000000000e+04 -2.305400707673989658e+01 7.329876593009972130e-02 2.135578062177660996e+00 1.070573802423827221e-02 -6.418651177693667442e+00 1.213156879718486035e-02 1.000000000000000000e+00 9.227225999999999928e+00 1.274999999999999918e-02 2.848866946000000098e+03
2.052500000000000000e+04 5.000000000000000000e+01 -5.203200000000000000e+04 1.094274386646083030e+01 6.119838074601408051e-02 2.133816862278271387e+00 1.727727929118354558e-02 -6.249266000684382760e+00 1.289249643631264208e-02 0.000000000000000000e+00 -2.347024299999999997e+01 1.757900000000000088e-02 2.859311542999999801e+03
2.452500000000000000e+04 5.000000000000000000e+01 -5.203200000000000000e+04 -2.307725937794349491e+01 6.271259202488467521e-02 2.055785039484944399e+00 1.080541444466703339e-02 -6.209443473672575209e+00 1.190001942012489447e-02 1.000000000000000000e+00 9.228975000000000151e+00 9.402999999999999900e-03 2.874057385999999951e+03
2.452500000000000000e+04 5.000000000000000000e+01 -5.203200000000000000e+04 1.091026123968292971e+01 6.084084515851354014e-02 2.075482485688501022e+00 1.211307286965226764e-02 -6.106384172366538188e+00 1.183486713285251610e-02 0.000000000000000000e+00 -2.347472799999999893e+01 2.268600000000000130e-02 2.884402978000000076e+03
2.852500000000000000e+04 5.000000000000000000e+01 -5.203200000000000000e+04 -2.313740882239872221e+01 6.445016847659312820e-02 2.061814378508564527e+00 1.355203488488710556e-02 -5.967032002697327364e+00 1.269381265883360102e-02 1.000000000000000000e+00 9.239509999999999224e+00 1.690600000000000089e-02 2.899149821999999858e+03
2.852500000000000000e+04 5.000000000000000000e+01 -5.203200000000000000e+04 1.088659873475330464e+01 4.541739261823569268e-02 2.066729457558492022e+00 1.490964410643384752e-02 -5.948533277023562604e+00 1.252132730106968878e-02 0.000000000000000000e+00 -2.346837500000000176e+01 2.537899999999999878e-02 2.909494412999999895e+03
2.852500000000000000e+04 5.000000000000000000e+01 -5.203200000000000000e+04 -2.315903845199010647e+01 6.806727833051093302e-02 2.061273883529592954e+00 1.298282444108325023e-02 -5.971267715260420772e+00 1.225804450998477582e-02 1.000000000000000000e+00 9.239504999999999413e+00 1.275199999999999945e-02 2.919840005000000019e+03
2.852500000000000000e+04 5.000000000000000000e+01 -5.203200000000000000e+04 1.088363774605940648e+01 7.979406681065470686e-02 2.062585442791640133e+00 1.276001230855644195e-02 -5.951297949077659410e+00 1.013992498504112313e-02 0.000000000000000000e+00 -2.347320799999999963e+01 2.061299999999999938e-02 2.930186596999999892e+03
2.452500000000000000e+04 5.000000000000000000e+01 -5.203200000000000000e+04 -2.311564448993450682e+01 5.950645621709060862e-02 2.082923686808835662e+00 1.315160230333937280e-02 -6.042523220015724839e+00 1.162497481022119888e-02 1.000000000000000000e+00 9.231930000000000192e+00 1.196400000000000068e-02 2.944930440000000090e+03
2.452500000000000000e+04 5.000000000000000000e+01 -5.203200000000000000e+04 1.087303483365093193e+01 8.454080204460880099e-02 2.085154453048495782e+00 1.228760624497837219e-02 -6.181678942811290156e+00 1.074720374900527652e-02 0.000000000000000000e+00 -2.347350099999999884e+01 1.617400000000000088e-02 2.955277031999999963e+03
2.052500000000000000e+04 5.000000000000000000e+01 -5.203200000000000000e+04 -2.310763119840422775e+01 6.527728634152471510e-02 2.157576757078460972e+00 1.293641167288913166e-02 -6.108946201079810123e+00 9.678280163134765288e-03 1.000000000000000000e+00 9.225115000000000620e+00 1.293300000000000005e-02 2.970021874999999909e+03
2.052500000000000000e+04 5.000000000000000000e+01 -5.203200000000000000e+04 1.086146578460886580e+01 5.454002526903504317e-02 2.135797342588307224e+00 1.165885099222586235e-02 -6.386782404252128842e+00 1.010614512037568205e-02 0.000000000000000000e+00 -2.348336099999999860e+01 2.291199999999999834e-02 2.980366466999999830e+03
1.652500000000000000e+04 5.000000000000000000e+01 -5.203200000000000000e+04 -2.305426579615248173e+01 8.834044140099060749e-02 2.183773077333724721e+00 1.323664038281450149e-02 -6.308551307703545774e+00 1.236454440948760690e-02 1.000000000000000000e+00 9.237591999999999359e+00 8.174000000000000710e-03 2.995111309999999776e+03
1.652500000000000000e+04 5.000000000000000000e+01 -5.203200000000000000e+04 1.090723651713943276e+01 7.221653659903019828e-02 2.196218621236029733e+00 1.054688942061061778e-02 -6.505784900511017099e+00 1.130365614260909167e-02 0.000000000000000000e+00 -2.347533400000000015e+01 1.583100000000000132e-02 3.005457902000000104e+03
1.252500000000000000e+04 5.000000000000000000e+01 -5.203200000000000000e+04 -2.303936759244387034e+01 6.378885824775390456e-02 2.219055879014287580e+00 1.254359394558250164e-02 -6.509374833166418739e+00 1.394299793359753126e-02 1.000000000000000000e+00 9.241849000000000203e+00 1.255099999999999966e-02 3.020206745999999839e+03
1.252500000000000000e+04 5.000000000000000000e+01 -5.203200000000000000e+04 1.090976153365594215e+01 7.545105196144058501e-02 2.192859614673491997e+00 1.389668827440198283e-02 -6.586979969369815890e+00 1.012796770907621775e-02 0.000000000000000000e+00 -2.346406400000000048e+01 1.118199999999999923e-02 3.030550337000000127e+03
8.525000000000000000e+03 5.000000000000000000e+01 -5.203200000000000000e+04 -2.304994208962428104e+01 7.066784141197192393e-02 2.276491065187003837e+00 1.375241869355826006e-02 -6.640653937749186220e+00 8.314226677776811320e-03 1.000000000000000000e+00 9.259104999999999919e+00 1.369199999999999931e-02 3.045296181000000161e+03
8.525000000000000000e+03 5.000000000000000000e+01 -5.203200000000000000e+04 1.092866706995140191e+01 9.388492869183960587e-02 2.274183080087254449e+00 1.260206697560903658e-02 -6.680251424869103616e+00 1.311782247442216942e-02 0.000000000000000000e+00 -2.348369399999999985e+01 1.500399999999999998e-02 3.055640772000000197e+03
4.525000000000000000e+03 5.000000000000000000e+01 -5.203200000000000000e+04 -2.307847383503697714e+01 7.336495669590453739e-02 2.324851459087662775e+00 1.293675148219979899e-02 -6.712674846906604209e+00 1.178039363076853994e-02 1.000000000000000000e+00 9.244656000000000873e+00 9.046999999999999487e-03 3.070384615999999824e+03
4.525000000000000000e+03 5.000000000000000000e+01 -5.203200000000000000e+04 1.091313479285193822e+01 7.382347200651730168e-02 2.310280749400312139e+00 1.125747440213362843e-02 -6.797213446393444158e+00 1.211951422245385011e-02 0.000000000000000000e+00 -2.348185099999999892e+01 1.872199999999999906e-02 3.080728207999999995e+03
2.525000000000000000e+03 5.000000000000000000e+01 -5.203200000000000000e+04 -2.307080461414975403e+01 6.590554150968534752e-02 2.407524372104125288e+00 1.449284391835169682e-02 -6.732002947698092044e+00 8.494184744484579996e-03 1.000000000000000000e+00 9.251127999999999574e+00 1.206499999999999934e-02 3.093469935999999961e+03
2.525000000000000000e+03 5.000000000000000000e+01 -5.203200000000000000e+04 1.090544404473201645e+01 6.709903685825324704e-02 2.387351199711543082e+00 1.473829508068957329e-02 -6.809795382193856383e+00 1.297183270819093036e-02 0.000000000000000000e+00 -2.347394299999999845e+01 1.946200000000000013e-02 3.103916533999999956e+03
2.525000000000000000e+03 5.000000000000000000e+01 -5.203200000000000000e+04 -2.307891247838262672e+01 7.571424038282076330e-02 2.370533999255918012e+00 1.247340550806445847e-02 -6.730675211605330333e+00 9.870364192055773589e-03 1.000000000000000000e+00 9.224240999999999246e+00 1.938899999999999998e-02 3.114262125000000196e+03
2.525000000000000000e+03 5.000000000000000000e+01 -5.203200000000000000e+04 1.090590995413213271e+01 6.828099172996153488e-02 2.367038694467026083e+00 1.097198835829034727e-02 -6.808385500595161233e+00 9.250259230879196229e-03 0.000000000000000000e+00 -2.347916899999999885e+01 2.152300000000000046e-02 3.124606717000000117e+03
4.525000000000000000e+03 5.000000000000000000e+01 -5.203200000000000000e+04 -2.302902914279637514e+01 6.239139905762276089e-02 2.318505585233879618e+00 1.324405086235781390e-02 -6.779938230164241020e+00 7.861073361046173533e-03 1.000000000000000000e+00 9.242743000000000819e+00 1.010899999999999993e-02 3.137350445999999920e+03
4.525000000000000000e+03 5.000000000000000000e+01 -5.203200000000000000e+04 1.090413488950185439e+01 7.443693494568906499e-02 2.335449985782878990e+00 1.219085010543181392e-02 -6.768363167614764642e+00 9.987297311993102375e-03 0.000000000000000000e+00 -2.346886200000000144e+01 1.539399999999999970e-02 3.147696038000000044e+03
8.525000000000000000e+03 5.000000000000000000e+01 -5.203200000000000000e+04 -2.305694474800836247e+01 6.836597535724120434e-02 2.293476378018018735e+00 1.464618843455525905e-02 -6.665071633721336042e+00 9.938679579933591343e-03 1.000000000000000000e+00 9.229739999999999611e+00 9.497000000000000233e-03 3.162442880999999943e+03
8.525000000000000000e+03 5.000000000000000000e+01 -5.203200000000000000e+04 1.092778499675270432e+01 7.091951363815270082e-02 2.279022093597603327e+00 1.039737281396288689e-02 -6.684116580638126415e+00 1.083379222134774923e-02 0.000000000000000000e+00 -2.347458900000000170e+01 1.616499999999999881e-02 3.172787472999999864e+03
1.252500000000000000e+04 5.000000000000000000e+01 -5.203200000000000000e+04 -2.304650246945371350e+01 6.716888794147372888e-02 2.216643814243063115e+00 1.076074527233534389e-02 -6.563233959083886404e+00 9.823440277706060528e-03 1.000000000000000000e+00 9.213611000000000217e+00 8.817000000000000184e-03 3.187533316000000013e+03
1.252500000000000000e+04 5.000000000000000000e+01 -5.203200000000000000e+04 1.090751815662950897e+01 5.789069135361000346e-02 2.240383634372197008e+00 1.504456234890643417e-02 -6.578933605209876134e+00 9.842277090741320678e-03 0.000000000000000000e+00 -2.347845799999999983e+01 1.503400000000000049e-02 3.197877907999999934e+03
1.652500000000000000e+04 5.000000000000000000e+01 -5.203200000000000000e+04 -2.303517932016349690e+01 8.005331235897532316e-02 2.179005000901316880e+00 1.546318437624891184e-02 -6.477917350366934279e+00 9.462978352636191443e-03 1.000000000000000000e+00 9.232134000000000285e+00 7.621000000000000170e-03 3.212621751000000131e+03
1.652500000000000000e+04 5.000000000000000000e+01 -5.203200000000000000e+04 1.095132145825194137e+01 7.134605845602969010e-02 2.169084953495273194e+00 1.147657093102896417e-02 -6.430538049599891615e+00 8.282016931512160493e-03 0.000000000000000000e+00 -2.348155300000000167e+01 1.999499999999999889e-02 3.222966343000000052e+03
2.052500000000000000e+04 5.000000000000000000e+01 -5.203200000000000000e+04 -2.306271771292364647e+01 6.592255092136260763e-02 2.084924483579332577e+00 1.417825870470360364e-02 -6.374941653566112976e+00 8.580723111885664098e-03 1.000000000000000000e+00 9.227503999999999706e+00 1.031499999999999952e-02 3.237710185999999794e+03
2.052500000000000000e+04 5.000000000000000000e+01 -5.203200000000000000e+04 1.092012446866428377e+01 5.604051488228555672e-02 2.108465097034491809e+00 1.013404983252313638e-02 -6.266490651634285314e+00 1.145898925386827985e-02 0.000000000000000000e+00 -2.348069800000000029e+01 2.776299999999999948e-02 3.248051778000000013e+03
2.452500000000000000e+04 5.000000000000000000e+01 -5.203200000000000000e+04 -2.311452789144124864e+01 7.614829721068951118e-02 2.091660621763040684e+00 9.926426668412167975e-03 -6.169212347080405223e+00 8.867826425293275083e-03 1.000000000000000000e+00 9.242812999999999946e+00 1.058100000000000013e-02 3.262794621000000006e+03
2.452500000000000000e+04 5.000000000000000000e+01 -5.203200000000000000e+04 1.091191770742634759e+01 6.297922594761183601e-02 2.069730600833584511e+00 1.580174497105134648e-02 -6.133117694847325829e+00 6.622087881439623139e-03 0.000000000000000000e+00 -2.347527900000000045e+01 2.645799999999999888e-02 3.273139212999999927e+03
2.852500000000000000e+04 5.000000000000000000e+01 -5.203200000000000000e+04 -2.316320977957802896e+01 7.881901123181099533e-02 2.062458009525422575e+00 9.757442514966204947e-03 -5.935315020593953328e+00 1.289668248065309331e-02 1.000000000000000000e+00 9.222134999999999749e+00 1.263599999999999966e-02 3.287885056000000077e+03
2.852500000000000000e+04 5.000000000000000000e+01 -5.203200000000000000e+04 1.089093012995455467e+01 7.029489173985330186e-02 2.056238653395530580e+00 9.984042338827638086e-03 -5.973790981187343974e+00 7.673796183037466349e-03 0.000000000000000000e+00 -2.347962100000000163e+01 1.667199999999999932e-02 3.298328653000000031e+03
