4.525000000000000000e+03 4.050000000000000000e+03 5.805358328010475077e-02 -8.617089196326331579e-03 7.037687572441997386e-03
4.525000000000000000e+03 4.050000000000000000e+03 5.805358328010475077e-02 -8.617089196326331579e-03 7.037687572441997386e-03
4.525000000000000000e+03 4.050000000000000000e+03 5.805358328010475077e-02 -8.617089196326331579e-03 7.037687572441997386e-03
4.525000000000000000e+03 4.050000000000000000e+03 5.805358328010475077e-02 -8.617089196326331579e-03 7.037687572441997386e-03
4.525000000000000000e+03 4.050000000000000000e+03 5.805358328010475077e-02 -8.617089196326331579e-03 7.037687572441997386e-03
4.525000000000000000e+03 4.050000000000000000e+03 5.805358328010475077e-02 -8.617089196326331579e-03 7.037687572441997386e-03
4.525000000000000000e+03 4.050000000000000000e+03 5.805358328010475077e-02 -8.617089196326331579e-03 7.037687572441997386e-03
4.525000000000000000e+03 4.050000000000000000e+03 5.805358328010475077e-02 -8.617089196326331579e-03 7.037687572441997386e-03
4.525000000000000000e+03 4.050000000000000000e+03 5.805358328010475077e-02 -8.617089196326331579e-03 7.037687572441997386e-03
4.525000000000000000e+03 4.050000000000000000e+03 5.805358328010475077e-02 -8.617089196326331579e-03 7.037687572441997386e-03
4.525000000000000000e+03 4.050000000000000000e+03 5.805358328010475077e-02 -8.617089196326331579e-03 7.037687572441997386e-03
4.525000000000000000e+03 4.050000000000000000e+03 5.805358328010475077e-02 -8.617089196326331579e-03 7.037687572441997386e-03
4.525000000000000000e+03 4.050000000000000000e+03 5.805358328010475077e-02 -8.617089196326331579e-03 7.037687572441997386e-03
4.525000000000000000e+03 4.050000000000000000e+03 5.805358328010475077e-02 -8.617089196326331579e-03 7.037687572441997386e-03
4.525000000000000000e+03 4.050000000000000000e+03 5.805358328010475077e-02 -8.617089196326331579e-03 7.037687572441997386e-03
4.525000000000000000e+03 4.050000000000000000e+03 5.805358328010475077e-02 -8.617089196326331579e-03 7.037687572441997386e-03
4.525000000000000000e+03 4.050000000000000000e+03 5.805358328010475077e-02 -8.617089196326331579e-03 7.037687572441997386e-03
4.525000000000000000e+03 4.050000000000000000e+03 5.805358328010475077e-02 -8.617089196326331579e-03 7.037687572441997386e-03
4.525000000000000000e+03 4.050000000000000000e+03 5.805358328010475077e-02 -8.617089196326331579e-03 7.037687572441997386e-03
4.525000000000000000e+03 4.050000000000000000e+03 5.805358328010475077e-02 -8.617089196326331579e-03 7.037687572441997386e-03
4.525000000000000000e+03 4.050000000000000000e+03 5.805358328010475077e-02 -8.617089196326331579e-03 7.037687572441997386e-03
4.525000000000000000e+03 4.050000000000000000e+03 5.805358328010475077e-02 -8.617089196326331579e-03 7.037687572441997386e-03
4.525000000000000000e+03 4.050000000000000000e+03 5.805358328010475077e-02 -8.617089196326331579e-03 7.037687572441997386e-03
4.525000000000000000e+03 4.050000000000000000e+03 5.805358328010475077e-02 -8.617089196326331579e-03 7.037687572441997386e-03
4.525000000000000000e+03 4.050000000000000000e+03 5.805358328010475077e-02 -8.617089196326331579e-03 7.037687572441997386e-03
4.525000000000000000e+03 4.050000000000000000e+03 5.805358328010475077e-02 -8.617089196326331579e-03 7.037687572441997386e-03
4.525000000000000000e+03 4.050000000000000000e+03 5.805358328010475077e-02 -8.617089196326331579e-03 7.037687572441997386e-03
4.525000000000000000e+03 4.050000000000000000e+03 5.805358328010475077e-02 -8.617089196326331579e-03 7.037687572441997386e-03
4.525000000000000000e+03 4.050000000000000000e+03 5.805358328010475077e-02 -8.617089196326331579e-03 7.037687572441997386e-03
4.525000000000000000e+03 4.050000000000000000e+03 5.805358328010475077e-02 -8.617089196326331579e-03 7.037687572441997386e-03
4.525000000000000000e+03 4.050000000000000000e+03 5.805358328010475077e-02 -8.617089196326331579e-03 7.037687572441997386e-03
4.525000000000000000e+03 4.050000000000000000e+03 5.805358328010475077e-02 -8.617089196326331579e-03 7.037687572441997386e-03
4.525000000000000000e+03 4.050000000000000000e+03 5.805358328010475077e-02 -8.617089196326331579e-03 7.037687572441997386e-03
4.525000000000000000e+03 4.050000000000000000e+03 5.805358328010475077e-02 -8.617089196326331579e-03 7.037687572441997386e-03
4.525000000000000000e+03 4.050000000000000000e+03 5.805358328010475077e-02 -8.617089196326331579e-03 7.037687572441997386e-03
4.525000000000000000e+03 4.050000000000000000e+03 5.805358328010475077e-02 -8.617089196326331579e-03 7.037687572441997386e-03
4.525000000000000000e+03 4.050000000000000000e+03 5.805358328010475077e-02 -8.617089196326331579e-03 7.037687572441997386e-03
4.525000000000000000e+03 4.050000000000000000e+03 5.805358328010475077e-02 -8.617089196326331579e-03 7.037687572441997386e-03
4.525000000000000000e+03 4.050000000000000000e+03 5.805358328010475077e-02 -8.617089196326331579e-03 7.037687572441997386e-03
4.525000000000000000e+03 4.050000000000000000e+03 5.805358328010475077e-02 -8.617089196326331579e-03 7.037687572441997386e-03
4.525000000000000000e+03 4.050000000000000000e+03 5.805358328010475077e-02 -8.617089196326331579e-03 7.037687572441997386e-03
4.525000000000000000e+03 4.050000000000000000e+03 5.805358328010475077e-02 -8.617089196326331579e-03 7.037687572441997386e-03
4.525000000000000000e+03 4.050000000000000000e+03 5.805358328010475077e-02 -8.617089196326331579e-03 7.037687572441997386e-03
4.525000000000000000e+03 4.050000000000000000e+03 5.805358328010475077e-02 -8.617089196326331579e-03 7.037687572441997386e-03
4.525000000000000000e+03 4.050000000000000000e+03 5.805358328010475077e-02 -8.617089196326331579e-03 7.037687572441997386e-03
4.525000000000000000e+03 4.050000000000000000e+03 5.805358328010475077e-02 -8.617089196326331579e-03 7.037687572441997386e-03
4.525000000000000000e+03 4.050000000000000000e+03 5.805358328010475077e-02 -8.617089196326331579e-03 7.037687572441997386e-03
4.525000000000000000e+03 4.050000000000000000e+03 5.805358328010475077e-02 -8.617089196326331579e-03 7.037687572441997386e-03
4.525000000000000000e+03 4.050000000000000000e+03 5.805358328010475077e-02 -8.617089196326331579e-03 7.037687572441997386e-03
4.525000000000000000e+03 4.050000000000000000e+03 5.805358328010475077e-02 -8.617089196326331579e-03 7.037687572441997386e-03
4.525000000000000000e+03 4.050000000000000000e+03 5.805358328010475077e-02 -8.617089196326331579e-03 7.037687572441997386e-03
4.525000000000000000e+03 4.050000000000000000e+03 5.805358328010475077e-02 -8.617089196326331579e-03 7.037687572441997386e-03
4.525000000000000000e+03 4.050000000000000000e+03 5.805358328010475077e-02 -8.617089196326331579e-03 7.037687572441997386e-03
4.525000000000000000e+03 4.050000000000000000e+03 5.805358328010475077e-02 -8.617089196326331579e-03 7.037687572441997386e-03
4.525000000000000000e+03 4.050000000000000000e+03 5.805358328010475077e-02 -8.617089196326331579e-03 7.037687572441997386e-03
4.525000000000000000e+03 4.050000000000000000e+03 5.805358328010475077e-02 -8.617089196326331579e-03 7.037687572441997386e-03
4.525000000000000000e+03 4.050000000000000000e+03 5.805358328010475077e-02 -8.617089196326331579e-03 7.037687572441997386e-03
4.525000000000000000e+03 4.050000000000000000e+03 5.805358328010475077e-02 -8.617089196326331579e-03 7.037687572441997386e-03
4.525000000000000000e+03 4.050000000000000000e+03 5.805358328010475077e-02 -8.617089196326331579e-03 7.037687572441997386e-03
4.525000000000000000e+03 4.050000000000000000e+03 5.805358328010475077e-02 -8.617089196326331579e-03 7.037687572441997386e-03
4.525000000000000000e+03 4.050000000000000000e+03 5.805358328010475077e-02 -8.617089196326331579e-03 7.037687572441997386e-03
4.525000000000000000e+03 4.050000000000000000e+03 5.805358328010475077e-02 -8.617089196326331579e-03 7.037687572441997386e-03
4.525000000000000000e+03 4.050000000000000000e+03 5.805358328010475077e-02 -8.617089196326331579e-03 7.037687572441997386e-03
4.525000000000000000e+03 4.050000000000000000e+03 5.805358328010475077e-02 -8.617089196326331579e-03 7.037687572441997386e-03
4.525000000000000000e+03 4.050000000000000000e+03 5.805358328010475077e-02 -8.617089196326331579e-03 7.037687572441997386e-03
4.525000000000000000e+03 4.050000000000000000e+03 5.805358328010475077e-02 -8.617089196326331579e-03 7.037687572441997386e-03
