2.525000000000000000e+03 4.050000000000000000e+03 3.529571089812999496e-02 -1.569987276967315954e-03 6.977514790448131193e-03
2.525000000000000000e+03 4.050000000000000000e+03 3.529571089812999496e-02 -1.569987276967315954e-03 6.977514790448131193e-03
4.525000000000000000e+03 4.050000000000000000e+03 3.765695485693811018e-02 -6.648752478825009984e-03 7.046183573735898334e-03
4.525000000000000000e+03 4.050000000000000000e+03 3.765695485693811018e-02 -6.648752478825009984e-03 7.046183573735898334e-03
8.525000000000000000e+03 4.050000000000000000e+03 4.061582991198095516e-02 -6.399405045345041461e-03 1.060608247202506418e-02
8.525000000000000000e+03 4.050000000000000000e+03 4.061582991198095516e-02 -6.399405045345041461e-03 1.060608247202506418e-02
1.252500000000000000e+04 4.050000000000000000e+03 3.524134689998322661e-02 -1.234891368437418492e-03 1.531006684347696600e-02
1.252500000000000000e+04 4.050000000000000000e+03 3.524134689998322661e-02 -1.234891368437418492e-03 1.531006684347696600e-02
1.652500000000000000e+04 4.050000000000000000e+03 2.593287754627520564e-02 -6.069217714583109279e-04 1.872892387415990914e-02
1.652500000000000000e+04 4.050000000000000000e+03 2.593287754627520564e-02 -6.069217714583109279e-04 1.872892387415990914e-02
2.052500000000000000e+04 4.050000000000000000e+03 2.443422044578343055e-02 7.579614983873518173e-04 2.031626988384027666e-02
2.052500000000000000e+04 4.050000000000000000e+03 2.443422044578343055e-02 7.579614983873518173e-04 2.031626988384027666e-02
2.452500000000000000e+04 4.050000000000000000e+03 2.488704662958374919e-02 3.695376521901773317e-03 1.916435784053606428e-02
2.452500000000000000e+04 4.050000000000000000e+03 2.488704662958374919e-02 3.695376521901773317e-03 1.916435784053606428e-02
2.852500000000000000e+04 4.050000000000000000e+03 2.922807620016808910e-02 5.736012089602127335e-03 1.405362409936675508e-02
2.852500000000000000e+04 4.050000000000000000e+03 2.922807620016808910e-02 5.736012089602127335e-03 1.405362409936675508e-02
2.852500000000000000e+04 4.050000000000000000e+03 2.922807620016808910e-02 5.736012089602127335e-03 1.405362409936675508e-02
2.852500000000000000e+04 4.050000000000000000e+03 2.922807620016808910e-02 5.736012089602127335e-03 1.405362409936675508e-02
2.452500000000000000e+04 4.050000000000000000e+03 2.488704662958374919e-02 3.695376521901773317e-03 1.916435784053606428e-02
2.452500000000000000e+04 4.050000000000000000e+03 2.488704662958374919e-02 3.695376521901773317e-03 1.916435784053606428e-02
2.052500000000000000e+04 4.050000000000000000e+03 2.443422044578343055e-02 7.579614983873518173e-04 2.031626988384027666e-02
2.052500000000000000e+04 4.050000000000000000e+03 2.443422044578343055e-02 7.579614983873518173e-04 2.031626988384027666e-02
1.652500000000000000e+04 4.050000000000000000e+03 2.593287754627520564e-02 -6.069217714583109279e-04 1.872892387415990914e-02
1.652500000000000000e+04 4.050000000000000000e+03 2.593287754627520564e-02 -6.069217714583109279e-04 1.872892387415990914e-02
1.252500000000000000e+04 4.050000000000000000e+03 3.524134689998322661e-02 -1.234891368437418492e-03 1.531006684347696600e-02
1.252500000000000000e+04 4.050000000000000000e+03 3.524134689998322661e-02 -1.234891368437418492e-03 1.531006684347696600e-02
8.525000000000000000e+03 4.050000000000000000e+03 4.061582991198095516e-02 -6.399405045345041461e-03 1.060608247202506418e-02
8.525000000000000000e+03 4.050000000000000000e+03 4.061582991198095516e-02 -6.399405045345041461e-03 1.060608247202506418e-02
4.525000000000000000e+03 4.050000000000000000e+03 3.765695485693811018e-02 -6.648752478825009984e-03 7.046183573735898334e-03
4.525000000000000000e+03 4.050000000000000000e+03 3.765695485693811018e-02 -6.648752478825009984e-03 7.046183573735898334e-03
2.525000000000000000e+03 4.050000000000000000e+03 3.529571089812999496e-02 -1.569987276967315954e-03 6.977514790448131193e-03
2.525000000000000000e+03 4.050000000000000000e+03 3.529571089812999496e-02 -1.569987276967315954e-03 6.977514790448131193e-03
2.525000000000000000e+03 4.050000000000000000e+03 3.529571089812999496e-02 -1.569987276967315954e-03 6.977514790448131193e-03
2.525000000000000000e+03 4.050000000000000000e+03 3.529571089812999496e-02 -1.569987276967315954e-03 6.977514790448131193e-03
4.525000000000000000e+03 4.050000000000000000e+03 3.765695485693811018e-02 -6.648752478825009984e-03 7.046183573735898334e-03
4.525000000000000000e+03 4.050000000000000000e+03 3.765695485693811018e-02 -6.648752478825009984e-03 7.046183573735898334e-03
8.525000000000000000e+03 4.050000000000000000e+03 4.061582991198095516e-02 -6.399405045345041461e-03 1.060608247202506418e-02
8.525000000000000000e+03 4.050000000000000000e+03 4.061582991198095516e-02 -6.399405045345041461e-03 1.060608247202506418e-02
1.252500000000000000e+04 4.050000000000000000e+03 3.524134689998322661e-02 -1.234891368437418492e-03 1.531006684347696600e-02
1.252500000000000000e+04 4.050000000000000000e+03 3.524134689998322661e-02 -1.234891368437418492e-03 1.531006684347696600e-02
1.652500000000000000e+04 4.050000000000000000e+03 2.593287754627520564e-02 -6.069217714583109279e-04 1.872892387415990914e-02
1.652500000000000000e+04 4.050000000000000000e+03 2.593287754627520564e-02 -6.069217714583109279e-04 1.872892387415990914e-02
2.052500000000000000e+04 4.050000000000000000e+03 2.443422044578343055e-02 7.579614983873518173e-04 2.031626988384027666e-02
2.052500000000000000e+04 4.050000000000000000e+03 2.443422044578343055e-02 7.579614983873518173e-04 2.031626988384027666e-02
2.452500000000000000e+04 4.050000000000000000e+03 2.488704662958374919e-02 3.695376521901773317e-03 1.916435784053606428e-02
2.452500000000000000e+04 4.050000000000000000e+03 2.488704662958374919e-02 3.695376521901773317e-03 1.916435784053606428e-02
2.852500000000000000e+04 4.050000000000000000e+03 2.922807620016808910e-02 5.736012089602127335e-03 1.405362409936675508e-02
2.852500000000000000e+04 4.050000000000000000e+03 2.922807620016808910e-02 5.736012089602127335e-03 1.405362409936675508e-02
2.525000000000000000e+03 8.050000000000000000e+03 2.932427787503183794e-02 3.430025650445700514e-02 -3.170714858630786781e-02
2.525000000000000000e+03 8.050000000000000000e+03 2.932427787503183794e-02 3.430025650445700514e-02 -3.170714858630786781e-02
4.525000000000000000e+03 8.050000000000000000e+03 2.635864585893304968e-02 4.269534081748413423e-02 -3.262075797319643339e-02
4.525000000000000000e+03 8.050000000000000000e+03 2.635864585893304968e-02 4.269534081748413423e-02 -3.262075797319643339e-02
8.525000000000000000e+03 8.050000000000000000e+03 2.644731631829587773e-02 3.744017942455118292e-02 -2.855561484797921462e-02
8.525000000000000000e+03 8.050000000000000000e+03 2.644731631829587773e-02 3.744017942455118292e-02 -2.855561484797921462e-02
1.252500000000000000e+04 8.050000000000000000e+03 2.597919265750425061e-02 2.961971003068893105e-02 -2.388066841835764093e-02
1.252500000000000000e+04 8.050000000000000000e+03 2.597919265750425061e-02 2.961971003068893105e-02 -2.388066841835764093e-02
1.652500000000000000e+04 8.050000000000000000e+03 2.702952165268554530e-02 2.163868195513052317e-02 -2.148981783038802357e-02
1.652500000000000000e+04 8.050000000000000000e+03 2.702952165268554530e-02 2.163868195513052317e-02 -2.148981783038802357e-02
2.052500000000000000e+04 8.050000000000000000e+03 2.662120906410922472e-02 3.730398598270891902e-02 -2.029262650349225941e-02
2.052500000000000000e+04 8.050000000000000000e+03 2.662120906410922472e-02 3.730398598270891902e-02 -2.029262650349225941e-02
2.452500000000000000e+04 8.050000000000000000e+03 2.750185778993732844e-02 2.317060063592179045e-02 -2.116353353109817759e-02
2.452500000000000000e+04 8.050000000000000000e+03 2.750185778993732844e-02 2.317060063592179045e-02 -2.116353353109817759e-02
2.852500000000000000e+04 8.050000000000000000e+03 2.971679060650402743e-02 2.577231258605554298e-02 -2.462897514346996941e-02
2.852500000000000000e+04 8.050000000000000000e+03 2.971679060650402743e-02 2.577231258605554298e-02 -2.462897514346996941e-02
2.852500000000000000e+04 8.050000000000000000e+03 2.971679060650402743e-02 2.577231258605554298e-02 -2.462897514346996941e-02
2.852500000000000000e+04 8.050000000000000000e+03 2.971679060650402743e-02 2.577231258605554298e-02 -2.462897514346996941e-02
2.452500000000000000e+04 8.050000000000000000e+03 2.750185778993732844e-02 2.317060063592179045e-02 -2.116353353109817759e-02
2.452500000000000000e+04 8.050000000000000000e+03 2.750185778993732844e-02 2.317060063592179045e-02 -2.116353353109817759e-02
2.052500000000000000e+04 8.050000000000000000e+03 2.662120906410922472e-02 3.730398598270891902e-02 -2.029262650349225941e-02
2.052500000000000000e+04 8.050000000000000000e+03 2.662120906410922472e-02 3.730398598270891902e-02 -2.029262650349225941e-02
1.652500000000000000e+04 8.050000000000000000e+03 2.702952165268554530e-02 2.163868195513052317e-02 -2.148981783038802357e-02
1.652500000000000000e+04 8.050000000000000000e+03 2.702952165268554530e-02 2.163868195513052317e-02 -2.148981783038802357e-02
1.252500000000000000e+04 8.050000000000000000e+03 2.597919265750425061e-02 2.961971003068893105e-02 -2.388066841835764093e-02
1.252500000000000000e+04 8.050000000000000000e+03 2.597919265750425061e-02 2.961971003068893105e-02 -2.388066841835764093e-02
8.525000000000000000e+03 8.050000000000000000e+03 2.644731631829587773e-02 3.744017942455118292e-02 -2.855561484797921462e-02
8.525000000000000000e+03 8.050000000000000000e+03 2.644731631829587773e-02 3.744017942455118292e-02 -2.855561484797921462e-02
4.525000000000000000e+03 8.050000000000000000e+03 2.635864585893304968e-02 4.269534081748413423e-02 -3.262075797319643339e-02
4.525000000000000000e+03 8.050000000000000000e+03 2.635864585893304968e-02 4.269534081748413423e-02 -3.262075797319643339e-02
2.525000000000000000e+03 8.050000000000000000e+03 2.932427787503183794e-02 3.430025650445700514e-02 -3.170714858630786781e-02
2.525000000000000000e+03 8.050000000000000000e+03 2.932427787503183794e-02 3.430025650445700514e-02 -3.170714858630786781e-02
2.525000000000000000e+03 8.050000000000000000e+03 2.932427787503183794e-02 3.430025650445700514e-02 -3.170714858630786781e-02
2.525000000000000000e+03 8.050000000000000000e+03 2.932427787503183794e-02 3.430025650445700514e-02 -3.170714858630786781e-02
4.525000000000000000e+03 8.050000000000000000e+03 2.635864585893304968e-02 4.269534081748413423e-02 -3.262075797319643339e-02
4.525000000000000000e+03 8.050000000000000000e+03 2.635864585893304968e-02 4.269534081748413423e-02 -3.262075797319643339e-02
8.525000000000000000e+03 8.050000000000000000e+03 2.644731631829587773e-02 3.744017942455118292e-02 -2.855561484797921462e-02
8.525000000000000000e+03 8.050000000000000000e+03 2.644731631829587773e-02 3.744017942455118292e-02 -2.855561484797921462e-02
1.252500000000000000e+04 8.050000000000000000e+03 2.597919265750425061e-02 2.961971003068893105e-02 -2.388066841835764093e-02
1.252500000000000000e+04 8.050000000000000000e+03 2.597919265750425061e-02 2.961971003068893105e-02 -2.388066841835764093e-02
1.652500000000000000e+04 8.050000000000000000e+03 2.702952165268554530e-02 2.163868195513052317e-02 -2.148981783038802357e-02
1.652500000000000000e+04 8.050000000000000000e+03 2.702952165268554530e-02 2.163868195513052317e-02 -2.148981783038802357e-02
2.052500000000000000e+04 8.050000000000000000e+03 2.662120906410922472e-02 3.730398598270891902e-02 -2.029262650349225941e-02
2.052500000000000000e+04 8.050000000000000000e+03 2.662120906410922472e-02 3.730398598270891902e-02 -2.029262650349225941e-02
2.452500000000000000e+04 8.050000000000000000e+03 2.750185778993732844e-02 2.317060063592179045e-02 -2.116353353109817759e-02
2.452500000000000000e+04 8.050000000000000000e+03 2.750185778993732844e-02 2.317060063592179045e-02 -2.116353353109817759e-02
2.852500000000000000e+04 8.050000000000000000e+03 2.971679060650402743e-02 2.577231258605554298e-02 -2.462897514346996941e-02
2.852500000000000000e+04 8.050000000000000000e+03 2.971679060650402743e-02 2.577231258605554298e-02 -2.462897514346996941e-02
2.525000000000000000e+03 -3.950000000000000000e+03 2.868282279801322165e-02 -2.291605634926628145e-03 5.796777848724768423e-02
2.525000000000000000e+03 -3.950000000000000000e+03 2.868282279801322165e-02 -2.291605634926628145e-03 5.796777848724768423e-02
4.525000000000000000e+03 -3.950000000000000000e+03 -1.638350639279478188e-02 -9.237031965021985647e-03 5.592837195149449880e-02
4.525000000000000000e+03 -3.950000000000000000e+03 -1.638350639279478188e-02 -9.237031965021985647e-03 5.592837195149449880e-02
8.525000000000000000e+03 -3.950000000000000000e+03 -1.375410155419774794e-02 -8.079746821127735748e-03 5.950473928195001289e-02
8.525000000000000000e+03 -3.950000000000000000e+03 -1.375410155419774794e-02 -8.079746821127735748e-03 5.950473928195001289e-02
1.252500000000000000e+04 -3.950000000000000000e+03 6.890312921914810984e-03 -3.365727219389060953e-03 6.319371688323299763e-02
1.252500000000000000e+04 -3.950000000000000000e+03 6.890312921914810984e-03 -3.365727219389060953e-03 6.319371688323299763e-02
1.652500000000000000e+04 -3.950000000000000000e+03 7.180666300840870056e-03 -2.169441540283262825e-03 6.771500843434702377e-02
1.652500000000000000e+04 -3.950000000000000000e+03 7.180666300840870056e-03 -2.169441540283262825e-03 6.771500843434702377e-02
2.052500000000000000e+04 -3.950000000000000000e+03 4.388069797842298822e-03 5.142801097303485486e-05 6.796108289917471290e-02
2.052500000000000000e+04 -3.950000000000000000e+03 4.388069797842298822e-03 5.142801097303485486e-05 6.796108289917471290e-02
2.452500000000000000e+04 -3.950000000000000000e+03 4.563644158633918882e-03 1.206752231960911588e-03 6.618719962082242336e-02
2.452500000000000000e+04 -3.950000000000000000e+03 4.563644158633918882e-03 1.206752231960911588e-03 6.618719962082242336e-02
2.852500000000000000e+04 -3.950000000000000000e+03 2.149894181304757429e-02 5.642456149678450744e-03 6.132474610993945974e-02
2.852500000000000000e+04 -3.950000000000000000e+03 2.149894181304757429e-02 5.642456149678450744e-03 6.132474610993945974e-02
2.852500000000000000e+04 -3.950000000000000000e+03 2.149894181304757429e-02 5.642456149678450744e-03 6.132474610993945974e-02
2.852500000000000000e+04 -3.950000000000000000e+03 2.149894181304757429e-02 5.642456149678450744e-03 6.132474610993945974e-02
2.452500000000000000e+04 -3.950000000000000000e+03 4.563644158633918882e-03 1.206752231960911588e-03 6.618719962082242336e-02
2.452500000000000000e+04 -3.950000000000000000e+03 4.563644158633918882e-03 1.206752231960911588e-03 6.618719962082242336e-02
2.052500000000000000e+04 -3.950000000000000000e+03 4.388069797842298822e-03 5.142801097303485486e-05 6.796108289917471290e-02
2.052500000000000000e+04 -3.950000000000000000e+03 4.388069797842298822e-03 5.142801097303485486e-05 6.796108289917471290e-02
1.652500000000000000e+04 -3.950000000000000000e+03 7.180666300840870056e-03 -2.169441540283262825e-03 6.771500843434702377e-02
1.652500000000000000e+04 -3.950000000000000000e+03 7.180666300840870056e-03 -2.169441540283262825e-03 6.771500843434702377e-02
1.252500000000000000e+04 -3.950000000000000000e+03 6.890312921914810984e-03 -3.365727219389060953e-03 6.319371688323299763e-02
1.252500000000000000e+04 -3.950000000000000000e+03 6.890312921914810984e-03 -3.365727219389060953e-03 6.319371688323299763e-02
8.525000000000000000e+03 -3.950000000000000000e+03 -1.375410155419774794e-02 -8.079746821127735748e-03 5.950473928195001289e-02
8.525000000000000000e+03 -3.950000000000000000e+03 -1.375410155419774794e-02 -8.079746821127735748e-03 5.950473928195001289e-02
4.525000000000000000e+03 -3.950000000000000000e+03 -1.638350639279478188e-02 -9.237031965021985647e-03 5.592837195149449880e-02
4.525000000000000000e+03 -3.950000000000000000e+03 -1.638350639279478188e-02 -9.237031965021985647e-03 5.592837195149449880e-02
2.525000000000000000e+03 -3.950000000000000000e+03 2.868282279801322165e-02 -2.291605634926628145e-03 5.796777848724768423e-02
2.525000000000000000e+03 -3.950000000000000000e+03 2.868282279801322165e-02 -2.291605634926628145e-03 5.796777848724768423e-02
2.525000000000000000e+03 -3.950000000000000000e+03 2.868282279801322165e-02 -2.291605634926628145e-03 5.796777848724768423e-02
2.525000000000000000e+03 -3.950000000000000000e+03 2.868282279801322165e-02 -2.291605634926628145e-03 5.796777848724768423e-02
4.525000000000000000e+03 -3.950000000000000000e+03 -1.638350639279478188e-02 -9.237031965021985647e-03 5.592837195149449880e-02
4.525000000000000000e+03 -3.950000000000000000e+03 -1.638350639279478188e-02 -9.237031965021985647e-03 5.592837195149449880e-02
8.525000000000000000e+03 -3.950000000000000000e+03 -1.375410155419774794e-02 -8.079746821127735748e-03 5.950473928195001289e-02
8.525000000000000000e+03 -3.950000000000000000e+03 -1.375410155419774794e-02 -8.079746821127735748e-03 5.950473928195001289e-02
1.252500000000000000e+04 -3.950000000000000000e+03 6.890312921914810984e-03 -3.365727219389060953e-03 6.319371688323299763e-02
1.252500000000000000e+04 -3.950000000000000000e+03 6.890312921914810984e-03 -3.365727219389060953e-03 6.319371688323299763e-02
1.652500000000000000e+04 -3.950000000000000000e+03 7.180666300840870056e-03 -2.169441540283262825e-03 6.771500843434702377e-02
1.652500000000000000e+04 -3.950000000000000000e+03 7.180666300840870056e-03 -2.169441540283262825e-03 6.771500843434702377e-02
2.052500000000000000e+04 -3.950000000000000000e+03 4.388069797842298822e-03 5.142801097303485486e-05 6.796108289917471290e-02
2.052500000000000000e+04 -3.950000000000000000e+03 4.388069797842298822e-03 5.142801097303485486e-05 6.796108289917471290e-02
2.452500000000000000e+04 -3.950000000000000000e+03 4.563644158633918882e-03 1.206752231960911588e-03 6.618719962082242336e-02
2.452500000000000000e+04 -3.950000000000000000e+03 4.563644158633918882e-03 1.206752231960911588e-03 6.618719962082242336e-02
2.852500000000000000e+04 -3.950000000000000000e+03 2.149894181304757429e-02 5.642456149678450744e-03 6.132474610993945974e-02
2.852500000000000000e+04 -3.950000000000000000e+03 2.149894181304757429e-02 5.642456149678450744e-03 6.132474610993945974e-02
2.525000000000000000e+03 5.000000000000000000e+01 3.154210798652956615e-02 1.471936651944716692e-02 2.433400611745709791e-02
2.525000000000000000e+03 5.000000000000000000e+01 3.154210798652956615e-02 1.471936651944716692e-02 2.433400611745709791e-02
4.525000000000000000e+03 5.000000000000000000e+01 2.671651054575178291e-02 1.248295111757532702e-02 2.570764950068066962e-02
4.525000000000000000e+03 5.000000000000000000e+01 2.671651054575178291e-02 1.248295111757532702e-02 2.570764950068066962e-02
8.525000000000000000e+03 5.000000000000000000e+01 2.676847111638334248e-02 1.136415408749208086e-02 2.871416009755198978e-02
8.525000000000000000e+03 5.000000000000000000e+01 2.676847111638334248e-02 1.136415408749208086e-02 2.871416009755198978e-02
1.252500000000000000e+04 5.000000000000000000e+01 2.615461912134663114e-02 1.350365414080873655e-02 3.199534956103683436e-02
1.252500000000000000e+04 5.000000000000000000e+01 2.615461912134663114e-02 1.350365414080873655e-02 3.199534956103683436e-02
1.652500000000000000e+04 5.000000000000000000e+01 2.856161284590326074e-02 1.292558703236044299e-02 3.633188454598085260e-02
1.652500000000000000e+04 5.000000000000000000e+01 2.856161284590326074e-02 1.292558703236044299e-02 3.633188454598085260e-02
2.052500000000000000e+04 5.000000000000000000e+01 2.696571056607002803e-02 1.225506292158384976e-02 3.745541434283441995e-02
2.052500000000000000e+04 5.000000000000000000e+01 2.696571056607002803e-02 1.225506292158384976e-02 3.745541434283441995e-02
2.452500000000000000e+04 5.000000000000000000e+01 2.931837493851593285e-02 1.189348194913697476e-02 3.552034589832504113e-02
2.452500000000000000e+04 5.000000000000000000e+01 2.931837493851593285e-02 1.189348194913697476e-02 3.552034589832504113e-02
2.852500000000000000e+04 5.000000000000000000e+01 3.156093041361800189e-02 7.469978331714041166e-03 3.114732618762199728e-02
2.852500000000000000e+04 5.000000000000000000e+01 3.156093041361800189e-02 7.469978331714041166e-03 3.114732618762199728e-02
2.852500000000000000e+04 5.000000000000000000e+01 3.156093041361800189e-02 7.469978331714041166e-03 3.114732618762199728e-02
2.852500000000000000e+04 5.000000000000000000e+01 3.156093041361800189e-02 7.469978331714041166e-03 3.114732618762199728e-02
2.452500000000000000e+04 5.000000000000000000e+01 2.931837493851593285e-02 1.189348194913697476e-02 3.552034589832504113e-02
2.452500000000000000e+04 5.000000000000000000e+01 2.931837493851593285e-02 1.189348194913697476e-02 3.552034589832504113e-02
2.052500000000000000e+04 5.000000000000000000e+01 2.696571056607002803e-02 1.225506292158384976e-02 3.745541434283441995e-02
2.052500000000000000e+04 5.000000000000000000e+01 2.696571056607002803e-02 1.225506292158384976e-02 3.745541434283441995e-02
1.652500000000000000e+04 5.000000000000000000e+01 2.856161284590326074e-02 1.292558703236044299e-02 3.633188454598085260e-02
1.652500000000000000e+04 5.000000000000000000e+01 2.856161284590326074e-02 1.292558703236044299e-02 3.633188454598085260e-02
1.252500000000000000e+04 5.000000000000000000e+01 2.615461912134663114e-02 1.350365414080873655e-02 3.199534956103683436e-02
1.252500000000000000e+04 5.000000000000000000e+01 2.615461912134663114e-02 1.350365414080873655e-02 3.199534956103683436e-02
8.525000000000000000e+03 5.000000000000000000e+01 2.676847111638334248e-02 1.136415408749208086e-02 2.871416009755198978e-02
8.525000000000000000e+03 5.000000000000000000e+01 2.676847111638334248e-02 1.136415408749208086e-02 2.871416009755198978e-02
4.525000000000000000e+03 5.000000000000000000e+01 2.671651054575178291e-02 1.248295111757532702e-02 2.570764950068066962e-02
4.525000000000000000e+03 5.000000000000000000e+01 2.671651054575178291e-02 1.248295111757532702e-02 2.570764950068066962e-02
2.525000000000000000e+03 5.000000000000000000e+01 3.154210798652956615e-02 1.471936651944716692e-02 2.433400611745709791e-02
2.525000000000000000e+03 5.000000000000000000e+01 3.154210798652956615e-02 1.471936651944716692e-02 2.433400611745709791e-02
2.525000000000000000e+03 5.000000000000000000e+01 3.154210798652956615e-02 1.471936651944716692e-02 2.433400611745709791e-02
2.525000000000000000e+03 5.000000000000000000e+01 3.154210798652956615e-02 1.471936651944716692e-02 2.433400611745709791e-02
4.525000000000000000e+03 5.000000000000000000e+01 2.671651054575178291e-02 1.248295111757532702e-02 2.570764950068066962e-02
4.525000000000000000e+03 5.000000000000000000e+01 2.671651054575178291e-02 1.248295111757532702e-02 2.570764950068066962e-02
8.525000000000000000e+03 5.000000000000000000e+01 2.676847111638334248e-02 1.136415408749208086e-02 2.871416009755198978e-02
8.525000000000000000e+03 5.000000000000000000e+01 2.676847111638334248e-02 1.136415408749208086e-02 2.871416009755198978e-02
1.252500000000000000e+04 5.000000000000000000e+01 2.615461912134663114e-02 1.350365414080873655e-02 3.199534956103683436e-02
1.252500000000000000e+04 5.000000000000000000e+01 2.615461912134663114e-02 1.350365414080873655e-02 3.199534956103683436e-02
1.652500000000000000e+04 5.000000000000000000e+01 2.856161284590326074e-02 1.292558703236044299e-02 3.633188454598085260e-02
1.652500000000000000e+04 5.000000000000000000e+01 2.856161284590326074e-02 1.292558703236044299e-02 3.633188454598085260e-02
2.052500000000000000e+04 5.000000000000000000e+01 2.696571056607002803e-02 1.225506292158384976e-02 3.745541434283441995e-02
2.052500000000000000e+04 5.000000000000000000e+01 2.696571056607002803e-02 1.225506292158384976e-02 3.745541434283441995e-02
2.452500000000000000e+04 5.000000000000000000e+01 2.931837493851593285e-02 1.189348194913697476e-02 3.552034589832504113e-02
2.452500000000000000e+04 5.000000000000000000e+01 2.931837493851593285e-02 1.189348194913697476e-02 3.552034589832504113e-02
2.852500000000000000e+04 5.000000000000000000e+01 3.156093041361800189e-02 7.469978331714041166e-03 3.114732618762199728e-02
2.852500000000000000e+04 5.000000000000000000e+01 3.156093041361800189e-02 7.469978331714041166e-03 3.114732618762199728e-02
