0.000000000000000000e+00 -3.970000000000000000e+03 -5.865400000000000000e+04 3.378353208384736917e+01 4.559675027708154360e-02 3.378237639999999686e+01 1.282842186942670208e-02 -1.421165865880206658e+00 8.839771609956350792e-03 -1.414974600000000082e+00 1.967888739131342865e-02 -6.522396820418703278e-01 1.443022238681629377e-02 -6.518825999999999787e-01 8.436587643117336027e-03 3.356410306894665752e+01 2.340478878559396764e-02 3.354433860000000323e+01 2.591042119032422111e-02 3.381941452737419951e+01 4.555089900053847091e-02 3.381830624374767780e+01 1.336123414987231382e-02
0.000000000000000000e+00 3.000000000000000000e+01 -5.865400000000000000e+04 3.379286526688733261e+01 4.467696841239004318e-02 3.379059660000000065e+01 1.402485835079995448e-02 -4.962331139978960470e-01 8.251067081993827476e-03 -5.343405999999998324e-01 1.270108753794727263e-01 2.922128318591296625e-02 7.680826500436731090e-03 2.836960000000000176e-02 4.387888679080179620e-03 3.356732478638688377e+01 2.707494194808462637e-02 3.355519379999999785e+01 2.787254266370369285e-02 3.379796962850051756e+01 4.467047632876878366e-02 3.379578960666103171e+01 1.359235060715328902e-02
0.000000000000000000e+00 4.030000000000000000e+03 -5.865400000000000000e+04 3.379610216545810886e+01 4.461126726795264924e-02 3.380078679999999736e+01 1.110141019600810290e-02 -1.346860915915646939e-01 7.304874561601126977e-03 -1.340127999999998210e-01 1.593527464902937466e-02 -4.493542527484872817e-01 1.349028626561517979e-02 -4.512259999999999605e-01 8.559446839603595050e-03 3.356035286238893889e+01 2.556344957155387565e-02 3.354766860000000150e+01 2.208808983502243140e-02 3.379942318046479244e+01 4.460733755570060050e-02 3.380408353567734991e+01 1.107586687454748843e-02
0.000000000000000000e+00 8.030000000000000000e+03 -5.865400000000000000e+04 3.377120386300543231e+01 4.233770828246434526e-02 3.377150900000000178e+01 1.328498606322192632e-02 1.346714906141046608e+00 8.319951805571946732e-03 1.346850400000000114e+00 1.185881045720867978e-02 -1.127106074202016250e+00 7.059211481975963612e-03 -1.127267000000000019e+00 3.689205497122650858e-03 3.353678408854019466e+01 2.679383398414992776e-02 3.353164699999999954e+01 1.942852433665637896e-02 3.381686131940804785e+01 4.228262850114972854e-02 3.381715834255423658e+01 1.305364770902360007e-02
4.000000000000000000e+03 -3.970000000000000000e+03 -5.865400000000000000e+04 3.379051738867887877e+01 4.468126360652711210e-02 3.379024600000000333e+01 2.001276467657457647e-03 -1.489496678966725440e+00 8.703404151938600244e-03 -1.490612599999999954e+00 1.053614680326744359e-02 -9.676091340665262663e-01 1.288274944570935894e-02 -9.662992000000001358e-01 1.396111876391001490e-02 3.357023221019465353e+01 2.835471050833533388e-02 3.357252400000000137e+01 1.002507121670436277e-02 3.383726711468964510e+01 4.462289664790344140e-02 3.383692665490997342e+01 2.183534687082773918e-03
4.000000000000000000e+03 3.000000000000000000e+01 -5.865400000000000000e+04 3.379053923657225766e+01 4.610588530413178149e-02 3.379102980000000400e+01 8.500712713649974731e-03 -7.207033369418762714e-01 7.766453048593390147e-03 -7.070190000000000641e-01 9.161756338879578632e-02 2.047748563504567590e-02 7.522415136030474389e-03 1.967039999999999761e-02 7.522738760584471440e-03 3.358217626352011820e+01 2.313058278418807928e-02 3.357764079999999751e+01 8.174612549840061873e-03 3.379905873480846168e+01 4.609461716877931436e-02 3.379893196411794065e+01 7.847721922047383100e-03
4.000000000000000000e+03 4.030000000000000000e+03 -5.865400000000000000e+04 3.381843579783051013e+01 4.379312217332226309e-02 3.381845160000000305e+01 8.564610090363424053e-04 -2.025243823375267593e-01 7.380215570530056224e-03 -1.996784000000001724e-01 1.246901871279379112e-02 -1.249119869232027669e-01 1.245802983542437271e-02 -1.234758000000000244e-01 1.490663062667080437e-02 3.355827463984906700e+01 2.800210995284881446e-02 3.355822840000000440e+01 5.420463315991759165e-03 3.381928069155138417e+01 4.379207663271592055e-02 3.381928883357695526e+01 8.395848510234070082e-04
4.000000000000000000e+03 8.030000000000000000e+03 -5.865400000000000000e+04 3.378563081205873431e+01 4.300981475170812668e-02 3.378634819999999905e+01 3.383352440996968170e-03 1.261454325995158054e+00 8.976754808707172392e-03 1.263657600000000159e+00 8.549469378856125804e-03 -1.089808598184135890e+00 6.844868467554425344e-03 -1.090365999999999946e+00 9.070608094278991701e-03 3.356631909384697110e+01 2.428961747508153260e-02 3.356578340000000082e+01 6.416995641263433837e-03 3.382681842206093847e+01 4.295942953996764041e-02 3.382755790005587926e+01 3.428546730735679195e-03
8.000000000000000000e+03 -3.970000000000000000e+03 -5.865400000000000000e+04 3.379277960961335481e+01 4.170424222012199950e-02 3.379219740000000627e+01 2.504623057466659995e-03 -1.517204447425986480e+00 8.130025013476739615e-03 -1.512475400000000025e+00 2.210129321465150246e-02 -1.608522348317226625e+00 1.352517506678660962e-02 -1.608357799999999838e+00 1.208633424326827945e-02 3.357728876090431669e+01 2.538038851025188961e-02 3.357723339999999723e+01 4.487723638996000963e-03 3.386464280247720637e+01 4.162280248641891944e-02 3.386428140414018628e+01 1.583452952941005352e-03
8.000000000000000000e+03 3.000000000000000000e+01 -5.865400000000000000e+04 3.378645778968739677e+01 4.235690116966843444e-02 3.378678299999999979e+01 5.200161420571299160e-03 -7.458136994777394557e-01 8.587563029863326536e-03 -7.372533999999999477e-01 7.901115506850905912e-02 8.177562928267686007e-03 7.017668223626226387e-03 7.993400000000001199e-03 2.889639157403567447e-03 3.357909068993976831e+01 2.561931522833900410e-02 3.357797680000000184e+01 7.974140821429517509e-03 3.379438283749670546e+01 4.234737574458203452e-02 3.379519688390793419e+01 4.799857229138265041e-03
8.000000000000000000e+03 4.030000000000000000e+03 -5.865400000000000000e+04 3.382908243742816268e+01 4.170429134939718924e-02 3.382874420000000271e+01 1.092419626334390674e-03 -2.344022829736184532e-01 7.385028129232829378e-03 -2.378893999999998898e-01 1.846593992083794475e-02 5.362445371042439124e-01 1.189725842386814107e-02 5.358557999999999932e-01 1.312993986048679833e-02 3.356453945430921237e+01 2.425321772719305630e-02 3.356473140000000654e+01 8.259436449298208222e-03 3.383425732376546335e+01 4.169841240853893599e-02 3.383385461610998846e+01 1.331216209860833439e-03
8.000000000000000000e+03 8.030000000000000000e+03 -5.865400000000000000e+04 3.378314902791279195e+01 4.572148015149198746e-02 3.378392019999999718e+01 6.213521339787125147e-03 1.245116574973070600e+00 8.311948601032988562e-03 1.249172600000000077e+00 1.734596425858182453e-02 -1.056724163706437736e+00 7.017764423900760967e-03 -1.057610199999999834e+00 1.094837972213239495e-02 3.357584443773649241e+01 2.444426705486409460e-02 3.357568979999999925e+01 5.051648635840950800e-03 3.382266989577232152e+01 4.566965796152083756e-02 3.382357064205022112e+01 5.959263994519173845e-03
1.200000000000000000e+04 -3.970000000000000000e+03 -5.865400000000000000e+04 3.379582140221959463e+01 4.378186054032845442e-02 3.379571220000000409e+01 2.054816814220314976e-03 -1.678670796955153754e+00 9.294169429924836745e-03 -1.670467999999999620e+00 3.932615621567910058e-02 -2.274343920055493573e+00 1.289524554741892579e-02 -2.275560599999999489e+00 1.496052681759569430e-02 3.356989257993447495e+01 2.437295887172755485e-02 3.356885119999999745e+01 4.599443959872088865e-03 3.391389684367226920e+01 4.364058580779547891e-02 3.391350562916724698e+01 3.032068456546386809e-03
1.200000000000000000e+04 3.000000000000000000e+01 -5.865400000000000000e+04 3.378276038295571482e+01 4.655660756576249226e-02 3.378167679999999962e+01 5.061061335332949288e-03 -8.871572031744271447e-01 7.684340626549607776e-03 -8.839058000000001858e-01 9.043224604276950407e-02 5.810121192308914662e-02 7.299703134817030203e-03 5.959339999999999776e-02 8.129613180219584859e-03 3.357664005133317175e+01 2.751849970081804084e-02 3.357351160000000334e+01 1.129372159476260164e-02 3.379480611743168339e+01 4.654053168666168888e-02 3.379377833543492926e+01 6.181748356888371217e-03
1.200000000000000000e+04 4.030000000000000000e+03 -5.865400000000000000e+04 3.384506194806007073e+01 4.576761495305283617e-02 3.384493919999999889e+01 1.724525975448461777e-03 -3.923830013475312350e-01 7.834385458602712363e-03 -4.086161999999999850e-01 3.559723060211283235e-02 1.148927207408786400e+00 1.250757622212158096e-02 1.149308599999999903e+00 1.006346267742870039e-02 3.357402368729834308e+01 2.540341518029234566e-02 3.357465159999999571e+01 7.333319129834530749e-03 3.386701417747907783e+01 4.574009446638747228e-02 3.386699372076716230e+01 1.488836810489061607e-03
1.200000000000000000e+04 8.030000000000000000e+03 -5.865400000000000000e+04 3.380079067637613122e+01 4.611611232039290048e-02 3.379870220000000103e+01 9.008349656846216871e-03 1.148684053613600264e+00 7.875542807963436739e-03 1.137543599999999877e+00 4.472896553308600143e-02 -1.049186500117359033e+00 7.239092307410630728e-03 -1.048780799999999847e+00 6.622188379984361890e-03 3.358578247726924104e+01 2.481718258862519039e-02 3.358413679999999601e+01 8.365912481014037283e-03 3.383597197232260356e+01 4.606949635555165207e-02 3.383422026903436119e+01 8.039519573978184605e-03
1.600000000000000000e+04 -3.970000000000000000e+03 -5.865400000000000000e+04 3.380451333839901906e+01 4.488978220815440651e-02 3.380626219999999904e+01 4.547408453174082640e-03 -1.821540159341239251e+00 8.372336442689556207e-03 -1.810876799999999731e+00 9.599764969383370317e-02 -2.922179059700707349e+00 1.368142940987102790e-02 -2.922367399999999726e+00 5.132076710260646477e-03 3.358668271729911936e+01 2.472007563756630291e-02 3.358748359999999877e+01 6.881538415209036835e-03 3.398126259936591254e+01 4.467536761696902503e-02 3.398116994044871575e+01 1.555826244023935344e-03
1.600000000000000000e+04 3.000000000000000000e+01 -5.865400000000000000e+04 3.378574105532520377e+01 4.569508742743003116e-02 3.378715939999999307e+01 9.414891728533962209e-03 -1.014115733725454271e+00 8.361398834792690624e-03 -9.976159999999998362e-01 1.130278737643950204e-01 1.023980428996789788e-01 6.851860715385579316e-03 1.035069999999999879e-01 6.470549652077480472e-03 3.357776483840358139e+01 2.467757625477797270e-02 3.357681920000000275e+01 3.620843097954675946e-03 3.380215924492823376e+01 4.567373195809215636e-02 3.380280382246603210e+01 6.493788881551250738e-03
1.600000000000000000e+04 4.030000000000000000e+03 -5.865400000000000000e+04 3.387014000473934772e+01 4.797177412077074932e-02 3.387029799999999824e+01 1.118547316835469653e-03 -5.307728422272230961e-01 7.578248897121198611e-03 -5.270321999999998397e-01 4.733567536266915232e-02 1.776699176478806708e+00 1.271046670527976701e-02 1.774295199999999850e+00 1.477955231189360084e-02 3.357441396814041212e+01 2.494101254009933530e-02 3.357614260000000428e+01 1.228483663139272146e-02 3.392126858670000900e+01 4.790437766875021292e-02 3.392097886812139507e+01 1.327003419008286611e-03
1.600000000000000000e+04 8.030000000000000000e+03 -5.865400000000000000e+04 3.381249382871453690e+01 4.329562892370898697e-02 3.381300620000000379e+01 1.015105661692459332e-02 9.923153615990499832e-01 8.756732159371751617e-03 1.003544399999999781e+00 7.036175953641279901e-02 -1.041970397625162859e+00 8.001205076713736875e-03 -1.038408199999999892e+00 9.090721981229002088e-03 3.358302616636988347e+01 2.361755323426174141e-02 3.358207960000000014e+01 6.573743063126019984e-03 3.384380533447961170e+01 4.325717532014240752e-02 3.384412878179211503e+01 8.277753835921988421e-03
2.000000000000000000e+04 -3.970000000000000000e+03 -5.865400000000000000e+04 3.383688514264011360e+01 4.830503969201723619e-02 3.383726040000000523e+01 4.192538522183823085e-03 -1.814622711984336112e+00 8.623167570619308039e-03 -1.779824800000000096e+00 7.886985572219609719e-02 -3.539906038474465610e+00 1.328030844581564764e-02 -3.537733800000000262e+00 1.603673467823170384e-02 3.356721138290951245e+01 2.447556904953095136e-02 3.356751020000000096e+01 4.915644651518649190e-03 3.406793195234676119e+01 4.800072240875317281e-02 3.406859963047794793e+01 2.654594297977204247e-03
2.000000000000000000e+04 3.000000000000000000e+01 -5.865400000000000000e+04 3.380458297057170824e+01 4.792195988673830093e-02 3.380334020000000095e+01 9.454435643653591112e-03 -9.415274904078455576e-01 8.542408333167893913e-03 -9.471156000000000574e-01 9.781977155391441414e-02 1.356838939299426505e-01 6.679350734371278762e-03 1.378246000000000193e-01 5.079480451778508633e-03 3.356503437410682267e+01 2.224239267742534470e-02 3.356732619999999656e+01 1.218493230756698825e-02 3.381865711303154143e+01 4.790265591633541264e-02 3.381745454900865155e+01 9.160561205155707751e-03
2.000000000000000000e+04 4.030000000000000000e+03 -5.865400000000000000e+04 3.390331916551037494e+01 4.335570312221809913e-02 3.390391819999999967e+01 2.855988469864455780e-03 -4.891219058785671314e-01 8.255836832385617802e-03 -5.097004000000001644e-01 6.152905036289773449e-02 2.391692287404675543e+00 1.269150348959527212e-02 2.391963200000000178e+00 9.569995723092000750e-03 3.357315166653708616e+01 2.569208577204595834e-02 3.357462280000000021e+01 7.665870285884264154e-03 3.399185516468462964e+01 4.325292447510279553e-02 3.399224131784452396e+01 2.460271159642327121e-03
2.000000000000000000e+04 8.030000000000000000e+03 -5.865400000000000000e+04 3.380245270194595975e+01 4.726744149270378087e-02 3.380205740000000247e+01 8.814516745688035296e-03 1.080641467454485527e+00 7.666083565809916900e-03 1.072666600000000026e+00 6.124573455074235062e-02 -1.053620277535986194e+00 7.339098127922700707e-03 -1.051277800000000040e+00 9.404218029161174122e-03 3.357235892398516341e+01 2.386112227077703124e-02 3.357195759999999751e+01 8.002599325218831897e-03 3.383614012286967210e+01 4.722159612719916549e-02 3.383563684152126427e+01 7.605083884734385909e-03
2.400000000000000000e+04 -3.970000000000000000e+03 -5.865400000000000000e+04 3.387484626715261271e+01 4.377990050640608727e-02 3.387511339999999649e+01 3.309706838982560441e-03 -1.666780482187494750e+00 9.415110201502905479e-03 -1.661673600000000306e+00 4.963682362178305912e-02 -4.181836536291054784e+00 1.292214096167717576e-02 -4.180093799999999860e+00 9.376238101712232667e-03 3.356326131823060166e+01 2.637452254236647559e-02 3.356511700000000076e+01 1.193617170620447573e-02 3.417315735528161014e+01 4.342975683935254572e-02 3.417261884654990922e+01 2.402605620908338999e-03
2.400000000000000000e+04 3.000000000000000000e+01 -5.865400000000000000e+04 3.381178746477802122e+01 4.776819586692865327e-02 3.381271560000000420e+01 1.099040519089290562e-02 -8.764554093619115749e-01 7.664685947518326027e-03 -8.704810000000000603e-01 5.728448902189831743e-02 1.843474861994773839e-01 6.917852644048911800e-03 1.851324000000000025e-01 7.746501588459141045e-03 3.356831085771959522e+01 2.685013183618832622e-02 3.356886419999999305e+01 8.056425779463230810e-03 3.382406183173088721e+01 4.775134916701562898e-02 3.382462254829898995e+01 1.124864858709126968e-02
2.400000000000000000e+04 4.030000000000000000e+03 -5.865400000000000000e+04 3.394562841513001672e+01 4.898110347715430718e-02 3.394552960000000041e+01 1.760815737095019996e-03 -4.008340767279379713e-01 8.134676320347877104e-03 -4.045723999999999987e-01 5.019581195836950172e-02 3.023519919286513868e+00 1.248586543983867467e-02 3.022704800000000080e+00 1.077329288286549974e-02 3.357291007647559411e+01 2.330681616000114184e-02 3.357424540000000235e+01 7.145486481689008497e-03 3.408236155246629551e+01 4.879742537848514444e-02 3.408239940441372795e+01 1.494379392066184746e-03
2.400000000000000000e+04 8.030000000000000000e+03 -5.865400000000000000e+04 3.381730164384387649e+01 4.398936746973010348e-02 3.381819359999999364e+01 3.962599596224648454e-03 1.145344500268476562e+00 8.568165458583996280e-03 1.140361200000000075e+00 2.917496849595563671e-02 -1.065904677112110788e+00 6.802935084695284178e-03 -1.065531800000000029e+00 4.410035922756181878e-03 3.358509336562553926e+01 2.427246158538338278e-02 3.358549340000000427e+01 7.658711971343556274e-03 3.385308818694390709e+01 4.394439354267219017e-02 3.385423827130533425e+01 4.910133375203873732e-03
2.800000000000000000e+04 -3.970000000000000000e+03 -5.865400000000000000e+04 3.391000180227023719e+01 4.407057635400241091e-02 3.390848220000000168e+01 1.083579840805463587e-02 -1.499333075553173966e+00 8.894436559620541236e-03 -1.495953599999999772e+00 1.025675443110534227e-02 -4.860202517083486384e+00 1.510656928502110592e-02 -4.860822600000000548e+00 3.899166816128815487e-03 3.354605578005321576e+01 2.587705214231009535e-02 3.354282700000000261e+01 2.077144519526674671e-02 3.428939382348622189e+01 4.363867087659190763e-02 3.428776943869736726e+01 1.068672813853296585e-02
2.800000000000000000e+04 3.000000000000000000e+01 -5.865400000000000000e+04 3.381183943182519158e+01 4.936174387481796766e-02 3.381128700000000720e+01 7.109305739663124811e-03 -7.178142001639052916e-01 8.228973463951735207e-03 -7.202249999999998931e-01 2.670211886723598133e-02 2.406946082881304960e-01 7.306747933712730118e-03 2.402000000000000246e-01 4.200081939676893195e-03 3.355630945955301314e+01 2.472874056325868874e-02 3.354574639999999874e+01 2.313620307786131217e-02 3.382044527164462266e+01 4.934954015516048592e-02 3.381985317598753227e+01 7.151676618279246417e-03
2.800000000000000000e+04 4.030000000000000000e+03 -5.865400000000000000e+04 3.397324162936566694e+01 4.540775284954799013e-02 3.397420560000000478e+01 1.241376464091408643e-02 -3.184086264445756265e-01 7.600473564449678789e-03 -3.169966000000004058e-01 1.095781106608424704e-02 3.647219705086054198e+00 1.273867244003974546e-02 3.647419600000000095e+00 5.939548885226850379e-03 3.354753837934573824e+01 2.473489417105213806e-02 3.353872379999999964e+01 1.674696924640432794e-02 3.417001617478867104e+01 4.517122381163900247e-02 3.417091460043178586e+01 1.260870346421623725e-02
2.800000000000000000e+04 8.030000000000000000e+03 -5.865400000000000000e+04 3.379913182883136358e+01 4.548145105167199220e-02 3.379990619999999524e+01 1.429798439431171839e-02 1.194833371797638488e+00 8.419769038342917941e-03 1.194205800000000206e+00 5.733777048333765607e-03 -1.045211127642461157e+00 7.393570563057236603e-03 -1.045737600000000045e+00 7.132308564553273451e-03 3.353302091033935284e+01 2.636430871592515546e-02 3.353417600000000220e+01 2.897721933346991685e-02 3.383638968016281723e+01 4.543294239617979430e-02 3.383716433197815121e+01 1.428665321897764490e-02
