0.000000000000000000e+00 4.030000000000000000e+03 -7.000000000000000000e+04 3.379260364138134065e+01 3.549678476856565901e-02 3.379642820000000114e+01 1.120999876181954895e-02 -3.473982684448347902e-01 6.723513107086760004e-03 -3.394061999999998247e-01 3.931856085667431722e-02 -1.063232645109641439e+00 1.281388419601123436e-02 -1.061398400000000297e+00 7.782366604060757774e-03 3.355525972299022186e+01 2.533011334492947866e-02 3.354301159999999982e+01 2.672728437683057068e-02 3.381106626181573915e+01 3.548024675387412286e-02 3.381488961566017792e+01 1.108156931543216421e-02
0.000000000000000000e+00 4.030000000000000000e+03 -6.650000000000000000e+04 3.381450727747770912e+01 3.715171236766377089e-02 3.381462520000000183e+01 6.876108928745276348e-04 -2.751629287923604283e-01 6.725375790330374512e-03 -2.814887999999999835e-01 4.524749274313440844e-02 -7.523990544533163405e-01 1.189109533268733164e-02 -7.526124000000000702e-01 3.162970923040543929e-03 3.355277832662891768e+01 2.179690188150911270e-02 3.355336379999999963e+01 7.594808110807236418e-03 3.382417516526060552e+01 3.714213342770839033e-02 3.382429257611704543e+01 6.637094183963049721e-04
0.000000000000000000e+00 4.030000000000000000e+03 -6.300000000000000000e+04 3.381677129426770279e+01 2.782926636202268100e-02 3.381641359999999707e+01 1.160348938897749977e-03 -1.958338539174078741e-01 4.919041360653931931e-03 -1.996991999999998824e-01 3.465141591969943258e-02 -6.034631727963960524e-01 1.154739067254901760e-02 -6.023830000000000018e-01 8.578071368320517795e-03 3.356773543901083912e+01 2.215370254081830068e-02 3.356693660000000534e+01 5.411279041040780759e-03 3.382276487968879053e+01 2.782516310589073713e-02 3.382244329493023827e+01 1.222501144383084885e-03
0.000000000000000000e+00 4.030000000000000000e+03 -5.950000000000000000e+04 3.381600425136110744e+01 2.884850361026063820e-02 3.381651499999999544e+01 2.417488696974539469e-03 -1.440908894047739919e-01 5.941415578934112693e-03 -1.426059999999997885e-01 2.417997008476241438e-02 -4.699952038204114335e-01 1.166067696331749177e-02 -4.705309999999999770e-01 3.302818447932010393e-03 3.356732633017423240e+01 2.174006890723951396e-02 3.356779819999999859e+01 4.080248269407131881e-03 3.381960589505876413e+01 2.884593175872934498e-02 3.382012426992196907e+01 2.382263393516911680e-03
0.000000000000000000e+00 4.030000000000000000e+03 -5.600000000000000000e+04 3.381630581802507152e+01 3.573724282369931254e-02 3.381628899999999760e+01 1.357983247320015269e-03 -1.096571362928158710e-01 6.552803404686434810e-03 -1.103273999999998950e-01 1.453183338605283474e-02 -3.264304790500465181e-01 1.164270373906575902e-02 -3.279893999999999865e-01 5.749694014467203983e-03 3.355617192808016824e+01 2.309592465530154598e-02 3.355604999999999905e+01 8.077959884773090737e-03 3.381810667087110289e+01 3.573554837180261540e-02 3.381807397642667468e+01 1.391697014394900535e-03
0.000000000000000000e+00 4.030000000000000000e+03 -5.250000000000000000e+04 3.381600043719831206e+01 3.212471669989098305e-02 3.381555840000000046e+01 2.444910112867006765e-03 -8.433279733317017302e-02 6.259925782345892448e-03 -8.584640000000014204e-02 1.230498827549214753e-02 -2.004344298938947055e-01 1.225302148725656605e-02 -1.989617999999999942e-01 7.279961135885271509e-03 3.356448103711768738e+01 2.448767574740008321e-02 3.356380400000000463e+01 8.146562968516294495e-03 3.381670557631949947e+01 3.212413258576621994e-02 3.381626476684913030e+01 2.453418282246597800e-03
0.000000000000000000e+00 4.030000000000000000e+03 -4.900000000000000000e+04 3.381216021773880698e+01 2.799883597421307796e-02 3.381229280000000159e+01 1.415004431088434135e-03 -9.333334087711292471e-02 4.816202570301325592e-03 -9.245780000000003440e-02 1.638409456576695594e-02 -4.867619866624832425e-02 1.122187735155784002e-02 -4.886340000000000128e-02 9.027645477088695747e-03 3.356746787907410834e+01 2.150797077741935931e-02 3.356769479999999817e+01 5.013386115192032880e-03 3.381234464503108228e+01 2.799869416801585228e-02 3.381247521490797681e+01 1.420167817614603582e-03
0.000000000000000000e+00 4.030000000000000000e+03 -4.550000000000000000e+04 3.380543083092837264e+01 3.003109439241934825e-02 3.380531500000000023e+01 1.487388550445450366e-03 -9.731229994264173344e-02 6.085450660634269572e-03 -9.903580000000004879e-02 1.299489447590856245e-02 9.124487951540641295e-02 1.115631414405872900e-02 9.042379999999999862e-02 7.409426923858551499e-03 3.356152263265747848e+01 2.218210285853785060e-02 3.356235519999999894e+01 5.112914231630840897e-03 3.380570799039554686e+01 3.003087015664747741e-02 3.380559424670548907e+01 1.444514081262400496e-03
0.000000000000000000e+00 4.030000000000000000e+03 -4.200000000000000000e+04 3.379956956373108312e+01 3.714481439279473940e-02 3.379939080000000473e+01 7.704664431372847122e-04 -1.144442240183689147e-01 6.881044348425104963e-03 -1.116063999999998002e-01 1.369259410995588531e-02 2.257749197292582277e-01 1.150933647197965523e-02 2.259243999999999697e-01 4.084643161893093330e-03 3.356428790345722746e+01 2.498669080271295057e-02 3.356601779999999735e+01 5.781182901447866167e-03 3.380052273433056342e+01 3.714385490805028472e-02 3.380034220036891668e+01 7.861883285254217665e-04
0.000000000000000000e+00 4.030000000000000000e+03 -3.850000000000000000e+04 3.379077693122819426e+01 3.626813437348992003e-02 3.379090680000000191e+01 1.335885264534064990e-03 -1.142876009782757968e-01 7.113921366973367973e-03 -1.122436000000002210e-01 8.650119181837775256e-03 3.578348157878890601e-01 1.207298495127873822e-02 3.575329999999999897e-01 6.007977879453289989e-03 3.355637965812629631e+01 2.281001616009345132e-02 3.355463179999999568e+01 5.047502475482881085e-03 3.379285504840260046e+01 3.626614249643154292e-02 3.379299120316080973e+01 1.341734883952346025e-03
0.000000000000000000e+00 4.030000000000000000e+03 -3.500000000000000000e+04 3.376793654261238942e+01 2.957674972616221656e-02 3.376808620000000616e+01 1.082763259166170076e-02 -1.203767842908047003e-01 5.149626750209456219e-03 -1.211259999999997616e-01 6.961794574676774365e-03 4.828124006036298432e-01 1.280944664448002007e-02 4.830097999999999336e-01 4.508301158973302553e-03 3.354816183887674441e+01 2.538492647647421635e-02 3.353659019999999913e+01 2.292557060009652384e-02 3.377163232129389314e+01 2.957416901452457683e-02 3.377176174927174657e+01 1.081725231562230549e-02
