0.000000000000000000e+00 4.030000000000000000e+03 -7.000000000000000000e+04 3.382067599999999885e+01 7.667628129350040345e-02 -1.948619999999996466e-01 1.572524114282512417e-02 -1.088343999999999978e+00 2.454683006011163307e-02 1.000000000000000000e+00 3.361493899999999968e+01 4.895119177303040164e-02 1.426881599999999928e+01 3.383874390337732052e+01 7.663946068859799066e-02
0.000000000000000000e+00 4.030000000000000000e+03 -7.000000000000000000e+04 3.381340300000000099e+01 8.571255070291630696e-02 -3.415259999999999962e-01 1.957139915795495788e-02 -1.045990999999999893e+00 2.858004048282647078e-02 1.000000000000000000e+00 3.356955899999999815e+01 4.598140085947795275e-02 4.988625329999999849e+02 3.383130147690399525e+01 8.567198932102752795e-02
0.000000000000000000e+00 4.030000000000000000e+03 -7.000000000000000000e+04 3.376819600000000321e+01 6.807993070648647727e-02 -3.404199999999999449e-01 1.431927264214212861e-02 -1.069155000000000078e+00 3.221197368991846749e-02 1.000000000000000000e+00 3.348622699999999952e+01 6.221890359850453661e-02 5.195597169999999778e+02 3.378683233576123968e+01 6.805016634113503216e-02
0.000000000000000000e+00 4.030000000000000000e+03 -7.000000000000000000e+04 3.380937200000000331e+01 1.029698548702483174e-01 -4.134250000000001535e-01 1.334658926467732418e-02 -1.050872999999999946e+00 2.653269368156953648e-02 1.000000000000000000e+00 3.356861599999999868e+01 7.034689522644194115e-02 1.004166434999999979e+03 3.382822622200487928e+01 1.029158943506188195e-01
0.000000000000000000e+00 4.030000000000000000e+03 -7.000000000000000000e+04 3.377049399999999935e+01 7.508815832739540452e-02 -4.067979999999993268e-01 1.417676144258624323e-02 -1.052629000000000037e+00 3.487533369015986817e-02 1.000000000000000000e+00 3.347571700000000305e+01 6.935763240624640003e-02 1.024856618000000026e+03 3.378934414025346200e+01 7.505432683187415743e-02
0.000000000000000000e+00 4.030000000000000000e+03 -6.650000000000000000e+04 3.381654999999999944e+01 8.740358012118268349e-02 -1.226039999999999353e-01 1.383364828958724008e-02 -7.587859999999999605e-01 2.410866441759061674e-02 1.000000000000000000e+00 3.354287200000000269e+01 6.018454050667829125e-02 3.758314899999999881e+01 3.382528406144007249e+01 8.738269953550996394e-02
0.000000000000000000e+00 4.030000000000000000e+03 -6.650000000000000000e+04 3.381463000000000108e+01 8.168217191652044074e-02 -2.724739999999998830e-01 1.849679272198291244e-02 -7.418879999999999919e-01 2.512085342897410478e-02 1.000000000000000000e+00 3.355151399999999740e+01 3.662718520443524611e-02 4.756672060000000215e+02 3.382386497610998788e+01 8.166186495877203466e-02
0.000000000000000000e+00 4.030000000000000000e+03 -6.650000000000000000e+04 3.381229700000000093e+01 7.696556339688549742e-02 -2.775009999999999977e-01 1.418493073652458795e-02 -7.588519999999999710e-01 2.841140082783670182e-02 1.000000000000000000e+00 3.355522399999999550e+01 4.874034588510836596e-02 5.427600439999999935e+02 3.382194984886463374e+01 7.694632583292967953e-02
0.000000000000000000e+00 4.030000000000000000e+03 -6.650000000000000000e+04 3.381447000000000003e+01 8.535048742684483991e-02 -3.470300000000001717e-01 1.363251792590055612e-02 -7.535849999999999493e-01 3.067240222088905496e-02 1.000000000000000000e+00 3.353644900000000462e+01 5.281320005453182115e-02 9.809731080000000247e+02 3.382464636258633561e+01 8.532766022434404296e-02
0.000000000000000000e+00 4.030000000000000000e+03 -6.650000000000000000e+04 3.381517900000000054e+01 8.523751944419781512e-02 -3.878349999999999298e-01 1.664388791719050020e-02 -7.499510000000000343e-01 2.612362516956634115e-02 1.000000000000000000e+00 3.358075999999999794e+01 5.736796068364291568e-02 1.048051944999999932e+03 3.382571763158421163e+01 8.521314517839667646e-02
0.000000000000000000e+00 4.030000000000000000e+03 -6.300000000000000000e+04 3.381722399999999595e+01 5.514556999433408574e-02 -6.792499999999979110e-02 1.025948819386230358e-02 -6.149280000000000301e-01 2.524028082252651947e-02 1.000000000000000000e+00 3.355113099999999804e+01 5.593743608711432280e-02 6.076747600000000205e+01 3.382288262873206008e+01 5.513825748163019708e-02
0.000000000000000000e+00 4.030000000000000000e+03 -6.300000000000000000e+04 3.381203599999999909e+01 6.971823158973555756e-02 -2.036790000000001655e-01 1.172123820251085892e-02 -5.920360000000000067e-01 2.474613862807690731e-02 1.000000000000000000e+00 3.356077799999999911e+01 4.940312178395207116e-02 4.524798799999999801e+02 3.381783213373726937e+01 6.970766434405500922e-02
0.000000000000000000e+00 4.030000000000000000e+03 -6.300000000000000000e+04 3.381672299999999609e+01 7.140768676410125249e-02 -2.142070000000000363e-01 1.145885587656987614e-02 -5.956129999999999480e-01 2.878690292476771342e-02 1.000000000000000000e+00 3.356891799999999648e+01 4.691240279499654664e-02 5.659593710000000328e+02 3.382264617003446006e+01 7.139701811397558551e-02
0.000000000000000000e+00 4.030000000000000000e+03 -6.300000000000000000e+04 3.381896600000000319e+01 5.372420509416589440e-02 -2.581769999999998788e-01 1.219290305874692025e-02 -5.806799999999999740e-01 2.661782502384445540e-02 1.000000000000000000e+00 3.358379500000000206e+01 4.937195027543473530e-02 9.577847819999999501e+02 3.382493615566605882e+01 5.371674693474891293e-02
0.000000000000000000e+00 4.030000000000000000e+03 -6.300000000000000000e+04 3.381711900000000526e+01 6.834924365345969310e-02 -2.545079999999995124e-01 9.898575756137849985e-03 -6.286580000000000501e-01 2.440711963751560770e-02 1.000000000000000000e+00 3.357006100000000259e+01 4.747909953863910237e-02 1.071238270999999941e+03 3.382391938648135721e+01 6.833704813163078706e-02
0.000000000000000000e+00 4.030000000000000000e+03 -5.950000000000000000e+04 3.382309999999999661e+01 5.958431412712577452e-02 -6.334699999999937603e-02 1.357463826405698286e-02 -4.763649999999999829e-01 2.743599989065461514e-02 1.000000000000000000e+00 3.357088099999999997e+01 4.597732556380372537e-02 8.395780200000000093e+01 3.382651371432820042e+01 5.957955920950502166e-02
0.000000000000000000e+00 4.030000000000000000e+03 -5.950000000000000000e+04 3.381917400000000384e+01 8.340307191584732383e-02 -1.477279999999998594e-01 1.509156416677873841e-02 -4.721119999999999761e-01 2.755061705298086569e-02 1.000000000000000000e+00 3.355575100000000077e+01 4.897802987054501733e-02 4.292925539999999955e+02 3.382279177337086651e+01 8.339506363520364507e-02
0.000000000000000000e+00 4.030000000000000000e+03 -5.950000000000000000e+04 3.381194500000000147e+01 5.864921838353857886e-02 -1.230279999999996932e-01 1.235064273631133677e-02 -4.756549999999999945e-01 2.689486077301758357e-02 1.000000000000000000e+00 3.356164199999999909e+01 4.594941240103076613e-02 5.891586979999999585e+02 3.381551431297229726e+01 5.864426524984121813e-02
0.000000000000000000e+00 4.030000000000000000e+03 -5.950000000000000000e+04 3.381001599999999740e+01 5.879382950616501152e-02 -2.069369999999999266e-01 1.241434577414371812e-02 -4.580659999999999732e-01 2.451871450545480696e-02 1.000000000000000000e+00 3.357174499999999995e+01 4.971088108251552756e-02 9.345974559999999656e+02 3.381375207371375069e+01 5.878832079468251925e-02
0.000000000000000000e+00 4.030000000000000000e+03 -5.950000000000000000e+04 3.381833999999999918e+01 7.140250015930814376e-02 -1.719900000000000873e-01 1.352530535699656734e-02 -4.704570000000000141e-01 2.452468847916319458e-02 1.000000000000000000e+00 3.357897200000000026e+01 5.363668290451974185e-02 1.094427597999999989e+03 3.382204947522472338e+01 7.139551711331086625e-02
0.000000000000000000e+00 4.030000000000000000e+03 -5.600000000000000000e+04 3.381896900000000272e+01 7.775185750835796050e-02 -7.641600000000003945e-02 1.389556868213748242e-02 -3.467129999999999934e-01 2.726666807660958064e-02 1.000000000000000000e+00 3.355664000000000158e+01 5.518802885590315399e-02 1.071461280000000045e+02 3.382083253754090890e+01 7.774808217655498899e-02
0.000000000000000000e+00 4.030000000000000000e+03 -5.600000000000000000e+04 3.381633699999999720e+01 8.869170113375883513e-02 -9.778899999999968173e-02 1.595146870980851048e-02 -3.165930000000000133e-01 2.600250759061517938e-02 1.000000000000000000e+00 3.357589699999999766e+01 5.187609333787578103e-02 4.061012269999999944e+02 3.381796034526238515e+01 8.868778978480851283e-02
0.000000000000000000e+00 4.030000000000000000e+03 -5.600000000000000000e+04 3.381692100000000067e+01 8.650324861529767873e-02 -1.347139999999997784e-01 1.379662571065838617e-02 -3.153929999999999789e-01 2.184167935393246940e-02 1.000000000000000000e+00 3.357179000000000002e+01 4.973718103190006429e-02 6.123590249999999742e+02 3.381866003446153712e+01 8.649905771577635905e-02
0.000000000000000000e+00 4.030000000000000000e+03 -5.600000000000000000e+04 3.381804799999999744e+01 7.257576331668857961e-02 -1.535940000000000083e-01 1.543981764788690883e-02 -3.326459999999999972e-01 2.824256661495197843e-02 1.000000000000000000e+00 3.353587799999999675e+01 5.514082342511762019e-02 9.114061289999999644e+02 3.382003274700448969e+01 7.257206969570641208e-02
0.000000000000000000e+00 4.030000000000000000e+03 -5.600000000000000000e+04 3.381116999999999706e+01 7.739193777778147210e-02 -8.912399999999998101e-02 1.453825629159150555e-02 -3.286020000000000052e-01 2.882796567571149424e-02 1.000000000000000000e+00 3.354004499999999922e+01 4.758465956587269730e-02 1.117621924000000035e+03 3.381288421786405252e+01 7.738853081822721913e-02
0.000000000000000000e+00 4.030000000000000000e+03 -5.250000000000000000e+04 3.381789799999999957e+01 6.974806268994143688e-02 -5.518599999999995731e-02 1.288317755835104508e-02 -2.097710000000000130e-01 2.716748770129472079e-02 1.000000000000000000e+00 3.354602100000000320e+01 6.069867420298404037e-02 1.303394549999999867e+02 3.381859362104582090e+01 6.974683477246586272e-02
0.000000000000000000e+00 4.030000000000000000e+03 -5.250000000000000000e+04 3.381655700000000309e+01 6.900810858152829630e-02 -7.017200000000034521e-02 1.300083089652349921e-02 -1.774320000000000064e-01 2.758288114030149618e-02 1.000000000000000000e+00 3.358272300000000143e+01 6.092556836008999888e-02 3.829129009999999766e+02 3.381709528564594081e+01 6.900716717034800773e-02
0.000000000000000000e+00 4.030000000000000000e+03 -5.250000000000000000e+04 3.382243599999999617e+01 6.959178353800109240e-02 -7.957700000000045293e-02 1.689591290815621941e-02 -2.195759999999999934e-01 2.443462839905694364e-02 1.000000000000000000e+00 3.355990800000000007e+01 5.389149352170526097e-02 6.355603519999999662e+02 3.382324235038386462e+01 6.959031660378327266e-02
0.000000000000000000e+00 4.030000000000000000e+03 -5.250000000000000000e+04 3.380784299999999831e+01 7.999963212415417413e-02 -9.766399999999997306e-02 1.389205852276760231e-02 -1.923269999999999980e-01 3.098632375742563227e-02 1.000000000000000000e+00 3.358299099999999981e+01 4.863790998799188275e-02 8.882188029999999799e+02 3.380853111633916797e+01 7.999820813456177959e-02
0.000000000000000000e+00 4.030000000000000000e+03 -5.250000000000000000e+04 3.381305799999999806e+01 7.241223239204823414e-02 -1.266329999999999956e-01 1.429605613447289258e-02 -1.957029999999999881e-01 2.800621902363830198e-02 1.000000000000000000e+00 3.354737699999999734e+01 5.271981082098076143e-02 1.140809250000000020e+03 3.381386146083085009e+01 7.241071299571705255e-02
0.000000000000000000e+00 4.030000000000000000e+03 -4.900000000000000000e+04 3.381058300000000116e+01 5.265444909027156006e-02 -7.521300000000064045e-02 1.147047605812417936e-02 -7.373499999999999499e-02 2.534424773000769002e-02 1.000000000000000000e+00 3.355500599999999878e+01 4.423569225184567633e-02 1.535267809999999997e+02 3.381074705837602323e+01 5.265422878916500155e-02
0.000000000000000000e+00 4.030000000000000000e+03 -4.900000000000000000e+04 3.381172000000000111e+01 6.831000018298931387e-02 -4.751200000000022072e-02 1.369198689014855877e-02 -2.408100000000000171e-02 2.609219917906499889e-02 1.000000000000000000e+00 3.356403099999999995e+01 5.182402649350974916e-02 3.597245750000000157e+02 3.381176195709275589e+01 6.830992065413425685e-02
0.000000000000000000e+00 4.030000000000000000e+03 -4.900000000000000000e+04 3.381674399999999991e+01 6.371424330555923443e-02 -1.259660000000000224e-01 9.970190820641298274e-03 -6.458099999999999952e-02 2.545942868565593056e-02 1.000000000000000000e+00 3.358388899999999921e+01 4.529489336558813889e-02 6.587636790000000246e+02 3.381704027410224001e+01 6.371371447442933378e-02
0.000000000000000000e+00 4.030000000000000000e+03 -4.900000000000000000e+04 3.381391299999999944e+01 6.727665301573793055e-02 -7.925700000000013290e-02 8.452060577161050678e-03 -4.451200000000000295e-02 2.591478566378660822e-02 1.000000000000000000e+00 3.357351799999999997e+01 5.396168389700232298e-02 8.650254760000000260e+02 3.381403518306802169e+01 6.727642148518893361e-02
0.000000000000000000e+00 4.030000000000000000e+03 -4.900000000000000000e+04 3.380850399999999922e+01 6.546284140640398763e-02 -1.343409999999991555e-01 1.278433173849928030e-02 -3.740799999999999681e-02 2.304250094933273443e-02 1.000000000000000000e+00 3.356203000000000003e+01 4.727141328540960391e-02 1.163999577000000045e+03 3.380879160190083610e+01 6.546230920752869886e-02
0.000000000000000000e+00 4.030000000000000000e+03 -4.550000000000000000e+04 3.380697399999999675e+01 6.803069919528977050e-02 -8.231600000000049988e-02 1.272289314582182584e-02 7.685400000000000564e-02 2.553333307658833817e-02 1.000000000000000000e+00 3.356606299999999976e+01 4.105902235806400957e-02 1.767171069999999986e+02 3.380716157115008969e+01 6.803035355878611634e-02
0.000000000000000000e+00 4.030000000000000000e+03 -4.550000000000000000e+04 3.380674700000000144e+01 6.018561482613598440e-02 -6.891900000000017457e-02 1.489940414915979019e-02 1.104620000000000046e-01 2.449885338133194965e-02 1.000000000000000000e+00 3.358054100000000375e+01 5.881745292853134133e-02 3.365312480000000050e+02 3.380699771355057948e+01 6.018522938600169570e-02
0.000000000000000000e+00 4.030000000000000000e+03 -4.550000000000000000e+04 3.380808299999999633e+01 7.073228024742310438e-02 -8.359999999999967457e-02 1.215003658430706054e-02 7.239700000000000302e-02 2.482599722065560732e-02 1.000000000000000000e+00 3.355488199999999921e+01 5.083791821072141531e-02 6.819660059999999930e+02 3.380826387764532370e+01 7.073192818188511755e-02
0.000000000000000000e+00 4.030000000000000000e+03 -4.550000000000000000e+04 3.379968200000000422e+01 7.061230006875572618e-02 -1.327780000000000626e-01 1.455373120543319507e-02 1.039670000000000039e-01 2.288522285231235978e-02 1.000000000000000000e+00 3.355818999999999619e+01 6.228453028642023936e-02 8.418391500000000178e+02 3.380010269859393901e+01 7.061147941429328501e-02
0.000000000000000000e+00 4.030000000000000000e+03 -4.550000000000000000e+04 3.380508900000000239e+01 6.800346080899118129e-02 -1.275659999999998462e-01 1.439543431091955608e-02 8.843900000000000372e-02 2.770696753526087283e-02 1.000000000000000000e+00 3.355209999999999582e+01 4.448181571159162684e-02 1.187191902999999911e+03 3.380544537258750637e+01 6.800280425286010788e-02
0.000000000000000000e+00 4.030000000000000000e+03 -4.200000000000000000e+04 3.380115299999999934e+01 7.116729283174960674e-02 -1.285529999999992512e-01 1.382633349807533066e-02 2.209589999999999888e-01 2.443437271550059908e-02 1.000000000000000000e+00 3.357538600000000173e+01 6.084522338688551357e-02 1.999124339999999904e+02 3.380211965073934266e+01 7.116545630459364391e-02
0.000000000000000000e+00 4.030000000000000000e+03 -4.200000000000000000e+04 3.379868199999999945e+01 8.928237928057249084e-02 -7.274799999999981281e-02 1.547850645249728221e-02 2.314950000000000063e-01 2.682492844352059314e-02 1.000000000000000000e+00 3.356753299999999740e+01 5.150368975131781879e-02 3.133419220000000109e+02 3.379955306130027992e+01 8.928027360561112402e-02
0.000000000000000000e+00 4.030000000000000000e+03 -4.200000000000000000e+04 3.379840999999999696e+01 8.447319684373262583e-02 -1.091139999999999333e-01 1.485600636106487391e-02 2.218910000000000049e-01 2.659342439401138694e-02 1.000000000000000000e+00 3.355322199999999810e+01 4.731667428084945087e-02 7.051653330000000324e+02 3.379931449022267742e+01 8.447113032008653211e-02
0.000000000000000000e+00 4.030000000000000000e+03 -4.200000000000000000e+04 3.379744399999999871e+01 8.898400252854442305e-02 -9.509800000000012687e-02 1.962157995677208527e-02 2.389489999999999947e-01 2.556331897465585409e-02 1.000000000000000000e+00 3.355260700000000185e+01 6.015485098477095505e-02 8.186478240000000142e+02 3.379842246595750055e+01 8.898162710104975948e-02
0.000000000000000000e+00 4.030000000000000000e+03 -4.200000000000000000e+04 3.380126500000000078e+01 8.592244331954254632e-02 -1.525189999999998491e-01 1.476574874498411648e-02 2.163279999999999925e-01 2.548015355134266094e-02 1.000000000000000000e+00 3.358134099999999478e+01 6.570949304324298634e-02 1.210381229000000076e+03 3.380230133362476153e+01 8.591998962652876159e-02
0.000000000000000000e+00 4.030000000000000000e+03 -3.850000000000000000e+04 3.379276000000000124e+01 8.457204693041311949e-02 -1.197870000000005319e-01 1.681258510759127758e-02 3.522799999999999820e-01 2.623237627436751998e-02 1.000000000000000000e+00 3.354388999999999754e+01 6.079225766493624727e-02 2.230997610000000009e+02 3.379480845546204648e+01 8.456738373396453790e-02
0.000000000000000000e+00 4.030000000000000000e+03 -3.850000000000000000e+04 3.379504399999999720e+01 8.444132311848269457e-02 -8.604000000000056048e-02 1.523734156603441178e-02 3.714660000000000184e-01 2.665836283420270139e-02 1.000000000000000000e+00 3.355481199999999831e+01 5.412974782871244478e-02 2.901575960000000123e+02 3.379719498468314498e+01 8.443646623135699081e-02
0.000000000000000000e+00 4.030000000000000000e+03 -3.850000000000000000e+04 3.378972799999999665e+01 8.291238853754004379e-02 -1.074580000000002755e-01 1.613409622507563923e-02 3.628569999999999851e-01 2.512021817182327060e-02 1.000000000000000000e+00 3.354603099999999927e+01 4.599487868230548587e-02 7.283586589999999887e+02 3.379184710456350160e+01 8.290764373712271318e-02
0.000000000000000000e+00 4.030000000000000000e+03 -3.850000000000000000e+04 3.378745800000000088e+01 8.197332733273671179e-02 -1.088800000000000878e-01 2.054347110397850701e-02 3.642020000000000257e-01 2.941457247692034691e-02 1.000000000000000000e+00 3.355594999999999573e+01 5.946914505018547487e-02 7.954544969999999466e+02 3.378959626945797368e+01 8.196877978623988426e-02
0.000000000000000000e+00 4.030000000000000000e+03 -3.850000000000000000e+04 3.378954399999999936e+01 7.334408819393693768e-02 -1.390529999999996491e-01 1.324084336437826755e-02 3.368599999999999928e-01 2.817281592244551963e-02 1.000000000000000000e+00 3.357247600000000176e+01 4.246112970706267253e-02 1.233571556000000101e+03 3.379150920163739613e+01 7.334038072625906346e-02
0.000000000000000000e+00 4.030000000000000000e+03 -3.500000000000000000e+04 3.378459300000000098e+01 7.586041658203572513e-02 -1.078859999999997044e-01 1.250530819292351541e-02 4.769450000000000078e-01 2.614738476406388082e-02 1.000000000000000000e+00 3.356434399999999840e+01 5.755222775879314384e-02 2.462900869999999998e+02 3.378813164555965898e+01 7.585338016886968016e-02
0.000000000000000000e+00 4.030000000000000000e+03 -3.500000000000000000e+04 3.374088400000000121e+01 7.058639422721633971e-02 -1.043739999999999668e-01 9.482452478130329321e-03 4.745010000000000061e-01 3.624168483942213220e-02 1.000000000000000000e+00 3.347775899999999893e+01 7.312394254278142824e-02 2.669802700000000186e+02 3.374438172840529404e+01 7.058092360837664447e-02
0.000000000000000000e+00 4.030000000000000000e+03 -3.500000000000000000e+04 3.378654600000000130e+01 6.285185833370401931e-02 -1.233060000000003598e-01 1.409151460986362604e-02 4.940280000000000227e-01 2.566094489686613148e-02 1.000000000000000000e+00 3.356399100000000146e+01 5.374750338387820903e-02 7.515619860000000472e+02 3.379038263536736508e+01 6.284586288009412491e-02
0.000000000000000000e+00 4.030000000000000000e+03 -3.500000000000000000e+04 3.374227899999999636e+01 6.160465828165919561e-02 -1.428389999999994942e-01 1.058744624543614919e-02 4.939959999999999907e-01 3.516983231407280752e-02 1.000000000000000000e+00 3.348588000000000164e+01 6.139013761997931529e-02 7.722611699999999928e+02 3.374619722489895679e+01 6.159967322883012214e-02
0.000000000000000000e+00 4.030000000000000000e+03 -3.500000000000000000e+04 3.378612900000000252e+01 6.299041581066122664e-02 -1.272249999999992554e-01 1.266301227986453386e-02 4.755789999999999740e-01 2.545421853053045705e-02 1.000000000000000000e+00 3.359097700000000231e+01 4.706658713992337151e-02 1.256766883000000007e+03 3.378971551212746505e+01 6.298476682589944364e-02
