0.000000000000000000e+00 -3.970000000000000000e+03 -5.865400000000000000e+04 2.022735199999999978e+01 7.141100000000000225e-02 5.160401000000000238e+00 9.945999999999999980e-03 -6.405629999999999935e-01 1.115700000000000025e-02 1.000000000000000000e+00 1.368945800000000013e+01 2.466300000000000089e-02 3.192914624000000003e+03
0.000000000000000000e+00 -3.970000000000000000e+03 -5.865400000000000000e+04 2.021008899999999997e+01 6.331000000000000516e-02 5.216709999999999958e+00 1.827799999999999911e-02 -6.468249999999999833e-01 1.358799999999999938e-02 1.000000000000000000e+00 1.368424300000000038e+01 2.577399999999999830e-02 3.542570623000000069e+03
0.000000000000000000e+00 -3.970000000000000000e+03 -5.865400000000000000e+04 2.015441300000000169e+01 8.189299999999999358e-02 5.207468999999999681e+00 1.637699999999999920e-02 -6.293739999999999890e-01 2.599800000000000028e-02 1.000000000000000000e+00 1.359135900000000063e+01 6.695299999999999863e-02 3.563260807000000113e+03
0.000000000000000000e+00 -3.970000000000000000e+03 -5.865400000000000000e+04 2.020832000000000050e+01 7.312799999999999856e-02 5.189892999999999645e+00 1.207100000000000013e-02 -6.732120000000000326e-01 1.387200000000000065e-02 1.000000000000000000e+00 1.371087600000000073e+01 2.481099999999999972e-02 3.912829800999999861e+03
0.000000000000000000e+00 -3.970000000000000000e+03 -5.865400000000000000e+04 2.016396800000000056e+01 8.584400000000000364e-02 5.198445999999999678e+00 1.414100000000000079e-02 -6.694390000000000063e-01 2.731899999999999953e-02 1.000000000000000000e+00 1.359296800000000083e+01 4.372000000000000192e-02 3.933522985000000062e+03
0.000000000000000000e+00 3.000000000000000000e+01 -5.865400000000000000e+04 1.994598799999999983e+01 7.466100000000000514e-02 6.210098999999999592e+00 1.102200000000000055e-02 1.617100000000000135e-02 1.334699999999999949e-02 1.000000000000000000e+00 1.371077200000000040e+01 3.053200000000000011e-02 4.136473592000000281e+03
0.000000000000000000e+00 3.000000000000000000e+01 -5.865400000000000000e+04 2.007092499999999902e+01 6.497500000000000497e-02 5.842768000000000406e+00 1.414999999999999938e-02 4.117400000000000226e-02 8.458999999999999506e-03 1.000000000000000000e+00 1.374892400000000059e+01 2.681300000000000003e-02 4.486163593999999648e+03
0.000000000000000000e+00 3.000000000000000000e+01 -5.865400000000000000e+04 2.001942400000000077e+01 6.586200000000000387e-02 5.846801000000000137e+00 1.600199999999999886e-02 3.451200000000000101e-02 1.520099999999999923e-02 1.000000000000000000e+00 1.361944300000000041e+01 4.979599999999999999e-02 4.506855776999999762e+03
0.000000000000000000e+00 3.000000000000000000e+01 -5.865400000000000000e+04 2.005514700000000161e+01 6.383199999999999985e-02 5.813699999999999868e+00 1.329299999999999926e-02 2.742599999999999899e-02 1.186000000000000075e-02 1.000000000000000000e+00 1.367869999999999919e+01 3.275700000000000139e-02 4.856427772000000004e+03
0.000000000000000000e+00 3.000000000000000000e+01 -5.865400000000000000e+04 2.002416399999999896e+01 8.154000000000000137e-02 5.818360000000000198e+00 1.066199999999999960e-02 2.256500000000000172e-02 1.415800000000000045e-02 1.000000000000000000e+00 1.359748800000000024e+01 5.185399999999999732e-02 4.877118954999999914e+03
0.000000000000000000e+00 4.030000000000000000e+03 -5.865400000000000000e+04 1.962433300000000003e+01 7.341200000000000503e-02 6.107533000000000101e+00 1.484800000000000009e-02 -4.403750000000000164e-01 1.162299999999999965e-02 1.000000000000000000e+00 1.369667500000000082e+01 2.109400000000000164e-02 1.290057786999999962e+03
0.000000000000000000e+00 4.030000000000000000e+03 -5.865400000000000000e+04 1.961235900000000143e+01 8.422300000000000619e-02 6.146478000000000108e+00 1.257100000000000058e-02 -4.358830000000000204e-01 1.064400000000000068e-02 1.000000000000000000e+00 1.367057900000000004e+01 2.113400000000000001e-02 1.639610779999999977e+03
0.000000000000000000e+00 4.030000000000000000e+03 -5.865400000000000000e+04 1.956881299999999868e+01 5.587400000000000005e-02 6.132581000000000060e+00 9.369000000000000591e-03 -4.393699999999999828e-01 2.365700000000000094e-02 1.000000000000000000e+00 1.356212799999999952e+01 4.559699999999999864e-02 1.660303963999999951e+03
0.000000000000000000e+00 4.030000000000000000e+03 -5.865400000000000000e+04 1.961961099999999902e+01 7.506599999999999384e-02 6.094387000000000221e+00 1.099600000000000057e-02 -4.591230000000000033e-01 7.132999999999999584e-03 1.000000000000000000e+00 1.365394399999999919e+01 2.778800000000000020e-02 2.009861957000000075e+03
0.000000000000000000e+00 4.030000000000000000e+03 -5.865400000000000000e+04 1.957328499999999849e+01 7.672700000000000353e-02 6.114378999999999564e+00 1.435799999999999924e-02 -4.813790000000000013e-01 2.541900000000000062e-02 1.000000000000000000e+00 1.357636800000000044e+01 5.240199999999999719e-02 2.030549140000000079e+03
0.000000000000000000e+00 8.030000000000000000e+03 -5.865400000000000000e+04 1.939274500000000145e+01 6.535900000000000043e-02 6.722621000000000180e+00 1.117899999999999970e-02 -1.129969999999999919e+00 1.046099999999999981e-02 1.000000000000000000e+00 1.365074000000000076e+01 2.353299999999999836e-02 2.233475746999999956e+03
0.000000000000000000e+00 8.030000000000000000e+03 -5.865400000000000000e+04 1.937999500000000097e+01 4.852700000000000069e-02 6.757779000000000202e+00 1.293799999999999985e-02 -1.120759999999999978e+00 1.067700000000000073e-02 1.000000000000000000e+00 1.368863900000000022e+01 2.355900000000000008e-02 2.583036740999999893e+03
0.000000000000000000e+00 8.030000000000000000e+03 -5.865400000000000000e+04 1.931952000000000069e+01 6.469500000000000250e-02 6.755008000000000123e+00 1.352800000000000009e-02 -1.132338000000000067e+00 1.176600000000000042e-02 1.000000000000000000e+00 1.359133399999999980e+01 3.412099999999999855e-02 2.603721923999999944e+03
0.000000000000000000e+00 8.030000000000000000e+03 -5.865400000000000000e+04 1.939506000000000085e+01 6.817399999999999849e-02 6.760797000000000168e+00 1.521499999999999936e-02 -1.136533999999999933e+00 1.090700000000000003e-02 1.000000000000000000e+00 1.367666799999999938e+01 3.108700000000000005e-02 2.953289917999999943e+03
0.000000000000000000e+00 8.030000000000000000e+03 -5.865400000000000000e+04 1.935271499999999989e+01 6.254899999999999349e-02 6.766562000000000410e+00 1.139100000000000008e-02 -1.116732999999999976e+00 1.170799999999999966e-02 1.000000000000000000e+00 1.357333399999999912e+01 6.464300000000000601e-02 2.973979101999999784e+03
4.000000000000000000e+03 -3.970000000000000000e+03 -5.865400000000000000e+04 2.000966100000000125e+01 5.726500000000000340e-02 5.126984000000000208e+00 8.767999999999999752e-03 -9.408279999999999976e-01 1.508199999999999992e-02 1.000000000000000000e+00 1.369946700000000028e+01 2.226200000000000054e-02 3.216503972999999860e+03
4.000000000000000000e+03 -3.970000000000000000e+03 -5.865400000000000000e+04 2.001184100000000043e+01 7.133499999999999563e-02 5.124780000000000335e+00 1.541900000000000041e-02 -1.009678000000000075e+00 1.737400000000000055e-02 1.000000000000000000e+00 1.367142800000000058e+01 2.441300000000000067e-02 3.519078278999999839e+03
4.000000000000000000e+03 -3.970000000000000000e+03 -5.865400000000000000e+04 2.001185500000000062e+01 8.416400000000000270e-02 5.095907999999999660e+00 1.389999999999999916e-02 -9.325769999999999893e-01 1.314399999999999943e-02 1.000000000000000000e+00 1.369158900000000045e+01 2.446399999999999963e-02 3.586752149999999801e+03
4.000000000000000000e+03 -3.970000000000000000e+03 -5.865400000000000000e+04 2.001160099999999886e+01 8.091399999999999981e-02 5.086376999999999704e+00 1.582100000000000173e-02 -9.669429999999999970e-01 9.237999999999999684e-03 1.000000000000000000e+00 1.367970299999999995e+01 2.794400000000000009e-02 3.889338456999999835e+03
4.000000000000000000e+03 -3.970000000000000000e+03 -5.865400000000000000e+04 2.001278399999999991e+01 7.249099999999999988e-02 5.127968000000000082e+00 1.244100000000000067e-02 -9.814699999999999536e-01 1.452699999999999998e-02 1.000000000000000000e+00 1.368292199999999958e+01 2.546500000000000152e-02 3.957019327999999859e+03
4.000000000000000000e+03 3.000000000000000000e+01 -5.865400000000000000e+04 1.997804500000000161e+01 7.436399999999999955e-02 5.873497000000000412e+00 1.229899999999999917e-02 1.394899999999999959e-02 1.175200000000000029e-02 1.000000000000000000e+00 1.368711399999999934e+01 2.705499999999999919e-02 4.160063941999999770e+03
4.000000000000000000e+03 3.000000000000000000e+01 -5.865400000000000000e+04 2.005518500000000159e+01 7.655000000000000693e-02 5.613167999999999935e+00 1.103999999999999947e-02 2.317400000000000015e-02 9.386000000000000246e-03 1.000000000000000000e+00 1.369219999999999970e+01 2.363799999999999929e-02 4.462671250000000327e+03
4.000000000000000000e+03 3.000000000000000000e+01 -5.865400000000000000e+04 2.003405499999999861e+01 7.851099999999999746e-02 5.610744999999999649e+00 1.360300000000000051e-02 2.796200000000000074e-02 1.405799999999999932e-02 1.000000000000000000e+00 1.369541899999999934e+01 2.527400000000000133e-02 4.530346120999999584e+03
4.000000000000000000e+03 3.000000000000000000e+01 -5.865400000000000000e+04 2.006651600000000002e+01 5.972999999999999837e-02 5.590939999999999799e+00 1.013200000000000038e-02 -5.722999999999999789e-03 1.387399999999999918e-02 1.000000000000000000e+00 1.369895499999999977e+01 2.419599999999999876e-02 4.832936427999999978e+03
4.000000000000000000e+03 3.000000000000000000e+01 -5.865400000000000000e+04 2.006458599999999848e+01 6.597300000000000386e-02 5.587174000000000085e+00 1.231200000000000003e-02 3.898999999999999688e-02 1.248299999999999930e-02 1.000000000000000000e+00 1.368751100000000065e+01 2.722300000000000067e-02 4.900613298999999643e+03
4.000000000000000000e+03 4.030000000000000000e+03 -5.865400000000000000e+04 1.984739300000000028e+01 6.846900000000000208e-02 6.105940999999999619e+00 1.178799999999999987e-02 -1.158480000000000065e-01 9.809000000000000011e-03 1.000000000000000000e+00 1.367397099999999988e+01 2.710699999999999915e-02 1.313548131000000012e+03
4.000000000000000000e+03 4.030000000000000000e+03 -5.865400000000000000e+04 1.985577500000000128e+01 6.630099999999999882e-02 6.080645999999999773e+00 1.390399999999999969e-02 -1.481520000000000059e-01 1.016700000000000069e-02 1.000000000000000000e+00 1.366168799999999983e+01 2.197700000000000001e-02 1.616122436999999991e+03
4.000000000000000000e+03 4.030000000000000000e+03 -5.865400000000000000e+04 1.984127000000000152e+01 5.244599999999999956e-02 6.117178000000000004e+00 1.378899999999999917e-02 -1.639450000000000074e-01 1.118500000000000050e-02 1.000000000000000000e+00 1.366205000000000069e+01 2.356099999999999861e-02 1.683796307999999954e+03
4.000000000000000000e+03 4.030000000000000000e+03 -5.865400000000000000e+04 1.984755900000000040e+01 7.416200000000000570e-02 6.076566999999999830e+00 9.820999999999999869e-03 -7.914200000000000401e-02 1.406499999999999938e-02 1.000000000000000000e+00 1.365364100000000036e+01 2.784899999999999876e-02 1.986369613999999956e+03
4.000000000000000000e+03 4.030000000000000000e+03 -5.865400000000000000e+04 1.983648499999999970e+01 6.521200000000000607e-02 6.107796999999999699e+00 1.433500000000000052e-02 -1.102920000000000011e-01 1.136900000000000063e-02 1.000000000000000000e+00 1.365835000000000043e+01 2.320600000000000093e-02 2.054039483999999902e+03
4.000000000000000000e+03 8.030000000000000000e+03 -5.865400000000000000e+04 1.942564700000000144e+01 6.413800000000000057e-02 6.844293000000000404e+00 1.381699999999999942e-02 -1.074947000000000097e+00 8.985999999999999197e-03 1.000000000000000000e+00 1.366165299999999938e+01 2.171700000000000019e-02 2.256966090999999778e+03
4.000000000000000000e+03 8.030000000000000000e+03 -5.865400000000000000e+04 1.941502099999999942e+01 6.325899999999999579e-02 6.845117000000000118e+00 1.246399999999999939e-02 -1.066961000000000048e+00 1.098799999999999950e-02 1.000000000000000000e+00 1.368247500000000016e+01 2.713399999999999840e-02 2.559546397999999954e+03
4.000000000000000000e+03 8.030000000000000000e+03 -5.865400000000000000e+04 1.942503500000000116e+01 5.833900000000000197e-02 6.861881999999999593e+00 1.915599999999999942e-02 -1.109952999999999967e+00 1.000000000000000021e-02 1.000000000000000000e+00 1.366811000000000043e+01 2.944499999999999895e-02 2.627210267999999814e+03
4.000000000000000000e+03 8.030000000000000000e+03 -5.865400000000000000e+04 1.940090500000000162e+01 6.685900000000000176e-02 6.870401000000000202e+00 1.742399999999999852e-02 -1.112052999999999958e+00 1.298000000000000022e-02 1.000000000000000000e+00 1.368163000000000018e+01 1.990099999999999855e-02 2.929801574999999957e+03
4.000000000000000000e+03 8.030000000000000000e+03 -5.865400000000000000e+04 1.943282999999999916e+01 8.010299999999999365e-02 6.874486000000000097e+00 1.554900000000000032e-02 -1.087916000000000105e+00 1.015199999999999957e-02 1.000000000000000000e+00 1.367708499999999994e+01 3.503499999999999670e-02 2.997467445000000225e+03
8.000000000000000000e+03 -3.970000000000000000e+03 -5.865400000000000000e+04 1.980922599999999889e+01 5.861100000000000337e-02 5.111379999999999590e+00 1.293399999999999932e-02 -1.578370000000000051e+00 1.359400000000000018e-02 1.000000000000000000e+00 1.367743300000000062e+01 2.363499999999999976e-02 3.239993316999999934e+03
8.000000000000000000e+03 -3.970000000000000000e+03 -5.865400000000000000e+04 1.981755000000000067e+01 6.769400000000000417e-02 5.025114000000000303e+00 1.050099999999999992e-02 -1.637755999999999990e+00 1.334300000000000069e-02 1.000000000000000000e+00 1.366594399999999965e+01 2.180899999999999853e-02 3.495593936000000213e+03
8.000000000000000000e+03 -3.970000000000000000e+03 -5.865400000000000000e+04 1.980581899999999962e+01 5.895700000000000246e-02 5.073306999999999789e+00 1.393699999999999974e-02 -1.621240000000000014e+00 1.412500000000000040e-02 1.000000000000000000e+00 1.368178400000000039e+01 2.138899999999999829e-02 3.610244494000000032e+03
8.000000000000000000e+03 -3.970000000000000000e+03 -5.865400000000000000e+04 1.981940300000000121e+01 6.202099999999999974e-02 5.020048000000000066e+00 1.332200000000000051e-02 -1.580804000000000098e+00 1.162200000000000039e-02 1.000000000000000000e+00 1.369661600000000057e+01 2.761100000000000013e-02 3.865845112999999856e+03
8.000000000000000000e+03 -3.970000000000000000e+03 -5.865400000000000000e+04 1.981337800000000016e+01 7.434000000000000330e-02 5.069931000000000409e+00 1.653999999999999915e-02 -1.623618999999999923e+00 1.195099999999999982e-02 1.000000000000000000e+00 1.369162900000000072e+01 2.060400000000000079e-02 3.980517672999999832e+03
8.000000000000000000e+03 3.000000000000000000e+01 -5.865400000000000000e+04 1.998228699999999947e+01 5.911399999999999988e-02 5.644603000000000037e+00 1.142100000000000060e-02 3.553000000000000169e-03 1.167499999999999961e-02 1.000000000000000000e+00 1.372076099999999954e+01 2.750800000000000120e-02 4.183557286000000204e+03
8.000000000000000000e+03 3.000000000000000000e+01 -5.865400000000000000e+04 2.005284800000000089e+01 7.544399999999999717e-02 5.396155000000000257e+00 1.321400000000000005e-02 -9.250000000000000409e-04 9.964999999999999900e-03 1.000000000000000000e+00 1.368799800000000033e+01 2.430200000000000068e-02 4.439179906000000301e+03
8.000000000000000000e+03 3.000000000000000000e+01 -5.865400000000000000e+04 2.002065899999999843e+01 6.542199999999999405e-02 5.435347000000000151e+00 1.574800000000000158e-02 1.289900000000000074e-02 1.123099999999999966e-02 1.000000000000000000e+00 1.368749099999999963e+01 2.405799999999999952e-02 4.553836463999999978e+03
8.000000000000000000e+03 3.000000000000000000e+01 -5.865400000000000000e+04 2.003783500000000117e+01 6.745400000000000007e-02 5.380946999999999925e+00 1.355400000000000008e-02 1.022600000000000071e-02 1.475600000000000002e-02 1.000000000000000000e+00 1.371196400000000004e+01 3.239500000000000018e-02 4.809447084000000359e+03
8.000000000000000000e+03 3.000000000000000000e+01 -5.865400000000000000e+04 2.003803299999999865e+01 6.552800000000000291e-02 5.425680999999999976e+00 1.304199999999999977e-02 1.421399999999999920e-02 8.462000000000000771e-03 1.000000000000000000e+00 1.368930399999999992e+01 3.163099999999999939e-02 4.924107643000000280e+03
8.000000000000000000e+03 4.030000000000000000e+03 -5.865400000000000000e+04 2.011400400000000133e+01 8.887799999999999867e-02 6.114190999999999931e+00 1.126199999999999944e-02 5.017289999999999806e-01 1.104800000000000053e-02 1.000000000000000000e+00 1.368587699999999963e+01 1.994399999999999992e-02 1.337039473999999927e+03
8.000000000000000000e+03 4.030000000000000000e+03 -5.865400000000000000e+04 2.012346499999999949e+01 7.549799999999999567e-02 6.061206000000000316e+00 1.181899999999999964e-02 5.624289999999999567e-01 1.212700000000000063e-02 1.000000000000000000e+00 1.367871500000000040e+01 2.262000000000000122e-02 1.592632092999999941e+03
8.000000000000000000e+03 4.030000000000000000e+03 -5.865400000000000000e+04 2.010177600000000098e+01 6.466299999999999826e-02 6.109646999999999828e+00 9.369000000000000591e-03 5.314740000000000020e-01 9.997999999999999943e-03 1.000000000000000000e+00 1.364429799999999915e+01 2.769299999999999887e-02 1.707287651000000096e+03
8.000000000000000000e+03 4.030000000000000000e+03 -5.865400000000000000e+04 2.011974100000000121e+01 7.261900000000000299e-02 6.044774000000000314e+00 9.704000000000000820e-03 5.145589999999999886e-01 1.059900000000000078e-02 1.000000000000000000e+00 1.367095100000000052e+01 2.175600000000000103e-02 1.962876269999999977e+03
8.000000000000000000e+03 4.030000000000000000e+03 -5.865400000000000000e+04 2.010257500000000164e+01 5.849100000000000132e-02 6.076883999999999730e+00 7.818999999999999562e-03 5.690880000000000383e-01 1.111599999999999915e-02 1.000000000000000000e+00 1.367000700000000002e+01 3.195400000000000323e-02 2.077526827000000139e+03
8.000000000000000000e+03 8.030000000000000000e+03 -5.865400000000000000e+04 1.945392800000000122e+01 7.470599999999999463e-02 6.995000000000000107e+00 1.217000000000000026e-02 -1.072478999999999960e+00 1.203000000000000076e-02 1.000000000000000000e+00 1.367131900000000044e+01 2.576600000000000071e-02 2.280456434000000172e+03
8.000000000000000000e+03 8.030000000000000000e+03 -5.865400000000000000e+04 1.946065300000000065e+01 6.745099999999999707e-02 6.991544000000000203e+00 1.253199999999999974e-02 -1.051501999999999937e+00 1.117899999999999970e-02 1.000000000000000000e+00 1.368175399999999975e+01 3.049999999999999933e-02 2.536054054000000178e+03
8.000000000000000000e+03 8.030000000000000000e+03 -5.865400000000000000e+04 1.944402300000000139e+01 7.773399999999999754e-02 7.016296999999999784e+00 1.325999999999999922e-02 -1.084870999999999919e+00 1.006899999999999983e-02 1.000000000000000000e+00 1.370688799999999929e+01 2.293900000000000106e-02 2.650705612000000201e+03
8.000000000000000000e+03 8.030000000000000000e+03 -5.865400000000000000e+04 1.947967200000000076e+01 5.736700000000000133e-02 6.992983999999999867e+00 1.173100000000000011e-02 -1.058926000000000034e+00 1.213000000000000016e-02 1.000000000000000000e+00 1.367761199999999988e+01 2.927899999999999947e-02 2.906307230999999774e+03
8.000000000000000000e+03 8.030000000000000000e+03 -5.865400000000000000e+04 1.944516300000000086e+01 8.589099999999999513e-02 7.049104999999999954e+00 1.293599999999999958e-02 -1.020272999999999985e+00 1.015600000000000010e-02 1.000000000000000000e+00 1.369080899999999978e+01 2.407499999999999918e-02 3.020960789000000204e+03
1.200000000000000000e+04 -3.970000000000000000e+03 -5.865400000000000000e+04 1.965565000000000140e+01 6.156199999999999867e-02 4.947682000000000357e+00 1.397100000000000078e-02 -2.227562999999999960e+00 1.302200000000000059e-02 1.000000000000000000e+00 1.367796000000000056e+01 2.300599999999999867e-02 3.263485661000000164e+03
1.200000000000000000e+04 -3.970000000000000000e+03 -5.865400000000000000e+04 1.967833999999999861e+01 6.656900000000000317e-02 4.849935000000000329e+00 1.395000000000000059e-02 -2.294211999999999918e+00 1.129699999999999975e-02 1.000000000000000000e+00 1.366932199999999931e+01 1.991599999999999968e-02 3.472107593000000179e+03
1.200000000000000000e+04 -3.970000000000000000e+03 -5.865400000000000000e+04 1.965800399999999826e+01 7.097399999999999542e-02 4.952244000000000312e+00 1.412700000000000067e-02 -2.266688999999999954e+00 1.377100000000000025e-02 1.000000000000000000e+00 1.369178299999999915e+01 2.768699999999999981e-02 3.633736836999999923e+03
1.200000000000000000e+04 -3.970000000000000000e+03 -5.865400000000000000e+04 1.968171600000000154e+01 6.808100000000000263e-02 4.852418000000000120e+00 1.522599999999999995e-02 -2.272133999999999876e+00 1.261600000000000048e-02 1.000000000000000000e+00 1.369372500000000059e+01 3.403699999999999781e-02 3.842357770000000073e+03
1.200000000000000000e+04 -3.970000000000000000e+03 -5.865400000000000000e+04 1.965245099999999923e+01 8.156800000000000161e-02 4.968842999999999677e+00 1.377100000000000025e-02 -2.317204999999999959e+00 1.144300000000000005e-02 1.000000000000000000e+00 1.367244600000000077e+01 2.687499999999999958e-02 4.004011015999999927e+03
1.200000000000000000e+04 3.000000000000000000e+01 -5.865400000000000000e+04 1.999261699999999919e+01 7.563400000000000678e-02 5.349202000000000012e+00 1.383099999999999954e-02 4.462300000000000294e-02 1.548599999999999977e-02 1.000000000000000000e+00 1.370873100000000022e+01 2.238499999999999865e-02 4.207051629999999932e+03
1.200000000000000000e+04 3.000000000000000000e+01 -5.865400000000000000e+04 2.006830300000000022e+01 8.980200000000000682e-02 5.067093999999999987e+00 1.131500000000000040e-02 6.031799999999999662e-02 1.368199999999999972e-02 1.000000000000000000e+00 1.369450499999999948e+01 2.650399999999999978e-02 4.415689562999999907e+03
1.200000000000000000e+04 3.000000000000000000e+01 -5.865400000000000000e+04 2.004361400000000160e+01 7.005500000000000616e-02 5.203452999999999662e+00 1.255900000000000072e-02 6.744200000000000195e-02 1.035299999999999936e-02 1.000000000000000000e+00 1.369663100000000000e+01 2.291299999999999934e-02 4.577329808000000412e+03
1.200000000000000000e+04 3.000000000000000000e+01 -5.865400000000000000e+04 2.008027799999999985e+01 4.751799999999999774e-02 5.053510000000000169e+00 1.206100000000000054e-02 8.532099999999999407e-02 1.256799999999999931e-02 1.000000000000000000e+00 1.371306700000000056e+01 2.463500000000000065e-02 4.785956740999999965e+03
1.200000000000000000e+04 3.000000000000000000e+01 -5.865400000000000000e+04 2.005998999999999910e+01 8.451100000000000279e-02 5.182424000000000142e+00 9.202000000000000110e-03 4.026300000000000018e-02 1.091699999999999962e-02 1.000000000000000000e+00 1.367931100000000022e+01 2.463200000000000112e-02 4.947596985999999561e+03
1.200000000000000000e+04 4.030000000000000000e+03 -5.865400000000000000e+04 2.043763699999999872e+01 6.471699999999999675e-02 6.019562999999999775e+00 1.212300000000000010e-02 1.124211999999999989e+00 1.048800000000000079e-02 1.000000000000000000e+00 1.370677799999999991e+01 3.033500000000000085e-02 1.360524816999999985e+03
1.200000000000000000e+04 4.030000000000000000e+03 -5.865400000000000000e+04 2.045680600000000027e+01 8.542800000000000393e-02 5.945577000000000112e+00 1.483499999999999923e-02 1.160139000000000031e+00 1.180499999999999952e-02 1.000000000000000000e+00 1.365468899999999941e+01 2.420800000000000035e-02 1.569143749999999955e+03
1.200000000000000000e+04 4.030000000000000000e+03 -5.865400000000000000e+04 2.042671299999999945e+01 7.109799999999999454e-02 5.990412000000000070e+00 1.135099999999999998e-02 1.127021999999999968e+00 1.275399999999999971e-02 1.000000000000000000e+00 1.367378199999999921e+01 2.797499999999999987e-02 1.730766994000000068e+03
1.200000000000000000e+04 4.030000000000000000e+03 -5.865400000000000000e+04 2.045116300000000109e+01 8.261699999999999600e-02 5.939267000000000074e+00 1.545900000000000052e-02 1.175121000000000082e+00 1.150699999999999987e-02 1.000000000000000000e+00 1.365872199999999914e+01 2.510599999999999984e-02 1.939384925999999950e+03
1.200000000000000000e+04 4.030000000000000000e+03 -5.865400000000000000e+04 2.041399099999999933e+01 7.596200000000000174e-02 6.043511999999999773e+00 8.444000000000000117e-03 1.160049000000000108e+00 1.360500000000000077e-02 1.000000000000000000e+00 1.367389700000000019e+01 2.396399999999999919e-02 2.101021170999999867e+03
1.200000000000000000e+04 8.030000000000000000e+03 -5.865400000000000000e+04 1.951289699999999883e+01 6.993800000000000017e-02 7.140617999999999910e+00 1.026499999999999982e-02 -1.066821999999999937e+00 1.108499999999999937e-02 1.000000000000000000e+00 1.364767999999999937e+01 3.690800000000000330e-02 2.303949778000000151e+03
1.200000000000000000e+04 8.030000000000000000e+03 -5.865400000000000000e+04 1.956187699999999907e+01 6.151999999999999830e-02 7.012076000000000420e+00 1.707600000000000090e-02 -1.049865000000000048e+00 1.085500000000000007e-02 1.000000000000000000e+00 1.369958600000000004e+01 2.019999999999999921e-02 2.512565709999999854e+03
1.200000000000000000e+04 8.030000000000000000e+03 -5.865400000000000000e+04 1.952827200000000119e+01 7.980099999999999694e-02 7.125625999999999571e+00 9.563999999999999585e-03 -1.048909000000000091e+00 1.036699999999999948e-02 1.000000000000000000e+00 1.369510099999999930e+01 2.046500000000000055e-02 2.674197955000000093e+03
1.200000000000000000e+04 8.030000000000000000e+03 -5.865400000000000000e+04 1.956575700000000140e+01 6.632000000000000395e-02 7.039090999999999987e+00 1.309699999999999927e-02 -1.052664000000000044e+00 1.332599999999999930e-02 1.000000000000000000e+00 1.368802299999999939e+01 3.116100000000000120e-02 2.882813886999999795e+03
1.200000000000000000e+04 8.030000000000000000e+03 -5.865400000000000000e+04 1.952773699999999835e+01 7.262399999999999411e-02 7.110027999999999793e+00 1.091999999999999915e-02 -1.025644000000000000e+00 1.415899999999999971e-02 1.000000000000000000e+00 1.368413400000000024e+01 2.497699999999999920e-02 3.044455132000000049e+03
1.600000000000000000e+04 -3.970000000000000000e+03 -5.865400000000000000e+04 1.951240699999999961e+01 6.579400000000000526e-02 4.887444000000000344e+00 1.566599999999999937e-02 -2.910670000000000091e+00 1.315500000000000003e-02 1.000000000000000000e+00 1.369948199999999972e+01 2.470999999999999933e-02 3.286974004000000150e+03
1.600000000000000000e+04 -3.970000000000000000e+03 -5.865400000000000000e+04 1.957348999999999961e+01 8.082300000000000595e-02 4.647268000000000399e+00 1.074400000000000008e-02 -2.929927999999999866e+00 1.205700000000000001e-02 1.000000000000000000e+00 1.369158900000000045e+01 2.372399999999999856e-02 3.448611249000000043e+03
1.600000000000000000e+04 -3.970000000000000000e+03 -5.865400000000000000e+04 1.952154099999999914e+01 7.611800000000000510e-02 4.883365999999999651e+00 1.311299999999999966e-02 -2.931903000000000148e+00 1.323599999999999950e-02 1.000000000000000000e+00 1.367840699999999998e+01 2.141399999999999901e-02 3.657229181000000153e+03
1.600000000000000000e+04 -3.970000000000000000e+03 -5.865400000000000000e+04 1.957411899999999960e+01 5.237200000000000188e-02 4.650737999999999595e+00 1.594299999999999884e-02 -2.930327999999999822e+00 1.288100000000000009e-02 1.000000000000000000e+00 1.368707400000000085e+01 2.058099999999999860e-02 3.818866426000000047e+03
1.600000000000000000e+04 -3.970000000000000000e+03 -5.865400000000000000e+04 1.952647100000000080e+01 8.239299999999999402e-02 4.873073999999999906e+00 1.136000000000000031e-02 -2.909008000000000038e+00 8.966000000000000011e-03 1.000000000000000000e+00 1.370328199999999974e+01 2.458400000000000168e-02 4.027506359999999859e+03
1.600000000000000000e+04 3.000000000000000000e+01 -5.865400000000000000e+04 2.003151000000000082e+01 7.075700000000000045e-02 5.077632999999999619e+00 1.354400000000000048e-02 8.930499999999999550e-02 7.510000000000000182e-03 1.000000000000000000e+00 1.370638600000000018e+01 2.355700000000000155e-02 4.230543972999999824e+03
1.600000000000000000e+04 3.000000000000000000e+01 -5.865400000000000000e+04 2.009958200000000161e+01 7.620699999999999696e-02 4.778894000000000197e+00 1.266699999999999944e-02 8.833199999999999386e-02 1.282100000000000080e-02 1.000000000000000000e+00 1.370816400000000002e+01 3.215500000000000302e-02 4.392198218999999881e+03
1.600000000000000000e+04 3.000000000000000000e+01 -5.865400000000000000e+04 2.006041099999999844e+01 6.564599999999999602e-02 4.945916000000000423e+00 1.754800000000000110e-02 1.220539999999999958e-01 1.211199999999999950e-02 1.000000000000000000e+00 1.372418300000000002e+01 2.750599999999999920e-02 4.600819150999999692e+03
1.600000000000000000e+04 3.000000000000000000e+01 -5.865400000000000000e+04 2.012075300000000055e+01 6.416299999999999781e-02 4.699817999999999607e+00 1.420199999999999935e-02 1.100939999999999974e-01 1.028899999999999954e-02 1.000000000000000000e+00 1.369965599999999917e+01 1.957400000000000112e-02 4.762466397000000143e+03
1.600000000000000000e+04 3.000000000000000000e+01 -5.865400000000000000e+04 2.005056700000000092e+01 8.195600000000000107e-02 4.943406000000000411e+00 1.063500000000000036e-02 1.077499999999999986e-01 1.191200000000000071e-02 1.000000000000000000e+00 1.368821200000000005e+01 2.592200000000000060e-02 4.971083330000000387e+03
1.600000000000000000e+04 4.030000000000000000e+03 -5.865400000000000000e+04 2.077480299999999858e+01 8.150100000000000400e-02 5.988986999999999838e+00 1.233300000000000021e-02 1.746872999999999898e+00 1.297799999999999995e-02 1.000000000000000000e+00 1.366465299999999949e+01 2.537199999999999872e-02 1.384016161000000011e+03
1.600000000000000000e+04 4.030000000000000000e+03 -5.865400000000000000e+04 2.080471199999999854e+01 6.796299999999999564e-02 5.865231999999999779e+00 1.357300000000000000e-02 1.816136999999999890e+00 1.157299999999999995e-02 1.000000000000000000e+00 1.366969899999999960e+01 2.191699999999999898e-02 1.545652405999999928e+03
1.600000000000000000e+04 4.030000000000000000e+03 -5.865400000000000000e+04 2.077328400000000030e+01 7.751399999999999957e-02 5.963184000000000040e+00 1.321400000000000005e-02 1.760313999999999934e+00 8.103000000000000827e-03 1.000000000000000000e+00 1.367008700000000054e+01 3.211499999999999772e-02 1.754258336999999983e+03
1.600000000000000000e+04 4.030000000000000000e+03 -5.865400000000000000e+04 2.079907899999999898e+01 8.086200000000000332e-02 5.869620000000000282e+00 1.146699999999999976e-02 1.802975999999999912e+00 1.247499999999999998e-02 1.000000000000000000e+00 1.366851199999999977e+01 2.750100000000000114e-02 1.915894583000000011e+03
1.600000000000000000e+04 4.030000000000000000e+03 -5.865400000000000000e+04 2.076011000000000095e+01 9.503000000000000336e-02 5.982028999999999819e+00 1.330399999999999985e-02 1.745176000000000061e+00 1.228199999999999951e-02 1.000000000000000000e+00 1.368527100000000019e+01 2.338700000000000154e-02 2.124512514999999894e+03
1.600000000000000000e+04 8.030000000000000000e+03 -5.865400000000000000e+04 1.960034599999999827e+01 7.212300000000000655e-02 7.208071000000000339e+00 1.419800000000000055e-02 -1.025876999999999928e+00 1.425099999999999978e-02 1.000000000000000000e+00 1.366092800000000018e+01 1.758300000000000141e-02 2.327440121999999974e+03
1.600000000000000000e+04 8.030000000000000000e+03 -5.865400000000000000e+04 1.967383399999999938e+01 7.958600000000000396e-02 7.019356000000000151e+00 1.461100000000000072e-02 -1.021128000000000036e+00 1.365300000000000021e-02 1.000000000000000000e+00 1.367154700000000034e+01 3.147599999999999704e-02 2.489076367000000118e+03
1.600000000000000000e+04 8.030000000000000000e+03 -5.865400000000000000e+04 1.958992900000000148e+01 5.904399999999999926e-02 7.199569999999999581e+00 1.311499999999999992e-02 -1.056988999999999956e+00 1.260900000000000042e-02 1.000000000000000000e+00 1.368518199999999929e+01 2.450000000000000094e-02 2.697689299000000119e+03
1.600000000000000000e+04 8.030000000000000000e+03 -5.865400000000000000e+04 1.969205300000000136e+01 7.701800000000000312e-02 7.048573000000000199e+00 1.226499999999999986e-02 -1.024162999999999935e+00 1.206400000000000007e-02 1.000000000000000000e+00 1.369443000000000055e+01 3.080799999999999858e-02 2.859322544000000107e+03
1.600000000000000000e+04 8.030000000000000000e+03 -5.865400000000000000e+04 1.962368299999999977e+01 6.229200000000000015e-02 7.194791999999999632e+00 1.060700000000000011e-02 -1.063884000000000052e+00 9.787999999999999826e-03 1.000000000000000000e+00 1.367797499999999999e+01 2.486800000000000122e-02 3.067949477000000115e+03
2.000000000000000000e+04 -3.970000000000000000e+03 -5.865400000000000000e+04 1.940614499999999865e+01 8.810700000000000476e-02 4.814509000000000150e+00 1.393499999999999947e-02 -3.495284999999999975e+00 1.913300000000000070e-02 1.000000000000000000e+00 1.368005100000000063e+01 2.032899999999999985e-02 3.310471348000000035e+03
2.000000000000000000e+04 -3.970000000000000000e+03 -5.865400000000000000e+04 1.944423499999999905e+01 7.668400000000000216e-02 4.610860999999999876e+00 1.137400000000000043e-02 -3.568512999999999824e+00 1.447999999999999982e-02 1.000000000000000000e+00 1.368022500000000008e+01 1.876699999999999896e-02 3.425119905000000017e+03
2.000000000000000000e+04 -3.970000000000000000e+03 -5.865400000000000000e+04 1.940461799999999926e+01 7.063800000000000634e-02 4.810976000000000141e+00 1.798999999999999905e-02 -3.538869000000000042e+00 1.342299999999999917e-02 1.000000000000000000e+00 1.368310600000000044e+01 2.656100000000000128e-02 3.680719524999999976e+03
2.000000000000000000e+04 -3.970000000000000000e+03 -5.865400000000000000e+04 1.943973199999999935e+01 8.225899999999999879e-02 4.632208999999999577e+00 1.425099999999999978e-02 -3.577188000000000034e+00 1.024899999999999943e-02 1.000000000000000000e+00 1.368685100000000077e+01 2.829600000000000171e-02 3.795376083000000108e+03
2.000000000000000000e+04 -3.970000000000000000e+03 -5.865400000000000000e+04 1.940956600000000165e+01 8.544799999999999618e-02 4.826051999999999786e+00 1.419100000000000049e-02 -3.508814000000000100e+00 1.304699999999999957e-02 1.000000000000000000e+00 1.368057199999999973e+01 2.419899999999999829e-02 4.050994702999999845e+03
2.000000000000000000e+04 3.000000000000000000e+01 -5.865400000000000000e+04 2.002973400000000126e+01 7.862600000000000144e-02 4.845721000000000167e+00 1.408799999999999983e-02 1.391679999999999862e-01 1.359999999999999924e-02 1.000000000000000000e+00 1.369759900000000030e+01 2.687000000000000152e-02 4.254036317000000054e+03
2.000000000000000000e+04 3.000000000000000000e+01 -5.865400000000000000e+04 2.009889700000000090e+01 7.110400000000000054e-02 4.602527000000000257e+00 1.308699999999999967e-02 1.385909999999999920e-01 1.111900000000000041e-02 1.000000000000000000e+00 1.368593199999999932e+01 2.479100000000000054e-02 4.368704875000000357e+03
2.000000000000000000e+04 3.000000000000000000e+01 -5.865400000000000000e+04 2.007172100000000015e+01 7.248100000000000376e-02 4.739774999999999849e+00 1.052100000000000084e-02 1.552729999999999944e-01 1.218799999999999918e-02 1.000000000000000000e+00 1.369588099999999997e+01 3.256099999999999967e-02 4.624312495000000126e+03
2.000000000000000000e+04 3.000000000000000000e+01 -5.865400000000000000e+04 2.012785999999999831e+01 7.651900000000000368e-02 4.510993000000000031e+00 1.447900000000000055e-02 1.250519999999999965e-01 8.866999999999999882e-03 1.000000000000000000e+00 1.372460500000000039e+01 2.488100000000000034e-02 4.738972053999999844e+03
2.000000000000000000e+04 3.000000000000000000e+01 -5.865400000000000000e+04 2.008408500000000174e+01 7.767200000000000493e-02 4.734569999999999723e+00 1.162700000000000018e-02 1.310389999999999888e-01 8.984999999999999931e-03 1.000000000000000000e+00 1.368503800000000048e+01 2.676299999999999860e-02 4.994576672999999573e+03
2.000000000000000000e+04 4.030000000000000000e+03 -5.865400000000000000e+04 2.112002499999999827e+01 6.592099999999999349e-02 6.015989000000000253e+00 1.289500000000000021e-02 2.359582000000000068e+00 1.245800000000000032e-02 1.000000000000000000e+00 1.369592500000000079e+01 3.085900000000000101e-02 1.407506505000000061e+03
2.000000000000000000e+04 4.030000000000000000e+03 -5.865400000000000000e+04 2.115943199999999891e+01 6.590999999999999637e-02 5.847468000000000110e+00 1.466800000000000048e-02 2.409361000000000086e+00 9.383999999999999980e-03 1.000000000000000000e+00 1.367293300000000045e+01 1.667499999999999885e-02 1.522165062000000034e+03
2.000000000000000000e+04 4.030000000000000000e+03 -5.865400000000000000e+04 2.111547699999999850e+01 7.260600000000000387e-02 5.986246999999999652e+00 8.552999999999999839e-03 2.401784999999999837e+00 1.203800000000000009e-02 1.000000000000000000e+00 1.366574100000000058e+01 1.955300000000000094e-02 1.777750680999999986e+03
2.000000000000000000e+04 4.030000000000000000e+03 -5.865400000000000000e+04 2.115465500000000176e+01 7.719199999999999673e-02 5.825994999999999813e+00 1.544200000000000086e-02 2.408157999999999799e+00 1.096300000000000052e-02 1.000000000000000000e+00 1.367031000000000063e+01 2.608100000000000002e-02 1.892407238999999890e+03
2.000000000000000000e+04 4.030000000000000000e+03 -5.865400000000000000e+04 2.110567199999999843e+01 7.779300000000000104e-02 5.997730999999999923e+00 1.110099999999999976e-02 2.380930000000000213e+00 8.552000000000000574e-03 1.000000000000000000e+00 1.367195000000000071e+01 2.588100000000000123e-02 2.148005858999999873e+03
2.000000000000000000e+04 8.030000000000000000e+03 -5.865400000000000000e+04 1.966842799999999869e+01 6.764299999999999480e-02 7.360127999999999560e+00 8.416999999999999135e-03 -1.054297999999999957e+00 9.650000000000000591e-03 1.000000000000000000e+00 1.365196199999999926e+01 2.313399999999999831e-02 2.350933465000000069e+03
2.000000000000000000e+04 8.030000000000000000e+03 -5.865400000000000000e+04 1.970827699999999894e+01 8.931000000000000050e-02 7.191582999999999615e+00 1.520700000000000003e-02 -1.039339999999999931e+00 1.269200000000000016e-02 1.000000000000000000e+00 1.366641599999999990e+01 2.227300000000000113e-02 2.465585023000000092e+03
2.000000000000000000e+04 8.030000000000000000e+03 -5.865400000000000000e+04 1.965251400000000004e+01 7.959700000000000109e-02 7.329576000000000313e+00 1.331899999999999924e-02 -1.053609000000000018e+00 1.362799999999999949e-02 1.000000000000000000e+00 1.367825299999999977e+01 2.247700000000000045e-02 2.721184643000000051e+03
2.000000000000000000e+04 8.030000000000000000e+03 -5.865400000000000000e+04 1.971824200000000005e+01 8.680200000000000415e-02 7.202174000000000298e+00 1.159899999999999994e-02 -1.026375000000000037e+00 1.131700000000000067e-02 1.000000000000000000e+00 1.367141299999999937e+01 2.379500000000000018e-02 2.835827200000000175e+03
2.000000000000000000e+04 8.030000000000000000e+03 -5.865400000000000000e+04 1.967470000000000141e+01 8.051300000000000123e-02 7.338077000000000183e+00 1.199399999999999945e-02 -1.082767000000000035e+00 1.073400000000000049e-02 1.000000000000000000e+00 1.370452300000000001e+01 2.391000000000000070e-02 3.091439820000000054e+03
2.400000000000000000e+04 -3.970000000000000000e+03 -5.865400000000000000e+04 1.930949299999999980e+01 1.002450000000000008e-01 4.834291999999999589e+00 1.528000000000000018e-02 -4.144303999999999988e+00 1.302099999999999959e-02 1.000000000000000000e+00 1.369897500000000079e+01 2.528599999999999945e-02 3.333959691999999905e+03
2.400000000000000000e+04 -3.970000000000000000e+03 -5.865400000000000000e+04 1.933315999999999946e+01 6.674399999999999777e-02 4.634593999999999880e+00 1.506000000000000047e-02 -4.182839000000000418e+00 1.421799999999999974e-02 1.000000000000000000e+00 1.368806799999999946e+01 2.551300000000000096e-02 3.401629562000000078e+03
2.400000000000000000e+04 -3.970000000000000000e+03 -5.865400000000000000e+04 1.931784100000000137e+01 7.452799999999999703e-02 4.787012999999999963e+00 1.813000000000000028e-02 -4.182731999999999672e+00 1.208700000000000052e-02 1.000000000000000000e+00 1.365802200000000077e+01 3.365200000000000136e-02 3.704207868999999846e+03
2.400000000000000000e+04 -3.970000000000000000e+03 -5.865400000000000000e+04 1.932822699999999827e+01 5.487999999999999823e-02 4.727380000000000138e+00 1.027800000000000068e-02 -4.195842999999999989e+00 1.014999999999999930e-02 1.000000000000000000e+00 1.366762800000000055e+01 2.381600000000000036e-02 3.771885738999999830e+03
2.400000000000000000e+04 -3.970000000000000000e+03 -5.865400000000000000e+04 1.932527500000000131e+01 6.644200000000000106e-02 4.752928999999999959e+00 1.484300000000000029e-02 -4.194751000000000118e+00 1.217000000000000026e-02 1.000000000000000000e+00 1.367969800000000014e+01 2.271000000000000102e-02 4.074486046999999871e+03
2.400000000000000000e+04 3.000000000000000000e+01 -5.865400000000000000e+04 2.005133599999999916e+01 6.607200000000000573e-02 4.596816999999999709e+00 1.215600000000000014e-02 1.919929999999999970e-01 9.232999999999999888e-03 1.000000000000000000e+00 1.369882600000000039e+01 2.568199999999999997e-02 4.277531660999999986e+03
2.400000000000000000e+04 3.000000000000000000e+01 -5.865400000000000000e+04 2.011082999999999998e+01 8.103200000000000680e-02 4.466165000000000163e+00 1.332999999999999984e-02 1.614240000000000119e-01 1.028500000000000074e-02 1.000000000000000000e+00 1.370835800000000049e+01 2.244099999999999914e-02 4.345211532000000261e+03
2.400000000000000000e+04 3.000000000000000000e+01 -5.865400000000000000e+04 2.009195700000000073e+01 8.427800000000000569e-02 4.490281000000000411e+00 1.549099999999999956e-02 2.089360000000000106e-01 1.112400000000000021e-02 1.000000000000000000e+00 1.368243000000000009e+01 2.594700000000000131e-02 4.647798839000000044e+03
2.400000000000000000e+04 3.000000000000000000e+01 -5.865400000000000000e+04 2.009800999999999860e+01 6.540300000000000280e-02 4.381310000000000038e+00 1.087800000000000052e-02 1.819759999999999989e-01 1.136000000000000031e-02 1.000000000000000000e+00 1.370402200000000015e+01 2.234099999999999975e-02 4.715478710000000319e+03
2.400000000000000000e+04 3.000000000000000000e+01 -5.865400000000000000e+04 2.011305099999999868e+01 7.522800000000000320e-02 4.494515999999999956e+00 1.102299999999999981e-02 1.813329999999999942e-01 1.053300000000000070e-02 1.000000000000000000e+00 1.369240899999999961e+01 2.736699999999999897e-02 5.018071017000000211e+03
2.400000000000000000e+04 4.030000000000000000e+03 -5.865400000000000000e+04 2.148906699999999859e+01 6.976000000000000256e-02 6.064550999999999803e+00 1.600999999999999993e-02 2.995840999999999976e+00 1.216800000000000000e-02 1.000000000000000000e+00 1.370313299999999934e+01 2.028699999999999948e-02 1.430996848000000000e+03
2.400000000000000000e+04 4.030000000000000000e+03 -5.865400000000000000e+04 2.149963299999999933e+01 7.937299999999999911e-02 5.986691999999999680e+00 1.540000000000000049e-02 3.030734999999999957e+00 1.234000000000000027e-02 1.000000000000000000e+00 1.368775499999999923e+01 2.382599999999999996e-02 1.498674719000000096e+03
2.400000000000000000e+04 4.030000000000000000e+03 -5.865400000000000000e+04 2.147717600000000004e+01 8.487500000000000600e-02 6.024973000000000134e+00 1.094700000000000013e-02 2.998305999999999916e+00 9.502999999999999295e-03 1.000000000000000000e+00 1.365823999999999927e+01 2.526499999999999926e-02 1.801240025000000060e+03
2.400000000000000000e+04 4.030000000000000000e+03 -5.865400000000000000e+04 2.151338799999999907e+01 6.943900000000000072e-02 5.878982999999999848e+00 1.551899999999999981e-02 3.045949999999999935e+00 1.316299999999999935e-02 1.000000000000000000e+00 1.367821299999999951e+01 2.572699999999999987e-02 1.868918895999999904e+03
2.400000000000000000e+04 4.030000000000000000e+03 -5.865400000000000000e+04 2.147469999999999857e+01 7.278300000000000047e-02 6.009180999999999884e+00 1.626299999999999968e-02 3.042692000000000174e+00 1.094499999999999987e-02 1.000000000000000000e+00 1.365988899999999973e+01 2.525099999999999914e-02 2.171499201999999968e+03
2.400000000000000000e+04 8.030000000000000000e+03 -5.865400000000000000e+04 1.974450600000000122e+01 5.666999999999999815e-02 7.464459999999999873e+00 1.264299999999999972e-02 -1.072881999999999891e+00 6.621000000000000149e-03 1.000000000000000000e+00 1.368168000000000006e+01 2.611099999999999879e-02 2.374425808999999845e+03
2.400000000000000000e+04 8.030000000000000000e+03 -5.865400000000000000e+04 1.976258299999999934e+01 6.306900000000000006e-02 7.389479999999999826e+00 1.409999999999999969e-02 -1.058988000000000040e+00 1.097399999999999938e-02 1.000000000000000000e+00 1.365694899999999912e+01 2.259900000000000103e-02 2.442097679999999855e+03
2.400000000000000000e+04 8.030000000000000000e+03 -5.865400000000000000e+04 1.975014300000000134e+01 7.114600000000000091e-02 7.430602000000000373e+00 1.547699999999999944e-02 -1.067455000000000043e+00 1.353700000000000042e-02 1.000000000000000000e+00 1.367682699999999940e+01 2.361500000000000057e-02 2.744674985999999990e+03
2.400000000000000000e+04 8.030000000000000000e+03 -5.865400000000000000e+04 1.976048600000000022e+01 6.146399999999999780e-02 7.368802999999999770e+00 1.443299999999999965e-02 -1.052235999999999949e+00 1.165799999999999996e-02 1.000000000000000000e+00 1.367589300000000030e+01 2.635699999999999849e-02 2.812337856000000102e+03
2.400000000000000000e+04 8.030000000000000000e+03 -5.865400000000000000e+04 1.974943700000000035e+01 6.097700000000000342e-02 7.444078000000000195e+00 1.237599999999999985e-02 -1.076097999999999999e+00 1.324999999999999963e-02 1.000000000000000000e+00 1.368074599999999919e+01 2.572699999999999987e-02 3.114933164000000033e+03
2.800000000000000000e+04 -3.970000000000000000e+03 -5.865400000000000000e+04 1.922360600000000019e+01 6.925000000000000600e-02 4.782413000000000025e+00 1.442599999999999959e-02 -4.846152000000000015e+00 1.362599999999999922e-02 1.000000000000000000e+00 1.367714499999999944e+01 3.404800000000000187e-02 3.357449035000000094e+03
2.800000000000000000e+04 -3.970000000000000000e+03 -5.865400000000000000e+04 1.918398200000000031e+01 7.784800000000000053e-02 4.793414000000000286e+00 1.959999999999999937e-02 -4.866259000000000334e+00 2.331700000000000092e-02 1.000000000000000000e+00 1.362052599999999991e+01 5.380599999999999966e-02 3.378140218000000004e+03
2.800000000000000000e+04 -3.970000000000000000e+03 -5.865400000000000000e+04 1.922842500000000143e+01 5.765599999999999892e-02 4.752372000000000263e+00 1.246700000000000065e-02 -4.859690999999999761e+00 1.315599999999999929e-02 1.000000000000000000e+00 1.368802799999999920e+01 2.069000000000000006e-02 3.727699211999999989e+03
2.800000000000000000e+04 -3.970000000000000000e+03 -5.865400000000000000e+04 1.918608599999999953e+01 8.077700000000000158e-02 4.767764999999999809e+00 1.170099999999999960e-02 -4.867468999999999824e+00 2.659900000000000111e-02 1.000000000000000000e+00 1.360597699999999932e+01 3.599399999999999822e-02 3.748393395000000055e+03
2.800000000000000000e+04 -3.970000000000000000e+03 -5.865400000000000000e+04 1.924321199999999976e+01 6.865899999999999781e-02 4.762939000000000256e+00 1.091199999999999982e-02 -4.864542000000000144e+00 1.253300000000000074e-02 1.000000000000000000e+00 1.366932199999999931e+01 2.214199999999999849e-02 4.097982390999999552e+03
2.800000000000000000e+04 3.000000000000000000e+01 -5.865400000000000000e+04 2.008815999999999846e+01 8.261999999999999900e-02 4.348946999999999896e+00 1.184699999999999989e-02 2.320790000000000075e-01 1.233000000000000068e-02 1.000000000000000000e+00 1.369372000000000078e+01 2.231100000000000097e-02 4.301021004000000175e+03
2.800000000000000000e+04 3.000000000000000000e+01 -5.865400000000000000e+04 2.004761900000000097e+01 8.467099999999999627e-02 4.355222000000000371e+00 1.011699999999999926e-02 2.348320000000000130e-01 1.122599999999999987e-02 1.000000000000000000e+00 1.362695300000000032e+01 3.593999999999999972e-02 4.321713187999999718e+03
2.800000000000000000e+04 3.000000000000000000e+01 -5.865400000000000000e+04 2.010476900000000100e+01 7.881699999999999817e-02 4.285260000000000069e+00 1.224500000000000068e-02 2.450299999999999978e-01 1.052499999999999963e-02 1.000000000000000000e+00 1.369875700000000052e+01 2.382400000000000143e-02 4.671291183000000274e+03
2.800000000000000000e+04 3.000000000000000000e+01 -5.865400000000000000e+04 2.008192899999999881e+01 9.447200000000000042e-02 4.286018000000000328e+00 1.395599999999999966e-02 2.345990000000000020e-01 1.060200000000000031e-02 1.000000000000000000e+00 1.362237799999999943e+01 6.249500000000000194e-02 4.691986366000000089e+03
2.800000000000000000e+04 3.000000000000000000e+01 -5.865400000000000000e+04 2.011586399999999841e+01 6.419199999999999906e-02 4.281348000000000376e+00 1.451599999999999939e-02 2.544600000000000195e-01 1.342299999999999917e-02 1.000000000000000000e+00 1.368645300000000020e+01 2.605899999999999883e-02 5.041561359999999695e+03
2.800000000000000000e+04 4.030000000000000000e+03 -5.865400000000000000e+04 2.187240999999999858e+01 6.721100000000000685e-02 6.034367999999999732e+00 1.319400000000000087e-02 3.658082999999999974e+00 1.506399999999999927e-02 1.000000000000000000e+00 1.366776699999999956e+01 2.412800000000000014e-02 1.454490191999999979e+03
2.800000000000000000e+04 4.030000000000000000e+03 -5.865400000000000000e+04 2.182471699999999970e+01 6.721000000000000585e-02 6.072352999999999668e+00 1.067399999999999946e-02 3.651316000000000006e+00 2.707599999999999937e-02 1.000000000000000000e+00 1.360419899999999949e+01 5.573600000000000082e-02 1.475184375000000045e+03
2.800000000000000000e+04 4.030000000000000000e+03 -5.865400000000000000e+04 2.186994800000000083e+01 8.163299999999999723e-02 6.023436000000000234e+00 1.356800000000000020e-02 3.631571000000000105e+00 9.790999999999999356e-03 1.000000000000000000e+00 1.366142400000000023e+01 2.803800000000000042e-02 1.824732367999999951e+03
2.800000000000000000e+04 4.030000000000000000e+03 -5.865400000000000000e+04 2.182395199999999846e+01 8.909599999999999465e-02 6.034632000000000218e+00 1.394199999999999953e-02 3.635323000000000082e+00 2.541900000000000062e-02 1.000000000000000000e+00 1.358411700000000089e+01 4.162799999999999834e-02 1.845426551999999901e+03
2.800000000000000000e+04 4.030000000000000000e+03 -5.865400000000000000e+04 2.186580700000000022e+01 8.553099999999999592e-02 6.016193999999999598e+00 1.053600000000000023e-02 3.660804999999999865e+00 1.046899999999999914e-02 1.000000000000000000e+00 1.364161600000000085e+01 2.025400000000000117e-02 2.194986546000000089e+03
2.800000000000000000e+04 8.030000000000000000e+03 -5.865400000000000000e+04 1.982561000000000107e+01 8.397699999999999609e-02 7.538634000000000057e+00 1.652800000000000102e-02 -1.039093000000000044e+00 9.828999999999999196e-03 1.000000000000000000e+00 1.370252699999999990e+01 3.198100000000000248e-02 2.397919152999999824e+03
2.800000000000000000e+04 8.030000000000000000e+03 -5.865400000000000000e+04 1.977863299999999924e+01 7.387399999999999523e-02 7.537218000000000195e+00 1.230499999999999997e-02 -1.042866000000000071e+00 1.308899999999999994e-02 1.000000000000000000e+00 1.357263299999999973e+01 4.920800000000000174e-02 2.418609335999999985e+03
2.800000000000000000e+04 8.030000000000000000e+03 -5.865400000000000000e+04 1.981887499999999847e+01 7.424699999999999356e-02 7.518353000000000286e+00 1.242700000000000055e-02 -1.067401999999999962e+00 1.015199999999999957e-02 1.000000000000000000e+00 1.366486599999999996e+01 3.139100000000000223e-02 2.768165329999999813e+03
2.800000000000000000e+04 8.030000000000000000e+03 -5.865400000000000000e+04 1.980827400000000083e+01 6.366600000000000037e-02 7.521836000000000411e+00 1.615400000000000169e-02 -1.054186999999999985e+00 1.393400000000000021e-02 1.000000000000000000e+00 1.356325099999999928e+01 4.117300000000000126e-02 2.788852512999999817e+03
2.800000000000000000e+04 8.030000000000000000e+03 -5.865400000000000000e+04 1.983259500000000131e+01 6.582399999999999363e-02 7.536596000000000295e+00 1.330600000000000012e-02 -1.025139999999999940e+00 9.043999999999999956e-03 1.000000000000000000e+00 1.365327300000000044e+01 2.474200000000000010e-02 3.138424508000000060e+03
