5416.000000	0.000000	87191.000000	-6.804366	0.000002	3.340577	0.000009	2.733277	0.000026
11133.000000	0.000000	87191.000000	-6.825173	0.000022	3.370603	0.000100	2.754414	0.000052
16850.000000	0.000000	87191.000000	-6.863471	0.000099	3.369415	0.000257	2.775119	0.000039
22566.000000	0.000000	87191.000000	-6.915143	0.000042	3.362379	0.000013	2.770677	0.000033
28283.000000	0.000000	87191.000000	-6.956139	0.000072	3.370168	0.000037	2.770587	0.000031
34000.000000	0.000000	87191.000000	-7.020125	0.000094	3.331391	0.000039	2.765298	0.000003
5416.000000	2000.000000	87191.000000	-3.165557	0.000154	3.444569	0.000216	6.622083	0.000019
11133.000000	2000.000000	87191.000000	-3.195940	0.000022	3.487980	0.000031	6.736406	0.000007
16850.000000	2000.000000	87191.000000	-3.250754	0.000073	3.527309	0.000143	6.844708	0.000039
22566.000000	2000.000000	87191.000000	-3.337640	0.000018	3.562392	0.000112	6.942718	0.000057
28283.000000	2000.000000	87191.000000	-3.430420	0.001555	3.588821	0.000560	7.045169	0.000037
34000.000000	2000.000000	87191.000000	-3.537447	0.000276	3.608454	0.000005	7.150540	0.000037
5416.000000	4000.000000	87191.000000	2.403649	0.000013	3.583642	0.000207	6.911816	0.000032
11133.000000	4000.000000	87191.000000	2.486375	0.000040	3.625037	0.000087	7.032932	0.000019
16850.000000	4000.000000	87191.000000	2.547976	0.000022	3.681228	0.000056	7.160424	0.000008
22566.000000	4000.000000	87191.000000	2.558743	0.000051	3.743036	0.000074	7.308509	0.000122
28283.000000	4000.000000	87191.000000	2.571069	0.000040	3.792913	0.000039	7.467720	0.000120
34000.000000	4000.000000	87191.000000	2.601265	0.000185	3.859220	0.000159	7.618547	0.000010
5416.000000	6000.000000	87191.000000	6.523235	0.000067	3.677839	0.000180	3.112727	0.000013
11133.000000	6000.000000	87191.000000	6.618982	0.000002	3.691920	0.000049	3.100954	0.000031
16850.000000	6000.000000	87191.000000	6.707773	0.000033	3.721751	0.000236	3.094319	0.000017
22566.000000	6000.000000	87191.000000	6.761635	0.000020	3.772896	0.000098	3.147519	0.000051
28283.000000	6000.000000	87191.000000	6.816991	0.000088	3.831468	0.000202	3.192677	0.000128
34000.000000	6000.000000	87191.000000	6.883268	0.000167	3.877692	0.000112	3.237246	0.000061
5416.000000	8000.000000	87191.000000	6.759035	0.000048	3.658740	0.000102	-2.453931	0.000009
11133.000000	8000.000000	87191.000000	6.720141	0.000025	3.627333	0.000107	-2.507852	0.000039
16850.000000	8000.000000	87191.000000	6.668567	0.000003	3.648132	0.000165	-2.525952	0.000003
22566.000000	8000.000000	87191.000000	6.630527	0.000069	3.658399	0.000004	-2.530542	0.000098
28283.000000	8000.000000	87191.000000	6.590038	0.000021	3.675602	0.000180	-2.527577	0.000019
34000.000000	8000.000000	87191.000000	6.551831	0.000038	3.710143	0.000031	-2.512949	0.000122
5416.000000	10000.000000	87191.000000	3.038867	0.000034	3.551933	0.000086	-6.509949	0.000037
11133.000000	10000.000000	87191.000000	2.954093	0.000069	3.514505	0.000000	-6.425407	0.000058
16850.000000	10000.000000	87191.000000	2.863643	0.000033	3.500270	0.000124	-6.332736	0.000064
22566.000000	10000.000000	87191.000000	2.787869	0.000014	3.475806	0.000099	-6.242411	0.000175
28283.000000	10000.000000	87191.000000	2.741683	0.000047	3.468829	0.000046	-6.130890	0.000009
34000.000000	10000.000000	87191.000000	2.662314	0.000066	3.471624	0.000051	-6.030373	0.000018
5416.000000	12000.000000	87191.000000	-2.248800	0.000002	3.422146	0.000168	-6.875704	0.000060
11133.000000	12000.000000	87191.000000	-2.236736	0.000057	3.395307	0.000063	-6.735478	0.000021
16850.000000	12000.000000	87191.000000	-2.219278	0.000068	3.368665	0.000040	-6.600236	0.000033
22566.000000	12000.000000	87191.000000	-2.199372	0.000084	3.331883	0.000073	-6.476360	0.000133
28283.000000	12000.000000	87191.000000	-2.151845	0.000650	3.289677	0.013815	-6.353563	0.000606
34000.000000	12000.000000	87191.000000	-2.117519	0.000853	3.311266	0.000305	-6.235565	0.016743
5416.000000	14000.000000	87191.000000	-6.505138	0.000102	3.330549	0.000031	-3.359223	0.000063
11133.000000	14000.000000	87191.000000	-6.449124	0.000027	3.327649	0.000047	-3.282187	0.000014
16850.000000	14000.000000	87191.000000	-6.400448	0.000132	3.302686	0.000312	-3.220735	0.000004
22566.000000	14000.000000	87191.000000	-6.332776	0.000032	3.272891	0.000204	-3.208746	0.000034
28283.000000	14000.000000	87191.000000	-6.269650	0.000152	3.257652	0.000164	-3.182127	0.000116
34000.000000	14000.000000	87191.000000	-6.209180	0.000122	3.233729	0.000139	-3.161811	0.000033
5416.000000	0.000000	134333.000000	-6.906870	0.000075	2.904186	0.000582	2.803413	0.000092
11133.000000	0.000000	134333.000000	-6.933442	0.000046	2.931956	0.000003	2.829226	0.000058
16850.000000	0.000000	134333.000000	-6.973694	0.000233	2.920369	0.000142	2.870551	0.000032
22566.000000	0.000000	134333.000000	-7.022002	0.000009	2.935897	0.000251	2.866335	0.000030
28283.000000	0.000000	134333.000000	-7.068332	0.000175	2.950564	0.000460	2.867751	0.000088
34000.000000	0.000000	134333.000000	-7.133910	0.000141	2.922319	0.000090	2.867743	0.000049
5416.000000	2000.000000	134333.000000	-3.195883	0.000320	3.003395	0.000575	6.750897	0.000125
11133.000000	2000.000000	134333.000000	-3.231674	0.000127	3.032443	0.000153	6.880991	0.000121
16850.000000	2000.000000	134333.000000	-3.295071	0.000991	3.046811	0.000002	7.008865	0.000170
22566.000000	2000.000000	134333.000000	-3.384778	0.000048	3.085485	0.000658	7.117422	0.000088
28283.000000	2000.000000	134333.000000	-3.474200	0.000239	3.117072	0.000149	7.234504	0.000083
34000.000000	2000.000000	134333.000000	-3.585362	0.000541	3.112216	0.000238	7.359320	0.000058
5416.000000	4000.000000	134333.000000	2.465188	0.000412	3.142090	0.000860	7.036640	0.000157
11133.000000	4000.000000	134333.000000	2.536271	0.000002	3.171002	0.000168	7.178848	0.000104
16850.000000	4000.000000	134333.000000	2.590161	0.000059	3.200787	0.000229	7.334714	0.000043
22566.000000	4000.000000	134333.000000	2.614789	0.000136	3.260466	0.000053	7.495944	0.000158
28283.000000	4000.000000	134333.000000	2.635603	0.000056	3.316686	0.000013	7.669317	0.000077
34000.000000	4000.000000	134333.000000	2.651279	0.000208	3.351267	0.000820	7.860406	0.000378
5416.000000	6000.000000	134333.000000	6.648067	0.000054	3.233975	0.000292	3.185639	0.000041
11133.000000	6000.000000	134333.000000	6.748983	0.000030	3.235379	0.000120	3.186921	0.000015
16850.000000	6000.000000	134333.000000	6.827410	0.000129	3.283053	0.000316	3.204541	0.000121
22566.000000	6000.000000	134333.000000	6.897138	0.000216	3.325345	0.000662	3.255435	0.000081
28283.000000	6000.000000	134333.000000	6.964456	0.000022	3.374659	0.000064	3.315599	0.000222
34000.000000	6000.000000	134333.000000	7.040546	0.000166	3.421141	0.000245	3.368287	0.000080
5416.000000	8000.000000	134333.000000	6.902603	0.000338	3.228900	0.000614	-2.463642	0.000054
11133.000000	8000.000000	134333.000000	6.862592	0.000223	3.213075	0.000285	-2.493379	0.000143
16850.000000	8000.000000	134333.000000	6.804436	0.000506	3.237697	0.000402	-2.523934	0.000176
22566.000000	8000.000000	134333.000000	6.774138	0.000040	3.246450	0.000613	-2.510258	0.000056
28283.000000	8000.000000	134333.000000	6.728876	0.000036	1.634919	2.312125	-2.517797	0.000120
34000.000000	8000.000000	134333.000000	6.693746	0.000092	3.300393	0.000669	-2.497242	0.000069
5416.000000	10000.000000	134333.000000	3.155859	0.000080	3.133212	0.000261	-6.596450	0.000162
11133.000000	10000.000000	134333.000000	3.055160	0.000108	3.107885	0.000203	-6.506560	0.000287
16850.000000	10000.000000	134333.000000	2.965518	0.000377	3.108341	0.000191	-6.401067	0.000235
22566.000000	10000.000000	134333.000000	2.889176	0.000148	3.091986	0.000388	-6.302665	0.000012
28283.000000	10000.000000	134333.000000	2.820653	0.000210	3.099697	0.000248	-6.193140	0.000454
34000.000000	10000.000000	134333.000000	2.756672	0.000391	3.116890	0.000226	-6.079830	0.000002
5416.000000	12000.000000	134333.000000	-2.310076	0.000156	2.999707	0.000238	-6.983869	0.000137
11133.000000	12000.000000	134333.000000	-2.285003	0.000028	2.990573	0.000354	-6.832967	0.000052
16850.000000	12000.000000	134333.000000	-2.249615	0.000555	2.971647	0.000373	-6.694415	0.000014
22566.000000	12000.000000	134333.000000	-2.193794	0.000122	2.951463	0.000112	-6.569062	0.000125
28283.000000	12000.000000	134333.000000	-2.157267	0.000193	2.950318	0.000583	-6.434190	0.000017
34000.000000	12000.000000	134333.000000	-2.118342	0.000268	2.946285	0.000196	-6.304033	0.000043
5416.000000	14000.000000	134333.000000	-6.597928	0.000001	2.904931	0.000020	-3.439797	0.000050
11133.000000	14000.000000	134333.000000	-6.543421	0.000186	2.908517	0.000631	-3.348349	0.000133
16850.000000	14000.000000	134333.000000	-6.483187	0.000215	2.895387	0.000499	-3.294193	0.000112
22566.000000	14000.000000	134333.000000	-6.420306	0.000026	2.882619	0.000478	-3.256671	0.000202
28283.000000	14000.000000	134333.000000	-6.360268	0.000206	2.862174	0.000519	-3.226478	0.000137
34000.000000	14000.000000	134333.000000	-6.290441	0.000172	2.869639	0.000374	-3.201028	0.000029
5416.000000	0.000000	181476.000000	-6.975998	0.000061	2.364252	0.000210	2.808486	0.000165
11133.000000	0.000000	181476.000000	-6.988227	0.000067	2.400179	0.000055	2.884064	0.000004
16850.000000	0.000000	181476.000000	-7.023343	0.000014	2.410015	0.000177	2.931023	0.000077
22566.000000	0.000000	181476.000000	-7.075633	0.000046	2.413573	0.000190	2.943067	0.000024
28283.000000	0.000000	181476.000000	-7.130820	0.000067	2.418423	0.000236	2.951587	0.000222
34000.000000	0.000000	181476.000000	-7.178082	0.000005	2.428630	0.000060	2.973173	0.000056
5416.000000	2000.000000	181476.000000	-3.228254	0.000102	2.455821	0.000307	6.815667	0.000012
11133.000000	2000.000000	181476.000000	-3.258534	0.000004	2.466441	0.000578	6.964510	0.000056
16850.000000	2000.000000	181476.000000	-3.318153	0.000036	2.475100	0.000301	7.107679	0.000107
22566.000000	2000.000000	181476.000000	-3.412458	0.000018	2.495494	0.000119	7.235042	0.000153
28283.000000	2000.000000	181476.000000	-3.511718	0.000118	2.502186	0.000327	7.370709	0.000242
34000.000000	2000.000000	181476.000000	-3.621039	0.000181	2.488994	0.000007	7.513320	0.000106
5416.000000	4000.000000	181476.000000	2.488649	0.000139	2.596899	0.000062	7.114610	0.000012
11133.000000	4000.000000	181476.000000	2.572350	0.000009	2.597877	0.000146	7.271628	0.000063
16850.000000	4000.000000	181476.000000	2.630636	0.000007	2.618942	0.000005	7.442770	0.000046
22566.000000	4000.000000	181476.000000	2.654196	0.000025	2.649599	0.000319	7.633946	0.000062
28283.000000	4000.000000	181476.000000	2.671543	0.000167	2.677328	0.000758	7.839677	0.000026
34000.000000	4000.000000	181476.000000	2.679480	0.000030	2.698328	0.000342	8.062154	0.000117
5416.000000	6000.000000	181476.000000	6.728181	0.000039	2.699550	0.000495	3.209364	0.000180
11133.000000	6000.000000	181476.000000	6.825137	0.000014	2.706508	0.000443	3.222139	0.000037
16850.000000	6000.000000	181476.000000	6.915058	0.000004	2.723246	0.000396	3.259200	0.000015
22566.000000	6000.000000	181476.000000	6.992776	0.000234	2.753428	0.000119	3.326137	0.000188
28283.000000	6000.000000	181476.000000	7.063753	0.000200	2.808562	0.000023	3.403407	0.000193
34000.000000	6000.000000	181476.000000	7.146413	0.000189	2.845560	0.000524	3.484631	0.000014
5416.000000	8000.000000	181476.000000	6.964875	0.000251	2.724790	0.000235	-2.504390	0.000336
11133.000000	8000.000000	181476.000000	6.930559	0.000229	2.708924	0.000066	-2.508800	0.000315
16850.000000	8000.000000	181476.000000	6.878469	0.000228	2.722636	0.000298	-2.536388	0.000220
22566.000000	8000.000000	181476.000000	6.841269	0.000316	2.750562	0.000186	-2.521077	0.000221
28283.000000	8000.000000	181476.000000	6.804704	0.000180	2.781657	0.000123	-2.506898	0.000148
34000.000000	8000.000000	181476.000000	6.773000	0.000212	2.827845	0.000361	-2.475485	0.000014
5416.000000	10000.000000	181476.000000	3.183339	0.000461	2.621506	0.000313	-6.662070	0.000215
11133.000000	10000.000000	181476.000000	3.085637	0.000515	2.627168	0.000354	-6.550904	0.000020
16850.000000	10000.000000	181476.000000	2.986928	0.000254	2.635774	0.000004	-6.443830	0.000070
22566.000000	10000.000000	181476.000000	2.936664	0.000371	2.646358	0.000143	-6.320604	0.000184
28283.000000	10000.000000	181476.000000	2.862496	0.000451	2.669547	0.000010	-6.207732	0.000333
34000.000000	10000.000000	181476.000000	2.809149	0.000036	2.713480	0.000505	-6.081539	0.000322
5416.000000	12000.000000	181476.000000	-2.265870	0.000271	2.502807	0.000597	-7.060749	0.000030
11133.000000	12000.000000	181476.000000	-2.242079	0.000471	2.508186	0.000335	-6.900214	0.000068
16850.000000	12000.000000	181476.000000	-2.229873	0.000082	2.518415	0.000458	-6.741888	0.000119
22566.000000	12000.000000	181476.000000	-2.191544	0.000348	2.520831	0.000019	-6.602485	0.000150
28283.000000	12000.000000	181476.000000	-2.156759	0.000037	2.524816	0.000092	-6.466957	0.000265
34000.000000	12000.000000	181476.000000	-2.115540	0.000320	2.559630	0.000185	-6.326896	0.000099
5416.000000	14000.000000	181476.000000	-6.649097	0.000325	2.394551	0.000034	-3.466950	0.000077
11133.000000	14000.000000	181476.000000	-6.590870	0.000460	2.413767	0.000138	-3.373321	0.000346
16850.000000	14000.000000	181476.000000	-6.528636	0.000164	2.421355	0.000101	-3.310809	0.000203
22566.000000	14000.000000	181476.000000	-6.468421	0.000349	2.426317	0.000297	-3.264133	0.000318
28283.000000	14000.000000	181476.000000	-6.410362	0.000433	2.429101	0.000506	-3.228337	0.000072
34000.000000	14000.000000	181476.000000	-6.353581	0.000465	2.448664	0.000275	-3.195290	0.000129
5416.000000	0.000000	228619.000000	-6.924701	0.000002	1.734421	0.000366	2.829663	0.000022
11133.000000	0.000000	228619.000000	-6.942979	0.000071	1.750908	0.000038	2.928112	0.000043
16850.000000	0.000000	228619.000000	-6.975458	0.000050	1.776718	0.000069	2.997399	0.000040
22566.000000	0.000000	228619.000000	-7.023072	0.000015	1.787852	0.000347	3.041255	0.000044
28283.000000	0.000000	228619.000000	-7.074441	0.000052	1.785414	0.000146	3.081523	0.000062
34000.000000	0.000000	228619.000000	-7.118807	0.000071	1.818725	0.000130	3.109734	0.000047
5416.000000	2000.000000	228619.000000	-3.166950	0.000050	1.807152	0.000074	6.811670	0.000034
11133.000000	2000.000000	228619.000000	-3.213631	0.000081	1.779490	0.000132	6.972010	0.000005
16850.000000	2000.000000	228619.000000	-3.271471	0.000015	1.769489	0.000201	7.133050	0.000085
22566.000000	2000.000000	228619.000000	-3.360264	0.000170	1.751636	0.000004	7.287938	0.000072
28283.000000	2000.000000	228619.000000	-3.452088	0.000013	1.732218	0.000087	7.450466	0.000029
34000.000000	2000.000000	228619.000000	-3.559569	0.000002	1.711979	0.000174	7.612615	0.000009
5416.000000	4000.000000	228619.000000	2.532783	0.000018	1.924335	0.000081	7.078990	0.000023
11133.000000	4000.000000	228619.000000	2.590886	0.000045	1.897429	0.000034	7.259818	0.000032
16850.000000	4000.000000	228619.000000	2.642730	0.000038	1.865851	0.000239	7.460010	0.000021
22566.000000	4000.000000	228619.000000	2.667900	0.000014	1.867079	0.000085	7.678027	0.000039
28283.000000	4000.000000	228619.000000	2.682133	0.000040	1.867577	0.000094	7.917388	0.000026
34000.000000	4000.000000	228619.000000	2.693788	0.000027	1.848282	0.000241	8.177310	0.000034
5416.000000	6000.000000	228619.000000	6.723748	0.000040	2.039738	0.000198	3.185241	0.000065
11133.000000	6000.000000	228619.000000	6.812191	0.000001	2.029025	0.000399	3.229238	0.000007
16850.000000	6000.000000	228619.000000	6.904993	0.000064	2.020836	0.000432	3.286796	0.000038
22566.000000	6000.000000	228619.000000	6.974417	0.000013	2.060342	0.000154	3.390799	0.000105
28283.000000	6000.000000	228619.000000	7.061311	0.000025	2.091084	0.000281	3.487873	0.000009
34000.000000	6000.000000	228619.000000	7.154872	0.000024	2.117458	0.000188	3.592925	0.000068
5416.000000	8000.000000	228619.000000	6.945425	0.000026	2.084647	0.000033	-2.507149	0.000018
11133.000000	8000.000000	228619.000000	6.903735	0.000021	2.094371	0.000092	-2.495371	0.000075
16850.000000	8000.000000	228619.000000	6.857878	0.000021	2.119682	0.000216	-2.495404	0.000042
22566.000000	8000.000000	228619.000000	6.825376	0.000056	2.166166	0.000094	-2.462593	0.000057
28283.000000	8000.000000	228619.000000	6.782556	0.000092	1.114550	1.576211	-2.450970	0.000035
34000.000000	8000.000000	228619.000000	6.764269	0.000076	2.276296	0.000149	-2.407890	0.000058
5416.000000	10000.000000	228619.000000	3.133536	0.000035	2.013194	0.000508	-6.651328	0.000055
11133.000000	10000.000000	228619.000000	3.069011	0.000031	2.047755	0.000003	-6.512784	0.000065
16850.000000	10000.000000	228619.000000	2.988313	0.000059	2.086871	0.000027	-6.388117	0.000023
22566.000000	10000.000000	228619.000000	2.935028	0.000135	2.138419	0.000077	-6.255094	0.000029
28283.000000	10000.000000	228619.000000	2.854054	0.000009	2.206185	0.000086	-6.134814	0.000040
34000.000000	10000.000000	228619.000000	2.816766	0.000050	2.266928	0.000042	-6.004234	0.000028
5416.000000	12000.000000	228619.000000	-2.259293	0.000004	1.891121	0.000064	-7.025772	0.000022
11133.000000	12000.000000	228619.000000	-2.247208	0.000040	1.941256	0.000094	-6.850217	0.000037
16850.000000	12000.000000	228619.000000	-2.231559	0.000114	1.976535	0.000110	-6.690681	0.000061
22566.000000	12000.000000	228619.000000	-2.194623	0.000030	2.010916	0.000128	-6.547083	0.000026
28283.000000	12000.000000	228619.000000	-2.154244	0.000013	2.054018	0.000115	-6.409818	0.000007
34000.000000	12000.000000	228619.000000	-2.091431	0.000002	2.103289	0.000105	-6.283509	0.000036
5416.000000	14000.000000	228619.000000	-6.616836	0.000073	1.780445	0.000147	-3.434908	0.000064
11133.000000	14000.000000	228619.000000	-6.558164	0.000002	1.818113	0.000005	-3.345657	0.000093
16850.000000	14000.000000	228619.000000	-6.514821	0.000050	1.849679	0.000025	-3.252399	0.000067
22566.000000	14000.000000	228619.000000	-6.463035	0.000001	1.877658	0.000013	-3.201255	0.000040
28283.000000	14000.000000	228619.000000	-6.418276	0.000031	1.909905	0.000095	-3.157434	0.000043
34000.000000	14000.000000	228619.000000	-6.384148	0.000035	1.954159	0.000136	-3.112918	0.000063
5416.000000	0.000000	275762.000000	-6.697370	0.000009	0.948934	0.000236	2.846660	0.000032
11133.000000	0.000000	275762.000000	-6.731611	0.000020	0.956578	0.000001	2.960896	0.000029
16850.000000	0.000000	275762.000000	-6.764143	0.000082	0.975299	0.000046	3.093961	0.000014
22566.000000	0.000000	275762.000000	-6.818010	0.000082	0.984459	0.000017	3.187712	0.000052
28283.000000	0.000000	275762.000000	-6.870326	0.000001	1.044449	0.000990	3.267648	0.000032
34000.000000	0.000000	275762.000000	-6.921284	0.000090	1.103178	0.000103	3.332950	0.000166
5416.000000	2000.000000	275762.000000	-3.031334	0.000120	0.977654	0.000121	6.663384	0.000102
11133.000000	2000.000000	275762.000000	-3.065341	0.000139	0.906029	0.000207	6.849541	0.000078
16850.000000	2000.000000	275762.000000	-3.099247	0.000087	0.845105	0.000253	7.047672	0.000095
22566.000000	2000.000000	275762.000000	-3.166880	0.000093	0.795262	0.000071	7.238980	0.000017
28283.000000	2000.000000	275762.000000	-3.241357	0.000103	0.751792	0.000222	7.436157	0.000043
34000.000000	2000.000000	275762.000000	-3.327968	0.000008	0.709671	0.000089	7.632377	0.000035
5416.000000	4000.000000	275762.000000	2.507119	0.000065	1.086509	0.000231	6.888031	0.000070
11133.000000	4000.000000	275762.000000	2.573840	0.000037	0.989328	0.000104	7.080400	0.000027
16850.000000	4000.000000	275762.000000	2.631434	0.000081	0.898727	0.000179	7.298396	0.000021
22566.000000	4000.000000	275762.000000	2.647480	0.000047	0.832432	0.000396	7.553094	0.000033
28283.000000	4000.000000	275762.000000	2.662275	0.000048	0.758356	0.000183	7.834006	0.000031
34000.000000	4000.000000	275762.000000	2.655624	0.000149	0.683276	0.000174	8.145412	0.000014
5416.000000	6000.000000	275762.000000	6.571406	0.000060	1.230124	0.000085	3.081263	0.000054
11133.000000	6000.000000	275762.000000	6.643942	0.000075	1.177028	0.000024	3.160944	0.000025
16850.000000	6000.000000	275762.000000	6.724967	0.000022	1.147960	0.000212	3.254822	0.000059
22566.000000	6000.000000	275762.000000	6.799586	0.000016	1.168410	0.000074	3.384545	0.000005
28283.000000	6000.000000	275762.000000	6.888352	0.000034	1.177582	0.000048	3.526104	0.000043
34000.000000	6000.000000	275762.000000	6.979806	0.000014	1.195610	0.000072	3.689598	0.000140
5416.000000	8000.000000	275762.000000	6.764693	0.000006	1.305778	0.000104	-2.459308	0.000049
11133.000000	8000.000000	275762.000000	6.718951	0.000056	1.336371	0.000134	-2.423707	0.000139
16850.000000	8000.000000	275762.000000	6.677499	0.000030	1.386400	0.000019	-2.393616	0.000054
22566.000000	8000.000000	275762.000000	6.643606	0.000067	1.485524	0.000051	-2.347800	0.000033
28283.000000	8000.000000	275762.000000	6.617343	0.000016	1.562801	0.000089	-2.318602	0.000038
34000.000000	8000.000000	275762.000000	6.598106	0.000025	1.649120	0.000003	-2.284424	0.000023
5416.000000	10000.000000	275762.000000	3.045369	0.000008	1.275631	0.000055	-6.475275	0.000016
11133.000000	10000.000000	275762.000000	2.993033	0.000007	1.365827	0.000367	-6.319286	0.000027
16850.000000	10000.000000	275762.000000	2.930335	0.000072	0.733170	1.036859	-6.177603	0.000012
22566.000000	10000.000000	275762.000000	2.871356	0.000011	1.581056	0.000124	-6.042472	0.000017
28283.000000	10000.000000	275762.000000	2.820634	0.000095	1.688496	0.000199	-5.915443	0.000015
34000.000000	10000.000000	275762.000000	2.776063	0.000058	1.813274	0.000205	-5.789028	0.000018
5416.000000	12000.000000	275762.000000	-2.198253	0.000031	1.169807	0.000114	-6.832307	0.000001
11133.000000	12000.000000	275762.000000	-2.186219	0.000027	1.264227	0.000003	-6.659864	0.000047
16850.000000	12000.000000	275762.000000	-2.170719	0.000022	1.360642	0.000085	-6.501771	0.000049
22566.000000	12000.000000	275762.000000	-2.127715	0.000033	1.439685	0.000036	-6.367886	0.000008
28283.000000	12000.000000	275762.000000	-2.073860	0.000076	1.523490	0.000041	-6.244222	0.000008
34000.000000	12000.000000	275762.000000	-2.013990	0.000056	1.618532	0.000052	-6.124302	0.000004
5416.000000	14000.000000	275762.000000	-6.453057	0.000170	1.026569	0.000136	-3.292526	0.000040
11133.000000	14000.000000	275762.000000	-6.426364	0.000039	1.105161	0.000127	-3.171416	0.000019
16850.000000	14000.000000	275762.000000	-6.409881	0.000022	1.167084	0.000146	-3.065861	0.000011
22566.000000	14000.000000	275762.000000	-6.383980	0.000101	1.215134	0.000246	-3.012927	0.000103
28283.000000	14000.000000	275762.000000	-6.374152	0.000025	1.270676	0.000055	-2.957857	0.000001
34000.000000	14000.000000	275762.000000	-6.370145	0.000098	1.331020	0.000410	-2.921637	0.000064
5416.000000	0.000000	322905.000000	-6.198046	0.000028	-0.069351	0.000063	2.748885	0.000148
11133.000000	0.000000	322905.000000	-6.234971	0.000047	-0.069738	0.000103	2.966657	0.000020
16850.000000	0.000000	322905.000000	-6.284127	0.000040	-0.058844	0.000148	3.203909	0.000000
22566.000000	0.000000	322905.000000	-6.354166	0.000008	-0.000406	0.000269	3.428348	0.000085
28283.000000	0.000000	322905.000000	-6.441273	0.000112	0.119769	0.000082	3.630271	0.000223
34000.000000	0.000000	322905.000000	-6.537733	0.000134	0.287643	0.000100	3.792120	0.000028
5416.000000	2000.000000	322905.000000	-2.744557	0.000047	-0.094493	0.000240	6.258267	0.000060
11133.000000	2000.000000	322905.000000	-2.737921	0.000068	-0.266153	0.000017	6.490121	0.000004
16850.000000	2000.000000	322905.000000	-2.705620	0.000052	-0.427691	0.000005	6.761303	0.000038
22566.000000	2000.000000	322905.000000	-2.701136	0.000038	-0.545016	0.000090	7.044972	0.000030
28283.000000	2000.000000	322905.000000	-2.703176	0.000040	-0.610930	0.000500	7.342484	0.000068
34000.000000	2000.000000	322905.000000	-2.714609	0.000033	-0.632446	0.000071	7.632001	0.000032
5416.000000	4000.000000	322905.000000	2.402187	0.000102	-0.005233	0.000085	6.402551	0.000020
11133.000000	4000.000000	322905.000000	2.462434	0.000106	-0.223593	0.000048	6.599128	0.000021
16850.000000	4000.000000	322905.000000	2.509062	0.000027	-0.427651	0.000088	6.842854	0.000074
22566.000000	4000.000000	322905.000000	2.520545	0.000042	-0.627697	0.000260	7.138253	0.000010
28283.000000	4000.000000	322905.000000	2.534282	0.000036	-0.793064	0.000075	7.474619	0.000031
34000.000000	4000.000000	322905.000000	2.527993	0.000027	-0.960219	0.000212	7.851421	0.000070
5416.000000	6000.000000	322905.000000	6.153397	0.000040	0.191043	0.000149	2.852235	0.000032
11133.000000	6000.000000	322905.000000	6.182693	0.000102	0.102917	0.000205	2.978840	0.000502
16850.000000	6000.000000	322905.000000	6.238746	0.000039	0.060333	0.000211	3.120895	0.000017
22566.000000	6000.000000	322905.000000	6.307583	0.000005	0.044042	0.000012	3.304137	0.000012
28283.000000	6000.000000	322905.000000	6.400115	0.000002	0.037746	0.000004	3.498313	0.000004
34000.000000	6000.000000	322905.000000	6.515915	0.000056	0.032187	0.000358	3.691556	0.000035
5416.000000	8000.000000	322905.000000	6.300454	0.000042	0.363334	0.000047	-2.305904	0.000048
11133.000000	8000.000000	322905.000000	6.259537	0.000114	0.457006	0.000068	-2.201061	0.000049
16850.000000	8000.000000	322905.000000	6.226849	0.000013	0.580836	0.000023	-2.131707	0.000005
22566.000000	8000.000000	322905.000000	6.213655	0.000007	0.730050	0.000095	-2.062936	0.000085
28283.000000	8000.000000	322905.000000	6.202552	0.000033	0.859636	0.000102	-2.041273	0.000005
34000.000000	8000.000000	322905.000000	6.204169	0.000069	0.990898	0.000034	-2.020193	0.000059
5416.000000	10000.000000	322905.000000	2.832166	0.000105	0.394293	0.000069	-6.028535	0.000022
11133.000000	10000.000000	322905.000000	2.795304	0.000061	0.594231	0.000047	-5.863340	0.000002
16850.000000	10000.000000	322905.000000	2.772240	0.000055	0.804052	0.000048	-5.712163	0.000024
22566.000000	10000.000000	322905.000000	2.745410	0.000006	1.018429	0.000072	-5.579878	0.000002
28283.000000	10000.000000	322905.000000	2.716546	0.000013	1.215070	0.000067	-5.465379	0.000002
34000.000000	10000.000000	322905.000000	2.676858	0.000038	1.417015	0.000177	-5.364530	0.000070
5416.000000	12000.000000	322905.000000	-2.092539	0.000006	0.283038	0.000294	-6.351533	0.000012
11133.000000	12000.000000	322905.000000	-2.051318	0.000037	0.488122	0.000072	-6.212447	0.000014
16850.000000	12000.000000	322905.000000	-2.020395	0.000000	0.666045	0.000213	-6.092777	0.000025
22566.000000	12000.000000	322905.000000	-1.956606	0.000047	0.819575	0.000051	-5.998414	0.000024
28283.000000	12000.000000	322905.000000	-1.886720	0.000026	0.964539	0.000166	-5.911035	0.000022
34000.000000	12000.000000	322905.000000	-1.801026	0.000004	1.098766	0.000033	-5.828454	0.000049
5416.000000	14000.000000	322905.000000	-6.023981	0.000051	0.107164	0.000029	-3.011863	0.000082
11133.000000	14000.000000	322905.000000	-6.048293	0.000037	0.232711	0.000016	-2.888447	0.000007
16850.000000	14000.000000	322905.000000	-6.090983	0.000066	0.341229	0.000044	-2.793679	0.000030
22566.000000	14000.000000	322905.000000	-6.138936	0.000012	0.422966	0.000134	-2.745618	0.000059
28283.000000	14000.000000	322905.000000	-6.199771	0.000030	0.504927	0.000035	-2.711215	0.000006
34000.000000	14000.000000	322905.000000	-6.258274	0.000045	0.577223	0.000144	-2.713955	0.000010
5416.000000	0.000000	370048.000000	-5.116774	0.000001	-1.379926	0.000189	2.352546	0.000176
11133.000000	0.000000	370048.000000	-5.109062	0.000006	-1.471741	0.000440	2.794252	0.000135
16850.000000	0.000000	370048.000000	-5.142435	0.000014	-1.477945	0.000076	3.282067	0.000134
22566.000000	0.000000	370048.000000	-5.245227	0.000089	-1.403500	0.000526	3.754203	0.000002
28283.000000	0.000000	370048.000000	-5.393656	0.000055	-1.229621	0.000837	4.243690	0.000027
34000.000000	0.000000	370048.000000	-5.609176	0.000129	-0.948755	0.000563	4.661688	0.000104
5416.000000	2000.000000	370048.000000	-2.238197	0.000189	-1.575140	0.000331	5.211554	0.000014
11133.000000	2000.000000	370048.000000	-2.085894	0.000233	-2.063007	0.000563	5.492813	0.000175
16850.000000	2000.000000	370048.000000	-1.906937	0.000068	-2.541682	0.000983	5.867359	0.000147
22566.000000	2000.000000	370048.000000	-1.750967	0.000035	-2.946039	0.000003	6.344695	0.000139
28283.000000	2000.000000	370048.000000	-1.575410	0.000037	-3.270655	0.000544	6.934687	0.000329
34000.000000	2000.000000	370048.000000	-1.350554	0.000164	-3.478511	0.000425	7.632614	0.000310
5416.000000	4000.000000	370048.000000	2.020030	0.000273	-1.509176	0.000832	5.290674	0.000040
11133.000000	4000.000000	370048.000000	2.015656	0.000092	-2.008609	0.000602	5.481100	0.000053
16850.000000	4000.000000	370048.000000	1.999327	0.000126	-2.478245	0.000189	5.782155	0.000025
22566.000000	4000.000000	370048.000000	1.958850	0.000206	-2.879912	0.000556	6.195514	0.000242
28283.000000	4000.000000	370048.000000	1.924002	0.000096	-3.192706	0.001345	6.695632	0.000597
34000.000000	4000.000000	370048.000000	1.913116	0.000019	-3.435578	0.001975	7.236084	0.000208
5416.000000	6000.000000	370048.000000	5.112617	0.000006	-1.163056	0.000007	2.409167	0.000037
11133.000000	6000.000000	370048.000000	5.045942	0.000008	-1.271795	0.000138	2.668955	0.000051
16850.000000	6000.000000	370048.000000	5.063637	0.000088	-1.298075	0.000278	2.932105	0.000002
22566.000000	6000.000000	370048.000000	5.143771	0.000040	-1.287694	0.000156	3.197939	0.000029
28283.000000	6000.000000	370048.000000	5.284237	0.000180	-1.274644	0.000664	3.434881	0.000130
34000.000000	6000.000000	370048.000000	5.468191	0.000119	-1.279906	0.000540	3.649115	0.000084
5416.000000	8000.000000	370048.000000	5.250318	0.000225	-0.812811	0.000318	-1.825818	0.000034
11133.000000	8000.000000	370048.000000	5.262040	0.000040	-0.523669	0.000497	-1.612466	0.000042
16850.000000	8000.000000	370048.000000	5.290514	0.000121	-0.215847	0.000231	-1.504474	0.000069
22566.000000	8000.000000	370048.000000	5.332838	0.000004	0.071748	0.000535	-1.461081	0.000156
28283.000000	8000.000000	370048.000000	5.370243	0.000312	0.298928	0.000028	-1.508468	0.000148
34000.000000	8000.000000	370048.000000	5.409580	0.000125	0.490838	0.000127	-1.592142	0.000310
5416.000000	10000.000000	370048.000000	2.403059	0.000261	-0.657065	0.000238	-4.975507	0.000157
11133.000000	10000.000000	370048.000000	2.503771	0.000072	-0.196851	0.000289	-4.815169	0.000058
16850.000000	10000.000000	370048.000000	2.547809	0.000240	0.244159	0.000299	-4.716373	0.000017
22566.000000	10000.000000	370048.000000	2.596963	0.000213	0.635929	0.000605	-4.639172	0.000120
28283.000000	10000.000000	370048.000000	2.595453	0.000004	0.982432	0.000432	-4.606176	0.000078
34000.000000	10000.000000	370048.000000	2.574366	0.000133	1.303491	0.000111	-4.587797	0.000010
5416.000000	12000.000000	370048.000000	-1.678317	0.000272	-0.742822	0.000356	-5.307406	0.000167
11133.000000	12000.000000	370048.000000	-1.684444	0.000059	-0.322719	0.000159	-5.279665	0.000095
16850.000000	12000.000000	370048.000000	-1.644457	0.000001	0.015461	0.000928	-5.304613	0.000049
22566.000000	12000.000000	370048.000000	-1.525697	0.000079	0.275176	0.000827	-5.355228	0.000144
28283.000000	12000.000000	370048.000000	-1.385115	0.000140	0.479863	0.000308	-5.385522	0.000050
34000.000000	12000.000000	370048.000000	-1.217333	0.000142	0.658476	0.000892	-5.381390	0.000021
5416.000000	14000.000000	370048.000000	-4.986164	0.000052	-1.012029	0.000568	-2.461681	0.000081
11133.000000	14000.000000	370048.000000	-5.166009	0.000145	-0.761788	0.000113	-2.318941	0.000280
16850.000000	14000.000000	370048.000000	-5.387093	0.000081	-0.554282	0.000242	-2.279815	0.000192
22566.000000	14000.000000	370048.000000	-5.621327	0.000069	-0.425629	0.000081	-2.353234	0.000049
28283.000000	14000.000000	370048.000000	-5.866200	0.000295	-0.392244	0.000443	-2.480535	0.000056
34000.000000	14000.000000	370048.000000	-6.112018	0.000071	-0.450501	0.000535	-2.611653	0.000058
5416.000000	0.000000	417191.000000	-2.267503	0.000261	-3.242125	0.000129	1.787905	0.000201
11133.000000	0.000000	417191.000000	-1.834713	0.000139	-2.805419	0.000117	2.916950	0.000276
16850.000000	0.000000	417191.000000	-1.732216	0.000059	-2.393457	0.000131	3.692948	0.000028
22566.000000	0.000000	417191.000000	-1.844940	0.000090	-2.182768	0.000380	4.265433	0.000157
28283.000000	0.000000	417191.000000	-2.039242	0.000332	-2.167695	0.000408	4.854622	0.000181
34000.000000	0.000000	417191.000000	-2.309536	0.000180	-2.174725	0.000183	5.609669	0.000136
5416.000000	2000.000000	417191.000000	-0.776495	0.000783	-4.251114	0.000497	2.585750	0.000331
11133.000000	2000.000000	417191.000000	-0.046633	0.000456	-5.467158	0.000373	2.715049	0.000084
16850.000000	2000.000000	417191.000000	0.683389	0.000006	-6.893491	0.000383	2.920929	0.000025
22566.000000	2000.000000	417191.000000	1.309212	0.000196	-8.509392	0.000020	3.482704	0.000041
28283.000000	2000.000000	417191.000000	1.723007	0.000090	-9.715528	0.000388	4.899507	0.000256
34000.000000	2000.000000	417191.000000	1.956718	0.000017	-9.592179	0.000171	6.950299	0.000659
5416.000000	4000.000000	417191.000000	1.110663	0.000443	-4.453827	0.000373	2.496292	0.000418
11133.000000	4000.000000	417191.000000	0.367014	0.000801	-5.567458	0.000351	2.887388	0.000190
16850.000000	4000.000000	417191.000000	-0.476140	0.000157	-6.378357	0.000042	3.544906	0.000337
22566.000000	4000.000000	417191.000000	-1.116923	0.000157	-7.047203	0.000235	4.387409	0.000139
28283.000000	4000.000000	417191.000000	-1.373794	0.000092	-7.559032	0.000752	5.504749	0.000319
34000.000000	4000.000000	417191.000000	-1.099610	0.000047	-7.487031	0.000238	6.938861	0.000238
5416.000000	6000.000000	417191.000000	2.487196	0.000185	-3.590363	0.000242	1.584284	0.000433
11133.000000	6000.000000	417191.000000	2.090183	0.000031	-3.091945	0.000563	2.853364	0.000070
16850.000000	6000.000000	417191.000000	2.154731	0.000054	-2.447102	0.000457	3.471011	0.000076
22566.000000	6000.000000	417191.000000	2.495422	0.000028	-2.050755	0.000171	3.623589	0.000130
28283.000000	6000.000000	417191.000000	2.945855	0.000163	-1.893392	0.000007	3.599943	0.000023
34000.000000	6000.000000	417191.000000	3.430825	0.000046	-1.940545	0.000020	3.523718	0.000001
5416.000000	8000.000000	417191.000000	2.615830	0.000104	-2.722377	0.000121	-0.488027	0.000208
11133.000000	8000.000000	417191.000000	3.206132	0.000022	-1.585539	0.000763	0.284068	0.000010
16850.000000	8000.000000	417191.000000	3.593379	0.000124	-0.547804	0.000079	0.321391	0.000055
22566.000000	8000.000000	417191.000000	3.775916	0.000024	0.181904	0.000236	-0.008505	0.000148
28283.000000	8000.000000	417191.000000	3.871150	0.000017	0.657233	0.000000	-0.487469	0.000134
34000.000000	8000.000000	417191.000000	3.952175	0.000081	0.920340	0.000108	-0.980739	0.000000
5416.000000	10000.000000	417191.000000	1.205688	0.000072	-2.279915	0.000003	-2.449847	0.000043
11133.000000	10000.000000	417191.000000	1.761348	0.000004	-1.099790	0.000689	-2.423737	0.000047
16850.000000	10000.000000	417191.000000	2.167475	0.000100	0.043741	0.000021	-2.476164	0.000045
22566.000000	10000.000000	417191.000000	2.411087	0.000110	1.029926	0.000036	-2.691874	0.000048
28283.000000	10000.000000	417191.000000	2.494647	0.000022	1.678326	0.000098	-3.098845	0.000105
34000.000000	10000.000000	417191.000000	2.436007	0.000022	2.038268	0.000588	-3.473500	0.000189
5416.000000	12000.000000	417191.000000	-0.931387	0.000125	-2.153485	0.000036	-2.620027	0.000076
11133.000000	12000.000000	417191.000000	-1.253433	0.000135	-0.929070	0.000116	-3.014900	0.000091
16850.000000	12000.000000	417191.000000	-1.183004	0.000088	-0.060584	0.000223	-3.664968	0.000071
22566.000000	12000.000000	417191.000000	-0.813859	0.000074	0.347470	0.000181	-4.374151	0.000105
28283.000000	12000.000000	417191.000000	-0.265911	0.000043	0.440284	0.000236	-4.853823	0.000075
34000.000000	12000.000000	417191.000000	0.310605	0.000016	0.566743	0.000008	-4.893647	0.000001
5416.000000	14000.000000	417191.000000	-2.503674	0.000043	-2.367896	0.000282	-0.676827	0.000561
11133.000000	14000.000000	417191.000000	-3.326059	0.000234	-1.166305	0.000113	-0.440206	0.000155
16850.000000	14000.000000	417191.000000	-4.141272	0.000076	-0.409087	0.000261	-0.951200	0.000060
22566.000000	14000.000000	417191.000000	-4.939849	0.000048	-0.150310	0.000326	-1.797213	0.000089
28283.000000	14000.000000	417191.000000	-5.738897	0.000014	-0.349968	0.000437	-2.754255	0.000215
34000.000000	14000.000000	417191.000000	-6.485499	0.000008	-1.014589	0.000209	-3.756273	0.000125
