0.000000000000000000e+00 -4.000000000000000000e+03 -5.865400000000000000e+04 3.934726965522084452e+00 2.643859106799644962e-02 3.897296416666666374e+00 1.486611954118990941e-01 -1.550427767373594723e-01 5.067128290029210454e-03 -1.586094166666666416e-01 1.134315399157747629e-02 -4.574748019411054578e-01 5.094162041097792873e-03 -4.609415000000000595e-01 1.293748165011141850e-02 3.740077104688085630e+00 5.294613028413192035e-03 3.746176833333332734e+00 1.418045810449928557e-01 3.963517496498468518e+00 2.623733027368492163e-02 3.928495797563941849e+00 1.476550968582085732e-01
0.000000000000000000e+00 0.000000000000000000e+00 -5.865400000000000000e+04 3.898752718143957186e+00 2.921799188092134500e-02 3.885227499999999612e+00 1.493199533280343272e-01 -5.199613560439868276e-02 6.053825727547204431e-03 -5.082700000000010127e-02 8.052330106022988904e-03 -7.566328410586481423e-01 4.820666815517623410e-03 -7.566788333333333005e-01 9.939769206388183662e-03 3.651918904783136188e+00 5.869785685499230923e-03 3.736922083333332978e+00 1.423956907206996025e-01 3.968235094788300277e+00 2.866588531879627616e-02 3.960241441143492747e+00 1.457543567982981514e-01
0.000000000000000000e+00 4.000000000000000000e+03 -5.865400000000000000e+04 3.862507477480874751e+00 2.673613982501366754e-02 3.859623833333333476e+00 1.543071249365345898e-01 3.716813949433844279e-03 5.668142115620869795e-03 2.536583333333508605e-03 8.764656886625818780e-03 -2.143693355363810449e-01 4.987140437554563044e-03 -2.115907500000000219e-01 7.549344199016713199e-03 3.679063456343987237e+00 6.118474709788250358e-03 3.710373666666667347e+00 1.453296384223106696e-01 3.868272139831461232e+00 2.669356587099669734e-02 3.865705588490873534e+00 1.540905944989973131e-01
0.000000000000000000e+00 8.000000000000000000e+03 -5.865400000000000000e+04 3.792927882568377651e+00 2.804636835677690523e-02 3.858191833333334042e+00 1.594770563540283681e-01 1.943930275645660288e-01 5.823102047508310793e-03 1.953373333333332518e-01 8.221341543676315838e-03 -8.230249757617127959e-02 4.994170303916029528e-03 -8.723474999999998591e-02 1.258308908460020747e-02 3.597731887195623646e+00 6.517344939341422790e-03 3.714806416666667221e+00 1.522172770128905339e-01 3.798949116206952858e+00 2.800374117373321398e-02 3.864334503551415612e+00 1.597091276109558200e-01
4.000000000000000000e+03 -4.000000000000000000e+03 -5.865400000000000000e+04 3.915969861168838051e+00 2.686379766457526810e-02 3.888694916666667112e+00 1.491453534609502585e-01 -1.667784711236065254e-01 5.424032991750296108e-03 -1.668841666666667223e-01 8.782573907281907705e-03 -1.103584175418698354e+00 5.499861849240263167e-03 -1.104101333333333157e+00 6.441685380034763153e-03 3.677385613224282590e+00 6.148456796500265109e-03 3.902637833333333361e+00 2.051778576684301081e-01 4.064983089547190787e+00 2.583728782245738043e-02 4.048439375042719668e+00 1.430096881584548840e-01
4.000000000000000000e+03 0.000000000000000000e+00 -5.865400000000000000e+04 3.869349667586139407e+00 3.133108136447557146e-02 3.888017749999999495e+00 1.547039533292992874e-01 -7.242622660114943212e-02 6.050834183408122617e-03 -6.915058333333316820e-02 5.393986792910746529e-03 -6.059425711289360139e-01 5.085625818085959954e-03 -6.063783333333333525e-01 6.985975627981208004e-03 3.589555106774939830e+00 6.741084102142406130e-03 3.732452083333333892e+00 1.487240710528636434e-01 3.914870526361863945e+00 3.093672591580528403e-02 3.936750346951867652e+00 1.523389014284466103e-01
4.000000000000000000e+03 4.000000000000000000e+03 -5.865400000000000000e+04 3.888482902489019732e+00 2.838444621129384074e-02 3.866478750000000630e+00 1.529719863738239483e-01 3.648279972551459870e-03 5.292205940174233951e-03 3.281666666666701367e-03 4.818683213715302220e-03 4.076425243558236544e-01 4.845899657683726790e-03 4.055859166666667126e-01 5.744084806522289921e-03 3.688022464438133419e+00 6.623096706883259584e-03 3.710858083333333557e+00 1.460169830863115858e-01 3.908664151396386899e+00 2.822886650154285762e-02 3.888058727590736563e+00 1.523127856234649802e-01
4.000000000000000000e+03 8.000000000000000000e+03 -5.865400000000000000e+04 3.888217139077386530e+00 2.760206443143523730e-02 3.854056333333332862e+00 1.545604508362409257e-01 1.753305741181604427e-01 5.883129251890824134e-03 1.791656666666667785e-01 1.008909272532478203e-02 -1.857571223112269854e-01 5.054573328020124656e-03 -1.876825833333333193e-01 8.387649828367184368e-03 3.679260559045439916e+00 5.791915204404817635e-03 3.706190999999999125e+00 1.490081837437838286e-01 3.897254655681744229e+00 2.753943878678148313e-02 3.862957408847528473e+00 1.547159261366608252e-01
8.000000000000000000e+03 -4.000000000000000000e+03 -5.865400000000000000e+04 3.868721419168426046e+00 2.727864303325780448e-02 3.879784916666666916e+00 1.524202347497654875e-01 -1.787997201227138067e-01 5.252955654442895833e-03 -1.786720833333334257e-01 8.687389292478234562e-03 -1.712120227055226263e+00 5.227034437663241780e-03 -1.710369666666666566e+00 5.742882321059301041e-03 3.704599341020450520e+00 6.665806994138735557e-03 3.736063583333333327e+00 1.443935446496545649e-01 4.219292247491990722e+00 2.492276398235831678e-02 4.248789131956232090e+00 1.396600401900020272e-01
8.000000000000000000e+03 0.000000000000000000e+00 -5.865400000000000000e+04 3.844915228572958643e+00 3.127779661033373154e-02 3.871400416666666899e+00 1.505835429895301947e-01 -7.846306858459398126e-02 5.754985585252806943e-03 -7.643091666666664008e-02 5.075806518177682601e-03 -5.840743210856579326e-01 4.979109114837337348e-03 -5.837214166666666593e-01 6.954916350779379725e-03 3.733609124401635171e+00 6.914248803684656594e-03 3.722627833333332692e+00 1.462000074432507069e-01 3.887831396903433490e+00 3.091090341526784788e-02 3.916676672300325013e+00 1.489973541989099148e-01
8.000000000000000000e+03 4.000000000000000000e+03 -5.865400000000000000e+04 3.914076139902480378e+00 2.904412546297569994e-02 3.863689583333332678e+00 1.531259742754143005e-01 6.429074516608359290e-03 5.448865158005229345e-03 5.969166666666654748e-03 4.179779022782554275e-03 9.538788556625812376e-01 4.860752076356316537e-03 9.537482499999999641e-01 3.932418270789544458e-03 3.618329727467582746e+00 6.079878308370686123e-03 3.703692583333332511e+00 1.461784149631650542e-01 4.022506444664606384e+00 2.819989818437785428e-02 3.981750681880309894e+00 1.482367707223791187e-01
8.000000000000000000e+03 8.000000000000000000e+03 -5.865400000000000000e+04 3.886380477090634944e+00 2.792194920627676102e-02 3.860301249999999573e+00 1.532571334854717360e-01 1.826434764583320103e-01 5.621594102328611453e-03 1.820569166666667071e-01 7.790145746349605438e-03 -2.172708769817317254e-01 5.039636602738922257e-03 -2.173967499999999997e-01 4.505717211810238848e-03 3.628629510267675773e+00 6.670799326938864696e-03 3.702347749999999493e+00 1.488055913471282576e-01 3.896642115574485477e+00 2.784880721628521516e-02 3.870773766077524325e+00 1.533559037788482793e-01
1.200000000000000000e+04 -4.000000000000000000e+03 -5.865400000000000000e+04 3.870342889791519969e+00 2.725667964640834939e-02 3.862005749999999793e+00 1.540421876008335467e-01 -1.913795022085973130e-01 5.159368468653820726e-03 -1.910709166666667291e-01 7.419533169030129161e-03 -2.290945483781298364e+00 5.473398340601591180e-03 -2.290683666666666340e+00 6.627986558769730779e-03 3.664185650885017242e+00 6.617485816808882891e-03 3.704108166666666424e+00 1.467267461798554828e-01 4.478567829950774737e+00 2.347459453634838031e-02 4.502393508009762790e+00 1.312141191211783353e-01
1.200000000000000000e+04 0.000000000000000000e+00 -5.865400000000000000e+04 3.860806300718825579e+00 2.979886830896575842e-02 3.860720166666666842e+00 1.530226834099023270e-01 -9.474612769418089275e-02 5.765418225905215993e-03 -9.267375000000004082e-02 5.749197981121924317e-03 -5.946288399855989004e-01 4.885999973707085692e-03 -5.939142499999999769e-01 6.175410840369122481e-03 3.682507936030246398e+00 6.114723326157496704e-03 3.713041166666667170e+00 1.476711476145065038e-01 3.905352885789118211e+00 2.943164260065179658e-02 3.908318605082288233e+00 1.507215625296909889e-01
1.200000000000000000e+04 4.000000000000000000e+03 -5.865400000000000000e+04 3.918635857820186974e+00 2.867956608700482357e-02 3.865281749999998961e+00 1.537165753013664538e-01 -1.806850142784794527e-02 5.239868983847880725e-03 -2.133491666666668604e-02 6.916918300780502266e-03 1.529120509771835446e+00 4.865492706975820675e-03 1.528048749999999956e+00 3.805170605272155827e-03 3.655297846240116222e+00 5.997965029534028068e-03 3.712173500000000015e+00 1.474384399198271078e-01 4.193872552290300426e+00 2.668604580207770485e-02 4.160831690526283211e+00 1.426607564342902423e-01
1.200000000000000000e+04 8.000000000000000000e+03 -5.865400000000000000e+04 3.990716375225678458e+00 2.746570355059958432e-02 3.896232333333333742e+00 1.514679128695765598e-01 1.671534497488289250e-01 5.887949776538686612e-03 1.676379999999998704e-01 6.593438317636981030e-03 -1.996696813165585449e-01 5.146433255082103614e-03 -1.967526666666666590e-01 9.372637294461754962e-03 3.748565677367483584e+00 6.004559371938050262e-03 3.733195250000000076e+00 1.452079334929390342e-01 3.999214643783053358e+00 2.740774826507062431e-02 3.904953896883688103e+00 1.515339450944894195e-01
1.600000000000000000e+04 -4.000000000000000000e+03 -5.865400000000000000e+04 3.911903039653490399e+00 2.676589409633228431e-02 3.872791666666666632e+00 1.497489479774516963e-01 -1.966475891505176377e-01 5.804925396485289754e-03 -1.963324999999999376e-01 1.050342445276055553e-02 -2.896599397039725687e+00 5.258087047702142414e-03 -2.896660250000000048e+00 8.032099736912637691e-03 3.671737732510405028e+00 6.065717615598153166e-03 3.720348833333333882e+00 1.450532181387458042e-01 4.843760476696759909e+00 2.155805649665539642e-02 4.849315624736033392e+00 1.207686530932598062e-01
1.600000000000000000e+04 0.000000000000000000e+00 -5.865400000000000000e+04 3.828900431359506751e+00 3.115394857230881914e-02 3.861069833333333534e+00 1.521724521613570247e-01 -1.014009881513849298e-01 5.915595347977844511e-03 -1.010201666666667303e-01 5.557062015120841844e-03 -5.732969858332567226e-01 4.917021856622823608e-03 -5.710256666666666536e-01 5.135111666091822687e-03 3.748948738739648068e+00 5.826802086357922399e-03 3.715815166666666780e+00 1.444470404829056032e-01 3.870929305622093697e+00 3.079689760449231747e-02 3.905106385901029764e+00 1.506442284784867414e-01
1.600000000000000000e+04 4.000000000000000000e+03 -5.865400000000000000e+04 3.857857352754423985e+00 2.987584502392127972e-02 3.869370666666666736e+00 1.533953380095550711e-01 -4.141182593003353563e-02 5.149456396593715506e-03 -4.380158333333317167e-02 1.003762707716714803e-02 2.100765728055737913e+00 4.634432154868139975e-03 2.100424750000000174e+00 5.095885907642767887e-03 3.786211742671504510e+00 6.270207311222126927e-03 3.713651249999999848e+00 1.451455930643501535e-01 4.374572525965011671e+00 2.620290403821635972e-02 4.409695719218079901e+00 1.350222534368239191e-01
1.600000000000000000e+04 8.000000000000000000e+03 -5.865400000000000000e+04 3.868331082403245080e+00 2.843037355526142548e-02 3.904892166666666942e+00 1.503980829963677546e-01 1.610833874162161949e-01 5.472617336738662061e-03 1.588934166666667591e-01 7.053750434255703569e-03 -1.504769468913929320e-01 5.101590003899643226e-03 -1.500217500000000093e-01 5.729157441259790338e-03 3.767140770366722347e+00 5.921874168459673009e-03 3.741013250000000401e+00 1.429356875316777353e-01 3.874423793309705211e+00 2.838730102308634207e-02 3.911035506065326128e+00 1.505932296633551715e-01
2.000000000000000000e+04 -4.000000000000000000e+03 -5.865400000000000000e+04 3.846020608716997025e+00 2.656333321777599316e-02 3.865694666666667612e+00 1.531619936171429996e-01 -1.987456079513996998e-01 5.459764977893765726e-03 -1.979508333333332148e-01 8.182186245438982652e-03 -3.476621737721576011e+00 5.363606189878720315e-03 -3.475292583333333241e+00 6.670779269886743107e-03 3.709891906124879846e+00 6.812188875859814634e-03 3.703672916666665760e+00 1.460185331861169333e-01 5.161417456222337385e+00 1.985399589074938673e-02 5.213193833034144298e+00 1.137456766896796784e-01
2.000000000000000000e+04 0.000000000000000000e+00 -5.865400000000000000e+04 3.922942746637207101e+00 3.063812288762796793e-02 3.866502333333333041e+00 1.530002313281245141e-01 -9.605221155187239346e-02 5.894428630517925365e-03 -9.909008333333339802e-02 6.487706217261206623e-03 -5.736324129329770649e-01 4.920348628149408959e-03 -5.728001666666666658e-01 5.163316754428846043e-03 3.627297573781384621e+00 6.055450563715867804e-03 3.710329166666666012e+00 1.473546430496864568e-01 3.963400358834137993e+00 3.029647546679606340e-02 3.910973457823372357e+00 1.508466445714660431e-01
2.000000000000000000e+04 4.000000000000000000e+03 -5.865400000000000000e+04 3.841429251615883445e+00 2.776338976799916369e-02 3.875662166666666852e+00 1.530372748374203840e-01 -2.316843838544351691e-02 5.071181095044900895e-03 -2.529033333333334174e-02 6.727519678172809957e-03 2.633744080028031842e+00 4.529182160037024084e-03 2.631698083333333660e+00 8.394456705810840122e-03 3.725979110174271192e+00 6.411124140177523918e-03 3.712722416666667247e+00 1.435850504717555709e-01 4.632933569605813595e+00 2.287741995912306522e-02 4.693776438343998159e+00 1.259840728798392318e-01
2.000000000000000000e+04 8.000000000000000000e+03 -5.865400000000000000e+04 3.904987660695065976e+00 2.845169193796938736e-02 3.875783416666666259e+00 1.502463708203587711e-01 1.585758367926187185e-01 5.619217735569152598e-03 1.606185000000002194e-01 6.866549728520294875e-03 -1.326503793114221508e-01 4.853490450951713706e-03 -1.349153333333333593e-01 1.231798255344066818e-02 3.678982949816608450e+00 6.134433225782591308e-03 3.722198666666665989e+00 1.465950166889044282e-01 3.910823554416600345e+00 2.841047831365985446e-02 3.881664095097463019e+00 1.504184439352057590e-01
2.400000000000000000e+04 -4.000000000000000000e+03 -5.865400000000000000e+04 3.882769860856695399e+00 2.564598324340975136e-02 3.882093916666666811e+00 1.516898982946067453e-01 -1.869395471832442923e-01 5.756010903383003592e-03 -1.847267499999999119e-01 9.753186854565810970e-03 -4.055272761362851419e+00 5.477053468380979791e-03 -4.053796583333333814e+00 9.644716158585083660e-03 3.706319638355857649e+00 6.774527092549970965e-03 3.720798500000000786e+00 1.417850014112011225e-01 5.586294682175958926e+00 1.801093742333925371e-02 5.627101569532766412e+00 1.082713300938835110e-01
2.400000000000000000e+04 0.000000000000000000e+00 -5.865400000000000000e+04 3.856651492735627684e+00 3.079733551966519489e-02 3.849904750000000320e+00 1.528131539830401564e-01 -9.177797690855568624e-02 5.624599710480905103e-03 -9.030216666666672498e-02 4.931957895125694755e-03 -5.793827401959456003e-01 4.931236127531758023e-03 -5.794919166666666621e-01 3.025311392583567363e-03 3.678420368572051569e+00 5.998620914500682293e-03 3.708171749999999989e+00 1.470923179021260963e-01 3.899140451306517541e+00 3.044027920788408559e-02 3.895105450553318249e+00 1.510942451694239075e-01
2.400000000000000000e+04 4.000000000000000000e+03 -5.865400000000000000e+04 3.922409294938090429e+00 2.934337028429339148e-02 3.877799583333333189e+00 1.540410049211345944e-01 -3.516902935123490670e-02 5.230244553324997145e-03 -3.267900000000004829e-02 6.603687471956309549e-03 3.187506030817134572e+00 4.837918833075844499e-03 3.188916250000000119e+00 1.374608132265943417e-02 3.722014759466355738e+00 6.240598781635258233e-03 3.713307666666666673e+00 1.465006785981456117e-01 5.025372915477968050e+00 2.274772552929713379e-02 5.031336395540502160e+00 1.193968139412404234e-01
2.400000000000000000e+04 8.000000000000000000e+03 -5.865400000000000000e+04 3.864281453561191348e+00 2.778038163431516966e-02 3.860810583333332602e+00 1.505591795407764943e-01 1.653992488195633603e-01 5.553456447966278672e-03 1.636405833333334225e-01 7.056496900512603497e-03 -7.372911136007094524e-02 4.780876962814768760e-03 -7.345383333333334319e-02 7.994713406496833236e-03 3.678757922464824581e+00 6.276607184535054791e-03 3.705268749999999667e+00 1.448137730821023317e-01 3.868516054468523979e+00 2.775165526744174591e-02 3.865040601535981946e+00 1.507836356223820895e-01
2.800000000000000000e+04 -4.000000000000000000e+03 -5.865400000000000000e+04 3.893421851221193553e+00 2.717386869026691340e-02 3.886685333333333769e+00 1.587869697202176078e-01 -1.643727468867346997e-01 5.241451921218285952e-03 -1.652114999999999834e-01 9.326155025144599112e-03 -4.628803835333879846e+00 5.798331404076390722e-03 -4.626435749999999736e+00 4.966225784974790357e-03 3.654791558638833759e+00 6.736354801235064360e-03 3.721195583333333001e+00 1.523840350831877910e-01 6.017430246198220978e+00 1.792621728191501340e-02 6.057647258146357849e+00 1.048850151096108740e-01
2.800000000000000000e+04 0.000000000000000000e+00 -5.865400000000000000e+04 3.945067988749956456e+00 2.988236459330255099e-02 3.876094249999999963e+00 1.570574693727574134e-01 -7.709491995185213664e-02 5.772739278581352253e-03 -7.698341666666645711e-02 4.470717414902731016e-03 -5.872546823879147837e-01 5.012312243387861618e-03 -5.880674166666666203e-01 7.509334815453422123e-03 3.606635646181750143e+00 7.138710903874582320e-03 3.726966500000000959e+00 1.512484476466041949e-01 3.986699031233006174e+00 2.953838899937279161e-02 3.922463416061443997e+00 1.544240927776386607e-01
2.800000000000000000e+04 4.000000000000000000e+03 -5.865400000000000000e+04 3.912055654114249048e+00 2.820351673140244347e-02 3.886190333333332969e+00 1.547100281115538767e-01 -1.934294324540486790e-02 4.915440861577565455e-03 -1.845833333333331619e-02 5.880573188066093998e-03 3.716988252146659288e+00 4.701506280366259116e-03 3.713122249999999624e+00 1.313718543960697149e-02 3.654527033077598297e+00 5.966383889584899250e-03 3.715267666666666191e+00 1.467449592155959104e-01 5.359406798542586614e+00 2.050604021814499828e-02 5.386197931871767430e+00 1.146261331834703412e-01
2.800000000000000000e+04 8.000000000000000000e+03 -5.865400000000000000e+04 3.892356118172971780e+00 3.017177798552841614e-02 3.864703750000000326e+00 1.491891269704292700e-01 1.686796264449938743e-01 5.496184267362659234e-03 1.691106666666667147e-01 8.140915306045300517e-03 -4.754485402460947169e-02 5.019635404774246829e-03 -4.697916666666666213e-02 7.674721654051807306e-03 3.712561678563881973e+00 6.455213389763541330e-03 3.716533000000000531e+00 1.469064337388897024e-01 3.896506481165154856e+00 3.014123351275710058e-02 3.868773302061430996e+00 1.494054758243915926e-01
