0.000000000000000000e+00 4.000000000000000000e+03 -7.000000000000000000e+04 -1.371479099999999995e+01 4.988000000000000073e-02 5.984168000000000376e+00 1.491899999999999997e-02 -5.471169999999999645e-01 1.004799999999999964e-02 0.000000000000000000e+00 -2.735831299999999899e+01 1.476000000000000055e-02 2.950068699999999922e+01
0.000000000000000000e+00 4.000000000000000000e+03 -7.000000000000000000e+04 -1.371541000000000032e+01 5.256199999999999761e-02 5.969772999999999996e+00 1.088500000000000058e-02 -5.706839999999999691e-01 1.162000000000000012e-02 0.000000000000000000e+00 -2.737003599999999892e+01 1.315500000000000003e-02 5.017987000000000108e+01
0.000000000000000000e+00 4.000000000000000000e+03 -7.000000000000000000e+04 -1.371384199999999964e+01 5.945000000000000284e-02 5.986803000000000097e+00 8.959999999999999215e-03 -5.674329999999999652e-01 1.158799999999999934e-02 0.000000000000000000e+00 -2.738487200000000144e+01 8.307000000000000148e-03 7.085805299999999818e+01
0.000000000000000000e+00 4.000000000000000000e+03 -7.000000000000000000e+04 -1.371085500000000046e+01 5.711499999999999910e-02 5.984480999999999717e+00 1.295499999999999950e-02 -5.815979999999999484e-01 9.700999999999999554e-03 0.000000000000000000e+00 -2.736375200000000163e+01 8.354999999999999580e-03 9.154123599999999783e+01
0.000000000000000000e+00 4.000000000000000000e+03 -7.000000000000000000e+04 -1.375462300000000049e+01 6.165099999999999747e-02 6.026342999999999783e+00 1.308699999999999967e-02 -5.845909999999999718e-01 9.102000000000000715e-03 0.000000000000000000e+00 -2.743563599999999880e+01 8.805999999999999592e-03 1.845045530000000099e+03
0.000000000000000000e+00 4.000000000000000000e+03 -7.000000000000000000e+04 -1.374767600000000023e+01 6.896900000000000253e-02 6.059422999999999782e+00 1.039999999999999952e-02 -6.031410000000000382e-01 7.707000000000000309e-03 0.000000000000000000e+00 -2.744549500000000108e+01 6.447999999999999739e-03 1.865735713999999916e+03
0.000000000000000000e+00 4.000000000000000000e+03 -7.000000000000000000e+04 -1.374567300000000003e+01 5.770800000000000235e-02 6.028084999999999916e+00 1.050199999999999918e-02 -5.906799999999999828e-01 7.793999999999999713e-03 0.000000000000000000e+00 -2.741090000000000160e+01 8.574999999999999289e-03 1.886425897000000077e+03
0.000000000000000000e+00 4.000000000000000000e+03 -7.000000000000000000e+04 -1.374824599999999997e+01 5.841600000000000265e-02 6.021234999999999893e+00 1.086999999999999945e-02 -6.014340000000000241e-01 7.006000000000000075e-03 0.000000000000000000e+00 -2.741360699999999895e+01 1.138499999999999929e-02 1.907114080000000058e+03
0.000000000000000000e+00 4.000000000000000000e+03 -7.000000000000000000e+04 -1.374744300000000052e+01 4.275500000000000134e-02 6.051313999999999638e+00 1.335800000000000008e-02 -5.824319999999999498e-01 1.160199999999999947e-02 0.000000000000000000e+00 -2.742789199999999994e+01 1.608599999999999960e-02 1.927800263999999970e+03
0.000000000000000000e+00 4.000000000000000000e+03 -7.000000000000000000e+04 -1.374609399999999937e+01 5.482700000000000073e-02 6.044234999999999580e+00 8.725999999999999382e-03 -6.155289999999999928e-01 9.190999999999999517e-03 0.000000000000000000e+00 -2.740874900000000025e+01 6.369999999999999794e-03 1.948489446999999927e+03
0.000000000000000000e+00 4.000000000000000000e+03 -7.000000000000000000e+04 -1.373689700000000080e+01 6.028800000000000131e-02 6.058842000000000283e+00 1.478400000000000027e-02 -5.736740000000000173e-01 1.052299999999999937e-02 0.000000000000000000e+00 -2.742629200000000012e+01 1.739800000000000027e-02 1.969177629999999908e+03
0.000000000000000000e+00 4.000000000000000000e+03 -7.000000000000000000e+04 -1.374675399999999925e+01 6.674700000000000077e-02 6.027854999999999741e+00 1.014499999999999950e-02 -5.895700000000000385e-01 1.046500000000000034e-02 0.000000000000000000e+00 -2.740499900000000011e+01 1.026200000000000029e-02 1.989867813999999953e+03
0.000000000000000000e+00 4.000000000000000000e+03 -6.650000000000000000e+04 -1.388992799999999939e+01 4.453599999999999920e-02 5.966205999999999676e+00 1.177899999999999954e-02 -5.484419999999999851e-01 1.072700000000000042e-02 0.000000000000000000e+00 -2.737194300000000169e+01 1.755800000000000069e-02 1.161206420000000037e+02
0.000000000000000000e+00 4.000000000000000000e+03 -6.650000000000000000e+04 -1.389119299999999946e+01 4.567500000000000032e-02 5.951178999999999775e+00 9.844000000000000319e-03 -5.542899999999999494e-01 1.192099999999999931e-02 0.000000000000000000e+00 -2.735585999999999984e+01 9.124000000000000166e-03 1.367978239999999914e+02
0.000000000000000000e+00 4.000000000000000000e+03 -6.650000000000000000e+04 -1.389235799999999976e+01 5.274000000000000216e-02 5.952328999999999759e+00 8.007999999999999494e-03 -5.571099999999999941e-01 1.000500000000000000e-02 0.000000000000000000e+00 -2.736833700000000036e+01 1.784300000000000122e-02 1.574750070000000051e+02
0.000000000000000000e+00 4.000000000000000000e+03 -6.650000000000000000e+04 -1.388825199999999960e+01 4.562999999999999695e-02 5.950225999999999793e+00 1.308699999999999967e-02 -5.266480000000000050e-01 1.045300000000000049e-02 0.000000000000000000e+00 -2.737704400000000149e+01 1.413400000000000073e-02 1.781541899999999998e+02
0.000000000000000000e+00 4.000000000000000000e+03 -6.650000000000000000e+04 -1.394268699999999939e+01 6.075300000000000145e-02 6.019065999999999583e+00 1.159199999999999987e-02 -5.315469999999999917e-01 9.801000000000000684e-03 0.000000000000000000e+00 -2.740810799999999858e+01 1.305800000000000016e-02 1.758381574000000001e+03
0.000000000000000000e+00 4.000000000000000000e+03 -6.650000000000000000e+04 -1.394071899999999964e+01 4.462100000000000094e-02 6.017557000000000045e+00 1.166200000000000049e-02 -5.186479999999999979e-01 7.504000000000000253e-03 0.000000000000000000e+00 -2.740407499999999885e+01 1.000400000000000074e-02 1.779071756999999934e+03
0.000000000000000000e+00 4.000000000000000000e+03 -6.650000000000000000e+04 -1.394043699999999930e+01 5.295099999999999807e-02 6.030657999999999852e+00 1.199599999999999972e-02 -5.082550000000000123e-01 9.979000000000000023e-03 0.000000000000000000e+00 -2.741536500000000132e+01 1.157099999999999969e-02 1.799760939999999891e+03
0.000000000000000000e+00 4.000000000000000000e+03 -6.650000000000000000e+04 -1.393896999999999942e+01 4.921999999999999986e-02 6.025403999999999982e+00 9.981999999999999554e-03 -5.032170000000000254e-01 1.082400000000000029e-02 0.000000000000000000e+00 -2.740695600000000098e+01 1.132099999999999947e-02 1.820452123999999912e+03
0.000000000000000000e+00 4.000000000000000000e+03 -6.650000000000000000e+04 -1.391614399999999918e+01 5.519999999999999907e-02 6.010188999999999560e+00 8.595999999999999475e-03 -5.369429999999999481e-01 8.038000000000000006e-03 0.000000000000000000e+00 -2.742038200000000003e+01 1.481400000000000078e-02 2.014457220000000007e+03
0.000000000000000000e+00 4.000000000000000000e+03 -6.650000000000000000e+04 -1.391295900000000074e+01 5.246200000000000169e-02 6.014308999999999905e+00 6.349999999999999742e-03 -5.382259999999999822e-01 7.086000000000000285e-03 0.000000000000000000e+00 -2.740547600000000017e+01 1.088000000000000078e-02 2.035150403000000097e+03
0.000000000000000000e+00 4.000000000000000000e+03 -6.650000000000000000e+04 -1.391017399999999959e+01 7.713200000000000611e-02 6.028032999999999753e+00 8.887000000000000802e-03 -5.560869999999999980e-01 1.127300000000000003e-02 0.000000000000000000e+00 -2.740581299999999842e+01 1.175700000000000009e-02 2.055843586999999843e+03
0.000000000000000000e+00 4.000000000000000000e+03 -6.650000000000000000e+04 -1.391192999999999991e+01 5.268699999999999772e-02 6.040524999999999700e+00 1.501000000000000077e-02 -5.322320000000000384e-01 1.135899999999999931e-02 0.000000000000000000e+00 -2.741412800000000161e+01 1.570699999999999874e-02 2.076535770999999841e+03
0.000000000000000000e+00 4.000000000000000000e+03 -6.300000000000000000e+04 -1.410019499999999937e+01 3.543000000000000316e-02 5.924923999999999857e+00 8.616999999999999660e-03 -4.030540000000000234e-01 7.035999999999999720e-03 0.000000000000000000e+00 -2.735700200000000137e+01 1.444499999999999951e-02 2.027345950000000130e+02
0.000000000000000000e+00 4.000000000000000000e+03 -6.300000000000000000e+04 -1.409723999999999933e+01 4.210699999999999860e-02 5.916509999999999714e+00 9.530000000000000276e-03 -4.112489999999999757e-01 8.878999999999999740e-03 0.000000000000000000e+00 -2.737989999999999924e+01 1.103499999999999967e-02 2.234137780000000078e+02
0.000000000000000000e+00 4.000000000000000000e+03 -6.300000000000000000e+04 -1.409687800000000024e+01 4.856200000000000100e-02 5.938622999999999763e+00 8.307999999999999413e-03 -4.040549999999999975e-01 7.479999999999999670e-03 0.000000000000000000e+00 -2.736283799999999999e+01 5.570000000000000298e-03 2.440919609999999977e+02
0.000000000000000000e+00 4.000000000000000000e+03 -6.300000000000000000e+04 -1.409588100000000033e+01 3.615000000000000158e-02 5.932462000000000124e+00 9.027999999999999567e-03 -4.148089999999999833e-01 7.178000000000000352e-03 0.000000000000000000e+00 -2.737676599999999993e+01 1.199000000000000066e-02 2.647741439999999784e+02
0.000000000000000000e+00 4.000000000000000000e+03 -6.300000000000000000e+04 -1.413576499999999925e+01 4.539100000000000079e-02 6.010843000000000380e+00 9.733000000000000332e-03 -4.025949999999999807e-01 8.078999999999999376e-03 0.000000000000000000e+00 -2.741157000000000110e+01 6.997999999999999880e-03 1.671726617000000033e+03
0.000000000000000000e+00 4.000000000000000000e+03 -6.300000000000000000e+04 -1.413645600000000080e+01 4.123700000000000282e-02 6.000272999999999968e+00 6.159000000000000412e-03 -3.997890000000000055e-01 8.474000000000000629e-03 0.000000000000000000e+00 -2.741896099999999947e+01 1.130100000000000028e-02 1.692412800000000061e+03
0.000000000000000000e+00 4.000000000000000000e+03 -6.300000000000000000e+04 -1.413716900000000010e+01 3.351300000000000112e-02 6.004820999999999742e+00 6.838000000000000328e-03 -3.843750000000000222e-01 7.666000000000000071e-03 0.000000000000000000e+00 -2.740501400000000132e+01 1.231600000000000056e-02 1.713102982999999995e+03
0.000000000000000000e+00 4.000000000000000000e+03 -6.300000000000000000e+04 -1.414028799999999997e+01 4.469900000000000262e-02 5.996500000000000163e+00 7.323999999999999781e-03 -3.853489999999999971e-01 6.549000000000000134e-03 0.000000000000000000e+00 -2.740983699999999956e+01 1.148899999999999921e-02 1.733791167000000087e+03
0.000000000000000000e+00 4.000000000000000000e+03 -6.300000000000000000e+04 -1.412107400000000013e+01 3.271299999999999902e-02 5.999528999999999890e+00 7.731000000000000025e-03 -4.069960000000000244e-01 7.326000000000000047e-03 0.000000000000000000e+00 -2.742665500000000023e+01 9.915000000000000202e-03 2.101132177999999840e+03
0.000000000000000000e+00 4.000000000000000000e+03 -6.300000000000000000e+04 -1.412371300000000041e+01 4.580900000000000249e-02 5.980648999999999660e+00 9.088000000000000592e-03 -4.309069999999999845e-01 1.043099999999999930e-02 0.000000000000000000e+00 -2.742237799999999837e+01 1.183799999999999956e-02 2.121822361000000001e+03
0.000000000000000000e+00 4.000000000000000000e+03 -6.300000000000000000e+04 -1.412117899999999970e+01 4.469399999999999762e-02 5.997283000000000364e+00 7.798000000000000244e-03 -4.250280000000000169e-01 7.582000000000000198e-03 0.000000000000000000e+00 -2.742800099999999830e+01 1.133100000000000079e-02 2.142510544000000209e+03
0.000000000000000000e+00 4.000000000000000000e+03 -6.300000000000000000e+04 -1.411828200000000066e+01 3.639900000000000080e-02 5.995397999999999783e+00 6.878000000000000433e-03 -4.187730000000000063e-01 7.341999999999999568e-03 0.000000000000000000e+00 -2.742146500000000131e+01 8.819000000000000450e-03 2.163198727999999846e+03
0.000000000000000000e+00 4.000000000000000000e+03 -5.950000000000000000e+04 -1.431577300000000008e+01 4.529899999999999899e-02 5.908790999999999904e+00 9.535000000000000073e-03 -2.650569999999999871e-01 7.081999999999999754e-03 0.000000000000000000e+00 -2.738380400000000137e+01 1.167900000000000015e-02 2.893495500000000220e+02
0.000000000000000000e+00 4.000000000000000000e+03 -5.950000000000000000e+04 -1.431282099999999957e+01 4.726899999999999852e-02 5.907936000000000298e+00 6.755999999999999853e-03 -2.646439999999999904e-01 7.585999999999999861e-03 0.000000000000000000e+00 -2.738740999999999914e+01 1.282299999999999933e-02 3.100277320000000145e+02
0.000000000000000000e+00 4.000000000000000000e+03 -5.950000000000000000e+04 -1.431052900000000072e+01 4.184800000000000325e-02 5.923626999999999754e+00 9.535000000000000073e-03 -2.309170000000000111e-01 1.025700000000000049e-02 0.000000000000000000e+00 -2.736843100000000106e+01 1.354700000000000001e-02 3.307099150000000236e+02
0.000000000000000000e+00 4.000000000000000000e+03 -5.950000000000000000e+04 -1.431150599999999962e+01 5.140900000000000331e-02 5.925292999999999921e+00 7.362999999999999753e-03 -2.684369999999999812e-01 9.969000000000000430e-03 0.000000000000000000e+00 -2.739293400000000034e+01 8.640999999999999376e-03 3.513900980000000231e+02
0.000000000000000000e+00 4.000000000000000000e+03 -5.950000000000000000e+04 -1.435276400000000052e+01 4.462200000000000194e-02 5.993840999999999752e+00 9.055000000000000548e-03 -2.489349999999999896e-01 9.837000000000000258e-03 0.000000000000000000e+00 -2.742758399999999952e+01 6.052000000000000088e-03 1.585063660000000027e+03
0.000000000000000000e+00 4.000000000000000000e+03 -5.950000000000000000e+04 -1.434789899999999996e+01 5.115000000000000102e-02 5.985298000000000229e+00 9.117000000000000104e-03 -2.515319999999999778e-01 6.388999999999999714e-03 0.000000000000000000e+00 -2.739388200000000140e+01 1.311900000000000045e-02 1.605753844000000072e+03
0.000000000000000000e+00 4.000000000000000000e+03 -5.950000000000000000e+04 -1.434723199999999999e+01 4.767099999999999810e-02 5.986233000000000359e+00 9.371000000000000857e-03 -2.210640000000000105e-01 8.814000000000000654e-03 0.000000000000000000e+00 -2.740640399999999843e+01 8.989999999999999727e-03 1.626445026999999982e+03
0.000000000000000000e+00 4.000000000000000000e+03 -5.950000000000000000e+04 -1.435183900000000001e+01 5.539600000000000080e-02 5.985363999999999685e+00 1.207800000000000019e-02 -2.342309999999999948e-01 9.842999999999999319e-03 0.000000000000000000e+00 -2.740726899999999944e+01 1.064000000000000015e-02 1.647136209999999892e+03
0.000000000000000000e+00 4.000000000000000000e+03 -5.950000000000000000e+04 -1.433555600000000041e+01 4.398200000000000026e-02 5.977895000000000181e+00 9.355999999999999733e-03 -2.402700000000000113e-01 1.113500000000000080e-02 0.000000000000000000e+00 -2.742360499999999845e+01 8.446000000000000382e-03 2.187786133999999947e+03
0.000000000000000000e+00 4.000000000000000000e+03 -5.950000000000000000e+04 -1.434180800000000033e+01 4.442499999999999921e-02 5.954971999999999710e+00 9.735999999999999863e-03 -2.842709999999999959e-01 1.307900000000000035e-02 0.000000000000000000e+00 -2.743005799999999894e+01 9.896999999999999548e-03 2.208474317000000156e+03
0.000000000000000000e+00 4.000000000000000000e+03 -5.950000000000000000e+04 -1.433576500000000031e+01 5.690200000000000119e-02 5.965010000000000367e+00 7.630999999999999762e-03 -2.472799999999999998e-01 1.013299999999999965e-02 0.000000000000000000e+00 -2.742070000000000007e+01 6.726000000000000208e-03 2.229164501000000200e+03
0.000000000000000000e+00 4.000000000000000000e+03 -5.950000000000000000e+04 -1.433625200000000000e+01 3.553400000000000308e-02 5.988631999999999955e+00 8.196000000000000160e-03 -2.845389999999999864e-01 1.141000000000000000e-02 0.000000000000000000e+00 -2.741961200000000076e+01 1.098400000000000071e-02 2.249851684000000205e+03
0.000000000000000000e+00 4.000000000000000000e+03 -5.600000000000000000e+04 -1.452286900000000003e+01 6.649399999999999755e-02 5.920435000000000336e+00 1.306099999999999969e-02 -1.243559999999999943e-01 1.008299999999999995e-02 0.000000000000000000e+00 -2.738137499999999847e+01 7.322999999999999649e-03 3.759695039999999722e+02
0.000000000000000000e+00 4.000000000000000000e+03 -5.600000000000000000e+04 -1.452722600000000064e+01 5.994700000000000029e-02 5.946553999999999895e+00 1.119200000000000056e-02 -1.256110000000000004e-01 7.641000000000000222e-03 0.000000000000000000e+00 -2.739645499999999956e+01 1.166999999999999982e-02 3.966466869999999858e+02
0.000000000000000000e+00 4.000000000000000000e+03 -5.600000000000000000e+04 -1.453101200000000048e+01 5.801900000000000113e-02 5.934336000000000055e+00 9.339000000000000079e-03 -1.231460000000000055e-01 1.311200000000000039e-02 0.000000000000000000e+00 -2.738688399999999845e+01 1.235699999999999993e-02 4.173748719999999821e+02
0.000000000000000000e+00 4.000000000000000000e+03 -5.600000000000000000e+04 -1.453140499999999946e+01 6.263699999999999823e-02 5.937270999999999965e+00 1.021900000000000065e-02 -1.365290000000000115e-01 1.032199999999999958e-02 0.000000000000000000e+00 -2.739098200000000105e+01 1.397600000000000058e-02 4.380540550000000053e+02
0.000000000000000000e+00 4.000000000000000000e+03 -5.600000000000000000e+04 -1.455929700000000082e+01 5.650700000000000167e-02 5.960090000000000110e+00 7.348999999999999630e-03 -1.178960000000000008e-01 8.051000000000000864e-03 0.000000000000000000e+00 -2.739852199999999982e+01 1.391700000000000055e-02 1.498415704000000005e+03
0.000000000000000000e+00 4.000000000000000000e+03 -5.600000000000000000e+04 -1.455897000000000041e+01 4.691900000000000237e-02 5.970641999999999783e+00 1.093399999999999928e-02 -1.403220000000000023e-01 8.425000000000000197e-03 0.000000000000000000e+00 -2.740870400000000018e+01 1.574700000000000058e-02 1.519104886999999962e+03
0.000000000000000000e+00 4.000000000000000000e+03 -5.600000000000000000e+04 -1.456974499999999928e+01 5.522500000000000325e-02 5.956598999999999755e+00 8.786000000000000407e-03 -1.271170000000000078e-01 1.111700000000000015e-02 0.000000000000000000e+00 -2.739732499999999860e+01 7.088999999999999815e-03 1.539788070999999945e+03
0.000000000000000000e+00 4.000000000000000000e+03 -5.600000000000000000e+04 -1.455888700000000036e+01 4.416400000000000187e-02 5.980068000000000161e+00 9.459000000000000394e-03 -1.238350000000000006e-01 1.049699999999999939e-02 0.000000000000000000e+00 -2.740045399999999987e+01 9.912000000000000671e-03 1.560479254000000083e+03
0.000000000000000000e+00 4.000000000000000000e+03 -5.600000000000000000e+04 -1.455069199999999974e+01 5.345699999999999757e-02 5.969293000000000404e+00 1.060000000000000005e-02 -1.376519999999999966e-01 7.150000000000000105e-03 0.000000000000000000e+00 -2.741235500000000158e+01 9.230999999999999622e-03 2.274445091000000048e+03
0.000000000000000000e+00 4.000000000000000000e+03 -5.600000000000000000e+04 -1.455125199999999985e+01 4.931599999999999873e-02 5.975482000000000404e+00 1.108400000000000010e-02 -1.955949999999999911e-01 1.065600000000000054e-02 0.000000000000000000e+00 -2.743706600000000151e+01 8.671999999999999154e-03 2.295131273999999848e+03
0.000000000000000000e+00 4.000000000000000000e+03 -5.600000000000000000e+04 -1.454735400000000034e+01 6.555500000000000216e-02 5.980830000000000091e+00 1.340099999999999972e-02 -1.403810000000000058e-01 7.505999999999999651e-03 0.000000000000000000e+00 -2.742380899999999855e+01 1.310099999999999980e-02 2.315816456999999900e+03
0.000000000000000000e+00 4.000000000000000000e+03 -5.600000000000000000e+04 -1.455036800000000063e+01 6.035200000000000287e-02 5.959721000000000046e+00 1.156899999999999942e-02 -1.300240000000000007e-01 9.122999999999999166e-03 0.000000000000000000e+00 -2.742881600000000120e+01 9.811000000000000276e-03 2.336501639999999952e+03
0.000000000000000000e+00 4.000000000000000000e+03 -5.250000000000000000e+04 -1.474177700000000080e+01 4.496100000000000096e-02 5.911430000000000184e+00 1.292800000000000026e-02 1.636900000000000160e-02 8.607000000000000067e-03 0.000000000000000000e+00 -2.738133099999999942e+01 1.452699999999999998e-02 4.626294609999999921e+02
0.000000000000000000e+00 4.000000000000000000e+03 -5.250000000000000000e+04 -1.474595700000000065e+01 5.629599999999999882e-02 5.926811999999999969e+00 8.181000000000000771e-03 4.207799999999999735e-02 9.865999999999999770e-03 0.000000000000000000e+00 -2.739795499999999961e+01 2.129299999999999943e-02 4.833066430000000082e+02
0.000000000000000000e+00 4.000000000000000000e+03 -5.250000000000000000e+04 -1.474437099999999923e+01 5.238700000000000301e-02 5.941214000000000439e+00 1.225799999999999980e-02 5.733800000000000008e-02 8.531999999999999654e-03 0.000000000000000000e+00 -2.738144499999999937e+01 1.848699999999999996e-02 5.039838260000000218e+02
0.000000000000000000e+00 4.000000000000000000e+03 -5.250000000000000000e+04 -1.474310200000000037e+01 4.576100000000000306e-02 5.939833000000000141e+00 1.146100000000000070e-02 3.343399999999999844e-02 1.073900000000000028e-02 0.000000000000000000e+00 -2.737825099999999878e+01 9.013000000000000178e-03 5.246620090000000118e+02
0.000000000000000000e+00 4.000000000000000000e+03 -5.250000000000000000e+04 -1.477101500000000023e+01 5.053799999999999959e-02 5.980037000000000269e+00 7.335999999999999639e-03 3.634799999999999837e-02 9.450999999999999332e-03 0.000000000000000000e+00 -2.739704199999999901e+01 1.012200000000000079e-02 1.411761747999999898e+03
0.000000000000000000e+00 4.000000000000000000e+03 -5.250000000000000000e+04 -1.477214799999999961e+01 6.445199999999999541e-02 5.965596999999999817e+00 1.189300000000000079e-02 2.537100000000000119e-02 9.839000000000000523e-03 0.000000000000000000e+00 -2.739390699999999867e+01 1.095600000000000046e-02 1.432450931000000082e+03
0.000000000000000000e+00 4.000000000000000000e+03 -5.250000000000000000e+04 -1.477568400000000004e+01 4.720799999999999996e-02 5.958501000000000047e+00 1.119200000000000056e-02 7.089800000000000268e-02 1.183599999999999930e-02 0.000000000000000000e+00 -2.739418999999999826e+01 1.008299999999999995e-02 1.453139114000000063e+03
0.000000000000000000e+00 4.000000000000000000e+03 -5.250000000000000000e+04 -1.477736400000000039e+01 6.820500000000000174e-02 5.981093999999999689e+00 9.166000000000000536e-03 1.453400000000000004e-02 1.083899999999999968e-02 0.000000000000000000e+00 -2.738992899999999864e+01 1.011699999999999926e-02 1.473825297999999975e+03
0.000000000000000000e+00 4.000000000000000000e+03 -5.250000000000000000e+04 -1.477297199999999933e+01 6.978099999999999581e-02 5.981595000000000439e+00 1.344799999999999988e-02 -3.800000000000000209e-05 1.023400000000000004e-02 0.000000000000000000e+00 -2.743466700000000102e+01 1.747800000000000048e-02 2.361090045999999802e+03
0.000000000000000000e+00 4.000000000000000000e+03 -5.250000000000000000e+04 -1.477299999999999969e+01 6.465799999999999326e-02 5.970311999999999841e+00 1.152800000000000005e-02 -4.499000000000000395e-03 1.088500000000000058e-02 0.000000000000000000e+00 -2.742319799999999930e+01 1.239499999999999977e-02 2.381782229999999799e+03
0.000000000000000000e+00 4.000000000000000000e+03 -5.250000000000000000e+04 -1.476862999999999992e+01 5.006700000000000039e-02 5.966178000000000203e+00 1.132900000000000053e-02 -5.618999999999999863e-03 1.393699999999999974e-02 0.000000000000000000e+00 -2.742087300000000027e+01 7.558999999999999747e-03 2.402467412999999851e+03
0.000000000000000000e+00 4.000000000000000000e+03 -5.250000000000000000e+04 -1.476583399999999990e+01 5.074700000000000044e-02 6.015564999999999607e+00 1.370599999999999943e-02 -2.027800000000000089e-02 1.019199999999999967e-02 0.000000000000000000e+00 -2.741843000000000075e+01 1.176800000000000068e-02 2.423160597000000053e+03
0.000000000000000000e+00 4.000000000000000000e+03 -4.900000000000000000e+04 -1.496477800000000080e+01 3.324699999999999878e-02 5.946099000000000245e+00 9.778999999999999498e-03 1.313410000000000133e-01 7.939999999999999142e-03 0.000000000000000000e+00 -2.739450799999999830e+01 9.794999999999999887e-03 5.492424140000000534e+02
0.000000000000000000e+00 4.000000000000000000e+03 -4.900000000000000000e+04 -1.497178000000000075e+01 4.307699999999999724e-02 5.952448000000000405e+00 7.891999999999999710e-03 1.502699999999999869e-01 7.891999999999999710e-03 0.000000000000000000e+00 -2.740280800000000028e+01 1.034700000000000029e-02 5.699225969999999961e+02
0.000000000000000000e+00 4.000000000000000000e+03 -4.900000000000000000e+04 -1.496653700000000065e+01 3.838099999999999845e-02 5.962301000000000073e+00 8.866000000000000617e-03 1.560660000000000103e-01 8.963000000000000481e-03 0.000000000000000000e+00 -2.737503699999999895e+01 1.420100000000000008e-02 5.906007799999999861e+02
0.000000000000000000e+00 4.000000000000000000e+03 -4.900000000000000000e+04 -1.496679800000000071e+01 3.409999999999999837e-02 5.937809999999999810e+00 1.150600000000000060e-02 1.636460000000000137e-01 7.122999999999999991e-03 0.000000000000000000e+00 -2.739016700000000171e+01 9.502000000000000030e-03 6.112759630000000470e+02
0.000000000000000000e+00 4.000000000000000000e+03 -4.900000000000000000e+04 -1.499161999999999928e+01 3.559299999999999964e-02 5.987811999999999912e+00 6.644999999999999865e-03 1.445919999999999983e-01 6.167999999999999872e-03 0.000000000000000000e+00 -2.739482599999999834e+01 1.006199999999999976e-02 1.325104792000000089e+03
0.000000000000000000e+00 4.000000000000000000e+03 -4.900000000000000000e+04 -1.499326399999999992e+01 4.678000000000000214e-02 5.973097000000000101e+00 7.669999999999999735e-03 1.472829999999999973e-01 6.079000000000000202e-03 0.000000000000000000e+00 -2.739652500000000046e+01 5.029999999999999749e-03 1.345792973999999958e+03
0.000000000000000000e+00 4.000000000000000000e+03 -4.900000000000000000e+04 -1.499118499999999976e+01 4.634400000000000325e-02 5.985649000000000441e+00 5.172999999999999647e-03 1.639829999999999899e-01 8.625999999999999987e-03 0.000000000000000000e+00 -2.740046399999999949e+01 1.613500000000000004e-02 1.366482158000000027e+03
0.000000000000000000e+00 4.000000000000000000e+03 -4.900000000000000000e+04 -1.499021499999999918e+01 4.357699999999999768e-02 5.973965999999999887e+00 1.045199999999999949e-02 1.793609999999999927e-01 8.956000000000000419e-03 0.000000000000000000e+00 -2.738905899999999960e+01 9.233999999999999153e-03 1.387169341000000031e+03
0.000000000000000000e+00 4.000000000000000000e+03 -4.900000000000000000e+04 -1.498996799999999929e+01 4.342200000000000226e-02 5.980305000000000426e+00 7.761999999999999802e-03 1.341400000000000092e-01 6.631999999999999874e-03 0.000000000000000000e+00 -2.742957099999999926e+01 8.390999999999999154e-03 2.447752003000000059e+03
0.000000000000000000e+00 4.000000000000000000e+03 -4.900000000000000000e+04 -1.498944299999999963e+01 3.179799999999999988e-02 5.979257999999999740e+00 7.896999999999999506e-03 1.398739999999999983e-01 8.066999999999999518e-03 0.000000000000000000e+00 -2.743110100000000173e+01 8.977999999999999869e-03 2.468441186000000016e+03
0.000000000000000000e+00 4.000000000000000000e+03 -4.900000000000000000e+04 -1.499041000000000068e+01 4.833599999999999702e-02 5.995557999999999943e+00 7.929999999999999549e-03 1.501760000000000039e-01 7.244999999999999704e-03 0.000000000000000000e+00 -2.743041499999999999e+01 7.407999999999999655e-03 2.489130369999999857e+03
0.000000000000000000e+00 4.000000000000000000e+03 -4.900000000000000000e+04 -1.498786100000000054e+01 4.001099999999999796e-02 5.995343000000000089e+00 7.931999999999999815e-03 1.382529999999999870e-01 9.492999999999999702e-03 0.000000000000000000e+00 -2.743094200000000171e+01 6.393000000000000245e-03 2.509818553000000065e+03
0.000000000000000000e+00 4.000000000000000000e+03 -4.550000000000000000e+04 -1.519533999999999985e+01 4.184100000000000319e-02 5.965427000000000035e+00 7.774999999999999793e-03 2.756310000000000149e-01 5.973000000000000011e-03 0.000000000000000000e+00 -2.738796200000000169e+01 1.177600000000000001e-02 6.358573689999999488e+02
0.000000000000000000e+00 4.000000000000000000e+03 -4.550000000000000000e+04 -1.520051800000000064e+01 4.699400000000000105e-02 5.972207000000000043e+00 8.956000000000000419e-03 2.809369999999999923e-01 8.011000000000000759e-03 0.000000000000000000e+00 -2.739860600000000090e+01 1.553399999999999920e-02 6.565365510000000313e+02
0.000000000000000000e+00 4.000000000000000000e+03 -4.550000000000000000e+04 -1.519758700000000040e+01 4.749500000000000249e-02 5.972769999999999690e+00 8.314999999999999475e-03 2.739719999999999933e-01 8.014000000000000290e-03 0.000000000000000000e+00 -2.739216899999999910e+01 1.100300000000000063e-02 6.772167339999999740e+02
0.000000000000000000e+00 4.000000000000000000e+03 -4.550000000000000000e+04 -1.519856399999999930e+01 4.058799999999999908e-02 5.982651999999999859e+00 1.220899999999999937e-02 2.719900000000000095e-01 9.795999999999999153e-03 0.000000000000000000e+00 -2.738475800000000149e+01 1.159299999999999914e-02 6.978949169999999640e+02
0.000000000000000000e+00 4.000000000000000000e+03 -4.550000000000000000e+04 -1.521902200000000072e+01 6.022600000000000176e-02 5.963048999999999822e+00 8.007000000000000228e-03 3.030669999999999753e-01 7.275000000000000216e-03 0.000000000000000000e+00 -2.739433899999999866e+01 1.351699999999999950e-02 1.238441833999999972e+03
0.000000000000000000e+00 4.000000000000000000e+03 -4.550000000000000000e+04 -1.522011000000000003e+01 4.206800000000000123e-02 5.994856000000000407e+00 9.235999999999999419e-03 3.081749999999999767e-01 9.431999999999999412e-03 0.000000000000000000e+00 -2.738476299999999952e+01 9.216999999999999499e-03 1.259137017999999898e+03
0.000000000000000000e+00 4.000000000000000000e+03 -4.550000000000000000e+04 -1.521883399999999931e+01 6.503100000000000547e-02 5.988799000000000206e+00 8.965000000000000746e-03 2.805710000000000148e-01 8.654999999999999499e-03 0.000000000000000000e+00 -2.739045000000000130e+01 1.248800000000000084e-02 1.279829201999999896e+03
0.000000000000000000e+00 4.000000000000000000e+03 -4.550000000000000000e+04 -1.521667099999999984e+01 5.288799999999999751e-02 5.984188999999999758e+00 9.282999999999999585e-03 2.799659999999999926e-01 8.574999999999999289e-03 0.000000000000000000e+00 -2.739409600000000111e+01 1.714299999999999852e-02 1.300520385000000033e+03
0.000000000000000000e+00 4.000000000000000000e+03 -4.550000000000000000e+04 -1.521965100000000071e+01 5.379300000000000054e-02 5.988844000000000278e+00 6.656999999999999723e-03 2.715799999999999881e-01 6.997999999999999880e-03 0.000000000000000000e+00 -2.743853599999999915e+01 1.031800000000000078e-02 2.534408960000000206e+03
0.000000000000000000e+00 4.000000000000000000e+03 -4.550000000000000000e+04 -1.521112600000000015e+01 5.322400000000000048e-02 6.002793999999999741e+00 1.125400000000000011e-02 2.785759999999999903e-01 9.745999999999999455e-03 0.000000000000000000e+00 -2.743121999999999971e+01 9.834000000000000727e-03 2.555102143000000069e+03
0.000000000000000000e+00 4.000000000000000000e+03 -4.550000000000000000e+04 -1.521753000000000000e+01 4.317200000000000204e-02 6.000487999999999822e+00 1.133800000000000086e-02 2.946219999999999950e-01 7.533999999999999898e-03 0.000000000000000000e+00 -2.742643699999999995e+01 1.247499999999999998e-02 2.575792325999999775e+03
0.000000000000000000e+00 4.000000000000000000e+03 -4.550000000000000000e+04 -1.521846900000000069e+01 4.472700000000000287e-02 5.999793000000000376e+00 8.800999999999999795e-03 2.935090000000000199e-01 8.814000000000000654e-03 0.000000000000000000e+00 -2.742860699999999952e+01 1.518500000000000058e-02 2.596479510000000118e+03
0.000000000000000000e+00 4.000000000000000000e+03 -4.200000000000000000e+04 -1.542976600000000076e+01 5.540300000000000086e-02 6.003008999999999595e+00 9.419999999999999554e-03 4.264709999999999890e-01 5.377999999999999968e-03 0.000000000000000000e+00 -2.739620700000000042e+01 7.807999999999999836e-03 7.224713229999999839e+02
0.000000000000000000e+00 4.000000000000000000e+03 -4.200000000000000000e+04 -1.542398700000000034e+01 4.695799999999999974e-02 5.997314000000000256e+00 8.165999999999999648e-03 4.331329999999999902e-01 1.093000000000000048e-02 0.000000000000000000e+00 -2.741374100000000169e+01 1.054000000000000076e-02 7.431475050000000238e+02
0.000000000000000000e+00 4.000000000000000000e+03 -4.200000000000000000e+04 -1.542580899999999922e+01 5.732099999999999695e-02 5.980985999999999692e+00 1.180400000000000026e-02 4.547700000000000076e-01 1.299699999999999987e-02 0.000000000000000000e+00 -2.739338599999999957e+01 1.281400000000000074e-02 7.638256880000000137e+02
0.000000000000000000e+00 4.000000000000000000e+03 -4.200000000000000000e+04 -1.542232199999999942e+01 4.908300000000000163e-02 6.000096000000000096e+00 9.891999999999999751e-03 4.236960000000000170e-01 1.009799999999999934e-02 0.000000000000000000e+00 -2.738660099999999886e+01 1.178700000000000060e-02 7.845038710000000037e+02
0.000000000000000000e+00 4.000000000000000000e+03 -4.200000000000000000e+04 -1.544756800000000041e+01 5.222000000000000253e-02 5.992975000000000385e+00 1.045800000000000028e-02 4.383310000000000262e-01 7.807999999999999836e-03 0.000000000000000000e+00 -2.738950600000000080e+01 9.752000000000000252e-03 1.151784877999999935e+03
0.000000000000000000e+00 4.000000000000000000e+03 -4.200000000000000000e+04 -1.545106200000000030e+01 5.611200000000000215e-02 6.001539000000000179e+00 9.176999999999999394e-03 4.388940000000000063e-01 1.025900000000000076e-02 0.000000000000000000e+00 -2.738493199999999916e+01 7.700000000000000247e-03 1.172476061999999956e+03
0.000000000000000000e+00 4.000000000000000000e+03 -4.200000000000000000e+04 -1.544992500000000035e+01 4.586400000000000199e-02 6.015490999999999921e+00 9.986000000000000085e-03 4.582640000000000047e-01 8.054999999999999660e-03 0.000000000000000000e+00 -2.738395799999999980e+01 1.066499999999999913e-02 1.193166244999999890e+03
0.000000000000000000e+00 4.000000000000000000e+03 -4.200000000000000000e+04 -1.544900400000000040e+01 5.617599999999999677e-02 6.001903999999999684e+00 1.103299999999999940e-02 4.757149999999999990e-01 8.987999999999999462e-03 0.000000000000000000e+00 -2.737196799999999897e+01 9.155999999999999209e-03 1.213853427999999894e+03
0.000000000000000000e+00 4.000000000000000000e+03 -4.200000000000000000e+04 -1.545262699999999967e+01 4.533000000000000224e-02 5.981493999999999645e+00 9.013999999999999443e-03 4.242520000000000180e-01 9.299999999999999239e-03 0.000000000000000000e+00 -2.743418000000000134e+01 1.058899999999999945e-02 2.621070917000000009e+03
0.000000000000000000e+00 4.000000000000000000e+03 -4.200000000000000000e+04 -1.545205299999999937e+01 6.308400000000000118e-02 6.013103000000000087e+00 1.089999999999999997e-02 4.214709999999999845e-01 1.047200000000000041e-02 0.000000000000000000e+00 -2.744306600000000174e+01 1.535199999999999933e-02 2.641760099999999966e+03
0.000000000000000000e+00 4.000000000000000000e+03 -4.200000000000000000e+04 -1.545308600000000077e+01 5.937200000000000116e-02 6.014629000000000225e+00 1.281599999999999927e-02 4.224580000000000002e-01 8.779000000000000345e-03 0.000000000000000000e+00 -2.742583099999999874e+01 2.620600000000000013e-02 2.662447282999999970e+03
0.000000000000000000e+00 4.000000000000000000e+03 -4.200000000000000000e+04 -1.545494599999999963e+01 5.297400000000000025e-02 6.007768999999999693e+00 8.647000000000000172e-03 4.199309999999999987e-01 1.050099999999999992e-02 0.000000000000000000e+00 -2.743746300000000105e+01 1.753100000000000144e-02 2.683133466000000226e+03
0.000000000000000000e+00 4.000000000000000000e+03 -3.850000000000000000e+04 -1.565949799999999925e+01 3.425799999999999679e-02 5.998813000000000173e+00 7.618999999999999904e-03 5.573179999999999801e-01 7.295000000000000269e-03 0.000000000000000000e+00 -2.738881599999999850e+01 1.291300000000000087e-02 8.090812760000000026e+02
0.000000000000000000e+00 4.000000000000000000e+03 -3.850000000000000000e+04 -1.565920200000000051e+01 4.252399999999999930e-02 5.997957000000000427e+00 9.318999999999999159e-03 5.594949999999999646e-01 7.974999999999999450e-03 0.000000000000000000e+00 -2.739022699999999944e+01 9.554999999999999258e-03 8.297584590000000162e+02
0.000000000000000000e+00 4.000000000000000000e+03 -3.850000000000000000e+04 -1.565262399999999943e+01 5.090000000000000080e-02 5.991750999999999827e+00 1.178399999999999934e-02 5.596999999999999753e-01 8.259999999999999981e-03 0.000000000000000000e+00 -2.739073300000000089e+01 1.042700000000000050e-02 8.504356420000000298e+02
0.000000000000000000e+00 4.000000000000000000e+03 -3.850000000000000000e+04 -1.565290899999999930e+01 4.762000000000000260e-02 5.991458999999999868e+00 9.407999999999999696e-03 5.646820000000000173e-01 9.546999999999999931e-03 0.000000000000000000e+00 -2.738125600000000048e+01 2.418299999999999964e-02 8.711148249999999962e+02
0.000000000000000000e+00 4.000000000000000000e+03 -3.850000000000000000e+04 -1.568165600000000026e+01 4.566300000000000220e-02 6.002932999999999630e+00 9.488999999999999171e-03 5.970699999999999896e-01 7.793999999999999713e-03 0.000000000000000000e+00 -2.737456600000000151e+01 7.934000000000000080e-03 1.065111920999999938e+03
0.000000000000000000e+00 4.000000000000000000e+03 -3.850000000000000000e+04 -1.568898899999999941e+01 5.870399999999999924e-02 6.021214999999999762e+00 1.157299999999999995e-02 5.801899999999999835e-01 2.019800000000000068e-02 0.000000000000000000e+00 -2.738429599999999908e+01 2.074399999999999855e-02 1.085805104000000028e+03
0.000000000000000000e+00 4.000000000000000000e+03 -3.850000000000000000e+04 -1.568182000000000009e+01 6.221100000000000241e-02 6.001584000000000252e+00 1.046399999999999934e-02 5.710070000000000423e-01 1.095899999999999999e-02 0.000000000000000000e+00 -2.738132600000000139e+01 1.942800000000000082e-02 1.106499287999999979e+03
0.000000000000000000e+00 4.000000000000000000e+03 -3.850000000000000000e+04 -1.567782500000000034e+01 5.765100000000000086e-02 6.009625999999999912e+00 9.249999999999999542e-03 5.735700000000000243e-01 7.400000000000000328e-03 0.000000000000000000e+00 -2.738225999999999871e+01 7.667000000000000204e-03 1.127195472000000109e+03
0.000000000000000000e+00 4.000000000000000000e+03 -3.850000000000000000e+04 -1.569422199999999989e+01 4.039500000000000035e-02 6.013474999999999682e+00 1.198800000000000039e-02 5.584000000000000075e-01 9.922000000000000264e-03 0.000000000000000000e+00 -2.743267000000000166e+01 8.635999999999999580e-03 2.707720871999999872e+03
0.000000000000000000e+00 4.000000000000000000e+03 -3.850000000000000000e+04 -1.568959399999999960e+01 5.054100000000000259e-02 6.023036000000000278e+00 1.048600000000000053e-02 5.605689999999999840e-01 1.357500000000000026e-02 0.000000000000000000e+00 -2.744359800000000149e+01 1.584400000000000044e-02 2.728416056000000026e+03
0.000000000000000000e+00 4.000000000000000000e+03 -3.850000000000000000e+04 -1.569596400000000003e+01 5.386699999999999822e-02 6.052210999999999785e+00 1.212500000000000036e-02 5.755829999999999558e-01 1.347800000000000040e-02 0.000000000000000000e+00 -2.744096000000000046e+01 1.245800000000000032e-02 2.749106240000000071e+03
0.000000000000000000e+00 4.000000000000000000e+03 -3.850000000000000000e+04 -1.569109599999999993e+01 5.302300000000000069e-02 6.035032000000000174e+00 1.324499999999999983e-02 5.548779999999999824e-01 1.122399999999999960e-02 0.000000000000000000e+00 -2.742745000000000033e+01 1.445800000000000037e-02 2.769795423000000028e+03
0.000000000000000000e+00 4.000000000000000000e+03 -3.500000000000000000e+04 -1.589846099999999929e+01 3.560399999999999676e-02 6.001854999999999940e+00 7.753000000000000343e-03 7.029739999999999878e-01 6.949999999999999581e-03 0.000000000000000000e+00 -2.740284799999999876e+01 9.329999999999999752e-03 8.956942309999999452e+02
0.000000000000000000e+00 4.000000000000000000e+03 -3.500000000000000000e+04 -1.589750100000000010e+01 3.868400000000000311e-02 6.027953000000000117e+00 7.381000000000000408e-03 6.982180000000000053e-01 5.878000000000000412e-03 0.000000000000000000e+00 -2.740369199999999950e+01 1.082999999999999935e-02 9.163854139999999688e+02
0.000000000000000000e+00 4.000000000000000000e+03 -3.500000000000000000e+04 -1.589347500000000046e+01 5.695000000000000062e-02 6.040837999999999930e+00 8.727999999999999647e-03 7.041180000000000216e-01 7.252999999999999899e-03 0.000000000000000000e+00 -2.739155299999999826e+01 9.667000000000000245e-03 9.370735969999999497e+02
0.000000000000000000e+00 4.000000000000000000e+03 -3.500000000000000000e+04 -1.588715400000000066e+01 6.592499999999999749e-02 6.035529000000000366e+00 7.309999999999999658e-03 7.012570000000000192e-01 7.204000000000000334e-03 0.000000000000000000e+00 -2.738946699999999979e+01 1.071000000000000077e-02 9.577687809999999899e+02
0.000000000000000000e+00 4.000000000000000000e+03 -3.500000000000000000e+04 -1.589206700000000083e+01 4.143000000000000155e-02 6.011813000000000073e+00 7.376999999999999877e-03 6.942300000000000137e-01 8.139000000000000401e-03 0.000000000000000000e+00 -2.739460800000000162e+01 1.045600000000000002e-02 9.784589640000000372e+02
0.000000000000000000e+00 4.000000000000000000e+03 -3.500000000000000000e+04 -1.588943500000000064e+01 4.038499999999999729e-02 6.030488000000000071e+00 7.820999999999999827e-03 6.953939999999999566e-01 7.053000000000000241e-03 0.000000000000000000e+00 -2.740254499999999993e+01 6.641000000000000202e-03 9.991471480000000156e+02
0.000000000000000000e+00 4.000000000000000000e+03 -3.500000000000000000e+04 -1.588743900000000053e+01 5.046400000000000191e-02 6.031517000000000017e+00 8.116999999999999216e-03 7.022680000000000033e-01 7.995999999999999636e-03 0.000000000000000000e+00 -2.738936700000000002e+01 7.702999999999999778e-03 1.019836330999999973e+03
0.000000000000000000e+00 4.000000000000000000e+03 -3.500000000000000000e+04 -1.588312400000000046e+01 3.884800000000000059e-02 6.003072000000000408e+00 7.294000000000000136e-03 7.280050000000000132e-01 7.254000000000000031e-03 0.000000000000000000e+00 -2.738050600000000045e+01 8.425999999999999462e-03 1.040524513999999954e+03
0.000000000000000000e+00 4.000000000000000000e+03 -3.500000000000000000e+04 -1.593581700000000012e+01 5.016400000000000026e-02 6.034601000000000326e+00 9.809000000000000011e-03 7.227890000000000148e-01 7.797000000000000111e-03 0.000000000000000000e+00 -2.745181799999999939e+01 1.293300000000000005e-02 2.794383830000000216e+03
0.000000000000000000e+00 4.000000000000000000e+03 -3.500000000000000000e+04 -1.593072699999999919e+01 4.620500000000000301e-02 6.023638000000000048e+00 8.198999999999999691e-03 6.888130000000000086e-01 1.097500000000000038e-02 0.000000000000000000e+00 -2.744856499999999855e+01 1.163900000000000004e-02 2.815073013000000174e+03
0.000000000000000000e+00 4.000000000000000000e+03 -3.500000000000000000e+04 -1.593126600000000082e+01 3.384500000000000008e-02 6.031700999999999979e+00 8.932000000000000703e-03 7.021119999999999584e-01 1.057600000000000033e-02 0.000000000000000000e+00 -2.743413100000000071e+01 1.077999999999999965e-02 2.835765195999999833e+03
0.000000000000000000e+00 4.000000000000000000e+03 -3.500000000000000000e+04 -1.592986800000000081e+01 4.383200000000000290e-02 6.024753999999999721e+00 7.851999999999999605e-03 7.003629999999999578e-01 8.533000000000000654e-03 0.000000000000000000e+00 -2.743499999999999872e+01 1.142800000000000066e-02 2.856451379000000088e+03
