0.000000000000000000e+00 -3.970000000000000000e+03 -5.865400000000000000e+04 3.378353208384736917e+01 4.559675027708154360e-02 3.378237639999999686e+01 1.282842186942670208e-02 -1.421165865880206658e+00 8.839771609956350792e-03 -1.414974600000000082e+00 1.967888739131342865e-02 -6.620830584649783912e-02 1.443022238681629377e-02 -6.151180000000000536e-02 1.356243276628496357e-02 3.356410306894665752e+01 2.340478878559396764e-02 3.354433860000000323e+01 2.591042119032422111e-02 3.381319795810117057e+01 4.555839612226106339e-02 3.381208538409000397e+01 1.338933218513066806e-02
0.000000000000000000e+00 3.000000000000000000e+01 -5.865400000000000000e+04 3.379286526688733261e+01 4.467696841239004318e-02 3.379059660000000065e+01 1.402485835079995448e-02 -4.962331139978960470e-01 8.251067081993827476e-03 -5.343405999999998324e-01 1.270108753794727263e-01 1.040128884535452825e+00 7.680826500436731090e-03 1.040483800000000070e+00 6.203703026418992510e-03 3.356732478638688377e+01 2.707494194808462637e-02 3.355519379999999785e+01 2.787254266370369285e-02 3.381397228100997410e+01 4.464997824177853458e-02 3.381179194934927068e+01 1.358264437483516947e-02
0.000000000000000000e+00 4.030000000000000000e+03 -5.865400000000000000e+04 3.379610216545810886e+01 4.461126726795264924e-02 3.380078679999999736e+01 1.110141019600810290e-02 -1.346860915915646939e-01 7.304874561601126977e-03 -1.340127999999998210e-01 1.593527464902937466e-02 6.078614490418363797e-02 1.349028626561517979e-02 5.907019999999999632e-02 1.302671604971874890e-02 3.356035286238893889e+01 2.556344957155387565e-02 3.354766860000000150e+01 2.208808983502243140e-02 3.379644526448045383e+01 4.461083363876744423e-02 3.380112911893936456e+01 1.112184118686167927e-02
0.000000000000000000e+00 8.030000000000000000e+03 -5.865400000000000000e+04 3.377120386300543231e+01 4.233770828246434526e-02 3.377150900000000178e+01 1.328498606322192632e-02 1.346714906141046608e+00 8.319951805571946732e-03 1.346850400000000114e+00 1.185881045720867978e-02 -9.790685302505733878e-01 7.059211481975963612e-03 -9.799369999999999470e-01 6.037035712996906799e-03 3.353678408854019466e+01 2.679383398414992776e-02 3.353164699999999954e+01 1.942852433665637896e-02 3.381226361047396267e+01 4.228821162122381461e-02 3.381256927543672219e+01 1.299929790663746816e-02
4.000000000000000000e+03 -3.970000000000000000e+03 -5.865400000000000000e+04 3.379051738867887877e+01 4.468126360652711210e-02 3.379024600000000333e+01 2.001276467657457647e-03 -1.489496678966725440e+00 8.703404151938600244e-03 -1.490612599999999954e+00 1.053614680326744359e-02 2.938255988169442556e-01 1.288274944570935894e-02 2.985932000000000031e-01 1.448204561310314185e-02 3.357023221019465353e+01 2.835471050833533388e-02 3.357252400000000137e+01 1.002507121670436277e-02 3.382470539353466421e+01 4.463797032197724252e-02 3.382444518387983123e+01 1.971430796782231050e-03
4.000000000000000000e+03 3.000000000000000000e+01 -5.865400000000000000e+04 3.379053923657225766e+01 4.610588530413178149e-02 3.379102980000000400e+01 8.500712713649974731e-03 -7.207033369418762714e-01 7.766453048593390147e-03 -7.070190000000000641e-01 9.161756338879578632e-02 8.854977769069655169e-01 7.522415136030474389e-03 8.847331999999999974e-01 4.917775629286079940e-03 3.358217626352011820e+01 2.313058278418807928e-02 3.357764079999999751e+01 8.174612549840061873e-03 3.381059738660909630e+01 4.607937409165562687e-02 3.381050195588264984e+01 7.778745197995483827e-03
4.000000000000000000e+03 4.030000000000000000e+03 -5.865400000000000000e+04 3.381843579783051013e+01 4.379312217332226309e-02 3.381845160000000305e+01 8.564610090363424053e-04 -2.025243823375267593e-01 7.380215570530056224e-03 -1.996784000000001724e-01 1.246901871279379112e-02 -2.847867664557240386e-01 1.245802983542437271e-02 -2.833280000000000243e-01 1.510622211871650786e-02 3.355827463984906700e+01 2.800210995284881446e-02 3.355822840000000440e+01 5.420463315991759165e-03 3.382025045821093556e+01 4.379092416528520409e-02 3.382025058722134503e+01 8.200161943886736865e-04
4.000000000000000000e+03 8.030000000000000000e+03 -5.865400000000000000e+04 3.378563081205873431e+01 4.300981475170812668e-02 3.378634819999999905e+01 3.383352440996968170e-03 1.261454325995158054e+00 8.976754808707172392e-03 1.263657600000000159e+00 8.549469378856125804e-03 -7.852298562430864992e-01 6.844868467554425344e-03 -7.864711999999999259e-01 8.982900892250783934e-03 3.356631909384697110e+01 2.428961747508153260e-02 3.356578340000000082e+01 6.416995641263433837e-03 3.381839398885007597e+01 4.296985075045174629e-02 3.381912637917553610e+01 3.318565165610800997e-03
8.000000000000000000e+03 -3.970000000000000000e+03 -5.865400000000000000e+04 3.379277960961335481e+01 4.170424222012199950e-02 3.379219740000000627e+01 2.504623057466659995e-03 -1.517204447425986480e+00 8.130025013476739615e-03 -1.512475400000000025e+00 2.210129321465150246e-02 2.374502797898646600e-01 1.352517506678660962e-02 2.356347999999999776e-01 1.492279706489367357e-02 3.357728876090431669e+01 2.538038851025188961e-02 3.357723339999999723e+01 4.487723638996000963e-03 3.382737714392341388e+01 4.166333983273506902e-02 3.382689112804447262e+01 2.064415860070871727e-03
8.000000000000000000e+03 3.000000000000000000e+01 -5.865400000000000000e+04 3.378645778968739677e+01 4.235690116966843444e-02 3.378678299999999979e+01 5.200161420571299160e-03 -7.458136994777394557e-01 8.587563029863326536e-03 -7.372533999999999477e-01 7.901115506850905912e-02 8.424078197585098682e-01 7.017668223626226387e-03 8.454470000000000596e-01 5.870577050001129192e-03 3.357909068993976831e+01 2.561931522833900410e-02 3.357797680000000184e+01 7.974140821429517509e-03 3.380497596164241259e+01 4.233452003489149990e-02 3.380577103578536935e+01 4.755067836876709399e-03
8.000000000000000000e+03 4.030000000000000000e+03 -5.865400000000000000e+04 3.382908243742816268e+01 4.170429134939718924e-02 3.382874420000000271e+01 1.092419626334390674e-03 -2.344022829736184532e-01 7.385028129232829378e-03 -2.378893999999998898e-01 1.846593992083794475e-02 -1.589239613556132635e-01 1.189725842386814107e-02 -1.595031999999999839e-01 1.821090938805637952e-02 3.356453945430921237e+01 2.425321772719305630e-02 3.356473140000000654e+01 8.259436449298208222e-03 3.383033327771813958e+01 4.170282507580883036e-02 3.382999641451958439e+01 1.080071978468374405e-03
8.000000000000000000e+03 8.030000000000000000e+03 -5.865400000000000000e+04 3.378314902791279195e+01 4.572148015149198746e-02 3.378392019999999718e+01 6.213521339787125147e-03 1.245116574973070600e+00 8.311948601032988562e-03 1.249172600000000077e+00 1.734596425858182453e-02 -7.811631103712796120e-01 7.017764423900760967e-03 -7.824057999999999291e-01 1.392978555972775381e-02 3.357584443773649241e+01 2.444426705486409460e-02 3.357568979999999925e+01 5.051648635840950800e-03 3.381518196543831323e+01 4.567952090502366141e-02 3.381608850203231498e+01 6.075363100776256554e-03
1.200000000000000000e+04 -3.970000000000000000e+03 -5.865400000000000000e+04 3.379582140221959463e+01 4.378186054032845442e-02 3.379571220000000409e+01 2.054816814220314976e-03 -1.678670796955153754e+00 9.294169429924836745e-03 -1.670467999999999620e+00 3.932615621567910058e-02 1.361333502186040378e-01 1.289524554741892579e-02 1.340978000000000725e-01 2.292864952717453206e-02 3.356989257993447495e+01 2.437295887172755485e-02 3.356885119999999745e+01 4.599443959872088865e-03 3.383771027472926818e+01 4.373013844844900189e-02 3.383735910763734012e+01 3.288321238306345443e-03
1.200000000000000000e+04 3.000000000000000000e+01 -5.865400000000000000e+04 3.378276038295571482e+01 4.655660756576249226e-02 3.378167679999999962e+01 5.061061335332949288e-03 -8.871572031744271447e-01 7.684340626549607776e-03 -8.839058000000001858e-01 9.043224604276950407e-02 8.925490763139943828e-01 7.299703134817030203e-03 8.953573999999999700e-01 1.104497401355022078e-02 3.357664005133317175e+01 2.751849970081804084e-02 3.357351160000000334e+01 1.129372159476260164e-02 3.380673199461298850e+01 4.652457466198830355e-02 3.380558807033791879e+01 6.311952188624489306e-03
1.200000000000000000e+04 4.030000000000000000e+03 -5.865400000000000000e+04 3.384506194806007073e+01 4.576761495305283617e-02 3.384493919999999889e+01 1.724525975448461777e-03 -3.923830013475312350e-01 7.834385458602712363e-03 -4.086161999999999850e-01 3.559723060211283235e-02 -9.329260402142057484e-02 1.250757622212158096e-02 -9.282999999999992646e-02 1.156541088331928223e-02 3.357402368729834308e+01 2.540341518029234566e-02 3.357465159999999571e+01 7.333319129834530749e-03 3.384771571440753490e+01 4.576415530939558635e-02 3.384761585196990552e+01 1.641581260656983440e-03
1.200000000000000000e+04 8.030000000000000000e+03 -5.865400000000000000e+04 3.380079067637613122e+01 4.611611232039290048e-02 3.379870220000000103e+01 9.008349656846216871e-03 1.148684053613600264e+00 7.875542807963436739e-03 1.137543599999999877e+00 4.472896553308600143e-02 -8.097409877750654239e-01 7.239092307410630728e-03 -8.093761999999999901e-01 8.952644840492662501e-03 3.358578247726924104e+01 2.481718258862519039e-02 3.358413679999999601e+01 8.365912481014037283e-03 3.382940169262782604e+01 4.607821960086596474e-02 3.382764776687685071e+01 8.064764522684180967e-03
1.600000000000000000e+04 -3.970000000000000000e+03 -5.865400000000000000e+04 3.380451333839901906e+01 4.488978220815440651e-02 3.380626219999999904e+01 4.547408453174082640e-03 -1.821540159341239251e+00 8.372336442689556207e-03 -1.810876799999999731e+00 9.599764969383370317e-02 8.040130093067957007e-02 1.368142940987102790e-02 8.008020000000000416e-02 1.276115102723880332e-02 3.358668271729911936e+01 2.472007563756630291e-02 3.358748359999999877e+01 6.881538415209036835e-03 3.385535670034914091e+01 4.482506972077254792e-02 3.385537832651014867e+01 1.247578626095033729e-03
1.600000000000000000e+04 3.000000000000000000e+01 -5.865400000000000000e+04 3.378574105532520377e+01 4.569508742743003116e-02 3.378715939999999307e+01 9.414891728533962209e-03 -1.014115733725454271e+00 8.361398834792690624e-03 -9.976159999999998362e-01 1.130278737643950204e-01 9.129967375965389875e-01 6.851860715385579316e-03 9.149622000000000588e-01 8.654185769903496861e-03 3.357776483840358139e+01 2.467757625477797270e-02 3.357681920000000275e+01 3.620843097954675946e-03 3.381437547154309442e+01 4.565761443029962841e-02 3.381502797900547819e+01 6.556531676073435073e-03
1.600000000000000000e+04 4.030000000000000000e+03 -5.865400000000000000e+04 3.387014000473934772e+01 4.797177412077074932e-02 3.387029799999999824e+01 1.118547316835469653e-03 -5.307728422272230961e-01 7.578248897121198611e-03 -5.270321999999998397e-01 4.733567536266915232e-02 -4.458022758236072219e-02 1.271046670527976701e-02 -4.655120000000003561e-02 1.525385344232726807e-02 3.357441396814041212e+01 2.494101254009933530e-02 3.357614260000000428e+01 1.228483663139272146e-02 3.387462185329971476e+01 4.796561360076421338e-02 3.387457618416861749e+01 9.076395483939842098e-04
1.600000000000000000e+04 8.030000000000000000e+03 -5.865400000000000000e+04 3.381249382871453690e+01 4.329562892370898697e-02 3.381300620000000379e+01 1.015105661692459332e-02 9.923153615990499832e-01 8.756732159371751617e-03 1.003544399999999781e+00 7.036175953641279901e-02 -8.061313330557390300e-01 8.001205076713736875e-03 -8.007128000000000023e-01 1.265141434543980495e-02 3.358302616636988347e+01 2.361755323426174141e-02 3.358207960000000014e+01 6.573743063126019984e-03 3.383737981792378235e+01 4.326510119475696081e-02 3.383767439716800851e+01 8.329782344591819473e-03
2.000000000000000000e+04 -3.970000000000000000e+03 -5.865400000000000000e+04 3.383688514264011360e+01 4.830503969201723619e-02 3.383726040000000523e+01 4.192538522183823085e-03 -1.814622711984336112e+00 8.623167570619308039e-03 -1.779824800000000096e+00 7.886985572219609719e-02 4.556191293174092355e-02 1.328030844581564764e-02 4.651520000000006899e-02 2.538536961401190173e-02 3.356721138290951245e+01 2.447556904953095136e-02 3.356751020000000096e+01 4.915644651518649190e-03 3.388389757546380565e+01 4.824022183275475384e-02 3.388447498297306026e+01 2.017563637450279623e-03
2.000000000000000000e+04 3.000000000000000000e+01 -5.865400000000000000e+04 3.380458297057170824e+01 4.792195988673830093e-02 3.380334020000000095e+01 9.454435643653591112e-03 -9.415274904078455576e-01 8.542408333167893913e-03 -9.471156000000000574e-01 9.781977155391441414e-02 9.368493951158451960e-01 6.679350734371278762e-03 9.402627999999999542e-01 9.852030259799257964e-03 3.356503437410682267e+01 2.224239267742534470e-02 3.356732619999999656e+01 1.218493230756698825e-02 3.383141088094441784e+01 4.788497835133972980e-02 3.383024727361315342e+01 8.955475906363578875e-03
2.000000000000000000e+04 4.030000000000000000e+03 -5.865400000000000000e+04 3.390331916551037494e+01 4.335570312221809913e-02 3.390391819999999967e+01 2.855988469864455780e-03 -4.891219058785671314e-01 8.255836832385617802e-03 -5.097004000000001644e-01 6.152905036289773449e-02 7.935958890645007299e-03 1.269150348959527212e-02 9.991000000000038045e-03 1.791316104990960112e-02 3.357315166653708616e+01 2.569208577204595834e-02 3.357462280000000021e+01 7.665870285884264154e-03 3.390751154180909310e+01 4.335059156595209851e-02 3.390799316054701507e+01 2.392834056558332170e-03
2.000000000000000000e+04 8.030000000000000000e+03 -5.865400000000000000e+04 3.380245270194595975e+01 4.726744149270378087e-02 3.380205740000000247e+01 8.814516745688035296e-03 1.080641467454485527e+00 7.666083565809916900e-03 1.072666600000000026e+00 6.124573455074235062e-02 -8.542415561513844180e-01 7.339098127922700707e-03 -8.518078000000001149e-01 8.098237699648012586e-03 3.357235892398516341e+01 2.386112227077703124e-02 3.357195759999999751e+01 8.002599325218831897e-03 3.383056255059869244e+01 4.722918816729792385e-02 3.383002531676244473e+01 7.729353837050802374e-03
2.400000000000000000e+04 -3.970000000000000000e+03 -5.865400000000000000e+04 3.387484626715261271e+01 4.377990050640608727e-02 3.387511339999999649e+01 3.309706838982560441e-03 -1.666780482187494750e+00 9.415110201502905479e-03 -1.661673600000000306e+00 4.963682362178305912e-02 -6.497991198019964498e-02 1.292214096167717576e-02 -6.216840000000001254e-02 1.691835801902780503e-02 3.356326131823060166e+01 2.637452254236647559e-02 3.356511700000000076e+01 1.193617170620447573e-02 3.391617520456120616e+01 4.372929425204823833e-02 3.391606346130079430e+01 1.950115320622792517e-03
2.400000000000000000e+04 3.000000000000000000e+01 -5.865400000000000000e+04 3.381178746477802122e+01 4.776819586692865327e-02 3.381271560000000420e+01 1.099040519089290562e-02 -8.764554093619115749e-01 7.664685947518326027e-03 -8.704810000000000603e-01 5.728448902189831743e-02 9.790677571744079710e-01 6.917852644048911800e-03 9.790957999999999606e-01 1.027390795851314785e-02 3.356831085771959522e+01 2.685013183618832622e-02 3.356886419999999305e+01 8.056425779463230810e-03 3.383770275730290678e+01 4.773251641287255820e-02 3.383828669958492696e+01 1.103018143420711125e-02
2.400000000000000000e+04 4.030000000000000000e+03 -5.865400000000000000e+04 3.394562841513001672e+01 4.898110347715430718e-02 3.394552960000000041e+01 1.760815737095019996e-03 -4.008340767279379713e-01 8.134676320347877104e-03 -4.045723999999999987e-01 5.019581195836950172e-02 1.122281980238688665e-01 1.248586543983867467e-02 1.108655999999998976e-01 1.335998432109862695e-02 3.357291007647559411e+01 2.330681616000114184e-02 3.357424540000000235e+01 7.145486481689008497e-03 3.394829377618252408e+01 4.897737694359750871e-02 3.394828045454089960e+01 1.487378792129293937e-03
2.400000000000000000e+04 8.030000000000000000e+03 -5.865400000000000000e+04 3.381730164384387649e+01 4.398936746973010348e-02 3.381819359999999364e+01 3.962599596224648454e-03 1.145344500268476562e+00 8.568165458583996280e-03 1.140361200000000075e+00 2.917496849595563671e-02 -9.145772480354836809e-01 6.802935084695284178e-03 -9.128163999999999723e-01 7.476596917047209287e-03 3.358509336562553926e+01 2.427246158538338278e-02 3.358549340000000427e+01 7.658711971343556274e-03 3.384862513496041458e+01 4.395003835380161678e-02 3.384977795143201007e+01 4.989347097351947563e-03
2.800000000000000000e+04 -3.970000000000000000e+03 -5.865400000000000000e+04 3.391000180227023719e+01 4.407057635400241091e-02 3.390848220000000168e+01 1.083579840805463587e-02 -1.499333075553173966e+00 8.894436559620541236e-03 -1.495953599999999772e+00 1.025675443110534227e-02 -1.905651191213319218e-01 1.510656928502110592e-02 -1.905499999999999972e-01 7.949530168506869707e-03 3.354605578005321576e+01 2.587705214231009535e-02 3.354282700000000261e+01 2.077144519526674671e-02 3.394361466299736207e+01 4.402879809217832840e-02 3.394200940993949445e+01 1.109100336764781876e-02
2.800000000000000000e+04 3.000000000000000000e+01 -5.865400000000000000e+04 3.381183943182519158e+01 4.936174387481796766e-02 3.381128700000000720e+01 7.109305739663124811e-03 -7.178142001639052916e-01 8.228973463951735207e-03 -7.202249999999998931e-01 2.670211886723598133e-02 1.034229294261499010e+00 7.306747933712730118e-03 1.033909599999999873e+00 7.318938014493640322e-03 3.355630945955301314e+01 2.472874056325868874e-02 3.354574639999999874e+01 2.313620307786131217e-02 3.383535904081914225e+01 4.932828647878037542e-02 3.383480294393975640e+01 7.069329297192257847e-03
2.800000000000000000e+04 4.030000000000000000e+03 -5.865400000000000000e+04 3.397324162936566694e+01 4.540775284954799013e-02 3.397420560000000478e+01 1.241376464091408643e-02 -3.184086264445756265e-01 7.600473564449678789e-03 -3.169966000000004058e-01 1.095781106608424704e-02 2.042301201724439907e-01 1.273867244003974546e-02 2.034454000000000262e-01 4.211099162926452109e-03 3.354753837934573824e+01 2.473489417105213806e-02 3.353872379999999964e+01 1.674696924640432794e-02 3.397531252578713890e+01 4.540512040331986382e-02 3.397630154586391882e+01 1.248924454473323079e-02
2.800000000000000000e+04 8.030000000000000000e+03 -5.865400000000000000e+04 3.379913182883136358e+01 4.548145105167199220e-02 3.379990619999999524e+01 1.429798439431171839e-02 1.194833371797638488e+00 8.419769038342917941e-03 1.194205800000000206e+00 5.733777048333765607e-03 -9.318310514844260206e-01 7.393570563057236603e-03 -9.317004000000000952e-01 7.510095722425904306e-03 3.353302091033935284e+01 2.636430871592515546e-02 3.353417600000000220e+01 2.897721933346991685e-02 3.383305602024275771e+01 4.543729742237763436e-02 3.383383239028969314e+01 1.425555220671389893e-02
