4.525000000000000000e+03 4.050000000000000000e+03 -7.000000000000000000e+04 3.397974513720254919e+01 4.450105980118228971e-02 3.398062007212151769e+01 5.093444826523245601e-03 -8.392294119015210330e-02 9.035410775094730382e-03 -9.163464856169441231e-02 2.495900434534359738e-02 -3.655486182693932218e-01 8.993302718171057239e-03 -3.655724825527140176e-01 6.996290667956271518e-03 3.269687377531213457e+01 1.477237992566033699e-02 3.269603033333333286e+01 7.311423535201710261e-03 3.398183476547993109e+01 4.449843649439958609e-02 3.398272981253848002e+01 5.040288462380067801e-03
4.525000000000000000e+03 4.050000000000000000e+03 -6.650000000000000000e+04 3.398568292652982592e+01 4.464612455011059827e-02 3.398531426115219745e+01 1.347588050900488076e-03 -2.251757269876620768e-02 7.435223023587240153e-03 -2.230929140516864709e-02 3.440813839961746889e-02 2.944931624049257346e-02 8.066356377685497681e-03 2.782509907928994511e-02 7.892814621614504395e-03 3.272221102596490994e+01 1.274125407656818976e-02 3.272088199999999603e+01 4.224024660596687429e-03 3.398573106316285219e+01 4.464606302986561664e-02 3.398536964475990629e+01 1.331153274120116864e-03
4.525000000000000000e+03 4.050000000000000000e+03 -6.300000000000000000e+04 3.398721188471601806e+01 3.668658875031095140e-02 3.398729713480962999e+01 6.550587110751380365e-04 8.570663462982505698e-03 8.113310488109710950e-03 1.653234072534222722e-03 1.867395731955920693e-02 4.603528066153579623e-02 6.397874210663325768e-03 4.518801560369774956e-02 5.422948163036998316e-03 3.270751723133582090e+01 1.043940914778501879e-02 3.270687000000000211e+01 1.250347684978863737e-03 3.398725367939341879e+01 3.668654523230556463e-02 3.398733834062899462e+01 6.510328197413074508e-04
4.525000000000000000e+03 4.050000000000000000e+03 -5.950000000000000000e+04 3.398754919620729709e+01 3.654378392923821051e-02 3.398741207983727008e+01 7.931677360920450686e-04 2.046654232224694517e-02 7.104670137931126152e-03 2.154707421883965066e-02 1.302565583582119581e-02 4.159350423480922404e-02 6.853404044231953610e-03 4.299024029254357865e-02 1.443083841370523986e-02 3.272174798820901742e+01 1.337330113388869590e-02 3.272273500000000013e+01 2.868492693617798444e-03 3.398759732651492271e+01 3.654373429510492793e-02 3.398745721747517479e+01 8.074575820093262898e-04
4.525000000000000000e+03 4.050000000000000000e+03 -5.600000000000000000e+04 3.398734076783182445e+01 4.857014223909873751e-02 3.398746835938316480e+01 1.569440455578143207e-03 1.981626368934094259e-02 9.369458813406734976e-03 1.711599888980745374e-02 8.794329852475277903e-03 4.048406727391707510e-02 8.013428992913709109e-03 3.903375622809172191e-02 6.430886511552092594e-03 3.269676444095004797e+01 1.479495917302391279e-02 3.269247499999999462e+01 1.110992020673313811e-02 3.398736990130153401e+01 4.857010172397108194e-02 3.398749857506064842e+01 1.581333210645264123e-03
4.525000000000000000e+03 4.050000000000000000e+03 -5.250000000000000000e+04 3.398511499941745484e+01 4.364936946714199906e-02 3.398456869537076130e+01 1.919659822233275165e-03 2.955774513159176164e-02 7.301766467261596935e-03 3.048889627133425859e-02 7.771294511328092486e-03 4.211168123862154417e-02 7.627915119728594096e-03 4.031508818026333790e-02 8.547945601565628410e-03 3.270744434100438980e+01 1.356227248508342850e-02 3.270572966666666304e+01 3.875788622261780100e-03 3.398515696781898754e+01 4.364931717329267186e-02 3.398461021132018800e+01 1.918998360100027372e-03
4.525000000000000000e+03 4.050000000000000000e+03 -4.900000000000000000e+04 3.398046053508947040e+01 3.612131348503672124e-02 3.398047135697436971e+01 2.436314246890705713e-04 2.308057468357300676e-02 7.168364382946367311e-03 2.401541315603239468e-02 3.390035765909582728e-03 2.788498015305813579e-02 7.193856677637222585e-03 2.851371362852998456e-02 8.561454498135707622e-03 3.270098417255412215e+01 1.263212203087925312e-02 3.270203733333332963e+01 1.688668541911691242e-03 3.398048179409031633e+01 3.612129182354414936e-02 3.398049430169830742e+01 2.517364507144536777e-04
4.525000000000000000e+03 4.050000000000000000e+03 -4.550000000000000000e+04 3.397742655857077665e+01 3.948009406210173378e-02 3.397729090888071113e+01 4.687114783477669606e-04 3.326082410237090475e-02 7.560584601906288234e-03 3.399441992375754756e-02 6.974501279404894324e-03 3.462811396780486606e-02 6.833881483671056314e-03 3.261708076457825456e-02 1.100420761993027921e-02 3.272162734178072441e+01 1.177602083991662746e-02 3.272144366666666571e+01 1.235070353371784096e-03 3.397746723050669715e+01 3.948004863830919392e-02 3.397732856591261452e+01 4.675241298041482563e-04
4.525000000000000000e+03 4.050000000000000000e+03 -4.200000000000000000e+04 3.396879073810188743e+01 4.662905634214690315e-02 3.396842884783973915e+01 1.779232091919741949e-03 -8.970077147274727047e-03 9.635530160577759212e-03 -8.335029818579956298e-03 1.460234085969940032e-02 4.181948482534261768e-02 7.726236292461935787e-03 4.082573393299263748e-02 8.943050177043587387e-03 3.269765796385633649e+01 1.405808569911201622e-02 3.269981533333333346e+01 1.748169639302151260e-02 3.396882596394506493e+01 4.662900968523612383e-02 3.396846303489782315e+01 1.788176250951632349e-03
4.525000000000000000e+03 4.050000000000000000e+03 -3.850000000000000000e+04 3.395956426645357595e+01 3.807202941714505490e-02 3.395940457973892990e+01 8.495626276664953796e-04 5.200551026608825692e-03 7.641681760688035993e-03 6.042988656992005943e-03 5.782294504022459508e-03 3.464527695702918769e-02 7.126444418105967391e-03 3.284066985722811083e-02 1.472966804141998681e-02 3.271245344191771665e+01 1.177588238373361400e-02 3.271407866666666564e+01 2.438728174912113689e-03 3.395958999008565371e+01 3.807200161101550323e-02 3.395942836955094180e+01 8.633234348851624284e-04
4.525000000000000000e+03 4.050000000000000000e+03 -3.500000000000000000e+04 3.395620947804079748e+01 3.724948835326218760e-02 3.395499189653346406e+01 3.254863941082003324e-03 -1.123917100021261384e-02 6.931687245601322878e-03 -1.256076044315198280e-02 1.255696306616285035e-02 3.409766958812945892e-02 7.102279678921095962e-03 3.539355905106011946e-02 6.113223404324802900e-03 3.271201295185292679e+01 1.235689277334592155e-02 3.270994766666666465e+01 7.145115448877884141e-03 3.395623749323284102e+01 3.724945909640409863e-02 3.395501841013349065e+01 3.257590824573214274e-03
