0.000000000000000000e+00 4.050000000000000000e+03 -7.000000000000000000e+04 3.394243886685104172e+01 5.122412371213220378e-02 3.394356822807361596e+01 1.588791210169913579e-02 -9.705939208253046291e-02 1.116957930401569869e-02 -9.926563681592792676e-02 2.877512788709586308e-02 -2.546043524932136703e-01 1.879898288005746321e-02 -2.540708258822294563e-01 2.629986653309087773e-03 3.262487302379297915e+01 3.737470923998326838e-02 3.261639633333333421e+01 2.490585688369385473e-02 3.394355410358713243e+01 5.122266443067227670e-02 3.394468884466974146e+01 1.586891285925919742e-02
0.000000000000000000e+00 4.050000000000000000e+03 -6.650000000000000000e+04 3.393073877994221732e+01 4.160138521999031530e-02 3.392184113591386563e+01 4.391145616899870541e-02 -5.165561429142891819e-02 8.778443885838125432e-03 -6.149069938353690645e-02 3.567218234078491784e-02 3.084495729371464906e-02 1.639229198878453322e-02 3.098271193778245891e-02 3.944365974613671909e-03 3.261705870791119821e+01 2.932801816399958211e-02 3.260756566666666600e+01 4.015071825980037756e-02 3.393085519110756820e+01 4.160125304993392975e-02 3.392194886222731753e+01 4.396038193764528756e-02
0.000000000000000000e+00 4.050000000000000000e+03 -6.300000000000000000e+04 3.395801446403634571e+01 3.663295489913841185e-02 3.395802830368047864e+01 6.031201799028153461e-03 3.807787542689585088e-03 6.777639736880401548e-03 1.512111689098224023e-03 2.563384957305594319e-02 3.309382492181515978e-02 1.718725119266320545e-02 3.055563091613337431e-02 1.683693065300886568e-02 3.265888910650401300e+01 3.044761033451845109e-02 3.265560033333333223e+01 9.227790947881373690e-03 3.395806018664952575e+01 3.663291238743360961e-02 3.395806977873315446e+01 6.042063499711637815e-03
0.000000000000000000e+00 4.050000000000000000e+03 -5.950000000000000000e+04 3.388290346319895718e+01 3.970588986598672099e-02 3.387861511654863733e+01 4.212071430619042378e-02 1.632057905875319154e-02 8.348606985796853605e-03 1.524674109648582743e-02 1.121284382930948405e-02 2.438281869370600985e-02 1.485667233921616169e-02 2.448954455708773903e-02 4.078096020359483868e-03 3.256969174391763033e+01 2.825625310551444294e-02 3.258185633333332731e+01 3.106801200770669194e-02 3.388291931266320489e+01 3.970587326726501831e-02 3.387863160333868962e+01 4.211963924399021036e-02
0.000000000000000000e+00 4.050000000000000000e+03 -5.600000000000000000e+04 3.389204590413230278e+01 5.622181952201910082e-02 3.388529997755539824e+01 3.742199983124300938e-02 4.030955031559602803e-02 1.008638308656858822e-02 3.980692591070086189e-02 1.226586837999849369e-02 1.439769333011175871e-02 1.790470262994473330e-02 1.529300113694520569e-02 1.149917418980831883e-03 3.257661515339798086e+01 3.789302468468341845e-02 3.257613733333332817e+01 2.789986306617278297e-02 3.389207961666550517e+01 5.622176665498563458e-02 3.388533126748961166e+01 3.743186114785880536e-02
0.000000000000000000e+00 4.050000000000000000e+03 -5.250000000000000000e+04 3.390379376365689978e+01 4.732340219262395897e-02 3.389917530213221397e+01 3.574190398668361524e-02 5.752396840774690046e-02 8.619312718302593254e-03 5.629693494527495540e-02 1.296352895452411967e-02 2.188975095936233906e-02 1.915809942413676525e-02 2.151522736724720275e-02 7.615217178403559800e-03 3.257385792475513142e+01 3.702387255022145107e-02 3.257908566666666417e+01 2.394111635752286041e-02 3.390384966558557522e+01 4.732332902133509767e-02 3.389923555240472552e+01 3.573817143363574450e-02
0.000000000000000000e+00 4.050000000000000000e+03 -4.900000000000000000e+04 3.392016812080162680e+01 3.559238712876203192e-02 3.391505319061929669e+01 4.323917794874995030e-02 3.059895186153984564e-02 7.083947490932105892e-03 3.408545280967079094e-02 1.537166606735691429e-02 2.755582882913213544e-02 1.611913874891236428e-02 2.808967400033283643e-02 3.614183443513990703e-03 3.260476907398038549e+01 2.811689620080137786e-02 3.261650266666666198e+01 3.776739047702884489e-02 3.392020373328953298e+01 3.559235379947186390e-02 3.391508930214397566e+01 4.323974973022031570e-02
0.000000000000000000e+00 4.050000000000000000e+03 -4.550000000000000000e+04 3.390976279323492548e+01 3.916840256490288635e-02 3.391351805134786446e+01 3.906871483266632222e-02 2.339550545604150364e-02 7.509453518704902950e-03 2.370796831080212996e-02 5.216665921582504424e-03 2.909810211294772131e-02 1.850818139771352386e-02 2.701809281985743591e-02 6.003879818515313847e-03 3.262590086018379765e+01 3.158619712126329443e-02 3.262314399999999637e+01 5.006976246198784758e-02 3.390978408130090571e+01 3.916838150904308757e-02 3.391353896637014032e+01 3.906846556182601987e-02
0.000000000000000000e+00 4.050000000000000000e+03 -4.200000000000000000e+04 3.388235192898829951e+01 4.760128559103146001e-02 3.388808684348276046e+01 3.652718813603878650e-02 -6.362301600608773547e-03 1.002790816792853250e-02 -3.178714963976444260e-03 1.312189923034730830e-02 1.308407833348708763e-02 1.810123010999285798e-02 1.271803043449530775e-02 4.283587984223955966e-03 3.259028644628224214e+01 3.050841100761112965e-02 3.260131533333333920e+01 4.562384300755231020e-02 3.388236081392446408e+01 4.760127422063398228e-02 3.388809501005020053e+01 3.652322167807890707e-02
0.000000000000000000e+00 4.050000000000000000e+03 -3.850000000000000000e+04 3.390223787239185782e+01 4.605544412032286372e-02 3.389655669340280753e+01 4.211399576551073942e-02 -3.004251213870693608e-03 8.418077060006412538e-03 -2.831327802957694928e-03 1.420998439722516611e-02 2.435998078390116950e-02 1.845432540478341918e-02 2.660526220979498799e-02 8.434729356376105894e-03 3.261388555286877278e+01 2.868021056896900151e-02 3.261518633333333383e+01 4.393440286507783316e-02 3.390225717575463449e+01 4.605542133417255685e-02 3.389657532580605448e+01 4.210713319407367178e-02
0.000000000000000000e+00 4.050000000000000000e+03 -3.500000000000000000e+04 3.391001866201307280e+01 3.809917345335313982e-02 3.390799480218668549e+01 1.194061738908633145e-02 -4.193260692490922113e-03 6.450729402366742020e-03 -3.848341643127935804e-03 1.062567028851850101e-02 3.461883648793300655e-02 1.937561756638729246e-02 3.676583076166019953e-02 6.317131404049020071e-03 3.262033734994129475e+01 3.478113351132303827e-02 3.260877699999999635e+01 2.709828998909997663e-02 3.391004260351701305e+01 3.809915287794750360e-02 3.390801946351757579e+01 1.193485654059261818e-02
