3.400000000000000000e+03 -3.850000000000000000e+03 -7.203200000000000000e+04 3.401921766694868410e+01 3.383111629826799499e-02 3.402045110070893230e+01 4.480064106937874102e-03 -1.645311077854934856e-01 7.184682420272012031e-03 -1.658447565046429206e-01 2.247487586132121060e-02 1.288471882625419063e-01 9.427837670336834328e-03 1.314788724851898016e-01 1.692288118489513118e-02 3.281768839943791249e+01 3.098193200113282322e-02 3.280129037499999356e+01 1.848958876632391182e-02 3.401994921030173913e+01 3.383043574423987704e-02 3.402119074502179785e+01 4.560517354904365488e-03
3.400000000000000000e+03 -3.850000000000000000e+03 -5.203200000000000000e+04 3.402367895515028096e+01 4.196907598691055480e-02 3.402368550957253035e+01 3.776517835564784965e-03 3.462487682735383016e-02 8.143931487266505009e-03 3.968815358060984178e-02 1.489838841455552731e-02 -6.668228957907183785e-02 1.040142419273545546e-02 -6.636071691160017050e-02 7.429256564246891799e-03 3.281574582398391726e+01 3.174733892120409906e-02 3.280228250000000401e+01 1.761523415865585279e-02 3.402379478040611360e+01 4.196894089669385430e-02 3.402380188123586890e+01 3.780030451825751488e-03
3.400000000000000000e+03 -3.850000000000000000e+03 -3.203200000000000000e+04 3.398447301671896525e+01 3.404667981313948960e-02 3.398510740381306050e+01 4.105972436404384251e-03 1.298551751614443750e-01 8.114897007353565062e-03 1.261573556907900073e-01 2.346855392938108562e-02 -6.620500912349454314e-02 1.053355507742034965e-02 -6.511957045207500405e-02 1.213172976964176780e-02 3.280963747114714835e+01 3.104983976618487518e-02 3.279890137499999980e+01 1.577886705820925883e-02 3.398484513763853698e+01 3.404633233389374458e-02 3.398547586045212654e+01 4.065543172021671668e-03
3.400000000000000000e+03 1.500000000000000000e+02 -7.203200000000000000e+04 3.399215431294978629e+01 3.228648465448522020e-02 3.399314532120889965e+01 7.282013676934206980e-03 -1.352518374308354643e-01 6.362726541161762943e-03 -1.340360096007652269e-01 4.218557373100485092e-02 -6.391750711946860009e-02 5.839990110036047746e-03 -6.008638223924384070e-02 1.341640869213746486e-02 3.281204530272160014e+01 2.958087328671001395e-02 3.279787050000000193e+01 1.738020465829670860e-02 3.399267984889853977e+01 3.228600543660745809e-02 3.399366445395732228e+01 7.274205114287382243e-03
3.400000000000000000e+03 1.500000000000000000e+02 -5.203200000000000000e+04 3.399640487542917811e+01 3.743213825869257799e-02 3.399496091941883691e+01 5.574200612027489093e-03 9.410548595752619983e-02 7.464009326674223878e-03 1.109780221702293401e-01 4.761462193583693853e-02 2.745840081323135812e-02 7.018269332243520613e-03 3.063553559216397604e-02 1.452262762721167645e-02 3.281843198907460391e+01 2.939445198227045447e-02 3.281024162499999619e+01 1.577126980114832225e-02 3.399690835273379008e+01 3.743162098742382898e-02 3.399541085206097080e+01 5.700681275529858455e-03
3.400000000000000000e+03 1.500000000000000000e+02 -3.203200000000000000e+04 3.394509755185544009e+01 3.541742732073215050e-02 3.394361731583489217e+01 5.766693147383610343e-03 2.210568343420360460e-02 7.202393818507769885e-03 2.304827353311189597e-02 5.847837384180624987e-02 2.928759992878624679e-02 7.243793909825557882e-03 2.945378330360631791e-02 1.651225698202591491e-02 3.281798901839128035e+01 3.111839292480378730e-02 3.280624575000000220e+01 1.698831009710437961e-02 3.394551755297013784e+01 3.541701467464193620e-02 3.394401855827955217e+01 5.840185866534733199e-03
3.400000000000000000e+03 4.150000000000000000e+03 -7.203200000000000000e+04 3.398980675236310134e+01 3.148182574524580751e-02 3.398956770725873611e+01 2.741778920207968255e-03 -1.074759298615524994e+00 6.986543116051063297e-03 -1.075250642735297024e+00 1.804286704723184406e-02 -5.498275731327230131e-01 8.521989770185161087e-03 -5.488686256283419329e-01 7.137486070436131064e-03 3.281756997895909933e+01 3.161471364961410124e-02 3.280734012499999608e+01 1.385798663927067728e-02 3.401111299022865353e+01 3.146322610130317110e-02 3.401103891115907629e+01 2.774002342077666345e-03
3.400000000000000000e+03 4.150000000000000000e+03 -5.203200000000000000e+04 3.398031900070205324e+01 3.695954387306974592e-02 3.398158118595417676e+01 3.339701249363106594e-03 1.277855343326210757e+00 7.580807817854695596e-03 1.273391046789284164e+00 2.396442014365506024e-02 2.661001539378765601e-01 8.748743886756287988e-03 2.629080892609948483e-01 1.053412034675843545e-02 3.282077969032447129e+01 3.002990658512155048e-02 3.280712312500000394e+01 1.753305686251488416e-02 3.400545476786219723e+01 3.693347031325610458e-02 3.400651874537797426e+01 3.001009228901935395e-03
3.400000000000000000e+03 4.150000000000000000e+03 -3.203200000000000000e+04 3.397497488952767242e+01 3.135878380371868307e-02 3.397553225750125705e+01 4.439649136162114075e-03 -2.025409001297261979e-01 6.610974059488802269e-03 -1.981375211373436196e-01 2.100886878194949473e-02 2.812391911754878460e-01 9.141049533950932129e-03 2.859352713977074689e-01 9.378739684914597780e-03 3.280661428092638232e+01 3.237548357719051417e-02 3.279684487499999790e+01 1.402079401083304241e-02 3.397678533042614646e+01 3.135724582438899344e-02 3.397736770930320205e+01 4.415729851499676506e-03
3.400000000000000000e+03 8.150000000000000000e+03 -7.203200000000000000e+04 3.399395773834313417e+01 3.246763772158357125e-02 3.399709625636845090e+01 8.000359113802563149e-03 -3.785419236506145646e-01 7.068937027061588177e-03 -3.501084384452405329e-01 5.902492603792835330e-02 5.468170508257101659e-02 6.272483377013623150e-03 5.706492994609047020e-02 1.755047249686674318e-02 3.283274462915948533e+01 3.001643081635639587e-02 3.281427062499999892e+01 1.981346536804282771e-02 3.399650982364547502e+01 3.246531004059491354e-02 3.399933782111472880e+01 7.612794416422393948e-03
3.400000000000000000e+03 8.150000000000000000e+03 -5.203200000000000000e+04 3.400147430021910111e+01 3.653340380625221678e-02 3.400215194198389668e+01 7.031796608008098609e-03 2.584223166459970189e-01 7.221566850937272478e-03 2.519188033528160231e-01 1.645701075773614575e-02 -3.043249562750231785e-02 6.750511568581615655e-03 -3.004481067743874911e-02 2.093726589366689747e-02 3.280617410418371094e+01 3.327255788402364023e-02 3.279608324999999525e+01 1.512788696267173931e-02 3.400252258048413978e+01 3.653232138908556886e-02 3.400317138425934615e+01 7.059055636110062905e-03
3.400000000000000000e+03 8.150000000000000000e+03 -3.203200000000000000e+04 3.397144393465760714e+01 3.193468292798905955e-02 3.397335616394674673e+01 8.128294583150064145e-03 9.767317797860247675e-02 6.530448995025322015e-03 9.818991988989067554e-02 2.171831685411420090e-02 -2.837720733402141621e-02 6.390590988971842600e-03 -2.702001432442580064e-02 1.254084661722855085e-02 3.280757893181204565e+01 3.001323140573401715e-02 3.279619750000000522e+01 1.620050444651110685e-02 3.397166582765029119e+01 3.193448364571576520e-02 3.397357362026849614e+01 8.115621379176167841e-03
6.400000000000000000e+03 -3.850000000000000000e+03 -7.203200000000000000e+04 3.401700155241650236e+01 3.289168581993574120e-02 3.401655268029224999e+01 3.340662998198773524e-03 -1.506056325456714140e-01 7.238000582372471937e-03 -1.538903792187871211e-01 2.287657112693784051e-02 1.810232627874221178e-01 9.063469198536245816e-03 1.776002014872752888e-01 2.260346480095353286e-02 3.282646481845092268e+01 2.701004642280625812e-02 3.282692012499999379e+01 2.790530584709328531e-03 3.401791945619007151e+01 3.289085703835206015e-02 3.401747079359846992e+01 3.360213734602832038e-03
6.400000000000000000e+03 -3.850000000000000000e+03 -5.203200000000000000e+04 3.402647697978862595e+01 3.796107080725552585e-02 3.402629979796849113e+01 1.153845216433395859e-03 4.694447168977527313e-02 7.895842778981150556e-03 4.341990575960308352e-02 1.133584502797868425e-02 -7.161656539809349575e-02 9.622214655766833658e-03 -6.868537914760075580e-02 1.245194501630763478e-02 3.282918465824836574e+01 2.740603302753061993e-02 3.282970399999999955e+01 5.965609114511842039e-03 3.402659710117508496e+01 3.796094430952851734e-02 3.402642599115701927e+01 1.156645468640528493e-03
6.400000000000000000e+03 -3.850000000000000000e+03 -3.203200000000000000e+04 3.398589905567944669e+01 3.571440169354693495e-02 3.398542472508842138e+01 2.261585769270113740e-03 1.113796497652982526e-01 7.729768811838570036e-03 1.104905741475944447e-01 1.630327883557282712e-02 -1.097193482774895951e-01 1.007470020371403763e-02 -1.088865836097691053e-01 1.554048086033634098e-02 3.282386066321576834e+01 2.869484279730610474e-02 3.282369537499999979e+01 3.492258591398670741e-03 3.398630786701916406e+01 3.571399940709777537e-02 3.398583101318610034e+01 2.251043855931181281e-03
6.400000000000000000e+03 1.500000000000000000e+02 -7.203200000000000000e+04 3.400247062308543633e+01 3.313432573195444764e-02 3.400233982318287218e+01 7.616973394189265403e-03 -1.351458467527259510e-01 7.099450904104426079e-03 -1.401628317429347570e-01 1.836418912122609465e-02 -4.633779400163551970e-02 5.812563599853661292e-03 -4.572577274704819894e-02 2.882277141816208012e-03 3.283785564356172415e+01 2.807618891753192736e-02 3.283974662500000363e+01 7.678051531424047969e-03 3.400284613552754820e+01 3.313397989315351039e-02 3.400269502042991121e+01 7.618110611712951112e-03
6.400000000000000000e+03 1.500000000000000000e+02 -5.203200000000000000e+04 3.401049971564815166e+01 3.869167291029627920e-02 3.401138257916844054e+01 9.193388969697057281e-03 1.243160589638616642e-01 7.208285878130655903e-03 1.248447509981841508e-01 3.690264874692358171e-02 2.122345361397936017e-02 6.978015027163993016e-03 2.164836515400614392e-02 1.046585582365351826e-02 3.283781814281250888e+01 3.042366664582737620e-02 3.283720962499999985e+01 1.003447015637555159e-02 3.401094914824393101e+01 3.869118269583880082e-02 3.401177001201725858e+01 9.192123456416611063e-03
6.400000000000000000e+03 1.500000000000000000e+02 -3.203200000000000000e+04 3.395758481636294590e+01 3.340095273500724021e-02 3.395538883526430141e+01 8.390271480334049806e-03 1.765362027543985676e-02 8.269355216680167667e-03 1.531774597590740417e-02 4.169200058345204352e-02 2.474493054652309940e-02 7.438108830017884851e-03 2.407664372905815586e-02 1.059408116658963096e-02 3.283674058997439005e+01 2.918059527438451178e-02 3.283730212500000079e+01 5.956033925588871507e-03 3.395778649818528550e+01 3.340076754344851323e-02 3.395559155897824155e+01 8.393286596249773315e-03
6.400000000000000000e+03 4.150000000000000000e+03 -7.203200000000000000e+04 3.399308686765570542e+01 3.469789034717947473e-02 3.399320867575700333e+01 1.915774194130800924e-03 -1.065486035961088040e+00 7.380926611785645908e-03 -1.064530037492120496e+00 1.635227123213189165e-02 -6.502727522782610903e-01 8.485707244583485728e-03 -6.480391663681724923e-01 2.050516509484662589e-02 3.283917582109665290e+01 3.016342519884807755e-02 3.283908487499999751e+01 2.098977943781168368e-03 3.401593485479391177e+01 3.467578626494987465e-02 3.401611724304665785e+01 1.830068723666214859e-03
6.400000000000000000e+03 4.150000000000000000e+03 -5.203200000000000000e+04 3.399425332293301949e+01 3.502667026598387662e-02 3.399402505294743548e+01 3.812476142906506046e-03 1.279300909599139668e+00 7.315565294252293106e-03 1.271800673968807471e+00 1.734832839958049336e-02 3.103401679202443253e-01 8.729695112382604080e-03 3.110390152297669575e-01 1.134230557758258290e-02 3.283941475337627480e+01 2.853562038152970132e-02 3.283890875000000165e+01 6.657620048137588044e-03 3.401953065240707730e+01 3.500191096379545730e-02 3.401927383346841793e+01 3.346614288102981935e-03
6.400000000000000000e+03 4.150000000000000000e+03 -3.203200000000000000e+04 3.397800473647615860e+01 3.273599995682421882e-02 3.397804380264827273e+01 1.560115128985797026e-03 -2.096573134157505847e-01 6.791614876688487068e-03 -2.072560648968712060e-01 1.405267354561736022e-02 3.395250042707791960e-01 8.719443185779527511e-03 3.369700562652035991e-01 1.039838164435116265e-02 3.282227522559736599e+01 3.157361900510953501e-02 3.282252112499999441e+01 3.920570559959671471e-03 3.398035163602620656e+01 3.273388520226006709e-02 3.398037820684904631e+01 1.591718553864789098e-03
6.400000000000000000e+03 8.150000000000000000e+03 -7.203200000000000000e+04 3.399558588030840411e+01 3.106026494859676773e-02 3.399729865811859497e+01 4.562388744307641249e-03 -3.468021829348992835e-01 6.820285361198622810e-03 -3.458688767204103343e-01 4.069654561924092306e-02 4.039411489378769149e-02 6.067337452773735942e-03 4.116043351926668148e-02 1.155554764601290918e-02 3.283739293877363252e+01 2.885991419746079464e-02 3.283768049999999761e+01 2.311862962448923108e-03 3.399749530586151991e+01 3.105861007204820806e-02 3.399926726313169922e+01 4.390979534068923350e-03
6.400000000000000000e+03 8.150000000000000000e+03 -5.203200000000000000e+04 3.400615229354504976e+01 3.849478145296368614e-02 3.400718601848555522e+01 6.283503139643998800e-03 2.582266182847373637e-01 8.064547076992124516e-03 2.573975881022683154e-01 1.203473620939226468e-02 -7.293472108536779887e-03 6.745752320944991762e-03 -7.225347059779951842e-03 1.069365320775880757e-02 3.282977528145382706e+01 3.068854788258039076e-02 3.282855449999999564e+01 5.679530403751919393e-03 3.400714813607245190e+01 3.849370720781990912e-02 3.400818755596793608e+01 6.284658553069799418e-03
6.400000000000000000e+03 8.150000000000000000e+03 -3.203200000000000000e+04 3.397714047549479233e+01 3.365070951036430724e-02 3.397615531866507865e+01 4.439429862473702644e-03 8.952662753258226747e-02 6.829093386131740787e-03 8.846631177086483611e-02 1.501397803954799583e-02 -3.445909642238637743e-02 6.245768606148603165e-03 -3.393400617691394450e-02 8.558467908438612687e-03 3.282982127658696925e+01 2.860597648023911060e-02 3.282815412500000463e+01 3.912389448174945564e-03 3.397729020711550163e+01 3.365056711151000191e-02 3.397631822851674599e+01 4.412738645614810995e-03
9.400000000000000000e+03 -3.850000000000000000e+03 -7.203200000000000000e+04 3.401232633961826934e+01 3.280196954240716806e-02 3.401210229181212696e+01 3.007117745141972987e-03 -1.771933466538070379e-01 7.064679946073303823e-03 -1.770236107019680372e-01 1.702690789404141467e-02 1.178658955884988174e-01 9.352409332539130676e-03 1.234970104366157617e-01 2.490472665738118624e-02 3.282937167315409255e+01 2.782750254212315935e-02 3.282928862500000378e+01 4.609272997902730262e-03 3.401308250126351140e+01 3.280128691611564062e-02 3.401288085999382815e+01 2.957054652442526847e-03
9.400000000000000000e+03 -3.850000000000000000e+03 -5.203200000000000000e+04 3.401975566036734477e+01 4.019644633165592867e-02 3.401958119601413699e+01 1.829684424794102929e-03 2.957981048419179582e-02 8.200334355666352368e-03 2.970834118027088078e-02 1.281351935617491486e-02 -3.775336358668716918e-02 9.535349848929666403e-03 -3.677109667467859389e-02 1.371427063100644737e-02 3.282854341692048905e+01 2.921713430993498964e-02 3.282816750000000638e+01 8.449473844565782640e-03 3.401982654662282357e+01 4.019636674319777142e-02 3.401965028425114212e+01 1.824250640345223594e-03
9.400000000000000000e+03 -3.850000000000000000e+03 -3.203200000000000000e+04 3.398500723480380969e+01 3.667540782683356704e-02 3.398416611119860420e+01 2.386992681211853960e-03 1.499926851230247160e-01 7.707850429192836250e-03 1.473231022404892787e-01 1.093530631948999923e-02 -8.898932522157482206e-02 1.018858636868802056e-02 -8.671936117709455605e-02 1.225243861852859037e-02 3.282804972617702077e+01 2.881081662708682642e-02 3.282733749999999873e+01 2.764068824086463299e-03 3.398546395222500394e+01 3.667494148073315030e-02 3.398462386208668562e+01 2.371752165227685675e-03
9.400000000000000000e+03 1.500000000000000000e+02 -7.203200000000000000e+04 3.398502974236323837e+01 3.335081354080764865e-02 3.398521516727001313e+01 6.776809062077876651e-03 -1.351737314951122482e-01 6.773239798226911995e-03 -1.321968664611673505e-01 1.366250862811466647e-02 -2.437411551913159016e-02 5.833780105261891433e-03 -2.640608353386930673e-02 7.391692753196290114e-03 3.283477097229515351e+01 2.890208526135287087e-02 3.283433487499999615e+01 4.230243472549308562e-03 3.398532556634535950e+01 3.335053547950241754e-02 3.398550737850300862e+01 6.783056000276632864e-03
9.400000000000000000e+03 1.500000000000000000e+02 -5.203200000000000000e+04 3.400199410899866592e+01 3.736193064634951710e-02 3.400229271914988516e+01 6.740686789392301599e-03 1.204657901274981957e-01 7.287528000523005832e-03 1.105539131254911211e-01 2.902533673667704803e-02 4.203641107875551175e-02 7.262486604467784275e-03 4.521207333600663070e-02 1.459833255029556638e-02 3.281896979488934818e+01 2.680846022247056551e-02 3.281935987500000351e+01 8.174292965138304015e-03 3.400229178120804363e+01 3.736161439616659391e-02 3.400261120330871734e+01 6.707597722334213315e-03
9.400000000000000000e+03 1.500000000000000000e+02 -3.203200000000000000e+04 3.395580308241260781e+01 3.381130111054922449e-02 3.395638190680321600e+01 4.329702390157649620e-03 2.038295269105654117e-02 7.411694231860077066e-03 2.164233761601386252e-02 3.491866142210639512e-02 -1.621105588089133062e-02 6.912228855020023828e-03 -1.880573006942964920e-02 7.896815764806011662e-03 3.282648644015635142e+01 2.834205466496228509e-02 3.282747887499999706e+01 4.513966261336262858e-03 3.395595402191052870e+01 3.381115845704708162e-02 3.395652611450651648e+01 4.332836961634509501e-03
9.400000000000000000e+03 4.150000000000000000e+03 -7.203200000000000000e+04 3.399754834332228626e+01 3.306487479863284840e-02 3.399794440073257817e+01 1.883229811271052443e-03 -1.052428539367105564e+00 6.823774040943006262e-03 -1.049556971800021277e+00 1.338396947027385882e-02 -5.938624944436015074e-01 7.724682557188135117e-03 -5.951729026908807452e-01 3.799622348568861691e-02 3.283471150614290934e+01 2.885748907533988022e-02 3.283637912500000056e+01 5.602913337966852585e-03 3.401909989994381078e+01 3.304492246428180485e-02 3.401951474550472199e+01 1.901435135492880084e-03
9.400000000000000000e+03 4.150000000000000000e+03 -5.203200000000000000e+04 3.399554529816743553e+01 3.477861679292013758e-02 3.399600887082227274e+01 1.052790422956345357e-03 1.278185958949246137e+00 7.512597622374410020e-03 1.282559399667378530e+00 1.297187145921438467e-02 2.575836659692972153e-01 8.870008085278194634e-03 2.558189112197483683e-01 1.060468857577874513e-02 3.284179268748776082e+01 2.693706320375541599e-02 3.284098400000000595e+01 7.090495819354546495e-03 3.402078371908922350e+01 3.475421668420733412e-02 3.402118441685668415e+01 8.288480596179387087e-04
9.400000000000000000e+03 4.150000000000000000e+03 -3.203200000000000000e+04 3.398454262342588095e+01 3.149383695878846257e-02 3.398433433898719613e+01 1.336179028025067782e-03 -2.354273813136956994e-01 6.651234367120928935e-03 -2.329816337508472390e-01 1.111457946104982102e-02 3.411146202321005960e-01 8.814417317536909699e-03 3.393406839864726576e-01 7.502194354592347895e-03 3.282136894213982714e+01 2.747739128280924856e-02 3.282189400000000035e+01 3.697385123299904656e-03 3.398702519402776545e+01 3.149169779676154468e-02 3.398684559075314127e+01 1.254195227223030154e-03
9.400000000000000000e+03 8.150000000000000000e+03 -7.203200000000000000e+04 3.399660420321557552e+01 3.115047387011591479e-02 3.399829060332803721e+01 5.841113998965915405e-03 -3.382192713816219998e-01 6.721574721456974148e-03 -3.305007777470828634e-01 2.544840445599449996e-02 2.392051741879405724e-02 5.586650016892930927e-03 2.824889065207553118e-02 1.749009738178165796e-02 3.283480583110504369e+01 2.790429277711281575e-02 3.283454875000000328e+01 4.328697555475892120e-03 3.399831861529855814e+01 3.114897584302443734e-02 3.400000689186694558e+01 5.825671242395513531e-03
9.400000000000000000e+03 8.150000000000000000e+03 -5.203200000000000000e+04 3.400620095968081102e+01 3.709840884603530370e-02 3.400789846489006152e+01 6.077647301365670524e-03 2.472160819975085244e-01 8.187390182389321647e-03 2.418985096135275459e-01 1.145277001982281974e-02 -2.122524868491903680e-02 6.655829622912672223e-03 -2.192211462975379721e-02 1.017353631097165506e-02 3.283841881498763371e+01 2.975175145041775160e-02 3.283795737500000200e+01 4.427022132546735815e-03 3.400707870592005833e+01 3.709750215958526609e-02 3.400878999555442306e+01 6.067909315659648396e-03
9.400000000000000000e+03 8.150000000000000000e+03 -3.203200000000000000e+04 3.396658505377740056e+01 3.282437594201696729e-02 3.396493457770324653e+01 4.271062671705559179e-03 8.362361918307154030e-02 7.107831377817398245e-03 8.861214981639775612e-02 1.412511130022474533e-02 -8.378133026476291059e-03 6.272998028734758612e-03 -6.336691272498695682e-03 9.879525910057836494e-03 3.283046883289267726e+01 2.870086771657835018e-02 3.282939625000000206e+01 4.657698303998853047e-03 3.396671808145433857e+01 3.282425368371705982e-02 3.396508140626581707e+01 4.238608150734082813e-03
1.240000000000000000e+04 -3.850000000000000000e+03 -7.203200000000000000e+04 3.401907752128357032e+01 3.465234540109784350e-02 3.401848271582264971e+01 2.039828669398992440e-03 -1.653390020037204255e-01 7.405457242421656372e-03 -1.725701208439454071e-01 3.703189433956655119e-02 9.574198447860365890e-02 8.888000314858745046e-03 9.560505234592531210e-02 2.628216868854478874e-02 3.283741733333010870e+01 2.778202316000839139e-02 3.283667262500000561e+01 5.519177037958904360e-03 3.401987692458823176e+01 3.465158146607805190e-02 3.401926686625506591e+01 2.166739441630638301e-03
1.240000000000000000e+04 -3.850000000000000000e+03 -5.203200000000000000e+04 3.403083750752242764e+01 4.305268586202341125e-02 3.403070069438017242e+01 1.456992011986070826e-03 4.063001281954536220e-02 8.176565664730411562e-03 3.789202288516302364e-02 2.501117858489926293e-02 -1.441031511594043253e-02 1.021358968876464463e-02 -1.238720277015337157e-02 1.147762139466710317e-02 3.283157455945835324e+01 2.816673789608898498e-02 3.283030637500000637e+01 1.090382941732177119e-02 3.403093728563007403e+01 4.305256442561575247e-02 3.403080192984945995e+01 1.460613477532329146e-03
1.240000000000000000e+04 -3.850000000000000000e+03 -3.203200000000000000e+04 3.398988125345313449e+01 3.548220715584048113e-02 3.398995166834463078e+01 6.690924939035514498e-04 1.297246867362662481e-01 7.440449045696202919e-03 1.346734589665157245e-01 2.484253541116213104e-02 -8.708460525321333467e-02 9.734669370590835411e-03 -8.321013177015090800e-02 1.187470149951226454e-02 3.283154299387590669e+01 2.713834868162884328e-02 3.283163900000000268e+01 3.512768276485928650e-03 3.399033773461013652e+01 3.548175762572353120e-02 3.399039838851706463e+01 6.466818807443027632e-04
1.240000000000000000e+04 1.500000000000000000e+02 -7.203200000000000000e+04 3.399916524995335010e+01 3.177406920541676200e-02 3.399955288699143807e+01 7.421735750768226718e-03 -1.346734178409626781e-01 5.987184157481362581e-03 -1.426507445604999758e-01 3.500149291316298483e-02 -3.456183825452417702e-02 6.022533337824203560e-03 -3.267612984924100905e-02 8.011478289886513060e-03 3.283184881098426899e+01 2.924003358552041895e-02 3.283152687499999445e+01 6.562444433608686026e-03 3.399960442102486269e+01 3.177367471016175060e-02 3.400000056972542239e+01 7.419391085473879717e-03
1.240000000000000000e+04 1.500000000000000000e+02 -5.203200000000000000e+04 3.398283541022112075e+01 3.686751890121377911e-02 3.398383856548686310e+01 6.792938268607487048e-03 1.177704390483000352e-01 7.502657423792811857e-03 1.181116064542426791e-01 3.746124899343350467e-02 -1.614302040653053938e-02 6.655625283546198756e-03 -1.532998377710947935e-02 1.480788140373263256e-02 3.280228488650683261e+01 2.803228090971173272e-02 3.281109512500000136e+01 9.700605418215376557e-03 3.398320039516651292e+01 3.686713911247011671e-02 3.398421423200498026e+01 6.901097332831371105e-03
1.240000000000000000e+04 1.500000000000000000e+02 -3.203200000000000000e+04 3.396377984572760766e+01 3.333478795662457583e-02 3.396422980137396053e+01 8.437758415711465315e-03 1.903544910851899183e-02 7.622854422823433472e-03 2.453244272516497126e-02 4.496924507317002356e-02 5.156339316598482214e-02 7.235796101224913068e-03 4.800040751872997058e-02 1.524122119211871428e-02 3.282690747890542582e+01 2.795952360612614582e-02 3.282728562500000180e+01 1.943868270976826119e-03 3.396403949167102354e+01 3.333454558656760019e-02 3.396450495782733014e+01 8.408459006303374561e-03
1.240000000000000000e+04 4.150000000000000000e+03 -7.203200000000000000e+04 3.400566668123259007e+01 3.284446998547916469e-02 3.400608805137218837e+01 1.047115169158111501e-03 -1.073097614474503247e+00 6.615599075004702755e-03 -1.076269607937716977e+00 2.780568795305761107e-02 -5.099472924638992488e-01 8.158924076432342784e-03 -5.138561875313900629e-01 4.662410787987740501e-02 3.283199821651420081e+01 2.849210208130294880e-02 3.283223587499999496e+01 3.458948216672600752e-03 3.402687883872906127e+01 3.282499274541714196e-02 3.402729873025349150e+01 9.674251792922183889e-04
1.240000000000000000e+04 4.150000000000000000e+03 -5.203200000000000000e+04 3.400270715345584449e+01 3.560239089514972283e-02 3.400255471292550169e+01 1.646327836106038734e-03 1.273586291576429774e+00 7.765595113603837411e-03 1.274457344480473653e+00 3.552048207973236560e-02 2.285457699059828818e-01 8.739507552943165739e-03 2.279684794809694881e-01 1.253719137000917222e-02 3.282692263919787479e+01 2.853569987149351395e-02 3.282766449999999736e+01 3.220197553833914223e-03 3.402740409909718267e+01 3.557791034402708191e-02 3.402734024968303572e+01 8.333923674905366645e-04
1.240000000000000000e+04 4.150000000000000000e+03 -3.203200000000000000e+04 3.399516022590831454e+01 2.950784101545097377e-02 3.399542671641405178e+01 1.044635905050771661e-03 -1.916815431059339103e-01 6.584047848894702785e-03 -1.981903462343516109e-01 2.138574042748651177e-02 2.873527025814526237e-01 8.869232983795776945e-03 2.858793817344129073e-01 1.614053675317651815e-02 3.282159649811703162e+01 2.809190534514567628e-02 3.282134587500000578e+01 4.896668858364998725e-03 3.399705952861290115e+01 2.950632770357309448e-02 3.399728032034340686e+01 1.041420843273878176e-03
1.240000000000000000e+04 8.150000000000000000e+03 -7.203200000000000000e+04 3.400398268033918470e+01 3.089369646301709169e-02 3.400468261165532624e+01 7.552772013761146867e-03 -3.410154031457195978e-01 6.947338087755972579e-03 -3.366059326768839899e-01 3.187759264112585700e-02 3.731889139996952959e-02 5.920021735079901599e-03 3.767248237898029872e-02 1.721098093306835941e-02 3.282596761417831033e+01 2.843425115873762440e-02 3.282636337499999968e+01 3.646951882529481624e-03 3.400582540905035245e+01 3.089212144073525193e-02 3.400650454412215140e+01 7.531665075320087728e-03
1.240000000000000000e+04 8.150000000000000000e+03 -5.203200000000000000e+04 3.402314184281205200e+01 3.589744968515168333e-02 3.402080438961098707e+01 9.166357977705577934e-03 2.532878831664677755e-01 7.519286329465088049e-03 2.476188140162690621e-01 2.217515845365168603e-02 -1.517612053459662692e-03 6.665380978513395574e-03 -9.991766961126025137e-04 1.042242138223357407e-02 3.283774621929048010e+01 2.673336308230003788e-02 3.283872837500000230e+01 6.483080412937962909e-03 3.402418830618385925e+01 3.589640116181631868e-02 3.402176722944278708e+01 9.201581118150028299e-03
1.240000000000000000e+04 8.150000000000000000e+03 -3.203200000000000000e+04 3.398153461484162108e+01 3.335362688060163061e-02 3.398125085189467143e+01 4.641488919673028742e-03 8.789533387132029973e-02 7.341259700925867847e-03 8.895558291598681944e-02 2.266780659908650478e-02 -3.363096790230757360e-02 6.441623609634362577e-03 -3.669810188987115973e-02 8.789107144812761604e-03 3.283296276040646688e+01 2.820147971506160520e-02 3.283318737499999429e+01 4.045602409396116539e-03 3.398173361738945175e+01 3.335344158777500678e-02 3.398144800262696918e+01 4.618279286578411483e-03
1.540000000000000000e+04 -3.850000000000000000e+03 -7.203200000000000000e+04 3.402880870096567634e+01 3.498013620893682118e-02 3.402956309230674492e+01 3.703883406296052186e-03 -1.548648292309389163e-01 7.047825451889645244e-03 -1.666083936592595016e-01 6.770726165159210441e-02 1.001012543071984062e-01 9.251733885929157991e-03 1.003752313895005521e-01 2.950160212633535367e-02 3.283149687381721549e+01 2.775599478033895576e-02 3.283225712499999815e+01 2.659909124638953470e-03 3.402991412570650454e+01 3.497905847032164312e-02 3.403067994179581746e+01 3.757890376314561819e-03
1.540000000000000000e+04 -3.850000000000000000e+03 -5.203200000000000000e+04 3.403904011463104240e+01 3.861389098281829690e-02 3.403916976942846162e+01 1.417440194713332977e-03 5.138669131188780548e-02 7.606580895563141813e-03 3.932654711195471275e-02 7.303174247076557601e-02 -3.099425706046864040e-03 1.032111893539761072e-02 -4.298078576711938936e-03 2.047911282962342275e-02 3.282357435475304896e+01 2.737283069006509958e-02 3.282173387499999961e+01 6.783042726002103465e-03 3.403967334358635810e+01 3.861320678278008095e-02 3.403978428327344830e+01 1.457062646775123113e-03
1.540000000000000000e+04 -3.850000000000000000e+03 -3.203200000000000000e+04 3.399859582972473504e+01 3.716787749292267684e-02 3.399895191062218203e+01 1.916654324591751104e-03 1.510653963344540940e-01 7.518466827456707878e-03 1.272877018724176690e-01 4.874473472372598676e-02 -9.436219835386243371e-02 1.045756257570840814e-02 -9.607465631424139119e-02 2.045293073002277945e-02 3.283511987131446830e+01 2.888593794544252677e-02 3.283580599999999805e+01 3.030410851447585055e-03 3.399926370793505015e+01 3.716718373713567836e-02 3.399961360979359881e+01 1.860103285922959891e-03
1.540000000000000000e+04 1.500000000000000000e+02 -7.203200000000000000e+04 3.399079989710900662e+01 3.319129286584384525e-02 3.399158227661958165e+01 5.659097466236553790e-03 -1.280594835469052728e-01 6.346705988115061356e-03 -1.230391074766216120e-01 7.222670869706232510e-02 -5.383646527268456938e-02 6.330438550014955319e-03 -5.333693148828905217e-02 7.949328911686665694e-03 3.281781316978390350e+01 2.759673844960444308e-02 3.281883349999999666e+01 6.035810571083343769e-03 3.399166579807761224e+01 3.319048113295863106e-02 3.399239068013054066e+01 5.455933165616481083e-03
1.540000000000000000e+04 1.500000000000000000e+02 -5.203200000000000000e+04 3.401680798054625399e+01 3.852116282245959117e-02 3.401606932281021756e+01 3.613132456158085065e-03 1.280784942967499451e-01 7.128267472665142900e-03 1.209106558034915846e-01 7.043364983371493138e-02 4.085503067480456690e-02 6.962393225928815467e-03 3.847839044492828986e-02 1.875269300554879490e-02 3.282777798669284408e+01 2.941866792348725446e-02 3.282513762500000354e+01 6.215244314636174730e-03 3.401753741527289776e+01 3.852036298296823008e-02 3.401685266519142203e+01 3.509636894543345220e-03
1.540000000000000000e+04 1.500000000000000000e+02 -3.203200000000000000e+04 3.397868599549694579e+01 3.406117943315718766e-02 3.398103676274990903e+01 1.003909275710019797e-02 -4.605823163037470885e-03 7.640596282899685815e-03 2.126370711019842652e-03 6.793806304442583099e-02 1.650450909853192621e-02 7.443779579911520908e-03 1.486232878882959296e-02 8.621692587894306398e-03 3.282311408085701032e+01 2.810593928588537432e-02 3.282192725000000166e+01 3.564605762363482876e-03 3.397918747324651179e+01 3.406070394592199124e-02 3.398152326146540503e+01 9.975639995617234176e-03
1.540000000000000000e+04 4.150000000000000000e+03 -7.203200000000000000e+04 3.402510994813552969e+01 3.260080647049854591e-02 3.402541146349456369e+01 2.270994563116643730e-03 -1.040598901378645857e+00 6.522131463637587112e-03 -1.067428057401828667e+00 7.203032023557746910e-02 -4.761367643786891812e-01 8.708209059806584773e-03 -4.801264589975475228e-01 4.397843050638460677e-02 3.284207913533091272e+01 2.807447827620501365e-02 3.284155437500000119e+01 3.147566531337196542e-03 3.404600555105447768e+01 3.258186685703996777e-02 3.404626858521127986e+01 2.334392443617619006e-03
1.540000000000000000e+04 4.150000000000000000e+03 -5.203200000000000000e+04 3.402007624875380287e+01 3.450500893814833353e-02 3.402051427564315134e+01 3.644699895627784552e-03 1.244340993209725799e+00 7.277477762125927549e-03 1.267676160907576177e+00 7.369525880777698379e-02 2.277610552323144355e-01 9.423707463140376661e-03 2.287976218480578527e-01 1.527183231275782392e-02 3.283935974479447850e+01 2.622209632402878327e-02 3.283800475000000318e+01 6.569645866597415181e-03 3.404542961197323336e+01 3.448063582996194892e-02 3.404547640230532579e+01 1.766639236735582930e-03
1.540000000000000000e+04 4.150000000000000000e+03 -3.203200000000000000e+04 3.401173584381753301e+01 2.997539812797126932e-02 3.401155041368954812e+01 1.289953415488487949e-03 -1.985722695551781491e-01 6.350193644899834559e-03 -2.002565791109082172e-01 4.917497366207745219e-02 2.472777744985432402e-01 8.433697281631369683e-03 2.513172975555095778e-01 1.339644229689512106e-02 3.283768170202905168e+01 2.766306462250545453e-02 3.283691274999999621e+01 6.741042561243483153e-03 3.401368153985225717e+01 2.997381112012072191e-02 3.401333572375214942e+01 1.347726380054283879e-03
1.540000000000000000e+04 8.150000000000000000e+03 -7.203200000000000000e+04 3.401561311611932581e+01 3.324198560180880585e-02 3.401401300753943957e+01 6.354571825673446112e-03 -2.981771666931113396e-01 6.828623861859084779e-03 -3.038905223129050315e-01 5.300206265417824192e-02 4.292541971997301115e-02 6.150859746065956250e-03 4.253942396471327436e-02 7.755491527765370242e-03 3.283988006309073171e+01 2.800293773690245430e-02 3.283876787500000205e+01 4.892147207652109385e-03 3.401722418806779302e+01 3.324048505323810854e-02 3.401569253680574434e+01 6.203672250516076986e-03
1.540000000000000000e+04 8.150000000000000000e+03 -5.203200000000000000e+04 3.401039509780820680e+01 3.637550621707198034e-02 3.400957473134791087e+01 4.357197992661440179e-03 2.442820282471042936e-01 7.616055882179194325e-03 2.400391618628850976e-01 4.770315248013371617e-02 -1.920387786623239251e-02 6.414066178165599846e-03 -1.785578681394062173e-02 1.631365395803597781e-02 3.282957013620202957e+01 2.989962366978466193e-02 3.282880424999999747e+01 7.271767128397846336e-03 3.401156111103180280e+01 3.637431964979202792e-02 3.401068815510394927e+01 4.263305486333470243e-03
1.540000000000000000e+04 8.150000000000000000e+03 -3.203200000000000000e+04 3.396305279483586048e+01 3.337596669393569360e-02 3.396350248281009954e+01 6.747695924538495843e-03 5.865873657149396625e-02 7.487328810376973551e-03 6.384967416847431299e-02 5.130725034657093037e-02 -2.863989620213495610e-02 6.658995157261426122e-03 -2.467354786350939300e-02 1.397813369771943454e-02 3.283154611221296193e+01 2.764898987362769678e-02 3.283157224999999357e+01 4.463148151208987287e-03 3.396342602699718327e+01 3.337562129613295264e-02 3.396386280142955627e+01 6.798584869799460632e-03
1.840000000000000000e+04 -3.850000000000000000e+03 -7.203200000000000000e+04 3.404381824740715246e+01 3.423796157182055350e-02 3.404383045878533665e+01 1.932095085941834805e-03 -1.768415149397390695e-01 7.299414914195650333e-03 -1.813542853439231717e-01 6.377755193797922384e-02 1.111408054585416305e-01 9.069914799469832450e-03 1.074219136139054065e-01 2.737168009594152102e-02 3.284231592632750818e+01 2.760461110060541054e-02 3.284145112499999897e+01 4.082835737387499955e-03 3.404500452749869766e+01 3.423683460837698839e-02 3.404497817095302992e+01 1.931548100303652482e-03
1.840000000000000000e+04 -3.850000000000000000e+03 -5.203200000000000000e+04 3.405173036828756494e+01 3.895059965170584448e-02 3.405179805234065782e+01 2.498971613920941432e-03 4.586439577829157233e-02 7.894545400080266867e-03 5.411887158902251027e-02 6.291574958444989818e-02 5.230556581528622052e-03 9.875933781809776574e-03 5.221376033752167523e-03 1.782840695110864473e-02 3.282960731893572159e+01 2.687507833796661666e-02 3.282875475000000165e+01 4.518729687763114664e-03 3.405220175100264157e+01 3.895008367403163946e-02 3.405228100706666083e+01 2.459607493283487781e-03
1.840000000000000000e+04 -3.850000000000000000e+03 -3.203200000000000000e+04 3.400941976228509134e+01 3.774254162579229049e-02 3.400933976474983211e+01 1.064282397121723471e-03 1.417678835004420601e-01 7.702420570033193144e-03 1.272346256314763613e-01 4.182835662966236795e-02 -1.168069529371862925e-01 9.817360689840050336e-03 -1.126462966783405850e-01 1.310534275337232185e-02 3.282252359945569964e+01 2.938363963946173663e-02 3.282277725000000146e+01 5.003690644164274746e-03 3.401003833039599300e+01 3.774188850918220456e-02 3.400996206968982705e+01 9.672816755972561556e-04
1.840000000000000000e+04 1.500000000000000000e+02 -7.203200000000000000e+04 3.401792055158755090e+01 3.425352127354096277e-02 3.401726595791350150e+01 3.536673471857438265e-03 -1.498738384552203429e-01 6.821406371388188776e-03 -1.185498817647188119e-01 6.904754462289314221e-02 -6.582235112171254572e-03 6.184418829418566500e-03 -5.273774596383673519e-03 7.441299545646723294e-03 3.283209238798571050e+01 2.788911153116541836e-02 3.283173437499999636e+01 2.649091656570130415e-03 3.401854001071142619e+01 3.425291752473912793e-02 3.401796915731829074e+01 3.538790019362632149e-03
1.840000000000000000e+04 1.500000000000000000e+02 -5.203200000000000000e+04 3.400488422659940113e+01 3.798031336752272225e-02 3.400544860703373473e+01 4.980636364865263094e-03 9.657493756608379054e-02 7.588179384330613793e-03 9.716594513604981387e-02 7.145470095914820130e-02 2.446352813335496423e-02 7.263227603519124137e-03 2.235135539621924128e-02 1.640585946646568039e-02 3.283456312086888573e+01 2.830031694851349588e-02 3.283441037500000448e+01 5.524979010747242680e-03 3.400557779130657821e+01 3.797957348319511151e-02 3.400614801012410737e+01 4.948533626271728672e-03
1.840000000000000000e+04 1.500000000000000000e+02 -3.203200000000000000e+04 3.397508899684473249e+01 3.475683178237150978e-02 3.397634437626739157e+01 5.649770785198150562e-03 1.487477293436983983e-02 7.514059929262966939e-03 2.139349791340217077e-02 5.659407685539171590e-02 -1.838468535499299464e-02 7.023241810173677657e-03 -1.706977274731999450e-02 9.115775409823213132e-03 3.282787715089882141e+01 2.902664957582323443e-02 3.282844374999999815e+01 4.429734165475876333e-03 3.397544337329594555e+01 3.475649069022113125e-02 3.397669393659279535e+01 5.615289768994182439e-03
1.840000000000000000e+04 4.150000000000000000e+03 -7.203200000000000000e+04 3.404040244210188604e+01 3.027837004329687540e-02 3.404028153003307722e+01 2.114143064777085357e-03 -1.106366285042466258e+00 7.037161189698698700e-03 -1.076031163184861139e+00 7.990081464175005643e-02 -4.553222343861483834e-01 7.786343153136337202e-03 -4.498400234124075858e-01 4.046479607729363409e-02 3.284378467351878328e+01 2.816849122283167015e-02 3.284357024999999908e+01 2.443669713697527168e-03 3.406130284897536598e+01 3.026094195597705747e-02 3.406107946381764862e+01 1.392876764045674742e-03
1.840000000000000000e+04 4.150000000000000000e+03 -5.203200000000000000e+04 3.403905726945903609e+01 3.593393696054367203e-02 3.403944143951044765e+01 2.914089922908470048e-03 1.244606419000256370e+00 7.737915761627891555e-03 1.264095280864320880e+00 6.420478028678987259e-02 1.735547839771590384e-01 8.605241407649597690e-03 1.751604931422052480e-01 1.699645215475706697e-02 3.283309373902453387e+01 2.871156984077647897e-02 3.283324975000000023e+01 2.462889365518633380e-03 3.406381971645262752e+01 3.590916898385876355e-02 3.406380955528756260e+01 1.038422250516752307e-03
1.840000000000000000e+04 4.150000000000000000e+03 -3.203200000000000000e+04 3.403026584196806681e+01 3.070762797184776322e-02 3.402952427405843139e+01 2.186070619417544627e-03 -1.874168698665423238e-01 6.698505440026852192e-03 -1.880730389716547268e-01 4.958733403351929525e-02 2.757287618294922971e-01 8.487914049619255802e-03 2.746853823634521907e-01 1.304274806982627655e-02 3.283847608738663126e+01 2.661223536539355020e-02 3.283759349999999699e+01 2.695544591146556857e-03 3.403215061215507120e+01 3.070604387175163152e-02 3.403142305039332172e+01 1.985026523111053584e-03
1.840000000000000000e+04 8.150000000000000000e+03 -7.203200000000000000e+04 3.400337790744099209e+01 3.118534189977342427e-02 3.400543296305598773e+01 9.799022678136062176e-03 -2.929986979064017061e-01 6.611170112632621526e-03 -3.068592400763661132e-01 6.188645269227665419e-02 2.047747751075146630e-02 5.806276193144945322e-03 2.001808251867676081e-02 7.157807438843554783e-03 3.284416897110178013e+01 2.645367485003927849e-02 3.284362737499999696e+01 1.304863839879359276e-03 3.400484349860133193e+01 3.118405452038809991e-02 3.400722287661244536e+01 9.760406220174051850e-03
1.840000000000000000e+04 8.150000000000000000e+03 -5.203200000000000000e+04 3.401562084630036509e+01 3.739753655134025329e-02 3.401525237494268339e+01 4.665912765692372711e-03 2.585715188623795568e-01 7.321828790700896095e-03 2.386184032012353962e-01 5.686555152214098352e-02 7.111915327351014254e-03 6.332556170614473540e-03 6.587143686866914205e-03 1.125629314204712635e-02 3.282832151716714719e+01 2.647528416169041970e-02 3.282526299999999964e+01 1.091938660136164245e-02 3.401678342333483585e+01 3.739630426531528884e-02 3.401643573609938187e+01 4.648140379997836406e-03
1.840000000000000000e+04 8.150000000000000000e+03 -3.203200000000000000e+04 3.397945675357572526e+01 3.239197044103187678e-02 3.397777370816609022e+01 8.454774477716826137e-03 6.864569600304053221e-02 7.299538109158823854e-03 6.823963013261735711e-02 5.339871653685215880e-02 -2.775945542808483033e-02 6.866913588530533866e-03 -2.660312356193755834e-02 1.525696254210670046e-02 3.283304951528712223e+01 2.750511905117556527e-02 3.283218787500000246e+01 2.560467120033201125e-03 3.397984231490012519e+01 3.239162139859354250e-02 3.397817030463176025e+01 8.477309241057882569e-03
2.140000000000000000e+04 -3.850000000000000000e+03 -7.203200000000000000e+04 3.405848787871819638e+01 3.303646566191114492e-02 3.405872219423835645e+01 1.215515545136751840e-03 -1.630819122941644661e-01 8.798859175131696492e-03 -1.671064663484823631e-01 5.935572477549039272e-02 1.406464674578504215e-01 9.129213753648206947e-03 1.402806583324580636e-01 1.807294274311843987e-02 3.283049915010000319e+01 2.720687389901679104e-02 3.283103024999999775e+01 4.781219139022398375e-03 3.405953085694390836e+01 3.303552766918742278e-02 3.405981665598378072e+01 1.106789375161789388e-03
2.140000000000000000e+04 -3.850000000000000000e+03 -5.203200000000000000e+04 3.406594264560979468e+01 4.105208685104665134e-02 3.406580226209809581e+01 1.042483399939901157e-03 1.020269232466140957e-01 1.052058137867288232e-02 9.270633209983458745e-02 5.015781255655102355e-02 -8.616106258982523039e-03 1.011947900039154337e-02 -6.370904806084487504e-03 9.519558605372884647e-03 3.282215194085395638e+01 2.754249428137498304e-02 3.282305287500000190e+01 6.726421088400320707e-03 3.406633805303088991e+01 4.105164064384384665e-02 3.406619681542602507e+01 9.219514637254064456e-04
2.140000000000000000e+04 -3.850000000000000000e+03 -3.203200000000000000e+04 3.402747661434047188e+01 3.640734151171374361e-02 3.402729139163434269e+01 1.536375709980032644e-03 7.992906071954028469e-02 9.943729603780501400e-03 7.439389972414667263e-02 5.375859854498326457e-02 -1.316745597943556889e-01 1.001872924541479665e-02 -1.339124689220279052e-01 1.181318643984132291e-02 3.282971391577210341e+01 2.883812502624911317e-02 3.282998449999999480e+01 4.010580212744432015e-03 3.402814652780760696e+01 3.640668255684553073e-02 3.402794783298859471e+01 1.512776076941588698e-03
2.140000000000000000e+04 1.500000000000000000e+02 -7.203200000000000000e+04 3.400861462483600661e+01 3.471947850791043400e-02 3.400856715292989918e+01 4.455531241629564002e-03 -1.320694926493206911e-01 6.519201670832586171e-03 -1.199327144531218137e-01 5.889547559871918803e-02 -3.736754110953772329e-02 6.427308063347537785e-03 -3.889357379397812009e-02 7.200682251481719046e-03 3.283489196261203347e+01 2.876282918014067339e-02 3.283455125000000407e+01 5.735226657464677705e-03 3.400919902941513584e+01 3.471890239530459749e-02 3.400916306367868458e+01 4.578208340146531878e-03
2.140000000000000000e+04 1.500000000000000000e+02 -5.203200000000000000e+04 3.402257409554132295e+01 4.440219812526300519e-02 3.402310159882237883e+01 3.091693619586640199e-03 1.176080526963943357e-01 7.434367324164357568e-03 1.211056739059143128e-01 4.703313555899486798e-02 3.792616151120462020e-02 7.085072788913172187e-03 3.418281571782205708e-02 1.099126224534848449e-02 3.283501839913201081e+01 2.788245770309916161e-02 3.283234950000000651e+01 4.686337189106140957e-03 3.402303912414982534e+01 4.440160914277462706e-02 3.402357423448642493e+01 3.187903789737471776e-03
2.140000000000000000e+04 1.500000000000000000e+02 -3.203200000000000000e+04 3.397858075308895565e+01 3.447142544257465746e-02 3.397883999951149292e+01 7.675849910993882107e-03 2.507707643268544413e-03 7.029402506505206399e-03 -1.173945212713856101e-03 6.319331347553724942e-02 5.852733819013140881e-03 7.142598531391775203e-03 4.711023309044243268e-03 9.448220350025340539e-03 3.282003275785946528e+01 2.832371467557203565e-02 3.282111749999999972e+01 2.888050726702147322e-03 3.397898280180130115e+01 3.447103390290039149e-02 3.397926100188061582e+01 7.598187928349144256e-03
2.140000000000000000e+04 4.150000000000000000e+03 -7.203200000000000000e+04 3.406462569598343038e+01 3.427868725373157260e-02 3.406420199037096097e+01 2.066406795522125837e-03 -1.061485679108974400e+00 6.994057663978863783e-03 -1.048723439951695369e+00 5.667874633678643415e-02 -4.460265772856486510e-01 8.012494229660417633e-03 -4.357217814959929991e-01 3.730606555474149516e-02 3.283375826821060173e+01 2.723260766925690579e-02 3.283398975000000064e+01 7.094706481771795303e-03 3.408376784548573113e+01 3.426032631215186752e-02 3.408359987793915025e+01 1.217472044644434892e-03
2.140000000000000000e+04 4.150000000000000000e+03 -5.203200000000000000e+04 3.406432960050961611e+01 3.601417429234014811e-02 3.406407939599874624e+01 2.950184455399327849e-03 1.251355011304201792e+00 7.925379425260019664e-03 1.261109441227825201e+00 5.370710363626496342e-02 1.723131881124558007e-01 9.679526601667232458e-03 1.717773693096686372e-01 1.751038413640527980e-02 3.283193210726850708e+01 2.864581647911398216e-02 3.283313887500000305e+01 5.053181276742380219e-03 3.408888675798793599e+01 3.598968564951977173e-02 3.408817660539002503e+01 1.839831551038186973e-03
2.140000000000000000e+04 4.150000000000000000e+03 -3.203200000000000000e+04 3.405330199447320183e+01 3.263056138245847698e-02 3.405352279908002089e+01 1.589189767882366166e-03 -2.155489502134130264e-01 6.912847482546229279e-03 -2.123813042268071216e-01 4.547761497502302713e-02 2.622419615895267841e-01 8.307558697917789142e-03 2.639458526038661601e-01 1.900602443465631425e-02 3.282320147419551404e+01 2.910123754801654042e-02 3.282320899999999853e+01 4.694030753444540342e-03 3.405516700857443624e+01 3.262887598826317431e-02 3.405545759216006729e+01 1.699714752532997461e-03
2.140000000000000000e+04 8.150000000000000000e+03 -7.203200000000000000e+04 3.401648886830670904e+01 3.135745683410701840e-02 3.401783923906587148e+01 7.090660869120250093e-03 -3.183111470280075572e-01 6.431166337410345636e-03 -3.001386912738783774e-01 4.398425450691445526e-02 4.229062750883619964e-02 6.070791000820118140e-03 4.425148976111958898e-02 1.397453114492153668e-02 3.283537356172090682e+01 2.942016203438762093e-02 3.283471899999999266e+01 7.671318986979379188e-03 3.401814338301954876e+01 3.135599450474584743e-02 3.401941165019599111e+01 6.762873880475127678e-03
2.140000000000000000e+04 8.150000000000000000e+03 -5.203200000000000000e+04 3.401449390598145328e+01 3.646966103727286579e-02 3.401399002910293490e+01 8.771889976957637780e-03 2.485328149229410755e-01 8.190468500492866996e-03 2.314179814561713178e-01 4.887517721220985961e-02 -1.166250406203970906e-02 6.816956605851039359e-03 -8.454634869113408779e-03 1.115636851235914627e-02 3.283029388884237676e+01 2.492935867240850256e-02 3.282896687499999899e+01 4.518993284055971248e-03 3.401562403017789649e+01 3.646850884392388581e-02 3.401503711543470843e+01 8.659045002346998227e-03
2.140000000000000000e+04 8.150000000000000000e+03 -3.203200000000000000e+04 3.398010637049380733e+01 3.515406455654192935e-02 3.397947071750856907e+01 7.809418255761798287e-03 7.709237100241875251e-02 7.615852470438336935e-03 6.872151334369303033e-02 4.712278835189539355e-02 -3.508512700218086033e-02 6.664307041212168617e-03 -3.579103651791976093e-02 7.763295070735799948e-03 3.282793512571757333e+01 2.869807023557055872e-02 3.282826412500000401e+01 4.508645391425143527e-03 3.398042055622750013e+01 3.515375305174728987e-02 3.397979396495958326e+01 7.825564618769580844e-03
2.440000000000000000e+04 -3.850000000000000000e+03 -7.203200000000000000e+04 3.407885344835059982e+01 3.377265339845925141e-02 3.407885219962868462e+01 1.580670540894136720e-03 -1.465426558531091328e-01 7.571699813091338493e-03 -1.583147213318515378e-01 3.429531847300845704e-02 1.443376860095737513e-01 8.752838509481579085e-03 1.417889897590972614e-01 1.415130777015127447e-02 3.283928242354619442e+01 2.741018886626645987e-02 3.283915874999999573e+01 2.616828913494482611e-03 3.407964762197780573e+01 3.377191864104308466e-02 3.407965623258733956e+01 1.624355515016151540e-03
2.440000000000000000e+04 -3.850000000000000000e+03 -5.203200000000000000e+04 3.409167138930583718e+01 3.664033840515994872e-02 3.409204610956679460e+01 1.857345904511784745e-03 5.382902462086228135e-02 8.339602700626148890e-03 6.622663518813842742e-02 4.088288991656890276e-02 3.265795671511272959e-03 9.989624031868432272e-03 2.289769247537654095e-03 1.015809248856555484e-02 3.282893740957301532e+01 2.901730591606791268e-02 3.282987312499999888e+01 5.599132443760620852e-03 3.409192306468811040e+01 3.664008450430901453e-02 3.409229268414333802e+01 1.890451180161813226e-03
2.440000000000000000e+04 -3.850000000000000000e+03 -3.203200000000000000e+04 3.405319876005977875e+01 3.315359307749718432e-02 3.405299813418183419e+01 1.609312377939332720e-03 9.327216297575913195e-02 7.761001827707395689e-03 9.208881283837699883e-02 3.640511286183081147e-02 -1.433623792662504504e-01 1.017533905432852458e-02 -1.440772101200620270e-01 8.587370899819212616e-03 3.283423290971848729e+01 2.837543061849065809e-02 3.283455562500000013e+01 4.354590233869128253e-03 3.405379547941266338e+01 3.315305786332150423e-02 3.405357122544779713e+01 1.646092596119296762e-03
2.440000000000000000e+04 1.500000000000000000e+02 -7.203200000000000000e+04 3.402240902000094991e+01 3.560535983161795814e-02 3.402276997524539581e+01 5.652079299601774770e-03 -1.011873326723921190e-01 6.810399611446961605e-03 -9.937433580463417293e-02 3.885529492947344815e-02 -2.090409896677853166e-03 6.029139047665679763e-03 -1.237837449500789333e-03 7.508994398614414652e-03 3.285245167472596961e+01 2.677165896862309866e-02 3.285126724999999936e+01 5.763195259421430121e-03 3.402269742037540112e+01 3.560506866977510704e-02 3.402307620586651637e+01 5.676061341797844842e-03
2.440000000000000000e+04 1.500000000000000000e+02 -5.203200000000000000e+04 3.402511877880684921e+01 3.579639481910622950e-02 3.402577111276915645e+01 7.160677647259750846e-03 1.122366040699653289e-01 7.745208814734491631e-03 1.037839509425521056e-01 4.261935602228628800e-02 1.008836665780711572e-02 6.973255419727189021e-03 9.489133195321075576e-03 1.795485224795656531e-02 3.283874606129120366e+01 2.757268117903948282e-02 3.283815962500000296e+01 8.009133139149545930e-03 3.402545243644433270e+01 3.579605812846353013e-02 3.402615049015789594e+01 7.311659230264160036e-03
2.440000000000000000e+04 1.500000000000000000e+02 -3.203200000000000000e+04 3.399485539665124634e+01 3.785026196619705602e-02 3.399435235192928673e+01 5.337051840765675605e-03 5.735514518482029596e-03 7.871952914763594503e-03 -4.376337944679953296e-03 4.608618508798011104e-02 -8.113162077204657749e-03 7.274629449053511727e-03 -8.238950223258711958e-03 1.650997572066736918e-02 3.282764696481792299e+01 3.052499043989131966e-02 3.282805749999999989e+01 4.173663105028741979e-03 3.399511008752693186e+01 3.784999212884643249e-02 3.399460035513990874e+01 5.352612354028738265e-03
2.440000000000000000e+04 4.150000000000000000e+03 -7.203200000000000000e+04 3.409075219682709701e+01 3.397578909212607690e-02 3.409051190393173414e+01 1.240295866918576838e-03 -1.053330667799423415e+00 6.917502868112630245e-03 -1.035161245245781458e+00 4.829093851052650155e-02 -4.232071465176718839e-01 8.485687023122891193e-03 -4.240153063294780367e-01 2.576162811578745424e-02 3.283856163048931620e+01 2.606305006087080225e-02 3.283857174999999984e+01 3.371001418347487066e-03 3.410907423075217793e+01 3.395838731087946760e-02 3.410916773131712176e+01 9.881122646678796011e-04
2.440000000000000000e+04 4.150000000000000000e+03 -5.203200000000000000e+04 3.409413238826519432e+01 3.529497933550037464e-02 3.409445770471175052e+01 2.324250383149325996e-03 1.267252241114240174e+00 7.798655729281611486e-03 1.257767502813530225e+00 4.156873041129100638e-02 1.599568157935010171e-01 8.938148707274983298e-03 1.591268227269966307e-01 1.124632781625809104e-02 3.284085097308796009e+01 2.740977899118563973e-02 3.284235537500000390e+01 8.235665136937452349e-03 3.411813881162427009e+01 3.527142537443662268e-02 3.411821148980344276e+01 1.209599017934587630e-03
2.440000000000000000e+04 4.150000000000000000e+03 -3.203200000000000000e+04 3.408025101498670040e+01 3.336204759755591331e-02 3.408008176634822917e+01 1.241938106135215573e-03 -2.323449760847266232e-01 6.310180494956849247e-03 -2.225772413038029640e-01 3.630290951305566172e-02 2.649661489777881407e-01 8.281623676576544898e-03 2.649056696815156320e-01 9.479192540686173785e-03 3.282859747033697317e+01 2.899059858693059377e-02 3.282574649999999394e+01 4.833517984567830758e-03 3.408213841546505307e+01 3.336029427596194641e-02 3.408198269269245628e+01 1.175302557276389779e-03
2.440000000000000000e+04 8.150000000000000000e+03 -7.203200000000000000e+04 3.402292227200008057e+01 3.348620287709169058e-02 3.402098482676977653e+01 8.168574012623681241e-03 -3.070534430903958945e-01 7.265546004443214356e-03 -3.014796517284195065e-01 3.563942077902109568e-02 3.440962714485475832e-02 5.756102003571524073e-03 3.278124865364973051e-02 7.811035998829738564e-03 3.283475992014470535e+01 2.825618515201311354e-02 3.283555025000000427e+01 4.135613509288978834e-03 3.402435842127716370e+01 3.348485331843979729e-02 3.402247355036239185e+01 8.035921571391558757e-03
2.440000000000000000e+04 8.150000000000000000e+03 -5.203200000000000000e+04 3.403868340832976003e+01 3.697001715700470176e-02 3.403981938519240913e+01 1.094863268211030208e-02 2.293608178690244026e-01 7.549437347662179415e-03 2.354804538818753290e-01 3.809887928072234337e-02 -9.401043233026118787e-03 6.728749198406581110e-03 -5.720937728536101829e-03 1.210851280529063288e-02 3.282450175171204876e+01 2.830838287208041829e-02 3.282370862500000186e+01 5.753217782676676648e-03 3.403967033023339184e+01 3.696899496184095912e-02 3.404079879082856053e+01 1.089773784819818639e-02
2.440000000000000000e+04 8.150000000000000000e+03 -3.203200000000000000e+04 3.399090470523116636e+01 3.256275067885737451e-02 3.399023217265720120e+01 4.946131985866804304e-03 6.244796627761138585e-02 7.321892852728571766e-03 6.600322039975425881e-02 3.501581865045932246e-02 -2.788208362207083776e-02 6.478492572529914728e-03 -2.705513005417731209e-02 1.500349793286327379e-02 3.282632107869881111e+01 2.976173993986288777e-02 3.282597037500000425e+01 3.709472141584886293e-03 3.399110990747912098e+01 3.256256317345648105e-02 3.399045647795443870e+01 4.923902109805995859e-03
2.740000000000000000e+04 -3.850000000000000000e+03 -7.203200000000000000e+04 3.409766039908529223e+01 3.493325988616578781e-02 3.409805803073777497e+01 3.988741572195418292e-03 -1.786018324631681586e-01 6.399754335960088428e-03 -1.779338385546846979e-01 7.570486813427951267e-03 1.388202009557397976e-01 9.759194934348600775e-03 1.385058040676033775e-01 6.146012247704989509e-03 3.280007191416243728e+01 3.241063080772973309e-02 3.279217549999999903e+01 1.214726996371751772e-02 3.409840528830850559e+01 3.493253710784274824e-02 3.409881334429210398e+01 3.986726645396412860e-03
2.740000000000000000e+04 -3.850000000000000000e+03 -5.203200000000000000e+04 3.410810657738439033e+01 3.823800147525181076e-02 3.410668467396249071e+01 4.475232851229503546e-03 8.124551626965488549e-02 7.996513981027793955e-03 8.088450785303724633e-02 5.687417499729736058e-03 1.729967290848877237e-02 1.078838811412229440e-02 1.715060982935789902e-02 5.649349200972736407e-03 3.279769889019821250e+01 3.438540828180981779e-02 3.278496537499999874e+01 1.652745834095611238e-02 3.410821129738710766e+01 3.823788962241349287e-02 3.410679149540316502e+01 4.469136109804166916e-03
2.740000000000000000e+04 -3.850000000000000000e+03 -3.203200000000000000e+04 3.406945913637343892e+01 3.720839509864449363e-02 3.406914115771882479e+01 2.946815636202330599e-03 9.564295737055776570e-02 8.030635436337418831e-03 9.704364310669377769e-02 1.819464642519633135e-02 -1.555502325431059873e-01 1.107759859965639151e-02 -1.556574677250690542e-01 4.595058913768841798e-03 3.279777570902928119e+01 3.238466650745184389e-02 3.278640337499999902e+01 1.496414777170725248e-02 3.406995964576174174e+01 3.720789433791903827e-02 3.406967112916611029e+01 2.951878178359423378e-03
2.740000000000000000e+04 1.500000000000000000e+02 -7.203200000000000000e+04 3.402258701436043964e+01 3.499271360305045847e-02 3.402184460681336020e+01 8.598795873670296921e-03 -9.863823421439457673e-02 6.422208417928174269e-03 -9.730542960819110743e-02 7.549108786902509853e-03 -6.448369801376549124e-03 5.674231477775996783e-03 -4.340654171959057450e-03 8.179651881293006910e-03 3.280715761331089197e+01 3.248739938707807806e-02 3.279445637499999577e+01 1.832065023110917082e-02 3.402273420916914404e+01 3.499256755785692952e-02 3.402199677424930968e+01 8.602128530824194180e-03
2.740000000000000000e+04 1.500000000000000000e+02 -5.203200000000000000e+04 3.403450961565809507e+01 3.613123386563026063e-02 3.403448886741832524e+01 8.450606860021064176e-03 1.208783764575900865e-01 7.198488009959025206e-03 1.217940427645999302e-01 1.697182919113776611e-02 -1.682575769267900812e-02 7.443400970574151621e-03 -1.513959077108356643e-02 6.973903336996754333e-03 3.280232992623746924e+01 2.959267352174988971e-02 3.278839324999999860e+01 1.738410919669231003e-02 3.403478151513467509e+01 3.613095799969832239e-02 3.403474475357603524e+01 8.465551231902382692e-03
2.740000000000000000e+04 1.500000000000000000e+02 -3.203200000000000000e+04 3.399077862808961470e+01 3.504024474690531354e-02 3.399181612891003113e+01 5.026097540644930937e-03 -3.132387658639531475e-02 7.892924814030692626e-03 -2.447471414060264916e-02 2.448738431306321170e-02 1.821015232612533882e-02 7.206463886692904622e-03 1.946651750567041095e-02 8.375954846060648315e-03 3.279815639036299757e+01 3.292787023510149180e-02 3.278758750000000077e+01 1.528138733651405665e-02 3.399087032237887485e+01 3.504015534326589132e-02 3.399189948571896025e+01 5.020005821266672850e-03
2.740000000000000000e+04 4.150000000000000000e+03 -7.203200000000000000e+04 3.412501646078294470e+01 3.506019925259889342e-02 3.412511356049968470e+01 7.874741508119955172e-03 -1.053883513867236443e+00 6.714516579211658905e-03 -1.058794775182656966e+00 1.205407231227106739e-02 -4.182954930373231628e-01 9.102028843287451876e-03 -4.184317047892049946e-01 8.270492767984935142e-03 3.281192389438251666e+01 3.308100405520045945e-02 3.280273400000000095e+01 1.598062202883736294e-02 3.414402820188915655e+01 3.504156852344734313e-02 3.414412064381004086e+01 8.127891289819239723e-03
2.740000000000000000e+04 4.150000000000000000e+03 -5.203200000000000000e+04 3.411171697684797977e+01 3.566023847020510090e-02 3.411300798846993132e+01 3.357421567870506884e-03 1.272180288483389266e+00 7.696278128462647611e-03 1.277511061449579710e+00 2.094012734945969664e-02 1.476515778921508315e-01 9.376297625987857487e-03 1.473693790014340976e-01 8.366557860202038233e-03 3.279629647652597413e+01 3.394882364445658135e-02 3.278517187500000318e+01 1.925233454344667944e-02 3.413599609675733149e+01 3.563625228983200582e-02 3.413729092883618677e+01 3.221156166712703731e-03
2.740000000000000000e+04 4.150000000000000000e+03 -3.203200000000000000e+04 3.410535523748047382e+01 3.194615248524420442e-02 3.410547558883649799e+01 3.256874967005523713e-03 -2.166882550740425462e-01 6.624473122311405442e-03 -2.187012540375407044e-01 1.133493558036610671e-02 2.698597394015886941e-01 9.771546683021518562e-03 2.710481247149171269e-01 4.765441850235585530e-03 3.280940030155974085e+01 3.162687758811460331e-02 3.279544212500000100e+01 1.648227367121338910e-02 3.410713714768057514e+01 3.194462050678704979e-02 3.410726935703717544e+01 3.208330913122795815e-03
2.740000000000000000e+04 8.150000000000000000e+03 -7.203200000000000000e+04 3.403228567913645009e+01 3.396207444312640544e-02 3.403154887460629396e+01 8.815610137428002771e-03 -3.008816315255321561e-01 7.140624485439302400e-03 -3.003788141394752031e-01 6.507342818134197703e-03 3.842772723733520884e-02 5.623676288804898594e-03 4.122161875657470720e-02 1.116189695347119537e-02 3.280554609526125631e+01 3.180661171266559173e-02 3.279318937499999720e+01 1.472032579212588684e-02 3.403364716954593661e+01 3.396077616501994717e-02 3.403291662989406063e+01 8.812817671059819391e-03
2.740000000000000000e+04 8.150000000000000000e+03 -5.203200000000000000e+04 3.402945182225344922e+01 3.595602646208685693e-02 3.402659412762649538e+01 1.117453329299932137e-02 2.384296669530030777e-01 7.890829481278982191e-03 2.393096735963909927e-01 1.761033500365381116e-02 1.668683436387453922e-02 6.706886195543917441e-03 1.718659439583880566e-02 1.353998348969537649e-02 3.279467364384498040e+01 3.467522949529131676e-02 3.278774400000000355e+01 1.766395687045880028e-02 3.403033460662499721e+01 3.595514294176464093e-02 3.402749064878140928e+01 1.121764519630604785e-02
2.740000000000000000e+04 8.150000000000000000e+03 -3.203200000000000000e+04 3.399455345214953184e+01 3.426311526427699289e-02 3.399536763387326488e+01 9.498279162293444405e-03 6.076708208561235752e-02 6.978137867333795638e-03 6.106254302144920043e-02 3.627093691046582441e-03 -5.954599323554645579e-02 6.651292099401911670e-03 -5.840923860558500103e-02 8.536414738927602247e-03 3.279834446672014536e+01 3.548899336768947949e-02 3.278686637500000245e+01 1.568831532535496995e-02 3.399466924187169070e+01 3.426300354672560250e-02 3.399548151540376040e+01 9.494929474432627775e-03
