0.000000000000000000e+00 -3.850000000000000000e+03 -7.000000000000000000e+04 3.369223901228508566e+01 3.949065285296710082e-02 3.369180000000000064e+01 1.432001243016222183e-02 -2.879408297328331923e+00 6.664082191190359543e-03 -2.890702600000000011e+00 2.665766590795224864e-02 3.213643159597894261e-01 1.188406996296718400e-02 3.402705999999999786e-01 2.757235731779205529e-02 3.249197161241044540e+01 2.271939649619952178e-02 3.247283000000000186e+01 2.433405308821367380e-02 3.381796696493231025e+01 3.934876878991960120e-02 3.381737826684189230e+01 1.552188280707488335e-02
0.000000000000000000e+00 -3.850000000000000000e+03 -6.432700000000000000e+04 3.372441575455822260e+01 4.727526442395817152e-02 3.372327579999999614e+01 1.499173238288357794e-02 -2.593565330095735533e+00 7.797785711835189537e-03 -2.592692400000000230e+00 1.982680560907382900e-02 7.677474806665506024e-02 1.305151043206750038e-02 7.961999999999999633e-02 6.836416422366323013e-03 3.249872554101295918e+01 2.777358896224021989e-02 3.248398080000000476e+01 2.916258547591437170e-02 3.382392549066837262e+01 4.714013466372218158e-02 3.382291345905537128e+01 1.506164777157413710e-02
0.000000000000000000e+00 -3.850000000000000000e+03 -5.865400000000000000e+04 3.369977457040947399e+01 4.286177304993837867e-02 3.369942100000000096e+01 1.236093891255863469e-02 -2.855002249127264413e+00 8.377794570745746711e-03 -2.858143199999999773e+00 2.414069552933386514e-02 9.839253955924877337e-02 1.393362286153378322e-02 9.865160000000001983e-02 5.552270387868355264e-03 3.250622088996202308e+01 2.540922765720405457e-02 3.248951259999999763e+01 2.702849547163155286e-02 3.382153417117038430e+01 4.271423409302995550e-02 3.382058538758180788e+01 1.378442244811603837e-02
0.000000000000000000e+00 -3.850000000000000000e+03 -5.298100000000000000e+04 3.370104014032088457e+01 3.356948198569852104e-02 3.369795500000000033e+01 1.467139752375310954e-02 -2.856365293310589859e+00 7.820368559169838321e-03 -2.855379200000000228e+00 9.860492013079239296e-03 5.608025338570000323e-02 1.356654406012136778e-02 5.846900000000000708e-02 5.575960930637874520e-03 3.250120462164641566e+01 2.320612103358005163e-02 3.247975720000000166e+01 2.377519520508698803e-02 3.382206161903382480e+01 3.345609088511891649e-02 3.381876998699499381e+01 1.541939280894382563e-02
0.000000000000000000e+00 -3.850000000000000000e+03 -4.730800000000000000e+04 3.367863605676058114e+01 4.385412421364757313e-02 3.367772060000000067e+01 1.383532319680413382e-02 -3.003677443202484199e+00 7.700863017745400267e-03 -3.009853399999999457e+00 2.075756034460688251e-02 7.044859772427627953e-02 1.363642910912460197e-02 7.060459999999998959e-02 7.747101081049603821e-03 3.248090509609632903e+01 2.727683798455883199e-02 3.246008539999999698e+01 3.045661049197716935e-02 3.381267137937604161e+01 4.368591756523683423e-02 3.381205497058054732e+01 1.355744587068763267e-02
0.000000000000000000e+00 1.500000000000000000e+02 -7.000000000000000000e+04 3.375133748287463931e+01 3.984110545076700177e-02 3.374995820000000180e+01 2.021773284866518541e-02 -1.654877405809087154e+00 7.015111410708365844e-03 -1.657136999999999860e+00 3.233288864917586991e-02 9.236967341053687885e-01 6.241983189104510256e-03 9.279718000000001243e-01 2.321647015245857301e-02 3.249207395866632453e+01 2.691476269907867522e-02 3.247874759999999839e+01 2.535331934993934749e-02 3.380496886589511973e+01 3.977994158654664381e-02 3.380345271079712433e+01 1.917509191045322844e-02
0.000000000000000000e+00 1.500000000000000000e+02 -6.432700000000000000e+04 3.373009782568560411e+01 4.554974961321914956e-02 3.372653160000000128e+01 1.585880610449572070e-02 -1.597279491584873146e+00 7.912829333527592393e-03 -1.586441199999999663e+00 1.098761624627471872e-01 9.818895665311068166e-01 6.706358837571601422e-03 9.814983999999998820e-01 7.750532437194226215e-03 3.246662659655037686e+01 2.374676143205706191e-02 3.246564180000000022e+01 1.994968178543140430e-02 3.378224378325579380e+01 4.548157379933073785e-02 3.377880984897336702e+01 1.236039243735055464e-02
0.000000000000000000e+00 1.500000000000000000e+02 -5.865400000000000000e+04 3.373809207973611279e+01 4.736261419411449958e-02 3.374398479999999978e+01 1.432086274775345829e-02 -1.909182012541691842e+00 8.001342581591630587e-03 -1.885138399999999992e+00 1.098099869363438341e-01 1.045241132047302290e+00 7.425348683791289234e-03 1.039701800000000009e+00 2.021762738156980543e-02 3.248300129930798619e+01 2.602763627516741646e-02 3.247177700000000300e+01 1.894962529444925090e-02 3.380963675448335692e+01 4.726554036695357341e-02 3.381333184164348182e+01 1.134527212934954149e-02
0.000000000000000000e+00 1.500000000000000000e+02 -5.298100000000000000e+04 3.372158390051968269e+01 3.711155204366985844e-02 3.371787220000000218e+01 1.753355958554966149e-02 -1.900720865031550799e+00 7.299039067045788413e-03 -1.924344400000000066e+00 8.565028003608625429e-02 9.956403765358283753e-01 6.186730935074825390e-03 9.965543999999999514e-01 1.326477948780153265e-02 3.250050120793392239e+01 2.240035970429348627e-02 3.248479059999999663e+01 2.386271811760029213e-02 3.379086802139141099e+01 3.703828976870887635e-02 3.378788893351615030e+01 1.554474274408838667e-02
0.000000000000000000e+00 1.500000000000000000e+02 -4.730800000000000000e+04 3.370994007793367331e+01 4.603558874398710338e-02 3.370549920000000554e+01 1.877394947100943096e-02 -1.877562799600168253e+00 7.815406274573251724e-03 -1.844985799999999898e+00 6.483551386578187414e-02 1.000806977084669258e+00 6.784109551100466450e-03 1.001408599999999982e+00 9.716832156623875227e-03 3.250141963144631063e+01 2.479267167490836754e-02 3.248864099999999411e+01 2.332131106305998167e-02 3.377584237503719322e+01 4.594870306964161932e-02 3.377106738958335796e+01 1.641312914013453791e-02
0.000000000000000000e+00 4.150000000000000000e+03 -7.000000000000000000e+04 3.378464458965054718e+01 4.022709772012622587e-02 3.378402859999999919e+01 1.138323720476596031e-02 -1.027944528918516287e+00 6.127733562845134874e-03 -1.026534200000000174e+00 1.630682581743001999e-02 -3.247477675618673509e-01 1.277998496839312728e-02 -3.277410000000000045e-01 1.041407204219367208e-02 3.250581119913262285e+01 2.698827812597532141e-02 3.249225099999999600e+01 2.694889922612751093e-02 3.380185956222187826e+01 4.020727788258483121e-02 3.380123150205144356e+01 1.161670574700624306e-02
0.000000000000000000e+00 4.150000000000000000e+03 -6.432700000000000000e+04 3.378199438633868112e+01 4.250136505476202753e-02 3.378162019999999899e+01 1.277680344765329615e-02 -1.257103276460766583e+00 7.599171298973866548e-03 -1.253598599999999896e+00 2.409520363184334754e-02 -5.096285704433323877e-02 1.324890714519530444e-02 -5.037499999999996841e-02 9.448225441848857181e-03 3.248193272911355933e+01 2.635617421134503827e-02 3.246970019999999835e+01 3.151916721361760348e-02 3.380562924551974646e+01 4.247266317289617038e-02 3.380494920127256364e+01 1.277013126522664327e-02
0.000000000000000000e+00 4.150000000000000000e+03 -5.865400000000000000e+04 3.378821356971462819e+01 4.211958184513961423e-02 3.379061839999999250e+01 1.129722551160307169e-02 -1.057265013890221095e+00 7.959923377393146940e-03 -1.062138999999999944e+00 1.523091598361701014e-02 -7.709605007324846909e-03 1.298943298286086082e-02 -7.218600000000008170e-03 6.473445555498234631e-03 3.248870957321889819e+01 2.763337152850744299e-02 3.247605839999999944e+01 2.428746822457997570e-02 3.380491644061135759e+01 4.209957440419503927e-02 3.380732431608085164e+01 1.131215791745611779e-02
0.000000000000000000e+00 4.150000000000000000e+03 -5.298100000000000000e+04 3.377339501553174017e+01 3.374714805305557147e-02 3.377542960000000249e+01 1.169431624593738304e-02 -1.445726679622379107e+00 6.632860582220788913e-03 -1.442350599999999927e+00 1.089877264924814758e-02 -1.138136888133063282e-02 1.298417909346626445e-02 -1.203719999999999270e-02 4.327782173353929805e-03 3.250575083957791378e+01 2.253680598735070817e-02 3.248094280000000111e+01 2.829419723441562243e-02 3.380413794954036888e+01 3.371799581519276806e-02 3.380622327778642955e+01 1.150635059592868166e-02
0.000000000000000000e+00 4.150000000000000000e+03 -4.730800000000000000e+04 3.377017337838436362e+01 4.147655559999362251e-02 3.376783679999999777e+01 1.238926328479581992e-02 -1.481366329220557221e+00 7.971251697552720825e-03 -1.482634399999999797e+00 1.378781073847486910e-02 -5.433990370108251339e-02 1.275468767065946266e-02 -5.966300000000000076e-02 1.119299590368905313e-02 3.249209387342295940e+01 1.943813313173740204e-02 3.246897440000000046e+01 2.572909194200206223e-02 3.380273530010572358e+01 4.143814164384172077e-02 3.380044157206658184e+01 1.216187987058335238e-02
0.000000000000000000e+00 8.150000000000000000e+03 -7.000000000000000000e+04 3.378823620496817881e+01 3.888172974318174213e-02 3.378284800000000132e+01 2.312458653684373172e-02 -1.132632030721518329e-01 6.732717140079743853e-03 -1.124836000000001973e-01 3.200367925723446652e-03 -9.206282711759176118e-01 6.114010704354322714e-03 -9.201054000000000732e-01 5.303704861698108064e-03 3.248689505287422463e+01 2.507217986695937581e-02 3.247510379999999941e+01 2.269849171729238987e-02 3.380090391647542702e+01 3.886756550750729983e-02 3.379556529913874385e+01 2.304388585788462104e-02
0.000000000000000000e+00 8.150000000000000000e+03 -6.432700000000000000e+04 3.378522198296612089e+01 4.748811819616453878e-02 3.379179259999999374e+01 1.456318556703793676e-02 -4.281990050605750942e-02 7.908200397079328398e-03 -4.361040000000002831e-02 8.002847390772850275e-03 -9.557187183737840819e-01 7.009174383432927730e-03 -9.622498000000000440e-01 1.427325977273585095e-02 3.248911182485981897e+01 2.638202759879431855e-02 3.247920480000000509e+01 2.721265032553845872e-02 3.379895035871111730e+01 4.746936168757063396e-02 3.380553442446607448e+01 1.445141672078868386e-02
0.000000000000000000e+00 8.150000000000000000e+03 -5.865400000000000000e+04 3.378574091137397062e+01 4.741732079072410316e-02 3.377724080000000129e+01 1.365592731893310562e-02 -2.445063766219087165e-01 8.592260168883437618e-03 -2.435850000000000237e-01 6.368210337292435318e-03 -9.603769652928346723e-01 8.095858623984604485e-03 -9.606182000000000887e-01 9.325422555573550584e-03 3.249412644469769873e+01 2.777012392878798128e-02 3.248640600000000234e+01 1.636766198025860208e-02 3.380040446798083309e+01 4.739750220660703811e-02 3.379178320410404979e+01 1.379251836570621892e-02
0.000000000000000000e+00 8.150000000000000000e+03 -5.298100000000000000e+04 3.378232126451500505e+01 3.931406165496539179e-02 3.378268319999999392e+01 9.284948822691724973e-03 -2.619831277860861785e-01 7.769963696527818452e-03 -2.625403999999999516e-01 1.132824639827369022e-02 -9.527575368781887599e-01 6.508597342137760478e-03 -9.542857999999998508e-01 6.724955504685529821e-03 3.248502070739088055e+01 2.507321783392875425e-02 3.247195100000000423e+01 2.102415213748206474e-02 3.379687069877207506e+01 3.929765869311764581e-02 3.379718880997885577e+01 9.228241795086388963e-03
0.000000000000000000e+00 8.150000000000000000e+03 -4.730800000000000000e+04 3.375519995493514358e+01 4.231469364119817139e-02 3.375742339999999331e+01 1.073258322865536067e-02 -3.264493996082421523e-01 7.143049720097056909e-03 -3.265666000000001512e-01 5.081233074756585574e-03 -8.995321058918969159e-01 7.408903001491847981e-03 -9.032632000000001549e-01 1.054068831433700032e-02 3.249075893973869000e+01 2.524061365496149678e-02 3.247521220000000142e+01 2.817383093652767873e-02 3.376880088681171088e+01 4.229824270828348026e-02 3.377109266244532648e+01 1.088114928009374476e-02
4.000000000000000000e+03 -3.850000000000000000e+03 -7.000000000000000000e+04 3.368623655790687366e+01 3.811715888613281811e-02 3.368595059999999819e+01 2.133788780549244340e-03 -2.937352091312374736e+00 6.816390652219919861e-03 -2.938306000000000751e+00 1.825867899109901576e-02 8.115754452087332593e-01 1.252953052722059236e-02 8.119694000000000633e-01 1.835926572769182655e-02 3.250280413850119743e+01 2.261103072834801803e-02 3.250413840000000221e+01 8.768312207032837383e-03 3.382393695389538379e+01 3.796801189639110313e-02 3.382364409127185922e+01 1.078075518856093243e-03
4.000000000000000000e+03 -3.850000000000000000e+03 -6.432700000000000000e+04 3.372024113108997767e+01 4.373312196238002963e-02 3.372070740000000200e+01 1.885122505302422010e-03 -2.678583136631413009e+00 8.729807680367669340e-03 -2.671415600000000445e+00 3.073488381399858138e-02 4.673184210775281344e-01 1.155996527959820934e-02 4.681758000000000308e-01 9.490017646980430932e-03 3.251931128669816218e+01 2.044228450175962150e-02 3.252012239999999821e+01 7.805041791047053791e-03 3.382864016753890013e+01 4.359914373041785807e-02 3.382965988939410806e+01 2.355885333442585446e-03
4.000000000000000000e+03 -3.850000000000000000e+03 -5.865400000000000000e+04 3.370200567462556052e+01 4.587428921125146636e-02 3.370202019999999976e+01 2.693916895526264448e-03 -2.890938299925027266e+00 8.589254542818978294e-03 -2.893784199999999807e+00 1.914414944415125663e-02 4.390155623901441095e-01 1.366651441068943672e-02 4.380282000000000342e-01 9.749875032019626395e-03 3.250196721680239165e+01 2.218080735147472116e-02 3.250245759999999962e+01 7.420276346604676339e-03 3.382913713599693750e+01 4.570873714657429365e-02 3.382889132236697094e+01 1.451180110821688463e-03
4.000000000000000000e+03 -3.850000000000000000e+03 -5.298100000000000000e+04 3.369835830593402903e+01 3.453330320660077946e-02 3.369820599999999189e+01 1.157084482655382088e-03 -2.905211555284735514e+00 7.088930878924764797e-03 -2.905126000000000097e+00 1.007305139965034707e-02 4.154677181841565092e-01 1.273142927850515020e-02 4.153524000000000660e-01 8.800367132114437357e-03 3.251011109367475171e+01 2.263836207003318626e-02 3.251017620000000363e+01 3.137981698480388736e-03 3.382582465396667715e+01 3.440912011502184759e-02 3.382576062954579044e+01 5.361554746070206412e-04
4.000000000000000000e+03 -3.850000000000000000e+03 -4.730800000000000000e+04 3.367606451420498104e+01 4.370542829621235775e-02 3.367558219999999380e+01 2.541075469166464203e-03 -3.067292849693469936e+00 8.923659058894570228e-03 -3.070968399999999932e+00 2.241679465177844402e-02 4.426698047248797674e-01 1.232650207906835389e-02 4.439723999999999893e-01 9.246317064647967959e-03 3.250625896825978600e+01 2.142041307523511601e-02 3.250659000000000276e+01 1.334863445076038026e-02 3.381844103376003119e+01 4.352937258938219256e-02 3.381826655142612026e+01 2.248772748533617045e-03
4.000000000000000000e+03 1.500000000000000000e+02 -7.000000000000000000e+04 3.374374172723378962e+01 3.672650013095378474e-02 3.374652360000000328e+01 7.334370065656278803e-03 -1.752809567033465132e+00 6.412714707407648866e-03 -1.747157599999999977e+00 3.399150209184653715e-02 7.172282267470201367e-01 6.335165300743145905e-03 7.196559999999998514e-01 9.873864800573289510e-03 3.252010012795152250e+01 2.263651291966758614e-02 3.252099779999999640e+01 6.272572322421377487e-03 3.379684992975258950e+01 3.667055834593438424e-02 3.379945774409546999e+01 7.116207814546571080e-03
4.000000000000000000e+03 1.500000000000000000e+02 -6.432700000000000000e+04 3.375171168234604124e+01 4.729746723013324855e-02 3.374672819999999973e+01 9.257060696570167113e-03 -1.730781407837599595e+00 7.607741376460067442e-03 -1.734620400000000062e+00 8.477393460055979157e-02 7.818661274318556842e-01 7.462523746630746364e-03 7.795965999999999729e-01 1.068752808931983968e-02 3.250577946366896498e+01 2.279513579913429802e-02 3.250700319999999977e+01 8.907539028261740946e-03 3.380685170276534990e+01 4.722268699728979918e-02 3.380070193224080555e+01 1.046457099291995575e-02
4.000000000000000000e+03 1.500000000000000000e+02 -5.865400000000000000e+04 3.373351564401225033e+01 4.923377848945544033e-02 3.373407640000000640e+01 6.568847361600571588e-03 -2.044200987746169318e+00 8.887251057854300001e-03 -2.037517400000000034e+00 6.642403997544868433e-02 8.289391030826613882e-01 7.278052146648542400e-03 8.318861999999999091e-01 1.474117553453590558e-02 3.251707557514892244e+01 2.158911662081773944e-02 3.251606999999999914e+01 6.303049087545074293e-03 3.380623160465896859e+01 4.913125541668681567e-02 3.380606375177764278e+01 6.449752516564099224e-03
4.000000000000000000e+03 1.500000000000000000e+02 -5.298100000000000000e+04 3.373091543866657815e+01 3.541878419823499963e-02 3.372911100000000317e+01 8.534618269143683794e-03 -2.042337182158227460e+00 7.155243563476504538e-03 -2.039154799999999934e+00 6.714931129237289298e-02 8.288479804052484301e-01 5.965083603118141731e-03 8.306091999999999365e-01 9.642329119045880623e-03 3.252852633376296154e+01 2.277974115454226359e-02 3.252906600000000026e+01 3.382332582701495609e-03 3.380239187226029429e+01 3.534697986143380682e-02 3.380117679997819380e+01 5.897146170826414457e-03
4.000000000000000000e+03 1.500000000000000000e+02 -4.730800000000000000e+04 3.372996084167342445e+01 4.606662587434640771e-02 3.372986500000000376e+01 7.255384014646536726e-03 -1.973477992820630966e+00 7.931615719016089222e-03 -1.961754800000000021e+00 4.434519088852814650e-02 7.832443893794652778e-01 6.882173746871441539e-03 7.829382000000000286e-01 5.047614311731846680e-03 3.252300430634775097e+01 2.119072932564886047e-02 3.252354260000000608e+01 1.735654855263545765e-02 3.379597551008971834e+01 4.597942940802984824e-02 3.379605300203762397e+01 7.857828591601589627e-03
4.000000000000000000e+03 4.150000000000000000e+03 -7.000000000000000000e+04 3.379078311935462153e+01 4.044744913127096969e-02 3.379129079999999874e+01 1.204141702624583667e-03 -1.054564928194336559e+00 7.315594147014810832e-03 -1.050762600000000102e+00 1.929972668614764186e-02 -8.048219610221034603e-01 1.239645711967693291e-02 -8.070173999999999959e-01 1.603410227172072725e-02 3.251247566456623161e+01 1.987853248247750670e-02 3.251194360000000216e+01 9.896501369676303714e-03 3.381675945280621676e+01 4.041828387484212859e-02 3.381729189721140472e+01 1.212620938578062467e-03
4.000000000000000000e+03 4.150000000000000000e+03 -6.432700000000000000e+04 3.379584548286825907e+01 4.624493792093584132e-02 3.379562899999999814e+01 1.600415352339013431e-03 -1.314315025813649340e+00 8.094240876008261532e-03 -1.316502799999999862e+00 1.621131568503939718e-02 -4.330010064114455104e-01 1.184809652046431294e-02 -4.327334000000000458e-01 1.199524938298492452e-02 3.250067835772805580e+01 2.343823657420718645e-02 3.250191000000000230e+01 3.353552742987046982e-03 3.382406759878701052e+01 4.620770001167160551e-02 3.382405371478442646e+01 1.076948880987348492e-03
4.000000000000000000e+03 4.150000000000000000e+03 -5.865400000000000000e+04 3.380089437390927998e+01 4.544355111014138776e-02 3.380081520000000239e+01 1.213473295956209695e-03 -1.178189024892997150e+00 8.215027570272856461e-03 -1.180781199999999753e+00 1.654536556682866325e-02 -3.934734248242292010e-01 1.328026374307799198e-02 -3.915031999999999957e-01 1.533932288727242292e-02 3.250846855590190643e+01 2.374480676912823704e-02 3.251102459999999894e+01 8.854901843611831525e-03 3.382385986068383232e+01 4.541391340012746608e-02 3.382372930392405408e+01 1.142712462383951594e-03
4.000000000000000000e+03 4.150000000000000000e+03 -5.298100000000000000e+04 3.378936810390285927e+01 3.680148919829488025e-02 3.378887219999999303e+01 1.709314698936371859e-03 -1.537207581554125291e+00 6.755842747742303589e-03 -1.534591599999999945e+00 2.077543648783355262e-02 -3.137299408140017953e-01 1.222932710500136168e-02 -3.135055999999999954e-01 6.489427121094736538e-03 3.253272338483500903e+01 2.429888393539552174e-02 3.253189319999999896e+01 6.472337733771371671e-03 3.382548361027827610e+01 3.676379534726454540e-02 3.382518355591282244e+01 1.194726892647690695e-03
4.000000000000000000e+03 4.150000000000000000e+03 -4.730800000000000000e+04 3.378042202503097258e+01 4.026332916900538655e-02 3.378007740000000325e+01 1.700243382578243978e-03 -1.537393397968889630e+00 7.805944421756460042e-03 -1.536773800000000412e+00 1.325851778442831662e-02 -3.503332119615917284e-01 1.244813848220954929e-02 -3.495177999999999896e-01 1.354769283457519201e-02 3.250159594585228007e+01 2.361756170897214707e-02 3.250340519999999600e+01 5.700767767591379161e-03 3.381703932741135787e+01 4.022169295769167235e-02 3.381684349005367807e+01 1.643205604180405588e-03
4.000000000000000000e+03 8.150000000000000000e+03 -7.000000000000000000e+04 3.380947780203460695e+01 3.958239106182202122e-02 3.380850600000000838e+01 6.888413424004403117e-03 -1.879390606205166014e-01 6.667824923200330565e-03 -1.915665999999999758e-01 2.305064072124682686e-02 -7.121404052415916119e-01 6.031145445686774721e-03 -7.115565999999999836e-01 1.002084913867081969e-02 3.251778365089609224e+01 2.401277293188352688e-02 3.251885200000000253e+01 4.138610394806552933e-03 3.381756269367331669e+01 3.957316727786668042e-02 3.381657305015978920e+01 6.936340177489200461e-03
4.000000000000000000e+03 8.150000000000000000e+03 -6.432700000000000000e+04 3.379257176796637197e+01 4.228914407327537955e-02 3.379323920000000214e+01 9.274559269312122878e-03 -1.004057545839694282e-01 7.725993408391308194e-03 -1.055526000000000381e-01 1.821620246813259944e-02 -7.479449535086165612e-01 7.448141396644505571e-03 -7.522588000000000052e-01 1.366356910327609989e-02 3.251229801158730481e+01 2.278159381071921674e-02 3.251487819999999829e+01 9.688463229015412126e-03 3.380122888802400638e+01 4.227871806892816858e-02 3.380180635643512943e+01 9.427173925351587519e-03
4.000000000000000000e+03 8.150000000000000000e+03 -5.865400000000000000e+04 3.379457190836755132e+01 4.366441959069178314e-02 3.379733259999999717e+01 1.133645260476198041e-02 -2.966857177278706126e-01 8.062803697618812007e-03 -2.957119999999998083e-01 1.841783975660552311e-02 -8.108163489900561682e-01 7.508038384768602261e-03 -8.134349999999999081e-01 2.165004433020864885e-02 3.250428336537744656e+01 2.194188054096909979e-02 3.250441080000000227e+01 1.666418476854645853e-03 3.380581300980670534e+01 4.365038127993741551e-02 3.380846116157435688e+01 1.132114287862154636e-02
4.000000000000000000e+03 8.150000000000000000e+03 -5.298100000000000000e+04 3.380086429672613235e+01 3.814797490332704627e-02 3.380133019999999533e+01 3.117839466682088660e-03 -3.443514444755860215e-01 7.186844461878778671e-03 -3.434379999999999100e-01 1.410755332437197383e-02 -7.851360049368716343e-01 6.916162768767012727e-03 -7.873368000000000588e-01 1.128390569971231966e-02 3.251065292373040450e+01 2.280850519069512264e-02 3.251047359999999742e+01 3.718721051652256176e-03 3.381172073022745650e+01 3.813616317644080017e-02 3.381226221575853685e+01 3.174930861889870524e-03
4.000000000000000000e+03 8.150000000000000000e+03 -4.730800000000000000e+04 3.379253306575886029e+01 4.221724983708085438e-02 3.379451379999999716e+01 6.473698613621096595e-03 -3.887346339377735216e-01 7.779341323254211106e-03 -3.875895999999999231e-01 1.839117106276817737e-02 -7.697831532608320204e-01 6.809343310008188210e-03 -7.697800000000000198e-01 9.626183958350268896e-03 3.251894763924494214e+01 2.095159849400479030e-02 3.251751640000000521e+01 7.680719892042021761e-03 3.380364572510635668e+01 4.220382389674767060e-02 3.380552754967852991e+01 6.087737717165860735e-03
8.000000000000000000e+03 -3.850000000000000000e+03 -7.000000000000000000e+04 3.368501586671811765e+01 3.993708946684959571e-02 3.368531660000000016e+01 2.582404278961973696e-03 -2.995249222081493912e+00 6.412395532896999518e-03 -2.996882400000000057e+00 2.103597873311328914e-02 6.474238161627252630e-01 1.172153651082039061e-02 6.493974000000000135e-01 2.938086545968314131e-02 3.252039903388233455e+01 2.332228891169371363e-02 3.251877420000000996e+01 7.050693408453522111e-03 3.382462104717418327e+01 3.977739696939239233e-02 3.382467765254109793e+01 1.314567672020764766e-03
8.000000000000000000e+03 -3.850000000000000000e+03 -6.432700000000000000e+04 3.371699612286371206e+01 4.758608830674330992e-02 3.371737739999999661e+01 2.271681460944188855e-03 -2.692510199868637599e+00 8.005566068285683082e-03 -2.689345000000000319e+00 2.460297574684823865e-02 3.578182760548079822e-01 1.296544908747512999e-02 3.611602000000000978e-01 2.432627573509764038e-02 3.251872168106840633e+01 2.313355709587328751e-02 3.251348420000000772e+01 6.711535885325367948e-03 3.382667700770411301e+01 4.743684029127447077e-02 3.382645929792538197e+01 1.750535002813514941e-03
8.000000000000000000e+03 -3.850000000000000000e+03 -5.865400000000000000e+04 3.370313695593616643e+01 4.377405838834906582e-02 3.370340359999999436e+01 1.785309485775515631e-03 -2.934502690403560710e+00 8.889585800827453158e-03 -2.938516599999999812e+00 1.491860857989115059e-02 3.151828007347580729e-01 1.242904391611973636e-02 3.194118000000000235e-01 1.675224747429431005e-02 3.251285789185678254e+01 2.305770492542250430e-02 3.251035020000000486e+01 7.794807229175198734e-03 3.383230040448610509e+01 4.361436588055223745e-02 3.383279967420181578e+01 1.556944641424616539e-03
8.000000000000000000e+03 -3.850000000000000000e+03 -5.298100000000000000e+04 3.369892827766684462e+01 3.244802195155016555e-02 3.369949779999999606e+01 2.889082110290563856e-03 -2.947964568025024601e+00 6.615059042141774835e-03 -2.947343800000000069e+00 2.699614900944210041e-02 3.219606430941306940e-01 1.235232946209454709e-02 3.207648000000000166e-01 1.113601118174722265e-02 3.251565687202512578e+01 2.094739892583400917e-02 3.251536399999999816e+01 7.152337373193719781e-03 3.382930318663240854e+01 3.233118999684323619e-02 3.382971045013939460e+01 1.800184638220350079e-03
8.000000000000000000e+03 -3.850000000000000000e+03 -4.730800000000000000e+04 3.367941880139062505e+01 4.158940644022519201e-02 3.367773060000000385e+01 4.117660860245582650e-03 -3.120322373268484384e+00 9.085141783755497705e-03 -3.114837599999999984e+00 3.838847422417303312e-02 2.705946102344022330e-01 1.258186192816124378e-02 2.700506000000000850e-01 1.442468570402835951e-02 3.251535717068353648e+01 1.978466251902506745e-02 3.251328060000000164e+01 6.151681271002528567e-03 3.382373544644652696e+01 4.142081176455567754e-02 3.382264686746759708e+01 2.857107932335206223e-03
8.000000000000000000e+03 1.500000000000000000e+02 -7.000000000000000000e+04 3.375807992710645777e+01 4.058765992025194919e-02 3.375338140000000209e+01 1.020331398419177180e-02 -1.794478486487452118e+00 6.946452815291544007e-03 -1.792294400000000065e+00 2.294081106805062262e-02 7.522804092382282537e-01 5.867690828707415249e-03 7.532756000000000451e-01 4.872599763986354242e-03 3.251169631326915521e+01 2.135324554931923927e-02 3.251079040000000475e+01 4.146307497037725331e-03 3.381497938892425026e+01 4.052156099131477146e-02 3.380935697288380481e+01 1.114542994661223314e-02
8.000000000000000000e+03 1.500000000000000000e+02 -6.432700000000000000e+04 3.375906618535940140e+01 4.717323933930833019e-02 3.375991900000000356e+01 1.184245549706732827e-02 -1.797366497339720981e+00 8.323366800258970646e-03 -1.782932600000000090e+00 7.389835447599622797e-02 7.692905133680891794e-01 6.405309623492138650e-03 7.694908000000000303e-01 7.816969524054705881e-03 3.249975303837609886e+01 2.117124251560565176e-02 3.250329279999999699e+01 1.155176025720774761e-02 3.381554115727304577e+01 4.709687130038527070e-02 3.381605323453263878e+01 8.493166059232054935e-03
8.000000000000000000e+03 1.500000000000000000e+02 -5.865400000000000000e+04 3.373388570717877855e+01 4.334716894951202992e-02 3.373202380000000034e+01 5.655871872665584575e-03 -2.082657352077534885e+00 7.907616748083491978e-03 -2.070710000000000051e+00 6.086471566433209607e-02 8.327369991004559546e-01 6.740050752097132003e-03 8.323983999999999828e-01 1.151840667193167710e-02 3.251371480317012441e+01 2.242381282823108918e-02 3.251495939999999507e+01 5.821119948944739227e-03 3.380851175209232196e+01 4.325505565527183738e-02 3.380599869430349713e+01 4.626816038835913393e-03
8.000000000000000000e+03 1.500000000000000000e+02 -5.298100000000000000e+04 3.372957696526400184e+01 3.742853612152174242e-02 3.373104799999999415e+01 7.847543577451362995e-03 -2.104497016126860132e+00 6.651691274449357712e-03 -2.089744200000000607e+00 6.099182305473413446e-02 8.484703296366158387e-01 6.161725843135508300e-03 8.467043999999999127e-01 1.183719915605040661e-02 3.251086888628569938e+01 2.182450354750929689e-02 3.251263900000000007e+01 7.940220097704739702e-03 3.380503712973172270e+01 3.734791000387967935e-02 3.380655341899519328e+01 6.540110015374247902e-03
8.000000000000000000e+03 1.500000000000000000e+02 -4.730800000000000000e+04 3.372696476075368821e+01 4.277402212184756164e-02 3.372673360000000287e+01 4.019461613201688426e-03 -1.993341899139548845e+00 7.829613192945044514e-03 -1.997923000000000116e+00 4.359809627380535624e-02 7.992543255499311439e-01 7.184638205838109713e-03 8.035740000000000105e-01 1.026603095163851863e-02 3.250723888792983729e+01 2.336146824536663655e-02 3.250514460000000128e+01 6.822126952791740875e-03 3.379539168978116948e+01 4.269028589308686283e-02 3.379553248781646602e+01 3.874389098278884815e-03
8.000000000000000000e+03 4.150000000000000000e+03 -7.000000000000000000e+04 3.380298513893445289e+01 3.822249516983957512e-02 3.380288880000000518e+01 2.749047751495939818e-03 -1.119133130122203834e+00 7.232124821997419281e-03 -1.120386600000000232e+00 1.829131205408727687e-02 -6.598839737798746219e-01 1.184422463199432708e-02 -6.607229999999999492e-01 2.080438928207218111e-02 3.251561899347727547e+01 2.174878744876500292e-02 3.251679339999999740e+01 5.578241995467402362e-03 3.382802874474242572e+01 3.819570165744080176e-02 3.382794981603665008e+01 2.413138749937151877e-03
8.000000000000000000e+03 4.150000000000000000e+03 -6.432700000000000000e+04 3.380635941900460040e+01 4.447296818472395996e-02 3.380667760000000044e+01 2.360545225154247594e-03 -1.325702932372911924e+00 7.935048976222693062e-03 -1.330822399999999961e+00 1.865290505149252986e-02 -3.124237063237893519e-01 1.140026380590868603e-02 -3.115877999999999703e-01 1.151963237868292717e-02 3.250840108691229347e+01 2.056864070354568613e-02 3.251279480000000888e+01 8.811958791324356680e-03 3.383396436048641220e+01 4.443799994706154610e-02 3.383432509173557889e+01 1.998401082415781575e-03
8.000000000000000000e+03 4.150000000000000000e+03 -5.865400000000000000e+04 3.380939866851416298e+01 4.744338701627390936e-02 3.380971540000000175e+01 1.759179712252766786e-03 -1.202500733416099310e+00 8.600716724734199306e-03 -1.196009999999999796e+00 2.387320091650882783e-02 -2.934073992437520317e-01 1.266435618617833478e-02 -2.922946000000000155e-01 1.388242609056502229e-02 3.250755571045742442e+01 2.348397016520225450e-02 3.251173719999999889e+01 9.763340465230786747e-03 3.383179693435857871e+01 4.741314341885367878e-02 3.383217079198266219e+01 1.868766909052817834e-03
8.000000000000000000e+03 4.150000000000000000e+03 -5.298100000000000000e+04 3.379371194317537430e+01 3.549301209822933179e-02 3.379342799999999158e+01 9.927573721710577885e-04 -1.562791816336446704e+00 6.596228020508666801e-03 -1.566266000000000158e+00 2.162336018291313722e-02 -2.457278801732206142e-01 1.166529945380732382e-02 -2.447841999999999518e-01 1.298491339747787250e-02 3.251237593691384831e+01 2.230683339725269068e-02 3.251219499999999840e+01 1.712369732272025612e-03 3.383066411135854423e+01 3.545584772076960239e-02 3.383062860731764232e+01 5.397328201207470455e-04
8.000000000000000000e+03 4.150000000000000000e+03 -4.730800000000000000e+04 3.379003205277208366e+01 4.317496421098037523e-02 3.378984080000000034e+01 1.433023042383883795e-03 -1.566675152907671675e+00 7.384194179812562583e-03 -1.569318199999999885e+00 3.147995393643387291e-02 -2.257187236564527355e-01 1.244471056650497086e-02 -2.264388000000000234e-01 1.166505719831667509e-02 3.250456843430234244e+01 1.935064557014249537e-02 3.250439079999999592e+01 4.686621964698370855e-03 3.382718867613395730e+01 4.312907105426191934e-02 3.382708797191816075e+01 1.675627356026627513e-03
8.000000000000000000e+03 8.150000000000000000e+03 -7.000000000000000000e+04 3.379520148164954207e+01 3.914511641630864097e-02 3.379692879999999633e+01 6.247850329512890169e-03 -2.221675507120283999e-01 6.591640183676154320e-03 -2.259717999999999449e-01 2.305749672102309217e-02 -7.155176221489655264e-01 5.822344323826578530e-03 -7.161333999999999200e-01 2.692773488431576302e-03 3.250898031760616647e+01 1.974851011872090500e-02 3.250787959999999543e+01 3.543054396985711573e-03 3.380360404279589659e+01 3.913562964314579867e-02 3.380530231330096314e+01 6.201992831882318161e-03
8.000000000000000000e+03 8.150000000000000000e+03 -6.432700000000000000e+04 3.380395822485498059e+01 4.475617811450866707e-02 3.380327739999999892e+01 1.820135383041665902e-02 -1.265631411368622616e-01 7.693739206798303094e-03 -1.273761999999999672e-01 2.638637312591479711e-02 -7.199556934582680423e-01 7.733019785231782205e-03 -7.179721999999999493e-01 8.181479593569854908e-03 3.249868969024739584e+01 1.959159398206300473e-02 3.250087779999999782e+01 6.952681564692693265e-03 3.381187465552802252e+01 4.474601827687425121e-02 3.381118638762078632e+01 1.819811475494537839e-02
8.000000000000000000e+03 8.150000000000000000e+03 -5.865400000000000000e+04 3.379868544469523073e+01 4.829797392896441333e-02 3.379932920000000252e+01 6.336074268820077876e-03 -3.278793838618270784e-01 7.735058542934491153e-03 -3.226367999999998903e-01 1.783733204377827702e-02 -7.782094162451546060e-01 7.993790539788355257e-03 -7.780162000000000466e-01 1.056627454403867052e-02 3.251361284484038805e+01 2.100788324470771046e-02 3.251159919999999914e+01 1.226058687991699384e-02 3.380922651776226928e+01 4.828332991878213354e-02 3.380984739093488400e+01 6.271632168221385681e-03
8.000000000000000000e+03 8.150000000000000000e+03 -5.298100000000000000e+04 3.380670069946285849e+01 3.975436346633267476e-02 3.380694320000000630e+01 8.840680027010640318e-03 -3.854299635959160808e-01 7.453765742735009130e-03 -3.856689999999997065e-01 2.354447751809322226e-02 -7.633055633269811846e-01 6.663070543910591149e-03 -7.603733999999999771e-01 1.235617560412605696e-02 3.250669849045594617e+01 2.297452193254031008e-02 3.250793860000000279e+01 5.350290222035201590e-03 3.381750108954693701e+01 3.974204522618771107e-02 3.381773408599947572e+01 8.927515421366886278e-03
8.000000000000000000e+03 8.150000000000000000e+03 -4.730800000000000000e+04 3.379391238323508873e+01 4.472323425984083001e-02 3.379543160000000057e+01 9.616270860370243478e-03 -4.157448486141813726e-01 8.233328214777275653e-03 -4.175143999999999522e-01 2.435358965039869511e-02 -7.472154398992649771e-01 6.953567859444497248e-03 -7.468926000000000176e-01 4.370336790225646910e-03 3.252708572370438134e+01 1.955070867229380394e-02 3.252548819999999807e+01 1.004137195506734845e-02 3.380476278555254765e+01 4.470928011853386730e-02 3.380629852882879050e+01 9.517345746616891547e-03
1.200000000000000000e+04 -3.850000000000000000e+03 -7.000000000000000000e+04 3.368277368366101854e+01 3.867442146317967566e-02 3.368184000000000111e+01 4.309946809416948660e-03 -3.181025666665448171e+00 6.242710251218266948e-03 -3.178121599999999880e+00 3.978064848088839339e-02 5.949321483042839809e-01 1.098010214811312273e-02 5.966090000000000559e-01 3.145760063959104902e-02 3.250200645661692533e+01 2.198012342137500158e-02 3.250343019999999683e+01 5.092247778732434706e-03 3.383734453448148116e+01 3.850292026916144611e-02 3.383686006109651601e+01 1.484901591876643893e-03
1.200000000000000000e+04 -3.850000000000000000e+03 -6.432700000000000000e+04 3.371549580035588889e+01 5.058988005410779143e-02 3.371513300000000157e+01 5.616017067282073200e-03 -2.876531591437940349e+00 8.337990542376836137e-03 -2.894097199999999592e+00 7.248854522916010901e-02 3.224423743569920231e-01 1.248135479673585443e-02 3.196092000000000377e-01 2.276705181045623680e-02 3.251549654902966324e+01 2.357395163946722494e-02 3.251514039999999994e+01 6.667187372498297598e-03 3.384130739915840280e+01 5.040733504338080345e-02 3.384097140459116559e+01 1.878499799382043469e-03
1.200000000000000000e+04 -3.850000000000000000e+03 -5.865400000000000000e+04 3.369405288454886005e+01 4.555996765741163190e-02 3.369640639999999365e+01 6.862278146504826801e-03 -3.141935162791715808e+00 8.251338594260271622e-03 -3.143590600000000013e+00 6.739689076329859196e-02 2.649158780462642637e-01 1.364850986167914955e-02 2.657352000000001158e-01 1.461664321723695620e-02 3.251410827024702144e+01 2.132474211763296656e-02 3.251662979999999692e+01 5.678087533667885121e-03 3.384382837087918006e+01 4.536544909417122851e-02 3.384405102374247321e+01 9.931293405098145025e-04
1.200000000000000000e+04 -3.850000000000000000e+03 -5.298100000000000000e+04 3.369361242381440036e+01 3.410588481677232636e-02 3.369222979999999268e+01 5.559548375541876336e-03 -3.131235437628117069e+00 6.930576604780382816e-03 -3.129291799999999846e+00 5.815192852554415537e-02 2.433638642566949284e-01 1.245384213605014480e-02 2.457406000000000590e-01 1.957879552117547731e-02 3.250778092433742472e+01 2.236960932340382319e-02 3.250914920000000308e+01 4.872660991696679648e-03 3.383783193946646861e+01 3.396731728626926211e-02 3.383835666938091435e+01 1.220883036359289358e-03
1.200000000000000000e+04 -3.850000000000000000e+03 -4.730800000000000000e+04 3.367431025379544707e+01 4.209964860586889318e-02 3.367238079999999911e+01 9.037465404636868885e-03 -3.280343757596546173e+00 8.359008689796054714e-03 -3.295633399999999824e+00 8.926180773466328711e-02 2.069913152840265336e-01 1.244528107517541525e-02 2.040566000000000602e-01 2.579629236653979002e-02 3.250892693153259927e+01 2.145515882735022153e-02 3.250917660000000353e+01 6.187758128757058634e-03 3.383431387889216779e+01 4.190850798749042039e-02 3.383440436666774076e+01 1.385227940475849051e-03
1.200000000000000000e+04 1.500000000000000000e+02 -7.000000000000000000e+04 3.374133794653164387e+01 3.963525797792276373e-02 3.374179020000000406e+01 3.761412532547169993e-03 -1.968782197506795173e+00 6.895664511222841103e-03 -1.969442600000000265e+00 3.066230186662440363e-02 7.824469995816407675e-01 6.271343790448172598e-03 7.818437999999998667e-01 6.824881899344526458e-03 3.251056937447824424e+01 2.345199208756672954e-02 3.251048640000000489e+01 5.638682369135373205e-03 3.380881913806948091e+01 3.955879282015160869e-02 3.380831746182310127e+01 3.993734726510555361e-03
1.200000000000000000e+04 1.500000000000000000e+02 -6.432700000000000000e+04 3.376156537761780640e+01 4.674515554048184335e-02 3.376297540000000197e+01 1.210346140820890010e-02 -1.958738385947093930e+00 8.228944540939898966e-03 -1.950832400000000133e+00 9.456003411304365891e-02 8.128191490607103997e-01 7.128886557216594991e-03 8.072164000000000561e-01 1.957342511059321014e-02 3.250383786796186314e+01 2.240107263152227995e-02 3.250418419999999742e+01 6.547877407220696958e-03 3.382860165844296318e+01 4.665547806188601737e-02 3.382947591180148805e+01 8.625751660319478861e-03
1.200000000000000000e+04 1.500000000000000000e+02 -5.865400000000000000e+04 3.371779081156969937e+01 4.689274358536872633e-02 3.371653760000000233e+01 9.189219110457879161e-03 -2.268720165837389668e+00 8.187229936237945538e-03 -2.245657599999999920e+00 7.047322226675881152e-02 8.702582928075024427e-01 7.740487126973602527e-03 8.694526000000000199e-01 8.128437387345727183e-03 3.250385853934026414e+01 2.180491679698696311e-02 3.250787079999999918e+01 7.405442980672856217e-03 3.380417666041511637e+01 4.677662286048407669e-02 3.380272165002465101e+01 8.812157063979622965e-03
1.200000000000000000e+04 1.500000000000000000e+02 -5.298100000000000000e+04 3.372731476786187699e+01 3.722472490108923865e-02 3.372993600000000924e+01 1.454423216605141116e-02 -2.256373817654834912e+00 7.217123615217818297e-03 -2.274294199999999933e+00 7.919317991493959874e-02 8.051515388700812847e-01 6.315798612578462853e-03 8.065409999999999524e-01 5.151053765978385809e-03 3.250091141429757613e+01 2.393120050651582204e-02 3.250353040000000249e+01 7.681985098918440828e-03 3.381461609444420446e+01 3.713244940298877222e-02 3.381652147710751422e+01 1.023176932704083358e-02
1.200000000000000000e+04 1.500000000000000000e+02 -4.730800000000000000e+04 3.371905186220811856e+01 4.450971265614621364e-02 3.372091419999999573e+01 8.753137319840413946e-03 -2.182779124388238401e+00 8.365043503730726360e-03 -2.163670600000000555e+00 5.954425691164524914e-02 8.237626273164692092e-01 7.119774795458549445e-03 8.281620000000000648e-01 1.440646639533788541e-02 3.250376725143509304e+01 2.352625948702087924e-02 3.250311520000000343e+01 3.711520367720403443e-03 3.379932588137745597e+01 4.440779408658240140e-02 3.380062861434699073e+01 7.093151098770196679e-03
1.200000000000000000e+04 4.150000000000000000e+03 -7.000000000000000000e+04 3.381439692113692530e+01 3.972246518451957170e-02 3.381457360000000278e+01 1.203664139202279817e-03 -1.275593992150515721e+00 7.526799267421981944e-03 -1.269318600000000075e+00 3.570488689605379184e-02 -5.941351209429096558e-01 1.201922881543070198e-02 -5.973564000000000096e-01 3.452355753337135041e-02 3.250889992688961883e+01 2.205623885017420766e-02 3.250842279999999818e+01 3.589250359057246601e-03 3.384367166617467149e+01 3.968976965921085232e-02 3.384380684696799335e+01 8.495569374981830433e-04
1.200000000000000000e+04 4.150000000000000000e+03 -6.432700000000000000e+04 3.381724571903995979e+01 4.462932458917581724e-02 3.381691439999999460e+01 2.493274665976388371e-03 -1.492396133699434468e+00 7.947925276700549407e-03 -1.493330200000000163e+00 3.583758851457500422e-02 -2.676480193548515518e-01 1.241742805466163578e-02 -2.701375999999999777e-01 1.464338448788392137e-02 3.251608359183061481e+01 2.422021195425329287e-02 3.251664460000000645e+01 1.006437428059929647e-02 3.385080130582794311e+01 4.458672002364186260e-02 3.385103711629870560e+01 1.937045056832222174e-03
1.200000000000000000e+04 4.150000000000000000e+03 -5.865400000000000000e+04 3.382431289200354030e+01 4.385617259235520538e-02 3.382280360000000030e+01 3.042426475693738291e-03 -1.338386507477619114e+00 8.396879775602343957e-03 -1.330747999999999820e+00 5.647220488523529980e-02 -1.992683881806234514e-01 1.245805474501424960e-02 -2.010430000000000272e-01 1.656366870593584464e-02 3.251960532078027910e+01 2.320153912364921953e-02 3.252061740000000611e+01 8.697038223442298335e-03 3.385034117635536433e+01 4.382402865810249709e-02 3.384977436463228884e+01 2.135452342258716517e-03
1.200000000000000000e+04 4.150000000000000000e+03 -5.298100000000000000e+04 3.380422783193404257e+01 3.404262282371441073e-02 3.380470160000000135e+01 2.716220123627096066e-03 -1.754500849994481859e+00 6.245276940211307373e-03 -1.740317999999999810e+00 6.571023506349678300e-02 -1.674209152003020284e-01 1.197116987970987464e-02 -1.697133999999999587e-01 1.652939959163670161e-02 3.252170677437579371e+01 2.300252246281192514e-02 3.252288500000000226e+01 6.989489680942400328e-03 3.385047612162943409e+01 3.399785754968540075e-02 3.385016607900284669e+01 1.565551798435970646e-03
1.200000000000000000e+04 4.150000000000000000e+03 -4.730800000000000000e+04 3.379863982043099213e+01 4.404190726444459636e-02 3.379831200000000280e+01 1.252528442790212413e-03 -1.726152157758876093e+00 7.688620299968093076e-03 -1.727878199999999920e+00 4.899157860836902273e-02 -1.273884334422202558e-01 1.279947640262889957e-02 -1.256776000000000004e-01 1.469218237907493792e-02 3.253440233400518622e+01 2.315702872574466192e-02 3.253446540000000198e+01 6.918855690068490862e-03 3.384283840722935111e+01 4.398631858775718662e-02 3.384283844751830372e+01 1.432916470791923032e-03
1.200000000000000000e+04 8.150000000000000000e+03 -7.000000000000000000e+04 3.378645811307743685e+01 3.856295664717294958e-02 3.378512700000000279e+01 7.501653624368711734e-03 -3.649343259442875409e-01 7.182113515125368094e-03 -3.698486000000002494e-01 3.550746212502387672e-02 -7.352432684796086360e-01 6.362790756445182647e-03 -7.369221999999999717e-01 7.156418590328549392e-03 3.252393741787069104e+01 2.193426859928017392e-02 3.252319779999999838e+01 7.033947251721204240e-03 3.379659572910580323e+01 3.855177202058018143e-02 3.379526433717428802e+01 7.585816075682706196e-03
1.200000000000000000e+04 8.150000000000000000e+03 -6.432700000000000000e+04 3.379266817381523680e+01 5.036456361957396960e-02 3.379553439999999398e+01 1.170218765701604505e-02 -2.753463700075320930e-01 8.587139554601079180e-03 -2.798658000000001644e-01 3.357141901290449509e-02 -7.380528600450033672e-01 6.808748302548941513e-03 -7.370210000000000372e-01 2.136455884871013566e-02 3.249959798598517580e+01 2.196045929676863212e-02 3.249969380000000285e+01 4.588214613550918586e-03 3.380169999301166683e+01 5.035140731580507734e-02 3.380482207858197086e+01 1.179131493493673112e-02
1.200000000000000000e+04 8.150000000000000000e+03 -5.865400000000000000e+04 3.380862583888092843e+01 4.554922605467807972e-02 3.380824099999999532e+01 9.108173631414834270e-03 -5.270437647456585051e-01 8.566762508823943384e-03 -5.208046000000005060e-01 5.006295948962664194e-02 -7.759824591286802464e-01 7.299385188099292467e-03 -7.762749999999998263e-01 8.637918968131132191e-03 3.251660017148292781e+01 2.431401444079184584e-02 3.251743480000000375e+01 8.437229423217840196e-03 3.382163389010522536e+01 4.553224564222894954e-02 3.382131552067133384e+01 8.242599999667660909e-03
1.200000000000000000e+04 8.150000000000000000e+03 -5.298100000000000000e+04 3.380444265864766606e+01 3.905700142958219018e-02 3.380367619999999818e+01 6.541270453053944257e-03 -5.273928537683267859e-01 7.443794299683251410e-03 -5.291111999999997817e-01 6.168382342429814397e-02 -7.582323670232202772e-01 6.045678019913496709e-03 -7.550177999999998502e-01 7.360749522976595821e-03 3.250971992998448457e+01 2.000288309969613584e-02 3.250932079999999758e+01 4.510348693837631408e-03 3.381759686701258971e+01 3.904226499944433298e-02 3.381647476073967340e+01 6.659254549561182887e-03
1.200000000000000000e+04 8.150000000000000000e+03 -4.730800000000000000e+04 3.378087564978342527e+01 4.290894405000694051e-02 3.378050700000000006e+01 9.292429407857060245e-03 -5.540709436898970663e-01 7.571620266108588550e-03 -5.657194000000000944e-01 6.938793849841617956e-02 -7.878568156046305004e-01 6.078418542957893418e-03 -7.892360000000000486e-01 3.646994447486875002e-03 3.250910116882813838e+01 2.091964374406884639e-02 3.250855119999999232e+01 2.789378593880514554e-03 3.379514641664245289e+01 4.289132883881639074e-02 3.379474595240875345e+01 9.854386341849348876e-03
1.600000000000000000e+04 -3.850000000000000000e+03 -7.000000000000000000e+04 3.369399266057639153e+01 3.738108782132064378e-02 3.369195020000000085e+01 7.439736873034975655e-03 -3.337166352467853869e+00 6.449568977302717193e-03 -3.299179999999999779e+00 7.622968479339269077e-02 5.185002918457440879e-01 1.172976750696623494e-02 5.169719999999998761e-01 3.294084558113229838e-02 3.252022409519918256e+01 2.110239964565631399e-02 3.251976859999999903e+01 6.942801715446495631e-03 3.385759847180432303e+01 3.720709301858930729e-02 3.385745353716338002e+01 8.115773307269881802e-04
1.600000000000000000e+04 -3.850000000000000000e+03 -6.432700000000000000e+04 3.372887092528936392e+01 4.557462713347229522e-02 3.372742279999999937e+01 4.437713604998927940e-03 -2.964318407577000158e+00 8.101827807921065799e-03 -2.976985999999999688e+00 7.125322083807861251e-02 2.782749245909698632e-01 1.222261437095536855e-02 2.806841999999999393e-01 2.833755100815874353e-02 3.249397161490822583e+01 2.380157606389215336e-02 3.249465819999999638e+01 8.226975272844954182e-03 3.385997458695759832e+01 4.540388628733439680e-02 3.386006255251582786e+01 3.196103754181252223e-03
1.600000000000000000e+04 -3.850000000000000000e+03 -5.865400000000000000e+04 3.371214587677368257e+01 4.723375575259836784e-02 3.371106319999999812e+01 5.888560133003917056e-03 -3.200310150908482143e+00 9.230816806114079329e-03 -3.213868999999999865e+00 7.686669442417817799e-02 2.270635505534726317e-01 1.360256365113623502e-02 2.265583999999999654e-01 1.512710185924583117e-02 3.252121209509090960e+01 2.363354648911303313e-02 3.251936840000000473e+01 4.419993966058664153e-03 3.386471231790306291e+01 4.702949540610498746e-02 3.386503707585221434e+01 2.034426937391507935e-03
1.600000000000000000e+04 -3.850000000000000000e+03 -5.298100000000000000e+04 3.370300165032611517e+01 3.560452021500429970e-02 3.370298839999999529e+01 6.328806590503244581e-03 -3.253221910862172717e+00 7.203164729594909409e-03 -3.250729399999999991e+00 7.659575905531573747e-02 1.831770136787740089e-01 1.180609453425100416e-02 1.796066000000000606e-01 2.590640042460546147e-02 3.250607754003495131e+01 2.324070255270254542e-02 3.250697960000000108e+01 4.355610985842571850e-03 3.386043732602193757e+01 3.544584542981021186e-02 3.386026037577649106e+01 1.319153832129432843e-03
1.600000000000000000e+04 -3.850000000000000000e+03 -4.730800000000000000e+04 3.368914974691240616e+01 4.327758026234471839e-02 3.368784639999999797e+01 9.249583420889743654e-03 -3.327245302861084664e+00 8.599992065770488761e-03 -3.371428600000000220e+00 9.909824179701688662e-02 1.373567980479458994e-01 1.358985594871682176e-02 1.360217999999999705e-01 2.894140542786401496e-02 3.250276732672637081e+01 2.196346274014064973e-02 3.250508099999999700e+01 8.691385585739166628e-03 3.385708797777454748e+01 4.307271565440524280e-02 3.385703755954043714e+01 1.579708013927186207e-03
1.600000000000000000e+04 1.500000000000000000e+02 -7.000000000000000000e+04 3.374951673780449823e+01 4.080830057500532682e-02 3.374815639999999917e+01 9.658213367907279856e-03 -2.072570951524045579e+00 6.606401745947045913e-03 -2.074917999999999818e+00 5.823049100600140998e-02 7.591900134270624934e-01 6.301018053336515136e-03 7.653401999999999150e-01 1.519900513323157835e-02 3.251456903565457424e+01 2.119575556909182243e-02 3.251455220000000423e+01 5.125993419815668035e-03 3.382203669446674610e+01 4.072315969268662517e-02 3.382075820129949761e+01 8.150770746341462480e-03
1.600000000000000000e+04 1.500000000000000000e+02 -6.432700000000000000e+04 3.374865438508719251e+01 4.346367713412001288e-02 3.374616680000000457e+01 8.466806619972422690e-03 -2.022852018002898156e+00 8.670309344379591859e-03 -2.013841800000000237e+00 9.827796299852770145e-02 8.602042772094625755e-01 7.298679372185336127e-03 8.532654000000000627e-01 1.714120644995562742e-02 3.250409460271240647e+01 2.092836189951494813e-02 3.250607179999999374e+01 1.166765064355272663e-02 3.381856213504161701e+01 4.337745220905211280e-02 3.381756105182428485e+01 3.711501030444681361e-03
1.600000000000000000e+04 1.500000000000000000e+02 -5.865400000000000000e+04 3.373778850888599834e+01 4.461036948521893142e-02 3.374204120000000273e+01 2.290324403528837607e-02 -2.385266824400904095e+00 7.556619569520068788e-03 -2.356557599999999919e+00 9.418287765650390497e-02 8.788745668389591481e-01 7.231837625710513424e-03 8.802555999999999159e-01 7.299299230748123278e-03 3.250701662298371986e+01 2.154671312358700380e-02 3.250477120000000752e+01 1.253868673107301143e-02 3.383253788956007924e+01 4.448911111495106041e-02 3.383622533093890183e+01 1.736628253539808722e-02
1.600000000000000000e+04 1.500000000000000000e+02 -5.298100000000000000e+04 3.372184158998163639e+01 3.775730437132929912e-02 3.372326360000000278e+01 3.809393634163448644e-03 -2.361753516394037078e+00 7.522440861937045205e-03 -2.354468999999999479e+00 9.406679642892062931e-02 8.647472451292512741e-01 5.528595306009379158e-03 8.653914000000000328e-01 7.238121272816588035e-03 3.251561153012785610e+01 2.234422907677400399e-02 3.251857680000000528e+01 6.554612279913824349e-03 3.381787933186301842e+01 3.765446893356729635e-02 3.381695616141646354e+01 4.248980939430063546e-03
1.600000000000000000e+04 1.500000000000000000e+02 -4.730800000000000000e+04 3.373865398711992469e+01 4.787707742829058061e-02 3.373748640000000876e+01 7.697011397938346468e-03 -2.324706472441071536e+00 8.437430495843258049e-03 -2.303814599999999935e+00 1.064781888715242847e-01 8.400035178449760664e-01 7.098115116140995585e-03 8.357787999999999329e-01 8.934167937754460692e-03 3.251088331952858823e+01 2.478811993404631681e-02 3.250861740000000566e+01 1.020464598406030030e-02 3.382670973443029538e+01 4.775634073860824530e-02 3.382705715137090863e+01 6.849342310038177006e-03
1.600000000000000000e+04 4.150000000000000000e+03 -7.000000000000000000e+04 3.384028988343834499e+01 3.683826673648581823e-02 3.383995200000000381e+01 2.472722083049588588e-03 -1.384786405081888105e+00 6.680484534497414632e-03 -1.390570799999999885e+00 6.572667236852951234e-02 -4.928933633274223403e-01 1.206074368472880021e-02 -4.929774000000001211e-01 3.074249381979280230e-02 3.251341237316297139e+01 2.122522922862168926e-02 3.251182160000000465e+01 1.437702051747794148e-02 3.387262543452732189e+01 3.680459697105497446e-02 3.387240967622416576e+01 1.788716640424122678e-03
1.600000000000000000e+04 4.150000000000000000e+03 -6.432700000000000000e+04 3.383712269500050240e+01 4.714126963648515578e-02 3.383698399999999396e+01 2.990136334685765656e-03 -1.599275395192594207e+00 8.429484297853426927e-03 -1.605344999999999800e+00 8.352875249277944003e-02 -1.860384267402469816e-01 1.151672885796381669e-02 -1.868055999999999606e-01 2.519921333018152951e-02 3.249027762704319855e+01 2.377930991275299319e-02 3.249752020000000385e+01 1.042246776152307326e-02 3.387610189439987352e+01 4.708882807034612400e-02 3.387600907899236091e+01 1.411784580374523743e-03
1.600000000000000000e+04 4.150000000000000000e+03 -5.865400000000000000e+04 3.384274583837287054e+01 4.402837434630142016e-02 3.384274099999999663e+01 4.531176767684301152e-03 -1.433039618897901324e+00 7.879954745090678170e-03 -1.441796999999999995e+00 8.637558984226978431e-02 -1.330418866314607151e-01 1.237190365945078051e-02 -1.360219999999999485e-01 2.742581798597807166e-02 3.251136964065845092e+01 2.340604740581260848e-02 3.251534599999999386e+01 7.942781131316994925e-03 3.387402114185275792e+01 4.398919851540057657e-02 3.387419855875050700e+01 1.091721377691309792e-03
1.600000000000000000e+04 4.150000000000000000e+03 -5.298100000000000000e+04 3.383058381971356710e+01 3.431634706754062292e-02 3.382995499999999822e+01 3.763115836644629914e-03 -1.802306278155006325e+00 6.815769690342156004e-03 -1.812026999999999832e+00 6.481189347102871146e-02 -1.056931223652315677e-01 1.140126865192305980e-02 -1.050025999999999460e-01 9.717936306644484046e-03 3.251724259689139274e+01 2.079623793868562442e-02 3.251711500000000399e+01 2.983095456066147365e-03 3.387878019890665371e+01 3.426950036188928378e-02 3.387886593851622052e+01 7.314805120127307802e-04
1.600000000000000000e+04 4.150000000000000000e+03 -4.730800000000000000e+04 3.381923605157854240e+01 4.381257240981126927e-02 3.381889099999999360e+01 4.424192638211917744e-03 -1.824335671545767257e+00 7.945098189635712779e-03 -1.827387599999999779e+00 6.974419860002697980e-02 -6.906029303462365987e-02 1.217795576711958386e-02 -6.771039999999999004e-02 1.625236873074206376e-02 3.250272726750362295e+01 2.226585285763062194e-02 3.250306259999999980e+01 4.653742844205096228e-03 3.386877749840238749e+01 4.375061081358221082e-02 3.386859749483654980e+01 1.884566726189279345e-03
1.600000000000000000e+04 8.150000000000000000e+03 -7.000000000000000000e+04 3.379392401980760496e+01 3.884066625820749991e-02 3.379378000000000526e+01 7.885730302260888711e-03 -4.523067608304008336e-01 7.034680037374215454e-03 -4.623424000000001532e-01 5.465335082828856605e-02 -7.865947210246061472e-01 6.026016170654319160e-03 -7.841658000000000239e-01 1.162795086160927673e-02 3.250756614488398100e+01 2.291620555393251643e-02 3.250810520000000281e+01 3.140828352520818982e-03 3.380638504918822207e+01 3.882674355812611861e-02 3.380622341639615058e+01 7.730407452725336290e-03
1.600000000000000000e+04 8.150000000000000000e+03 -6.432700000000000000e+04 3.378977927469156839e+01 4.560457655177059533e-02 3.379159939999999551e+01 1.555600790241494329e-02 -3.823204606755757906e-01 8.286257001260826510e-03 -3.682306000000000745e-01 5.109330460500659948e-02 -7.752883918956813281e-01 6.777305603627663440e-03 -7.739684000000000008e-01 8.496948291004240497e-03 3.251862811405368348e+01 2.267174736365300952e-02 3.251934459999999660e+01 7.371430129901432489e-03 3.380079323232185118e+01 4.559010496136447349e-02 3.380262698776603969e+01 1.515295479838850955e-02
1.600000000000000000e+04 8.150000000000000000e+03 -5.865400000000000000e+04 3.379898051773617595e+01 4.417969937114466644e-02 3.380171080000000217e+01 9.250435678388317304e-03 -5.668880126174794531e-01 7.651775780359646242e-03 -5.841383999999998355e-01 6.784991212713537001e-02 -8.162660141466516750e-01 6.404992418863119513e-03 -8.159811999999998511e-01 9.824960902721160613e-03 3.250778828392445519e+01 2.409836955473328157e-02 3.250739180000000061e+01 9.583206219215170685e-03 3.381455012480797251e+01 4.415991666764453039e-02 3.381688206932310692e+01 9.027034513926302309e-03
1.600000000000000000e+04 8.150000000000000000e+03 -5.298100000000000000e+04 3.380616887561119199e+01 3.544156459401879428e-02 3.380716500000000480e+01 6.711031574950885627e-03 -6.155933050352928593e-01 6.816543266735235890e-03 -6.026416000000003326e-01 7.441156206571679366e-02 -8.307526202113573177e-01 6.811022932590430137e-03 -8.307383999999998769e-01 6.814839973176174681e-03 3.252015388729606826e+01 2.217950084607387892e-02 3.251782940000000366e+01 1.037036325111161637e-02 3.382215629094149278e+01 3.542546963560089246e-02 3.382307027971852165e+01 5.908044573261061333e-03
1.600000000000000000e+04 8.150000000000000000e+03 -4.730800000000000000e+04 3.379208179675786994e+01 4.455362045630859719e-02 3.379200279999999879e+01 1.939483678715051918e-03 -6.492121166255604425e-01 7.805150274021262560e-03 -6.571390000000001397e-01 8.460796092448966133e-02 -8.098064008679322079e-01 7.060463741071715607e-03 -8.100469999999999615e-01 8.908111741553313354e-03 3.251136422611469357e+01 2.246647823159943214e-02 3.251428579999999613e+01 7.497781094429749847e-03 3.380891607607698290e+01 4.453219327537532440e-02 3.380852526838930316e+01 3.417302805088050146e-03
2.000000000000000000e+04 -3.850000000000000000e+03 -7.000000000000000000e+04 3.371959699782954800e+01 3.853021251395416513e-02 3.371939100000000167e+01 9.743573040727954160e-03 -3.307818305932726410e+00 6.144544002283200586e-03 -3.306114800000000464e+00 8.883651083220234224e-02 4.294844589913230926e-01 1.183132032359074728e-02 4.300864000000000908e-01 3.799490908345488915e-02 3.251096072163901596e+01 2.241255590096211808e-02 3.251191980000000115e+01 9.287296153347992730e-03 3.388457394564225211e+01 3.834770658484746436e-02 3.388436802571665396e+01 2.459414076052769595e-03
2.000000000000000000e+04 -3.850000000000000000e+03 -6.432700000000000000e+04 3.375893760273636701e+01 4.665462644888289379e-02 3.375784099999999910e+01 4.885190753697117062e-03 -2.963683681802286696e+00 9.457958665999566944e-03 -2.969300599999999957e+00 6.773332893088902795e-02 1.958223230082153932e-01 1.254891089910281469e-02 1.972722000000000087e-01 1.480331136739341732e-02 3.250313518256592005e+01 1.963908443483775718e-02 3.250698060000000567e+01 1.175118973381014502e-02 3.388894008306189676e+01 4.648323665745441452e-02 3.388903667868638792e+01 1.376030518675615136e-03
2.000000000000000000e+04 -3.850000000000000000e+03 -5.865400000000000000e+04 3.374706402366845737e+01 4.700908653196522041e-02 3.374623219999999435e+01 6.427236228737828391e-03 -3.156973899325346888e+00 7.516267498660258138e-03 -3.143797799999999754e+00 6.451297155409910222e-02 1.774134167784017224e-01 1.336547912987807660e-02 1.772188000000000652e-01 2.022682557249153024e-02 3.251236139640251110e+01 2.473622849012426309e-02 3.251232759999999899e+01 9.418386592196849880e-04 3.389308982177929153e+01 4.681232067676888847e-02 3.389308924012256341e+01 1.580910405692283194e-03
2.000000000000000000e+04 -3.850000000000000000e+03 -5.298100000000000000e+04 3.373812545819003361e+01 3.560737380360767812e-02 3.373676179999999647e+01 6.555474082016993394e-03 -3.174265323238873560e+00 6.950303261075652973e-03 -3.187371200000000293e+00 7.166300027378139093e-02 1.123522213703092715e-01 1.289298989334362010e-02 1.152919999999999084e-01 1.282476657487380094e-02 3.250953276621685717e+01 2.373194232483989002e-02 3.250984240000000369e+01 3.074658072046300861e-03 3.388727807274510440e+01 3.545687292857544609e-02 3.388750645485569635e+01 8.018496776261688132e-04
2.000000000000000000e+04 -3.850000000000000000e+03 -4.730800000000000000e+04 3.372461207625927671e+01 4.536888627644403843e-02 3.372366480000000166e+01 9.000675793517229004e-03 -3.306551986449723035e+00 8.267568847053236025e-03 -3.315902800000000816e+00 8.360682061674161447e-02 7.337222314565397530e-02 1.250620515515173982e-02 7.810120000000005114e-02 1.912265729285545987e-02 3.252279395994953859e+01 2.209214822118223814e-02 3.252211419999999720e+01 7.000982105390842099e-03 3.388678099651016140e+01 4.515919895253193289e-02 3.388682076026775292e+01 1.076486835098412710e-03
2.000000000000000000e+04 1.500000000000000000e+02 -7.000000000000000000e+04 3.374942745973199720e+01 3.964068439040797920e-02 3.374737199999999859e+01 1.767303636334194641e-02 -2.044506219309642159e+00 7.096497247681163127e-03 -2.049893999999999661e+00 5.586486439346292909e-02 8.028346619162919362e-01 6.427668511776817202e-03 8.003384000000000054e-01 2.565335312118085381e-02 3.250991110976509191e+01 2.396702396360282650e-02 3.250822660000000042e+01 8.055769600727728796e-03 3.382147663751234035e+01 3.955916141012492948e-02 3.381926932399301933e+01 1.666972267666476382e-02
2.000000000000000000e+04 1.500000000000000000e+02 -6.432700000000000000e+04 3.374817295878689549e+01 4.681795334232469880e-02 3.374876559999999870e+01 1.659409437902424622e-02 -2.003254617427513651e+00 8.589724254364758393e-03 -1.997832400000000064e+00 9.538380425554439379e-02 8.471258538034129870e-01 6.635977811346368931e-03 8.536018000000000772e-01 1.571546371380749818e-02 3.250686623104937212e+01 2.322619642719362873e-02 3.250579560000000612e+01 5.829106154462734835e-03 3.381906584115052539e+01 4.672311509921048267e-02 3.381918215632287428e+01 1.172361055770244735e-02
2.000000000000000000e+04 1.500000000000000000e+02 -5.865400000000000000e+04 3.373366679756991005e+01 4.729912428321059875e-02 3.373480519999999672e+01 6.606985367017256111e-03 -2.333708458905996430e+00 7.659572763709752465e-03 -2.334468599999999672e+00 8.821660066710805548e-02 9.340470643064412437e-01 6.810337265209840708e-03 9.332547999999999400e-01 1.446429278049914981e-02 3.249817132748624715e+01 2.385098030160679936e-02 3.249664900000000500e+01 5.885617376282704753e-03 3.382775092658810934e+01 4.717104533394715637e-02 3.382883058085487704e+01 6.158865401316897595e-03
2.000000000000000000e+04 1.500000000000000000e+02 -5.298100000000000000e+04 3.375227515705041270e+01 3.649798791605869674e-02 3.375157280000000526e+01 8.507707202296601115e-03 -2.316706644169360452e+00 6.234968503021093116e-03 -2.336979200000000478e+00 8.743326194727038536e-02 9.152457375024753983e-01 5.887577994477534785e-03 9.109937999999999647e-01 1.116871733638199853e-02 3.252333440463934267e+01 2.023167581645885643e-02 3.252754200000000395e+01 1.091971247331971658e-02 3.384546162144561521e+01 3.640050033365292703e-02 3.384510824879414770e+01 3.948812198371343118e-03
2.000000000000000000e+04 1.500000000000000000e+02 -4.730800000000000000e+04 3.372958421800828432e+01 4.208379463794304637e-02 3.372595800000000565e+01 1.420040289921363844e-02 -2.269409841721113263e+00 7.791118127672456463e-03 -2.252421200000000123e+00 1.026280399561445567e-01 8.408019284698238227e-01 6.763386134420572467e-03 8.453256000000001213e-01 1.386438231079913964e-02 3.250993561915728236e+01 2.325811371101807815e-02 3.251020319999999941e+01 1.965772072240969028e-03 3.381485493923028685e+01 4.198189811505844554e-02 3.381229430955211512e+01 1.302615366466871455e-02
2.000000000000000000e+04 4.150000000000000000e+03 -7.000000000000000000e+04 3.387494796933236785e+01 3.754346077031664453e-02 3.387508379999999875e+01 1.447695872757371726e-03 -1.361098111195142346e+00 7.226777782852993569e-03 -1.337103799999999953e+00 5.284364405716165947e-02 -3.931014089832244318e-01 1.163868440057996140e-02 -3.938880000000000714e-01 2.671816015933731539e-02 3.251192760421113803e+01 1.985442124544411005e-02 3.251514639999999901e+01 6.760499948968722722e-03 3.390400315744160054e+01 3.751267363517712256e-02 3.390395737625574668e+01 1.077156634835729461e-03
2.000000000000000000e+04 4.150000000000000000e+03 -6.432700000000000000e+04 3.387264512097427627e+01 4.524220958747571242e-02 3.387222819999999501e+01 4.343506456768529700e-03 -1.572119921524902209e+00 8.057419315789121975e-03 -1.596183399999999919e+00 8.164135715530450310e-02 -1.204257254049136278e-01 1.346086565807688012e-02 -1.258375999999999384e-01 1.743681605855843322e-02 3.250175851261467841e+01 2.071955610103397988e-02 3.250200479999999459e+01 6.314926265602556661e-03 3.391008622183207422e+01 4.519400579730843692e-02 3.391046183591559071e+01 1.638215482959908334e-03
2.000000000000000000e+04 4.150000000000000000e+03 -5.865400000000000000e+04 3.387806706919613475e+01 4.687832678521840213e-02 3.387794180000000210e+01 3.168038847615333147e-03 -1.459376396833802048e+00 8.122873605933677438e-03 -1.427175999999999778e+00 8.283811925677696253e-02 -9.083255141497985352e-02 1.228314051963027773e-02 -9.200579999999999870e-02 1.844338771863776247e-02 3.249441696114120504e+01 1.842245678651731680e-02 3.249534160000000327e+01 4.723549296873669374e-03 3.390870530148330175e+01 4.683728737201690168e-02 3.390853992191093624e+01 1.300640234274351046e-03
2.000000000000000000e+04 4.150000000000000000e+03 -5.298100000000000000e+04 3.385765771729474238e+01 3.051080946420253390e-02 3.385687259999999554e+01 4.157704734585363805e-03 -1.825943876784353215e+00 6.993828103149558016e-03 -1.821103600000000045e+00 7.749121081167842373e-02 -5.785802530055930704e-02 1.184984771248095980e-02 -5.428400000000008913e-02 2.047384220169726904e-02 3.250690113201395093e+01 2.159532528384322872e-02 3.250606539999999711e+01 6.236068501868765289e-03 3.390583847681332941e+01 3.046980361590458791e-02 3.390623740526710606e+01 2.106821670941323808e-03
2.000000000000000000e+04 4.150000000000000000e+03 -4.730800000000000000e+04 3.385804071868742682e+01 4.312687408135418982e-02 3.385686760000000106e+01 2.811392921667044999e-03 -1.769204060304705450e+00 7.348108805942321457e-03 -1.775263000000000257e+00 7.027734419071332561e-02 -1.646303532452885951e-02 1.177931822256571628e-02 -1.187519999999988619e-02 1.658653427753976894e-02 3.251525925676948248e+01 2.390077613495785597e-02 3.251495539999999806e+01 8.532785592055574034e-03 3.390330278571072853e+01 4.307112528081528252e-02 3.390368796724582978e+01 1.825631932951854311e-03
2.000000000000000000e+04 8.150000000000000000e+03 -7.000000000000000000e+04 3.382045490403501731e+01 3.819536589086944267e-02 3.381832980000000077e+01 5.973151976972236946e-03 -4.436276907776338652e-01 6.673948831812184096e-03 -4.575191999999997927e-01 5.285241927896958819e-02 -7.610107303811262103e-01 6.023253720108167654e-03 -7.624466000000000854e-01 1.959306615769978305e-02 3.251138951083571271e+01 2.235706006626415193e-02 3.251176660000000140e+01 4.828142589029452494e-03 3.383221016085717281e+01 3.818247252669400987e-02 3.383020542570375255e+01 5.738739211248804553e-03
2.000000000000000000e+04 8.150000000000000000e+03 -6.432700000000000000e+04 3.381052202888892566e+01 4.841283349369032013e-02 3.380953620000000370e+01 9.478346835815503954e-03 -3.883650210950354009e-01 7.049165115745607141e-03 -3.947630000000000305e-01 6.823444157754925132e-02 -8.182858314329227722e-01 7.084057723554631515e-03 -8.232312000000000518e-01 3.004275035578465869e-02 3.251995401075515701e+01 2.423914680901129506e-02 3.251918339999999574e+01 6.440010361792714196e-03 3.382324025603973894e+01 4.839503536535538775e-02 3.382219012801129310e+01 9.135347400243709962e-03
2.000000000000000000e+04 8.150000000000000000e+03 -5.865400000000000000e+04 3.379586296976829374e+01 4.594480636272461199e-02 3.379698940000000107e+01 7.790183172430451865e-03 -5.884758477673234234e-01 7.985024101331979554e-03 -5.702825999999999729e-01 6.369265075548362354e-02 -8.435806453154944817e-01 7.195538960816007940e-03 -8.428137999999998353e-01 9.623562684370097486e-03 3.250472223377617809e+01 2.377723773555545303e-02 3.250554239999999595e+01 4.583051937302171086e-03 3.381167007540309299e+01 4.592392979874009018e-02 3.381255238915225902e+01 6.910039266703062177e-03
2.000000000000000000e+04 8.150000000000000000e+03 -5.298100000000000000e+04 3.381315496134399012e+01 3.920667105588661328e-02 3.381327860000000385e+01 5.732766021737948497e-03 -5.954038076075185426e-01 6.862965738367794374e-03 -5.792806000000000344e-01 7.142876675583872959e-02 -8.632295369263978113e-01 5.783034394359362271e-03 -8.612332000000000320e-01 9.626662409163436879e-03 3.251677247706356155e+01 2.145804356233139629e-02 3.251701680000000039e+01 3.393532472219084467e-03 3.382953978122198890e+01 3.918816703132334267e-02 3.382951251678401405e+01 4.785919791138899641e-03
2.000000000000000000e+04 8.150000000000000000e+03 -4.730800000000000000e+04 3.381052342859237569e+01 4.512367108912218594e-02 3.381085720000000094e+01 4.832284143136392554e-03 -5.869810445752553507e-01 7.799546627153270371e-03 -6.053411999999998017e-01 6.503650668232417720e-02 -8.034074527848873437e-01 6.736282978914118723e-03 -8.030752000000001001e-01 5.817448035006407732e-03 3.251462308221742603e+01 2.120084642426244698e-02 3.251353199999999788e+01 2.149568189195646701e-03 3.382571892620269693e+01 4.510395483957281570e-02 3.382606198931375729e+01 5.253633497521466474e-03
2.400000000000000000e+04 -3.850000000000000000e+03 -7.000000000000000000e+04 3.376147741333746666e+01 4.079093116166236654e-02 3.376165799999999706e+01 5.418248499284821461e-03 -3.237476413228084660e+00 6.904825039637771215e-03 -3.238161799999999424e+00 5.239181826335102821e-02 3.563353815121184653e-01 1.204369121945496508e-02 3.560007999999997841e-01 2.840903485407412707e-02 3.251095048722312697e+01 2.165611588080410682e-02 3.251129479999999461e+01 5.530751887402634431e-03 3.391911099938259611e+01 4.060737986747715855e-02 3.391867180176528507e+01 1.401684067796946489e-03
2.400000000000000000e+04 -3.850000000000000000e+03 -6.432700000000000000e+04 3.379746831006870167e+01 3.996840453034702922e-02 3.379606559999999860e+01 3.726341833487360061e-03 -2.916724913006667919e+00 8.976873117407385694e-03 -2.919622799999999962e+00 4.372758009243135624e-02 1.473379115540208728e-01 1.273349624884918124e-02 1.461931999999999121e-01 2.058371809562102236e-02 3.250909851633527126e+01 2.090049296288956290e-02 3.251209019999999583e+01 1.280460598925157838e-02 3.392266822864480247e+01 3.983005156529350471e-02 3.392239698378055834e+01 5.843039919896671599e-04
2.400000000000000000e+04 -3.850000000000000000e+03 -5.865400000000000000e+04 3.378787116709688121e+01 4.578798469213199440e-02 3.378822279999999978e+01 3.042249174541807565e-03 -3.071055734187110087e+00 8.155900810766079922e-03 -3.072643800000000258e+00 3.778944886922801227e-02 8.264156411080415821e-02 1.259415183896953061e-02 8.143139999999995937e-02 1.424489167596588654e-02 3.249536028137289634e+01 2.424873629865588812e-02 3.249715980000000570e+01 8.147316069725168280e-03 3.392787519265505125e+01 4.560567127896833495e-02 3.392783935391706507e+01 3.486060805255219303e-03
2.400000000000000000e+04 -3.850000000000000000e+03 -5.298100000000000000e+04 3.377675549987196035e+01 3.581246417712855012e-02 3.377671099999999882e+01 3.717221045350475699e-03 -3.158943801480873947e+00 7.570975349202218978e-03 -3.157079800000000436e+00 4.590623200329124742e-02 1.399279030237919608e-02 1.272337985752228229e-02 1.557119999999994134e-02 1.245472436226499439e-02 3.251417586576930319e+01 2.268008515844497849e-02 3.251270979999999611e+01 4.465662027068270819e-03 3.392452138892881663e+01 3.566398525497962990e-02 3.392407259111348594e+01 1.163650853887892482e-03
2.400000000000000000e+04 -3.850000000000000000e+03 -4.730800000000000000e+04 3.376579935489033346e+01 4.153738533205208333e-02 3.376457920000000001e+01 4.582291941812334339e-03 -3.228194189080642929e+00 8.379679400509600432e-03 -3.243966200000000022e+00 4.803815457467122685e-02 -1.888385870612612968e-02 1.262505159635136237e-02 -2.009119999999988554e-02 1.423294334071477027e-02 3.250437122170187365e+01 2.431978236669253904e-02 3.250492100000000306e+01 5.471353817840390876e-03 3.391990735844645855e+01 4.135731998946230725e-02 3.392021001228234667e+01 1.283771308827511698e-03
2.400000000000000000e+04 1.500000000000000000e+02 -7.000000000000000000e+04 3.376598125512128235e+01 4.166946886704032960e-02 3.376569200000000137e+01 1.123850696044724311e-02 -2.033011123507515450e+00 6.887094115885629073e-03 -2.031142599999999909e+00 4.698575528881060448e-02 9.148416388478969319e-01 5.938663415525087703e-03 9.169794000000000000e-01 1.677491684808005840e-02 3.249908291742003286e+01 2.232235191905797278e-02 3.249950220000000201e+01 1.807026048511694650e-03 3.383971464032508436e+01 4.158111050138424414e-02 3.383930389418485163e+01 8.960046388275190801e-03
2.400000000000000000e+04 1.500000000000000000e+02 -6.432700000000000000e+04 3.377062715293084239e+01 5.758743702338276621e-02 3.377176500000000203e+01 1.460756708353592830e-02 -1.939595440278613081e+00 7.929791095748770294e-03 -1.918865000000000265e+00 7.567286231536385355e-02 9.338315196682954733e-01 7.098295255881766422e-03 9.355348000000001107e-01 6.114969528951060516e-03 3.250137534385460469e+01 2.159176948891703557e-02 3.250091859999999855e+01 8.040147825755801503e-03 3.383855379549496689e+01 5.747400912709334925e-02 3.383951113829647994e+01 1.391052126228168456e-02
2.400000000000000000e+04 1.500000000000000000e+02 -5.865400000000000000e+04 3.376411066807534667e+01 4.912918113646386198e-02 3.376441039999999560e+01 8.181723220691120013e-03 -2.289950700499700620e+00 8.160345630029748262e-03 -2.276214200000000076e+00 7.072976662085075916e-02 9.757384609339364578e-01 6.767093860139606308e-03 9.788531999999999789e-01 1.532860024072646953e-02 3.251194619904038774e+01 2.120542583267811740e-02 3.251258639999999644e+01 5.451512648797316590e-03 3.385567495112528036e+01 4.899985808680768634e-02 3.385551305690663071e+01 6.488654524105597413e-03
2.400000000000000000e+04 1.500000000000000000e+02 -5.298100000000000000e+04 3.374600149334895605e+01 3.563842227759074499e-02 3.374465879999999629e+01 6.165047732175302046e-03 -2.253984547099527003e+00 6.562834759962324002e-03 -2.267687200000000125e+00 5.346308603270116117e-02 9.847155382202493756e-01 6.255745141707539855e-03 9.882714000000000221e-01 1.452075825017412787e-02 3.250954807848456340e+01 2.347623245965593103e-02 3.250918800000000175e+01 4.920135861944629346e-03 3.383588745437850775e+01 3.554696314269358004e-02 3.383538632451866590e+01 6.000902047440619808e-03
2.400000000000000000e+04 1.500000000000000000e+02 -4.730800000000000000e+04 3.374547598561736805e+01 4.819744726457022427e-02 3.374630059999999787e+01 9.690181270749782805e-03 -2.166324746329090001e+00 8.298935024122579274e-03 -2.161663999999999586e+00 6.465056683587556974e-02 9.459349126414038356e-01 7.252804035377497655e-03 9.472460000000000324e-01 9.492516631536655758e-03 3.250053397725047688e+01 2.474266188276899245e-02 3.250538960000000088e+01 1.480503063691542866e-02 3.382790263165364308e+01 4.808351819363741730e-02 3.382898143182328710e+01 9.226557276451656520e-03
2.400000000000000000e+04 4.150000000000000000e+03 -7.000000000000000000e+04 3.391677898913869882e+01 3.682823478976282594e-02 3.391713179999999994e+01 2.543490896386058509e-03 -1.300359489895915432e+00 6.501903888837477427e-03 -1.293573200000000201e+00 2.691779343556986032e-02 -3.203342354982993134e-01 1.134778595391292173e-02 -3.193068000000000017e-01 2.603199165526909331e-02 3.250944949483091051e+01 2.189286047588367978e-02 3.250913319999999374e+01 6.805266022721228464e-03 3.394286632790695535e+01 3.680101548907713932e-02 3.394337538024446133e+01 2.269186266563222743e-03
2.400000000000000000e+04 4.150000000000000000e+03 -6.432700000000000000e+04 3.391708442651835043e+01 4.364688862070044417e-02 3.391713199999999517e+01 3.546060518378390744e-03 -1.551677212547826201e+00 8.714120598858076522e-03 -1.553786000000000111e+00 6.055706451686689723e-02 -6.105446713685365456e-02 1.239386705164664815e-02 -5.818239999999992584e-02 2.166312894436081202e-02 3.251254317487838108e+01 2.343358354285357895e-02 3.251150339999999517e+01 1.099524040028225687e-02 3.395301162394979855e+01 4.360257823471402894e-02 3.395299796651560342e+01 1.050206217783608998e-03
2.400000000000000000e+04 4.150000000000000000e+03 -5.865400000000000000e+04 3.392321985790580641e+01 4.759403330306481716e-02 3.392322980000000143e+01 1.881271947379558815e-03 -1.374733079503122735e+00 9.291769186141071377e-03 -1.387891400000000219e+00 5.885564831908667721e-02 -2.223276188797288985e-02 1.223471112723479269e-02 -2.201740000000000988e-02 1.020903123513686520e-02 3.251050162255408083e+01 2.310241343428624458e-02 3.251060220000000811e+01 1.206560788936864720e-02 3.395162689615575147e+01 4.755582693398285876e-02 3.395182663216906604e+01 8.231355011369260229e-04
2.400000000000000000e+04 4.150000000000000000e+03 -5.298100000000000000e+04 3.390757660595791378e+01 3.526077532027436373e-02 3.390702919999999665e+01 2.210486471344765957e-03 -1.737150653131694922e+00 6.891836794315731388e-03 -1.737627399999999822e+00 3.992690541301689017e-02 3.488676063267765609e-02 1.186208909836593273e-02 3.490279999999987975e-02 4.905558117074966008e-03 3.251335428050379051e+01 2.233337620360185613e-02 3.251315619999999740e+01 4.694863569902294267e-03 3.395173457697922714e+01 3.521669071738233597e-02 3.395163740883305081e+01 1.229793353630073433e-03
2.400000000000000000e+04 4.150000000000000000e+03 -4.730800000000000000e+04 3.390168498121983731e+01 4.092942626853301319e-02 3.390162500000000279e+01 2.863432957133978801e-03 -1.750681001952046234e+00 6.927195525044084305e-03 -1.760912799999999834e+00 4.090375903679278891e-02 7.812297630548820093e-02 1.162592138422166750e-02 8.371979999999998312e-02 1.185102584336051798e-02 3.249082390124996067e+01 2.053123976635236672e-02 3.249450639999999879e+01 1.039651697252563095e-02 3.394751877304015153e+01 4.087582799260235100e-02 3.394753711823507558e+01 1.672950506308170824e-03
2.400000000000000000e+04 8.150000000000000000e+03 -7.000000000000000000e+04 3.381312231204798024e+01 4.079239691999129308e-02 3.381183579999999722e+01 5.497385027446476981e-03 -4.264903512932601282e-01 6.466185741334519108e-03 -4.320894000000002899e-01 5.254749220238782298e-02 -8.396170304048564681e-01 6.612734391429119472e-03 -8.372145999999999200e-01 1.905519211816031344e-02 3.250888397850061295e+01 2.221074001243614204e-02 3.251145520000000033e+01 6.563824627455944194e-03 3.382627623325663535e+01 4.077700246819968011e-02 3.382514402497135109e+01 5.468872232431503354e-03
2.400000000000000000e+04 8.150000000000000000e+03 -6.432700000000000000e+04 3.382249398447928002e+01 4.413133121271289872e-02 3.382195399999999808e+01 4.332201876643989973e-03 -3.779038240446160324e-01 7.939814223217616165e-03 -3.623943999999997834e-01 4.642339647699195160e-02 -8.541368760748270228e-01 7.130921051551948608e-03 -8.513308000000000542e-01 2.253100103058006815e-02 3.249527385003706570e+01 2.208918158866372827e-02 3.249454399999999765e+01 1.355256344386607942e-02 3.383531345065176055e+01 4.411506573152920718e-02 3.383476494647986499e+01 4.283971206953590682e-03
2.400000000000000000e+04 8.150000000000000000e+03 -5.865400000000000000e+04 3.382511195964619333e+01 4.808421019193759305e-02 3.382500999999999891e+01 5.897849887882365000e-03 -5.420555289962460943e-01 8.421155808287656905e-03 -5.427184000000002673e-01 5.177434020979890944e-02 -8.873665986760004287e-01 7.533204797479385421e-03 -8.869514000000000564e-01 1.615592359662551200e-02 3.250204292546946050e+01 2.002678701995325855e-02 3.250682980000000555e+01 6.818727574848726034e-03 3.384124435674274167e+01 4.806191789982575818e-02 3.384116276681700697e+01 5.823675339843694364e-03
2.400000000000000000e+04 8.150000000000000000e+03 -5.298100000000000000e+04 3.382493915722319144e+01 3.929019355207797465e-02 3.382514239999999717e+01 6.477282274225506023e-03 -5.450360700058207719e-01 6.781392243113079817e-03 -5.326517999999996755e-01 4.580626913251057558e-02 -8.824528193959850775e-01 6.183521715946805296e-03 -8.816260000000000208e-01 1.739978238944381306e-02 3.251277365743926140e+01 2.202404897860037528e-02 3.251371960000000172e+01 4.113061251670537162e-03 3.384076791631369474e+01 3.927231513856036665e-02 3.384096376618822433e+01 6.778409678772870373e-03
2.400000000000000000e+04 8.150000000000000000e+03 -4.730800000000000000e+04 3.382869247265580270e+01 4.642019295507111148e-02 3.382869999999999777e+01 9.625792190776466875e-03 -5.485943138537323627e-01 8.029791757803257310e-03 -5.556767999999999708e-01 3.892356438765611631e-02 -8.449436952814025625e-01 7.119463142740381500e-03 -8.444050000000000722e-01 1.175168270078800342e-02 3.250807242142164455e+01 1.928283400136875450e-02 3.250697499999999707e+01 7.185909740596636841e-03 3.384380010599183919e+01 4.640003126878317757e-02 3.384389651010893374e+01 9.904800162111761577e-03
2.800000000000000000e+04 -3.850000000000000000e+03 -7.000000000000000000e+04 3.380168472414387537e+01 4.058485221814640831e-02 3.380082519999999846e+01 1.127463030613442933e-02 -3.054222518610948622e+00 6.877181410875574455e-03 -3.056241200000000102e+00 1.231449359657147032e-02 2.441987428910354641e-01 1.289909507983809205e-02 2.437625999999999959e-01 9.135536818381145494e-03 3.248508615535507715e+01 2.422318890363767130e-02 3.246767720000000423e+01 2.346971321597210100e-02 3.394057014049113263e+01 4.042397522559967871e-02 3.393960385533084434e+01 1.176552378023455400e-02
2.800000000000000000e+04 -3.850000000000000000e+03 -6.432700000000000000e+04 3.383494013738773276e+01 4.584816179136223802e-02 3.383630660000000034e+01 1.144205563087305477e-02 -2.761142691229241386e+00 7.890467418121806242e-03 -2.762112199999999795e+00 1.099173411887315564e-02 2.738417302008828991e-02 1.336885483718374713e-02 2.351159999999996586e-02 6.579008288488484742e-03 3.249683461935324402e+01 2.578988091449058162e-02 3.246796559999999943e+01 2.904292381045735574e-02 3.394721973331684239e+01 4.570163805681443786e-02 3.394887490458436474e+01 1.155131630101649196e-02
2.800000000000000000e+04 -3.850000000000000000e+03 -5.865400000000000000e+04 3.382842251487782192e+01 4.497789876598377173e-02 3.382444639999999225e+01 1.043761492200173668e-02 -2.928220331408443400e+00 8.632350889216705916e-03 -2.928869200000000284e+00 1.318640531911558465e-02 -2.586340072714290311e-02 1.362062229226511725e-02 -2.505959999999998050e-02 5.217249070151907045e-03 3.246375560451566145e+01 2.552315044277344083e-02 3.245542300000000324e+01 2.605021813344377685e-02 3.395480947808966476e+01 4.481712491785302954e-02 3.395103641298334196e+01 1.053214277945500703e-02
2.800000000000000000e+04 -3.850000000000000000e+03 -5.298100000000000000e+04 3.381318393745448248e+01 3.541968987066855534e-02 3.381255920000000259e+01 9.808202635548938370e-03 -2.975807380824714965e+00 7.322880414427444980e-03 -2.976729000000000180e+00 8.783396655053161625e-03 -1.004310756507600516e-01 1.345869825675280115e-02 -1.004534000000001370e-01 1.009902395580878666e-02 3.248950714347759572e+01 2.308126172933172918e-02 3.247150580000000275e+01 2.481170683044723463e-02 3.394421645277041932e+01 3.528927042066017788e-02 3.394349541044460494e+01 9.833061144365379605e-03
2.800000000000000000e+04 -3.850000000000000000e+03 -4.730800000000000000e+04 3.380256039736680407e+01 4.386252487679570544e-02 3.380169160000000517e+01 1.220775492709443716e-02 -3.064634380223883348e+00 8.072461627222460995e-03 -3.070274000000000392e+00 1.876328771564315587e-02 -1.406833349686696655e-01 1.329100580343803989e-02 -1.416313999999999906e-01 4.674222893701152591e-03 3.248233820321802057e+01 2.426520384821137175e-02 3.247539400000000143e+01 2.260791545233624411e-02 3.394270404336415226e+01 4.368853948066440951e-02 3.394116319852720665e+01 1.150429722918543118e-02
2.800000000000000000e+04 1.500000000000000000e+02 -7.000000000000000000e+04 3.376839961996741835e+01 4.341382993557171832e-02 3.376754939999999294e+01 6.546570824486154516e-03 -1.904765029185916170e+00 6.818335698734328230e-03 -1.904773200000000388e+00 7.997901971142128488e-03 1.010747377033054173e+00 5.899172433129936700e-03 1.010822200000000226e+00 1.433161494528789430e-02 3.248334571758137201e+01 2.506986487312335560e-02 3.247406000000000148e+01 2.260384455131389872e-02 3.383748349223341023e+01 4.332747197162588326e-02 3.383634695213237364e+01 6.869437081246143433e-03
2.800000000000000000e+04 1.500000000000000000e+02 -6.432700000000000000e+04 3.380523459474829906e+01 5.075919163826165398e-02 3.380801540000000216e+01 1.470389855650511973e-02 -1.821451032830023076e+00 8.071796884512868336e-03 -1.795603799999999861e+00 7.641940158323676235e-02 9.624418859578300900e-01 6.618455758467764807e-03 9.626124000000000347e-01 1.290395723257016861e-02 3.249678641870006146e+01 2.495368921730810666e-02 3.248047959999999534e+01 2.513446697385950460e-02 3.386703871419035750e+01 5.066884458743364794e-02 3.386970278538875334e+01 1.453205085469091128e-02
2.800000000000000000e+04 1.500000000000000000e+02 -5.865400000000000000e+04 3.377798942914083824e+01 3.994757280517644699e-02 3.377611519999999956e+01 6.565601034177934690e-03 -2.114450341943001188e+00 8.793032399104755426e-03 -2.102005000000000123e+00 5.547978721840963329e-02 1.090376155324213281e+00 7.005536800070217250e-03 1.095757000000000092e+00 1.769430950616611084e-02 3.248683749681442379e+01 2.716380080838941280e-02 3.247608639999999980e+01 1.957629849741782113e-02 3.385943237593410515e+01 3.985634944624626141e-02 3.385939474431058471e+01 6.906259490763381852e-03
2.800000000000000000e+04 1.500000000000000000e+02 -5.298100000000000000e+04 3.375607855814986635e+01 3.669354996921196654e-02 3.375565400000000693e+01 1.557908617024883133e-02 -2.128738189126558211e+00 7.068587069865569367e-03 -2.136177800000000460e+00 4.452345647341401924e-02 1.049705694363439079e+00 6.411297839930540747e-03 1.050106800000000007e+00 6.596400142501976024e-03 3.249277219228252278e+01 2.514641196334514370e-02 3.248216019999999560e+01 2.437527862692140043e-02 3.383870449403797664e+01 3.660727065107527434e-02 3.383959802710215570e+01 1.446073016044887444e-02
2.800000000000000000e+04 1.500000000000000000e+02 -4.730800000000000000e+04 3.376946932599288687e+01 4.301593329731492193e-02 3.376739760000000246e+01 1.178993990909218276e-02 -1.978323027482860930e+00 7.291050552880195927e-03 -1.972004400000000102e+00 3.571405997446949754e-02 1.025070812209436300e+00 6.986436621348388054e-03 1.024448800000000048e+00 1.374885441918708047e-02 3.247886532468304210e+01 2.606602283043295623e-02 3.246899539999999718e+01 2.201474777416317918e-02 3.384266936181337115e+01 4.292564774781993525e-02 3.384052588145571860e+01 1.284086733177327092e-02
2.800000000000000000e+04 4.150000000000000000e+03 -7.000000000000000000e+04 3.395641969200033827e+01 3.909230595811391540e-02 3.395199240000000174e+01 1.199606754982636241e-02 -1.173548134295441248e+00 7.081273855946414349e-03 -1.175410999999999984e+00 6.543468002519712938e-03 -1.921622324317744657e-01 1.350293961743926491e-02 -1.952027999999999541e-01 1.046087283356406626e-02 3.249138575709261545e+01 2.554169034832106180e-02 3.247875559999999950e+01 2.051510261392862355e-02 3.397728139130758507e+01 3.906922809218987824e-02 3.397290242226658563e+01 1.192370267590502249e-02
2.800000000000000000e+04 4.150000000000000000e+03 -6.432700000000000000e+04 3.395031367888228147e+01 4.244248422566485046e-02 3.395021679999999975e+01 1.147697697305421864e-02 -1.392007675306698111e+00 8.120791057570148769e-03 -1.394025999999999987e+00 1.194687066557599542e-02 2.149767736252845493e-02 1.345497050607516107e-02 2.502359999999992368e-02 9.837973991630522344e-03 3.247773976745389035e+01 2.485650495281685121e-02 3.246973060000000544e+01 1.573149447318956257e-02 3.397893931662805045e+01 4.240805957387969866e-02 3.397884770017725486e+01 1.171902512748799335e-02
2.800000000000000000e+04 4.150000000000000000e+03 -5.865400000000000000e+04 3.396538142185151088e+01 4.971539118526805551e-02 3.396179160000000508e+01 1.154859097292797697e-02 -1.200219798331779497e+00 8.080400375050896325e-03 -1.197664600000000190e+00 1.166363307721903289e-02 9.551120853299008284e-02 1.293886843393511274e-02 9.607820000000000249e-02 1.138917886592357223e-02 3.249062274705321585e+01 2.349815583073082761e-02 3.247220320000000271e+01 2.606622010457227898e-02 3.398675920732666356e+01 4.968496423993464667e-02 3.398305404804095531e+01 1.177135407198483773e-02
2.800000000000000000e+04 4.150000000000000000e+03 -5.298100000000000000e+04 3.394176171038754575e+01 3.766127707188612894e-02 3.394371000000000294e+01 1.090384236404814272e-02 -1.606802192643200344e+00 6.656327255886723346e-03 -1.605969999999999898e+00 1.176303909285338588e-02 1.196623016268993367e-01 1.364792017596562837e-02 1.203311999999999438e-01 7.081779306078371701e-03 3.249144891348896635e+01 2.369488315393166594e-02 3.247485559999999793e+01 2.313351056065654845e-02 3.397995168024322510e+01 3.762032133014175939e-02 3.398190435051696312e+01 1.088775539357210095e-02
2.800000000000000000e+04 4.150000000000000000e+03 -4.730800000000000000e+04 3.394065795106745043e+01 3.872663586523587137e-02 3.393931700000000262e+01 1.047746857308520622e-02 -1.641233872180673625e+00 7.240910798477946664e-03 -1.641539600000000210e+00 1.149949202617225018e-02 1.897318825506397466e-01 1.316310283831682512e-02 1.908861999999999226e-01 2.557039096298638868e-03 3.249456743216405386e+01 2.361227627516851446e-02 3.247731439999999736e+01 2.054608859515487385e-02 3.398096743899861139e+01 3.868260109906586364e-02 3.397953577676196346e+01 1.084940569351401825e-02
2.800000000000000000e+04 8.150000000000000000e+03 -7.000000000000000000e+04 3.382945611744960246e+01 4.170789345364030870e-02 3.382790220000000403e+01 1.730049895638792468e-02 -2.984834477287690024e-01 6.887656677425414188e-03 -2.978991999999998086e-01 1.175006692491581753e-02 -9.124849731801722985e-01 6.251891328356847660e-03 -9.133803999999999812e-01 6.773370339793901261e-03 3.249246246112450365e+01 2.247195070982750675e-02 3.247089379999999892e+01 2.538367581025296332e-02 3.384310813932239626e+01 4.169147326030190476e-02 3.384155300321232573e+01 1.730802943186832837e-02
2.800000000000000000e+04 8.150000000000000000e+03 -6.432700000000000000e+04 3.381108348329951951e+01 4.465032778825130805e-02 3.381481319999999613e+01 1.571151990228869186e-02 -2.325242355550724005e-01 8.011663498718240781e-03 -2.315300000000002356e-01 6.318253714437195405e-03 -9.233758346877941614e-01 6.457544324055845483e-03 -9.240157999999999427e-01 1.697653185842148624e-02 3.248860784361411902e+01 2.879919577630490543e-02 3.247004460000000847e+01 2.919466881058946015e-02 3.382441743812177037e+01 4.463312153121824777e-02 3.382824735495348989e+01 1.568344519498118469e-02
2.800000000000000000e+04 8.150000000000000000e+03 -5.865400000000000000e+04 3.382741703654966869e+01 4.333562971149362147e-02 3.382261079999999254e+01 1.511573681432800895e-02 -3.940508562462821662e-01 8.177727772351876118e-03 -3.949768000000000723e-01 8.930580280138666199e-03 -9.763293660317831080e-01 7.871604803995221888e-03 -9.772473999999998773e-01 8.371675325763636849e-03 3.247838032112392170e+01 2.600747765889200452e-02 3.247167400000000015e+01 2.287262430942335611e-02 3.384395392090323895e+01 4.331531583105992927e-02 3.383903978492546116e+01 1.516755335416930181e-02
2.800000000000000000e+04 8.150000000000000000e+03 -5.298100000000000000e+04 3.381755364819954934e+01 3.927464754644317130e-02 3.381696159999999907e+01 1.192138015751486278e-02 -4.109999381233375715e-01 6.158078853248832689e-03 -4.135123999999999467e-01 9.900481960995721406e-03 -9.429994369638505791e-01 6.289911803305663768e-03 -9.446982000000000435e-01 6.548982809566704540e-03 3.247737896987374029e+01 2.328005207434204193e-02 3.246001300000000356e+01 2.416469348036483916e-02 3.383324900956786507e+01 3.925691798760794216e-02 3.383268988656232068e+01 1.189749669207350487e-02
2.800000000000000000e+04 8.150000000000000000e+03 -4.730800000000000000e+04 3.380672078821267945e+01 4.454086072217645909e-02 3.380331600000000236e+01 1.647750542102717833e-02 -4.742222364613661867e-01 8.320163960947686219e-03 -4.747938000000003211e-01 3.025425778299580589e-03 -9.268572569726660770e-01 6.945957802754721203e-03 -9.282119999999999260e-01 8.419872588109647907e-03 3.248550448094402299e+01 2.441978414722808383e-02 3.248516499999999496e+01 2.117015110243751150e-02 3.382283073361340797e+01 4.452025574151896592e-02 3.381939539158179286e+01 1.643803315756037914e-02
