0.000000000000000000e+00 4.150000000000000000e+03 -7.000000000000000000e+04 3.378755024058855128e+01 3.864354876010416689e-02 3.378861239999999810e+01 1.284983654604177593e-02 -9.234335961924937664e-01 6.540539151306198201e-03 -9.393252000000000823e-01 1.227608070087517073e-01 -2.508215742791342073e-01 1.230807573589040062e-02 -2.509861999999999926e-01 2.733073734826774442e-03 3.248867866926237724e+01 2.442257471615864525e-02 3.247175619999999441e+01 2.398713455667454697e-02 3.380231148982446854e+01 3.862727413038954949e-02 3.380349245505590261e+01 1.143325492417343082e-02
0.000000000000000000e+00 4.150000000000000000e+03 -6.650000000000000000e+04 3.381091388907810114e+01 3.523795685574598879e-02 3.381079220000000163e+01 1.694606544305290487e-03 -7.680786347555963456e-01 6.256351452792700309e-03 -7.656100000000002348e-01 1.088913475419420462e-01 -6.701123955147973536e-03 1.185227003151210524e-02 -6.733199999999994745e-03 7.478442467519553528e-03 3.251975821206116990e+01 2.424550396150727122e-02 3.251952699999999652e+01 6.037136887631577853e-03 3.381998852794360033e+01 3.522880343392367775e-02 3.382016456663969706e+01 1.263182711151205912e-03
0.000000000000000000e+00 4.150000000000000000e+03 -6.300000000000000000e+04 3.381603713029020497e+01 2.928667335738960667e-02 3.381509880000000123e+01 2.482832684656577880e-03 -5.774833706283165613e-01 4.662899142597156169e-03 -5.902539999999998344e-01 6.990545573344031371e-02 7.848870684538581180e-03 1.157868269836090890e-02 9.156200000000036185e-03 8.461259642630034744e-03 3.250637084720046488e+01 2.138986838055128431e-02 3.250712199999999541e+01 5.062037465289765184e-03 3.382136234643076733e+01 2.928218363665903434e-02 3.382054452645020604e+01 2.032801748287908078e-03
0.000000000000000000e+00 4.150000000000000000e+03 -5.950000000000000000e+04 3.381715731593519081e+01 2.908905598359318168e-02 3.381699979999999783e+01 1.569866249080609927e-03 -4.411578610230666997e-01 4.900388519248692967e-03 -4.426579999999999404e-01 3.392860627995203382e-02 1.630272301380457714e-02 1.038458895841333322e-02 1.677199999999998831e-02 3.847228963812777697e-03 3.250963799702557822e+01 2.108322272076064430e-02 3.251044460000000669e+01 4.776758049137182910e-03 3.382027292050113232e+01 2.908647998822502800e-02 3.381996991878050096e+01 1.675919832811190993e-03
0.000000000000000000e+00 4.150000000000000000e+03 -5.600000000000000000e+04 3.381714911455311068e+01 3.508570155444556277e-02 3.381771460000000218e+01 2.066795069666798115e-03 -3.589424677298704847e-01 6.409561374519606551e-03 -3.577016000000000640e-01 2.002122248665156104e-02 1.718699216762247656e-02 1.184633618673112780e-02 1.829439999999999886e-02 1.594486072250239986e-02 3.251685425562918397e+01 2.306403710176546315e-02 3.251605119999999971e+01 7.271488069164482732e-03 3.381910342870264685e+01 3.508374740953787430e-02 3.381965001639942869e+01 2.005824137149505963e-03
0.000000000000000000e+00 4.150000000000000000e+03 -5.250000000000000000e+04 3.381395768472417274e+01 3.341363207610200531e-02 3.381449159999999665e+01 1.216235363734852106e-03 -3.519036326978163265e-01 5.686005466715968876e-03 -3.553345999999997784e-01 1.739603995626586713e-02 1.802997043977782980e-03 1.204603361062392408e-02 1.983999999999997051e-03 5.193841786192573105e-03 3.251284527117898904e+01 2.149569118359505315e-02 3.251138920000000354e+01 4.652304744961524227e-03 3.381582786474503877e+01 3.341184255813099691e-02 3.381637810069868522e+01 1.144659153892765412e-03
0.000000000000000000e+00 4.150000000000000000e+03 -4.900000000000000000e+04 3.381176894943602207e+01 2.712099967176774540e-02 3.381187440000000777e+01 1.731857979164856676e-03 -3.638829462167557094e-01 5.338808528983151995e-03 -3.608248000000001676e-01 2.502372460965796366e-02 1.937989995099527463e-02 1.114042197453063952e-02 1.981360000000000066e-02 6.402020701309857863e-03 3.250639900194355647e+01 2.358662439862876936e-02 3.250560800000000228e+01 5.821823726290341512e-03 3.381373791975805432e+01 2.711948399223394410e-02 3.381384489513909841e+01 1.706741710600547706e-03
0.000000000000000000e+00 4.150000000000000000e+03 -4.550000000000000000e+04 3.380671356039053421e+01 3.253140867794181851e-02 3.380663460000000242e+01 7.985263051402977184e-04 -3.740936454150617929e-01 4.800040327721366747e-03 -3.677792000000000283e-01 2.046262044656053936e-02 2.416852508463971858e-02 1.154175710777609852e-02 2.372360000000000094e-02 1.023108879152165480e-02 3.251076126960254697e+01 1.997825567008447087e-02 3.250860480000000052e+01 4.708667437820749854e-03 3.380878580629139663e+01 3.252946090215334818e-02 3.380867432945071016e+01 9.405899919040300794e-04
0.000000000000000000e+00 4.150000000000000000e+03 -4.200000000000000000e+04 3.380307490400960546e+01 3.244544101740896858e-02 3.380317619999999579e+01 1.117962673795170605e-03 -3.790557968214883222e-01 6.639323449971258097e-03 -3.824070000000000524e-01 1.621819987236552962e-02 3.250921666054639586e-02 1.217819923177584050e-02 3.092099999999999710e-02 5.414920627303784588e-03 3.251394303807708752e+01 1.958774278876666136e-02 3.251323499999999456e+01 5.609844177870505766e-03 3.380530117545385593e+01 3.244341615281516600e-02 3.380537060634493685e+01 1.118331199363050560e-03
0.000000000000000000e+00 4.150000000000000000e+03 -3.850000000000000000e+04 3.378931612883507540e+01 3.546849716392243973e-02 3.379004740000000595e+01 2.079335004273967762e-03 -4.008843974692578582e-01 6.309934749085916242e-03 -3.977857999999997451e-01 1.539228994789282150e-02 1.868612365490245411e-02 1.171621068182003046e-02 1.837099999999999844e-02 4.953938564415190544e-03 3.250895682350002858e+01 2.187800025876043483e-02 3.250609439999999495e+01 8.100367773131953233e-03 3.379171112373364849e+01 3.546607108704495637e-02 3.379240923403598629e+01 1.977431003410648046e-03
0.000000000000000000e+00 4.150000000000000000e+03 -3.500000000000000000e+04 3.376372219884883918e+01 2.772772631775096905e-02 3.376658300000000423e+01 1.069550530363118195e-02 -3.958417581605777613e-01 5.231031998598625367e-03 -3.957504000000000022e-01 2.091595196399150675e-02 4.026858656523870338e-03 1.260954985176738000e-02 3.550599999999992738e-03 2.398449428276524034e-03 3.248418989146802716e+01 2.434150507831655055e-02 3.247264599999999746e+01 2.099489013783940178e-02 3.376609778283251018e+01 2.772585042139350323e-02 3.376892844025552165e+01 1.073513403869002548e-02
