2.525000000000000000e+03 -3.840000000000000000e+03 -5.203200000000000000e+04 3.400321341821742749e+01 5.483261983923019833e-02 3.400347539124185658e+01 4.480217432631533776e-03 4.300444650101917232e-03 1.198850941664984619e-02 -2.395327858728535375e-06 4.816240523420557001e-02 -5.646366086658100069e-04 1.274702819636747315e-02 -7.203271388256382579e-07 4.737355536497658316e-03 3.272250137660528679e+01 1.337663743791792093e-02 3.271448933333333287e+01 1.216513329606744992e-02 3.400327915865373285e+01 5.483251898999419449e-02 3.400354426174502720e+01 4.504812479262341150e-03
2.525000000000000000e+03 1.600000000000000000e+02 -5.203200000000000000e+04 3.397194000085753629e+01 5.709453591691881352e-02 3.397210773718217780e+01 1.352256264238221005e-02 -1.916032598149928351e-02 1.006218139217092931e-02 -4.037383592780940944e-06 8.835264410456304673e-02 9.283061765812400531e-05 9.352239175359431875e-03 -2.214501494327928650e-06 6.088775454671867260e-03 3.270309955983722716e+01 1.435341845747102434e-02 3.270202566666666399e+01 1.494622972897031478e-02 3.397218240391941180e+01 5.709414459323352425e-02 3.397233863657791630e+01 1.348913682326487867e-02
2.525000000000000000e+03 4.160000000000000000e+03 -5.203200000000000000e+04 3.397459013586681209e+01 4.889713139161733918e-02 3.397820266227090968e+01 7.745418035048273753e-03 5.850816975946408977e-04 1.006270939516719712e-02 -6.909164263824152385e-06 9.234542702083866836e-03 3.255222673491299078e-03 9.277556508226267665e-03 -2.114693697189788117e-07 1.537686570761938494e-02 3.270250615806998695e+01 1.620001787373240645e-02 3.269461433333332678e+01 1.998899552531751417e-02 3.397460052043103929e+01 4.889711719490033581e-02 3.397821213180577615e+01 7.743286294998921390e-03
2.525000000000000000e+03 8.160000000000000000e+03 -5.203200000000000000e+04 3.399352883554406901e+01 5.576568303955761058e-02 3.399584506389015814e+01 1.705998166336354996e-02 8.163775080274932223e-05 1.072547613724927559e-02 5.820454340721425979e-09 7.241332199796036116e-03 -2.954505621446559208e-03 9.706838616875846162e-03 2.696504042276615110e-08 1.839632672742975636e-02 3.271988310487409990e+01 1.709888500893213051e-02 3.272011700000000189e+01 1.168445467276849753e-02 3.399354153868790718e+01 5.576566291215469956e-02 3.399585656580086379e+01 1.705542327728426164e-02
4.525000000000000000e+03 -3.840000000000000000e+03 -5.203200000000000000e+04 3.400776362787512852e+01 5.473046194553738558e-02 3.400685549233917726e+01 5.358363109689448164e-03 -4.909096328882157781e-04 1.208568918903498053e-02 3.029830718759285446e-06 2.110965689646734922e-02 -2.754050873241815195e-04 1.385986456304877205e-02 -6.879185988258503786e-07 2.817433711800704579e-03 3.271076242248057753e+01 1.351525469147547322e-02 3.271500100000000089e+01 9.709142152287207617e-03 3.400777809513885330e+01 5.473043990948426446e-02 3.400686882744266626e+01 5.364939974415696561e-03
4.525000000000000000e+03 1.600000000000000000e+02 -5.203200000000000000e+04 3.398041488155422485e+01 5.291639128068098552e-02 3.398317044454233127e+01 1.899832557302284439e-02 -2.330194449374855636e-04 9.996570387342055761e-03 2.619165725488888701e-06 6.835246602260867943e-02 -6.242416524237376702e-06 1.080647585194359842e-02 -7.443203767406221707e-06 9.557501628715631137e-03 3.271384086609288033e+01 1.356038973009546927e-02 3.271411333333333005e+01 8.040732415516584335e-04 3.398054357769767364e+01 5.291619755828715077e-02 3.398331054090599679e+01 1.906340567344356335e-02
4.525000000000000000e+03 4.160000000000000000e+03 -5.203200000000000000e+04 3.399018527964400960e+01 5.301647893990999588e-02 3.399018984834154367e+01 1.741665998492755588e-03 -3.433651107667406045e-04 9.693039230077117596e-03 -1.795010688532272525e-06 6.148516787212777307e-03 -1.674728251757633948e-03 1.120938080011095808e-02 1.497342402068113643e-06 1.110125694987044997e-02 3.272649927421799276e+01 1.392589536559862493e-02 3.272521366666666864e+01 4.538180998790839263e-03 3.399019041314494416e+01 5.301647128173721246e-02 3.399019458644076508e+01 1.739731184746496316e-03
4.525000000000000000e+03 8.160000000000000000e+03 -5.203200000000000000e+04 3.398722650160571135e+01 6.381598207455300986e-02 3.398742640071380094e+01 1.558365044994046260e-02 2.073017238962998610e-03 1.026834245949202057e-02 1.115582510813339923e-06 3.718170319066805424e-02 1.442436260372021535e-03 1.000138651389340799e-02 1.437154919810742063e-06 2.259153263812777035e-02 3.270264579856448961e+01 1.438680743240263772e-02 3.270335966666666394e+01 8.388682382300399407e-03 3.398728454686126099e+01 6.381587613080599852e-02 3.398748209179763791e+01 1.558551885457248529e-02
8.525000000000000000e+03 -3.840000000000000000e+03 -5.203200000000000000e+04 3.398999159002628545e+01 4.902513624973827561e-02 3.399013663179371747e+01 1.271172540448907949e-03 -2.110777568084492141e-04 1.205137315891545262e-02 1.143163186926680377e-05 1.737766640212205435e-02 2.810348057631554316e-03 1.318063580193833476e-02 -4.569160979054724500e-06 2.532233855731310171e-02 3.271194356448640406e+01 1.297552102918789890e-02 3.271486233333333615e+01 4.593660716440848765e-03 3.399001753361855549e+01 4.902510132997873332e-02 3.399016438038923127e+01 1.281068817729688874e-03
8.525000000000000000e+03 1.600000000000000000e+02 -5.203200000000000000e+04 3.394381155647848658e+01 6.084645320303672805e-02 3.394352149680100439e+01 9.878288674180994711e-03 -1.432643795170363173e-02 1.059308718562940003e-02 1.499831095467622385e-06 5.424665684548558853e-02 -1.862696149372593778e-03 1.055095465605556358e-02 1.729603151664112607e-06 2.099607218722020913e-02 3.270428409977336059e+01 1.007176606617775187e-02 3.270660500000000326e+01 4.988631308619500063e-03 3.394390975574087577e+01 6.084628317850838269e-02 3.394362119422194013e+01 9.850324640959438882e-03
8.525000000000000000e+03 4.160000000000000000e+03 -5.203200000000000000e+04 3.399110217546358115e+01 5.582553083644477970e-02 3.399121357352361628e+01 2.219160719080691662e-03 -5.640615002497802177e-03 9.369627802967626581e-03 3.519368294864951612e-06 1.997506830288210342e-02 -7.103368527001099539e-04 9.165709667964655125e-03 -1.516978516728310519e-06 1.321388356146132106e-02 3.269787515947123069e+01 1.076406477842216554e-02 3.268870100000000178e+01 1.278808681286208900e-02 3.399111962605864790e+01 5.582550319590358356e-02 3.399123044842485086e+01 2.221765001991981344e-03
8.525000000000000000e+03 8.160000000000000000e+03 -5.203200000000000000e+04 3.398640402899857094e+01 5.611191388147204751e-02 3.398732000350894822e+01 2.231028998196120730e-03 5.802949835983854768e-05 1.120828325525996885e-02 2.581548204834878688e-07 2.605784293345576180e-02 -9.639959883441387781e-04 9.779466941234622041e-03 7.565353685734521605e-07 1.728097353990103863e-02 3.270903076567154955e+01 1.438993856433322220e-02 3.270918133333333344e+01 1.131919345379516807e-02 3.398643310482762558e+01 5.611186773090830193e-02 3.398734876838236829e+01 2.231444365093330096e-03
1.252500000000000000e+04 -3.840000000000000000e+03 -5.203200000000000000e+04 3.399877602566993318e+01 5.676900899493785707e-02 3.399829475293477543e+01 3.897925009595374843e-03 -2.318058835611712647e-03 1.128446735555263362e-02 4.200678728120503344e-06 5.899049284565301143e-02 -5.317308440724919207e-04 1.324961989393989847e-02 -4.240481448943474354e-06 2.532162487111096205e-02 3.270592592747150462e+01 1.467615728693749504e-02 3.270497766666667161e+01 6.080739273403416162e-03 3.399888742144356257e+01 5.676883008465885561e-02 3.399841597902553048e+01 3.843053005111840559e-03
1.252500000000000000e+04 1.600000000000000000e+02 -5.203200000000000000e+04 3.395970415626025840e+01 6.118233713661477141e-02 3.396005808716004282e+01 1.825317701945082527e-02 -1.035104415379621903e-02 1.118670045252417519e-02 -1.269917252836686721e-07 7.965817184108338334e-02 -1.180884080729885550e-03 1.017635160881123942e-02 -7.056690984145556084e-07 9.743269635420024471e-03 3.271476406304892492e+01 1.444701784193557631e-02 3.271354600000000090e+01 7.043500005915854026e-03 3.395987485568836917e+01 6.118203855899731480e-02 3.396024773118634243e+01 1.825360195097060559e-02
1.252500000000000000e+04 4.160000000000000000e+03 -5.203200000000000000e+04 3.399973643094408970e+01 5.834366340215237090e-02 3.399955627568785843e+01 2.779182728664770282e-03 2.274857213124842781e-03 1.014530634651990802e-02 -1.540209159619128746e-06 1.790790666065032385e-02 4.734097086428625152e-03 8.738604851633805654e-03 1.914804990639969777e-06 2.358799555458254010e-02 3.269530895473442911e+01 1.230713722879804919e-02 3.269954500000000053e+01 1.126180731498909252e-02 3.399976011362313244e+01 5.834362370085949961e-02 3.399958207283243183e+01 2.778257205703996060e-03
1.252500000000000000e+04 8.160000000000000000e+03 -5.203200000000000000e+04 3.396158745249670119e+01 5.122446457596718100e-02 3.395966059387610159e+01 6.459069045189193108e-03 1.154217808619250685e-03 1.060652012770736501e-02 -9.409996160059108661e-08 2.073997494355519361e-02 -1.305900917263641374e-03 8.565022018751715718e-03 -5.288320581442462753e-08 9.230304116162423370e-03 3.269340018442053974e+01 1.183952756877340064e-02 3.269446233333333396e+01 4.647588347135613897e-03 3.396160413450733984e+01 5.122444064079358789e-02 3.395967576664234144e+01 6.465488442330735545e-03
1.652500000000000000e+04 -3.840000000000000000e+03 -5.203200000000000000e+04 3.401231598123578692e+01 4.493476693727642413e-02 3.401229407482262701e+01 2.710160936191471220e-03 5.320006087421391694e-03 1.133166985669685663e-02 -7.649312149619428309e-07 1.017442464058572887e-01 -1.238007451080489624e-02 1.336575751537156034e-02 -6.578139381356132870e-07 4.253976499705003356e-02 3.269600972742566114e+01 1.543311042260700310e-02 3.269822366666667079e+01 4.998013783273080879e-03 3.401269934315186561e+01 4.493429634489787272e-02 3.401265161172450036e+01 2.855536717526733874e-03
1.652500000000000000e+04 1.600000000000000000e+02 -5.203200000000000000e+04 3.396389820399707560e+01 6.160854345756281575e-02 3.396880456354185185e+01 2.628193732463239563e-02 -1.449358271287217500e-03 1.090766450741479515e-02 6.543501509526095106e-07 1.394355114310669996e-01 -1.179129061064785071e-03 1.028353410710388695e-02 3.225604081465623711e-06 8.435811597565961648e-03 3.270550493365661993e+01 1.524917996359128301e-02 3.270651033333333402e+01 1.183499625874339517e-02 3.396443605473493932e+01 6.160759884424844846e-02 3.396937884310776923e+01 2.638957677456755385e-02
1.652500000000000000e+04 4.160000000000000000e+03 -5.203200000000000000e+04 3.401142535690772917e+01 4.623470368251204193e-02 3.401072187318128215e+01 6.999017112973330082e-03 1.732218588243784841e-03 9.237658985399738523e-03 2.978206539457536099e-06 1.028475125743244789e-01 -3.926833473641926260e-03 8.299449492151181329e-03 1.565071276539893978e-06 2.317678378976510342e-02 3.269921863783380900e+01 1.313900970420649357e-02 3.269869299999999868e+01 7.224049902926970787e-03 3.401174060108325392e+01 4.623429179352353535e-02 3.401104873621537905e+01 6.845380387318068111e-03
1.652500000000000000e+04 8.160000000000000000e+03 -5.203200000000000000e+04 3.398248188812631554e+01 5.687446378618493670e-02 3.398219655927822913e+01 4.889267058309849229e-03 -2.504644381838973515e-03 1.074001326001908403e-02 -2.073476760955372811e-06 5.441318454468148380e-02 2.238372494949025099e-03 9.878627911880899851e-03 -2.957398598457672279e-06 2.370185496268786829e-02 3.270222178447025385e+01 1.078631154891078123e-02 3.270325766666666567e+01 3.974701763794998358e-03 3.398257721898593786e+01 5.687430980934223002e-02 3.398230022751867097e+01 4.857738425647181030e-03
2.052500000000000000e+04 -3.840000000000000000e+03 -5.203200000000000000e+04 3.403697709288759654e+01 5.084028176112932035e-02 3.403687985246396863e+01 4.906945330422273974e-04 -1.945192166252649596e-02 1.089577285514228659e-02 7.975946714348461724e-06 1.472934396731137852e-01 8.912322897883952601e-04 1.238592067596065889e-02 1.254075392272587356e-06 4.010696953044218249e-02 3.269231853015216416e+01 1.301200289804389960e-02 3.269325233333333358e+01 2.793953729833434634e-03 3.403776758946582248e+01 5.083916271766524692e-02 3.403756450505987630e+01 7.033257490529819462e-04
2.052500000000000000e+04 1.600000000000000000e+02 -5.203200000000000000e+04 3.398356905173624654e+01 6.262142098332894313e-02 3.398370168401918789e+01 1.242766681971566381e-02 4.592562442073985611e-03 1.065382998498804953e-02 -6.233086435140459142e-07 1.199646943924496667e-01 -3.041047263824096965e-03 1.144237846836100754e-02 6.166976763329520255e-07 1.906756758273279659e-02 3.271895715374984803e+01 1.460982551250788498e-02 3.272099966666667115e+01 6.721920765508168291e-03 3.398401312178656042e+01 6.262062729862051536e-02 3.398413592761878732e+01 1.233886973241203264e-02
2.052500000000000000e+04 4.160000000000000000e+03 -5.203200000000000000e+04 3.405065679736079431e+01 5.039262717336096681e-02 3.405127489110285666e+01 2.884938736874685487e-03 -7.977437313879872380e-04 8.105286003456842192e-03 -1.305557041142435537e-06 1.119775076708568462e-01 -4.191809801210257327e-03 9.109634585014132757e-03 7.937500177579437377e-06 3.574085017606201675e-02 3.271075300216325132e+01 1.475632844507475047e-02 3.270697266666666536e+01 6.854804989527616896e-03 3.405111835204861848e+01 5.039196534592283588e-02 3.405168066858659159e+01 2.714871696909754942e-03
2.052500000000000000e+04 8.160000000000000000e+03 -5.203200000000000000e+04 3.399104853436344342e+01 5.171541942773717065e-02 3.398586624502833331e+01 1.234921425576226972e-02 -4.015600126195706908e-03 1.138311667076679495e-02 -2.263696246747789183e-07 5.369426667413369075e-02 -2.519589002178422403e-03 8.431585950931585333e-03 -2.375209658585693563e-10 1.466737985133672109e-02 3.270115593412506882e+01 1.394000041498494671e-02 3.269518933333333166e+01 1.012446595025017111e-02 3.399112263079040730e+01 5.171531141417976679e-02 3.398595740662605635e+01 1.234906377661772539e-02
2.452500000000000000e+04 -3.840000000000000000e+03 -5.203200000000000000e+04 3.406365995994310936e+01 4.963050954555232874e-02 3.406256287730328580e+01 3.684914951876409796e-03 -2.934892112529224883e-02 1.212361786023010563e-02 3.801301584616112450e-08 1.073958564495227086e-01 5.370663877954226159e-04 1.340764876635410462e-02 -6.557949738805746165e-09 1.895841399085686219e-02 3.269981018716775623e+01 1.419761361328273838e-02 3.269969566666666339e+01 3.008668051554498016e-03 3.406404676644832819e+01 4.962998013089272437e-02 3.406291200247323303e+01 3.835497910302720134e-03
2.452500000000000000e+04 1.600000000000000000e+02 -5.203200000000000000e+04 3.398371114396028503e+01 6.304226365705417612e-02 3.398502454527849181e+01 1.982978120534075600e-02 7.054893668062457365e-03 1.116071204619809194e-02 -1.743364103153529191e-06 9.250469609258980819e-02 3.072216011916513033e-04 1.082312124771239899e-02 4.310750306046884361e-06 1.160342522463355015e-02 3.271108616424449167e+01 1.382000980853618534e-02 3.271142933333333502e+01 1.346272673389408824e-03 3.398394929669925091e+01 6.304183514653236009e-02 3.398528024534729752e+01 1.987392018835525825e-02
2.452500000000000000e+04 4.160000000000000000e+03 -5.203200000000000000e+04 3.408807586771018094e+01 5.104854906860082503e-02 3.408800456268892276e+01 2.308375414916702222e-03 8.818247223418554034e-03 9.709378126811534643e-03 -2.001833543374686997e-08 1.040093575275676391e-01 -1.194299703389239010e-03 9.053828526814456518e-03 3.591121900033596445e-07 3.677091512144713137e-02 3.269545753845836344e+01 1.606924310185547586e-02 3.269717600000000601e+01 1.045713595270345020e-02 3.408840915226937085e+01 5.104806683588748034e-02 3.408836159352657091e+01 2.200611460355657127e-03
2.452500000000000000e+04 8.160000000000000000e+03 -5.203200000000000000e+04 3.398786670119814346e+01 5.523274571858199922e-02 3.399306389530193684e+01 8.503021343229635182e-03 -6.926153967510656657e-03 1.181011836564212908e-02 -2.481412292532070296e-06 4.686413018884134918e-02 1.925514532908129649e-03 8.514014326408518574e-03 -1.777977691001334955e-06 2.478149989210013532e-02 3.270331273672734795e+01 1.284116069656188533e-02 3.270732333333333486e+01 9.396094833021197829e-03 3.398797409549019477e+01 5.523258042806677287e-02 3.399314658706217074e+01 8.468831317885231608e-03
2.852500000000000000e+04 -3.840000000000000000e+03 -5.203200000000000000e+04 3.410825738848770783e+01 5.558967407479019351e-02 3.410781912848222674e+01 2.980664466777111377e-03 6.263418559012147099e-03 1.162657479117887652e-02 4.559622078422383437e-07 4.282404067045390145e-02 9.158988573458300229e-04 1.331193731559316383e-02 -3.276546124790040140e-07 3.193550848529105868e-02 3.270026956851908295e+01 1.404741594925322870e-02 3.270084200000000152e+01 4.542781416709155973e-03 3.410833746573730707e+01 5.558954991508983923e-02 3.410790280196832214e+01 2.955654219823193336e-03
2.852500000000000000e+04 1.600000000000000000e+02 -5.203200000000000000e+04 3.400121445129040865e+01 6.135155837845061161e-02 3.400155708011849498e+01 2.700287073592380453e-03 1.635325403983412451e-03 1.095195467976407822e-02 5.887356545978642570e-07 7.125124480551574269e-02 -5.295015007084403650e-05 1.134298065242174414e-02 -2.705938122460338491e-06 1.854326416327779087e-02 3.271844448694181295e+01 1.275423370394275155e-02 3.271625466666666426e+01 4.823443456471685278e-03 3.400138097749434252e+01 6.135126827238681496e-02 3.400171650212679708e+01 2.697195481989347193e-03
2.852500000000000000e+04 4.160000000000000000e+03 -5.203200000000000000e+04 3.413315847215698540e+01 4.873585401071575673e-02 3.413323836574399905e+01 8.221734267154592359e-04 8.698027059602818009e-03 9.305786995128725869e-03 1.725695513007015739e-06 6.448076090630305846e-02 -7.488680580136988958e-03 9.191911095002665982e-03 -1.288409681758177380e-06 2.110188925245397654e-02 3.271494659409345473e+01 1.003246748759479764e-02 3.271217633333333197e+01 3.531748213625706019e-03 3.413327285532343325e+01 4.873569604147610229e-02 3.413337322121476092e+01 8.192722981760014803e-04
2.852500000000000000e+04 8.160000000000000000e+03 -5.203200000000000000e+04 3.401327052119144412e+01 5.684890150479506715e-02 3.401483289568435708e+01 9.880843866714420984e-03 2.450426820257760058e-03 9.783435066428439186e-03 2.134619857467138455e-06 3.605764559503427114e-02 -8.088454744371122163e-03 9.240346136539453331e-03 9.916822355885794825e-07 2.052374556356229007e-02 3.271193593437934055e+01 1.509024972362905774e-02 3.271332533333333004e+01 4.246830439020562141e-03 3.401331680424524251e+01 5.684882639652386743e-02 3.401488349025501634e+01 9.901609440937509179e-03
3.252500000000000000e+04 -3.840000000000000000e+03 -5.203200000000000000e+04 3.415575750800203991e+01 5.144961476004743933e-02 3.415661084589297758e+01 4.817783874632101081e-03 -3.854077252549589772e-03 1.145943935296250653e-02 -3.705986817574095322e-06 1.146025434703448059e-02 -1.122610887936460050e-03 1.314875672427739950e-02 -2.798181785834685797e-06 2.355212732912927154e-02 3.270622224405724410e+01 1.293140474174001020e-02 3.270406499999999284e+01 4.884642566247363905e-03 3.415577858089373819e+01 5.144958512960922520e-02 3.415663093357260749e+01 4.808734378129435154e-03
3.252500000000000000e+04 1.600000000000000000e+02 -5.203200000000000000e+04 3.402867376290816281e+01 6.049748692186960458e-02 3.403026188493301873e+01 1.238091746800992418e-02 -3.395158954037948151e-03 1.084695003712899015e-02 -8.763730750279327325e-06 1.346654996884751911e-02 9.600393937592388528e-04 1.054505434524703918e-02 2.241300121053058092e-06 6.376309950657574506e-03 3.270925557367662861e+01 1.558328984140325800e-02 3.270680033333333370e+01 1.290697323585524546e-02 3.402868049964580877e+01 6.049747530659001921e-02 3.403026841097412358e+01 1.237778435663945686e-02
3.252500000000000000e+04 4.160000000000000000e+03 -5.203200000000000000e+04 3.418942875732496844e+01 5.087634776874457726e-02 3.419007665198079593e+01 3.988618172450365817e-03 -5.921332651816791368e-04 9.094254553609940409e-03 -4.380886688970520026e-06 1.364863985053014171e-02 3.053434515498406438e-05 8.138321801798905492e-03 1.539960832408482361e-06 1.844769390810518939e-02 3.270377187762721860e+01 8.961898407591484261e-03 3.269415099999999796e+01 7.724958338614714912e-03 3.418944371286031014e+01 5.087632614072159359e-02 3.419009205344451630e+01 3.991806894585068002e-03
3.252500000000000000e+04 8.160000000000000000e+03 -5.203200000000000000e+04 3.403456156962138124e+01 5.881198518383051049e-02 3.403407341733555569e+01 1.112036078607622248e-02 3.512909982759232215e-04 1.101704351425600824e-02 -5.880015464162132704e-07 5.692736043388737371e-03 -1.716977996494449630e-03 9.502658551635101078e-03 -1.001981318582423341e-05 1.407425949088085028e-02 3.270297084953275402e+01 1.381420026351711655e-02 3.270136300000000062e+01 1.425980302575463252e-02 3.403456790676141708e+01 5.881197451650781172e-02 3.403408019152106334e+01 1.111761432429461162e-02
