2.525000000000000000e+03 -3.950000000000000000e+03 -5.203200000000000000e+04 3.392423637073932241e+01 5.525648812826963047e-02 3.392173000000000371e+01 1.005176496939850714e-02 -1.955092381809728774e+00 1.231774629702114821e-02 -1.956258333333332766e+00 1.541505100362780198e-02 -2.120993515481192082e-01 1.386629285367504266e-02 -2.126749999999999474e-01 8.508736764839566064e-03 3.266354616624847296e+01 2.292008158728133654e-02 3.265373100000000051e+01 3.152407779777267882e-02 3.398145619169619636e+01 5.516833241318022663e-02 3.397876587741638588e+01 1.084167285211000767e-02
2.525000000000000000e+03 5.000000000000000000e+01 -5.203200000000000000e+04 3.393543001775592671e+01 6.024356817372670397e-02 3.393568533333333193e+01 1.284585303166413742e-02 -7.885498465234863641e-01 1.056856930030274262e-02 -7.719429999999999348e-01 1.068595554236184408e-01 1.142236265773929338e+00 1.039338487093130307e-02 1.144764666666666875e+00 1.839432343897933614e-02 3.266240936706890352e+01 2.305884097208961425e-02 3.265635699999999275e+01 1.425049476334059283e-02 3.396393539147907603e+01 6.019456690738220900e-02 3.396410756229833083e+01 1.347850626892546470e-02
2.525000000000000000e+03 4.050000000000000000e+03 -5.203200000000000000e+04 3.396730655987461489e+01 5.324318481474234893e-02 3.396515099999999876e+01 8.410524181049823522e-03 -3.584992118105768677e-01 9.792547246395872859e-03 -3.534373333333335476e-01 2.576478631991949847e-02 2.572953774795543325e-01 1.163647121640424935e-02 2.607693333333331864e-01 2.197687584965398941e-02 3.266955748526257253e+01 2.184022501261893498e-02 3.266579766666666984e+01 2.404777737708450533e-02 3.397021092775435136e+01 5.323881687363789250e-02 3.396802467665322212e+01 8.237150173422897945e-03
2.525000000000000000e+03 8.050000000000000000e+03 -5.203200000000000000e+04 3.393986458024110675e+01 6.194816034382540082e-02 3.393888100000000208e+01 1.942506411829679827e-02 1.112022152391214380e+00 1.008191231951641523e-02 1.110991666666666822e+00 1.224056432976508742e-02 -1.052572383566905412e+00 1.069551436392237632e-02 -1.054954666666666485e+00 1.325902261774137766e-02 3.265168383710201283e+01 2.411798684160641401e-02 3.265140966666666600e+01 2.040622749990334342e-02 3.397447656872224542e+01 6.188687289029337624e-02 3.397345375418984048e+01 1.899090089463946820e-02
4.525000000000000000e+03 -3.950000000000000000e+03 -5.203200000000000000e+04 3.392979090083495919e+01 5.370503428169471488e-02 3.392896533333333053e+01 5.617322414735924536e-03 -1.925078355797107621e+00 1.152883060399736807e-02 -1.928675666666666677e+00 2.695145438458658449e-02 -3.357680444516976392e-02 1.486777454198010343e-02 -3.348266666666669528e-02 1.396268446411513472e-02 3.269357291603716220e+01 2.467217986849309236e-02 3.269445233333333789e+01 4.762012226407323807e-03 3.398423904314623911e+01 5.362306645646768011e-02 3.398378238880503233e+01 4.463214258789436131e-03
4.525000000000000000e+03 5.000000000000000000e+01 -5.203200000000000000e+04 3.392478129523107810e+01 6.389239929173561039e-02 3.392473633333333538e+01 3.611413819791117752e-03 -8.407849758428622700e-01 1.051141126799515733e-02 -8.225430000000001352e-01 7.479546727799289696e-02 9.778739651048512505e-01 9.122894648828931002e-03 9.752309999999999590e-01 1.434895342292710763e-02 3.266515151887323753e+01 1.536166728083630459e-02 3.266787199999999558e+01 1.033744118886900133e-02 3.394880696826999156e+01 6.384824481988303491e-02 3.394888785829440536e+01 3.711788400539602073e-03
4.525000000000000000e+03 4.050000000000000000e+03 -5.203200000000000000e+04 3.397084682130699917e+01 5.703576701488945189e-02 3.397018233333333370e+01 2.381403251119193834e-03 -2.702386689168339573e-01 1.025858563798774138e-02 -2.770320000000001670e-01 2.065901123803683820e-02 3.267957136913408889e-02 1.247657675800399601e-02 3.198533333333338641e-02 1.245666625189546274e-02 3.268491886753515274e+01 2.430636347798894453e-02 3.267975499999999300e+01 8.285445693101831793e-03 3.397196492571288218e+01 5.703396511933098156e-02 3.397134413389567698e+01 2.297350406508759900e-03
4.525000000000000000e+03 8.050000000000000000e+03 -5.203200000000000000e+04 3.392812105206200357e+01 4.981154451686067158e-02 3.393143400000000298e+01 2.029294751877968109e-02 1.132659616289427573e+00 1.071569168373145975e-02 1.131451333333332920e+00 2.448750092280660429e-02 -8.411523473467777956e-01 9.766894605088500061e-03 -8.415833333333330168e-01 1.511410348353863127e-02 3.270301805115293092e+01 2.394133788192481793e-02 3.270185499999999479e+01 1.234839108278302372e-02 3.395752712955448516e+01 4.977043422502220454e-02 3.396074667652340651e+01 2.028362757763882765e-02
8.525000000000000000e+03 -3.950000000000000000e+03 -5.203200000000000000e+04 3.391624773960883488e+01 6.132630491184454247e-02 3.391586099999999959e+01 2.619501924666718835e-03 -2.028749783380429328e+00 1.172118954796658175e-02 -2.027082666666666810e+00 9.006825603088306278e-03 -6.188367131226442386e-02 1.350801877691677408e-02 -5.656433333333291819e-02 2.624441835472389808e-02 3.267240738302972147e+01 1.942867237719389864e-02 3.267230399999999690e+01 1.091339334640468832e-02 3.397695033003498821e+01 6.122075293913665367e-02 3.397645397064346895e+01 3.171888833274967134e-03
8.525000000000000000e+03 5.000000000000000000e+01 -5.203200000000000000e+04 3.394986446616508857e+01 6.102212529818262093e-02 3.395014199999999960e+01 7.189599038423456767e-03 -9.456767142895154965e-01 1.133250314288575429e-02 -9.491866666666668451e-01 4.964161392868314537e-02 9.563858263095256218e-01 9.825378168471394016e-03 9.578973333333333784e-01 1.558512442826319282e-02 3.269380697849402395e+01 2.438366511000377920e-02 3.269428500000000071e+01 8.942249400085266337e-03 3.397691717703300895e+01 6.097505163566147718e-02 3.397699338110910361e+01 7.175728514419991121e-03
8.525000000000000000e+03 4.050000000000000000e+03 -5.203200000000000000e+04 3.397051565702944487e+01 5.528264225316627256e-02 3.397018200000000121e+01 1.375074907050760674e-03 -3.956460473598528704e-01 1.038580247491995880e-02 -3.968023333333332014e-01 2.161080262533337029e-02 1.184318213553238464e-01 1.214613970368979591e-02 1.206903333333328304e-01 8.128872191830104413e-03 3.269112994603299427e+01 2.221868633259675360e-02 3.268784800000000246e+01 6.912440258933832439e-03 3.397298094904824950e+01 5.527878372829655301e-02 3.397272951370286620e+01 1.171019550234413727e-03
8.525000000000000000e+03 8.050000000000000000e+03 -5.203200000000000000e+04 3.394754033111725278e+01 5.935916063355196892e-02 3.394490266666667111e+01 1.276289139567489579e-02 1.020151925552159389e+00 1.035606807155667504e-02 1.020634000000000041e+00 1.273207414367333659e-02 -9.043934390576117144e-01 9.872872750433523900e-03 -9.076786666666668557e-01 9.706012953033079510e-03 3.267635707765235509e+01 2.199667746424582501e-02 3.267628500000000003e+01 4.530555043261373996e-03 3.397512323897161934e+01 5.931252905226559735e-02 3.397237822413831054e+01 1.318288735091028945e-02
1.252500000000000000e+04 -3.950000000000000000e+03 -5.203200000000000000e+04 3.391608710467470189e+01 5.561276508760639586e-02 3.391605833333333209e+01 3.726900156669145543e-03 -2.085232388933637271e+00 1.158074198851606444e-02 -2.091336000000000528e+00 5.917283269654535077e-02 -1.771877691867597415e-01 1.452835863054224332e-02 -1.764199999999999380e-01 2.199425748538324718e-02 3.267808649126127563e+01 2.037517015196732909e-02 3.268014700000000516e+01 7.436869300991200311e-03 3.398050712051989564e+01 5.551319009123587001e-02 3.398105080540457834e+01 1.928008161932691367e-03
1.252500000000000000e+04 5.000000000000000000e+01 -5.203200000000000000e+04 3.392759124096960477e+01 5.918382204305925459e-02 3.393013933333332943e+01 2.662513276544807225e-02 -1.013702646329172063e+00 1.066217072231392081e-02 -1.010009333333333315e+00 5.377254440180810613e-02 9.546942414081598383e-01 9.644367694579833797e-03 9.538410000000000499e-01 8.844590455941535659e-03 3.265835629472433510e+01 2.233191645970030240e-02 3.266022899999999396e+01 2.444562955485840572e-02 3.395626643699501557e+01 5.913534938450552142e-02 3.395865576454662005e+01 2.590919868727859648e-02
1.252500000000000000e+04 4.050000000000000000e+03 -5.203200000000000000e+04 3.398186480939062903e+01 5.473925557078477416e-02 3.398234333333333268e+01 2.782998762326617699e-03 -4.874766333365282978e-01 9.562421201414539329e-03 -4.832996666666670715e-01 3.341472719392524909e-02 2.156736375177069343e-01 1.158432033875492727e-02 2.181569999999997123e-01 3.003138819635238835e-02 3.267272775188872203e+01 2.084290976684956623e-02 3.267431266666665834e+01 7.802452228484020418e-03 3.398619190455618622e+01 5.473252609353101289e-02 3.398653956361938100e+01 2.270047707802744230e-03
1.252500000000000000e+04 8.050000000000000000e+03 -5.203200000000000000e+04 3.394399357297136532e+01 5.799917381998059146e-02 3.394337699999999813e+01 1.390416636599849792e-02 9.739661222445005206e-01 1.110841202282036345e-02 9.852099999999998081e-01 4.040877774692028246e-02 -8.450311586779664097e-01 9.382554153077078338e-03 -8.452133333333332610e-01 1.506414986353789851e-03 3.267467142519507917e+01 1.676482638135944059e-02 3.266504633333332919e+01 1.046456440140247288e-02 3.396882206040265118e+01 5.795824027611695684e-02 3.396823669451588756e+01 1.447897290137132101e-02
1.652500000000000000e+04 -3.950000000000000000e+03 -5.203200000000000000e+04 3.392306155866236139e+01 5.547258218997704743e-02 3.392293866666666702e+01 7.377172998138363177e-03 -2.251111692277316667e+00 1.269582821767567885e-02 -2.268953333333333156e+00 1.103645151808821251e-01 -1.922837313870085774e-01 1.448846788439955673e-02 -1.894130000000000535e-01 3.363290069758077122e-02 3.267797090371926316e+01 1.841378232700640466e-02 3.267910566666666483e+01 4.510168745304799810e-03 3.399962308887250373e+01 5.535441434724736737e-02 3.399965478806449681e+01 4.637288374165899588e-04
1.652500000000000000e+04 5.000000000000000000e+01 -5.203200000000000000e+04 3.394066027589147438e+01 5.783209480393971397e-02 3.394815799999999939e+01 1.812214999202195129e-02 -1.160852244880483886e+00 1.143211607291470117e-02 -1.155536333333333276e+00 6.740395927128049747e-02 9.922963347561462033e-01 9.215279815265174645e-03 9.943230000000005120e-01 1.350888679104748046e-02 3.268204010169316120e+01 1.701794807206789134e-02 3.268120000000000402e+01 1.305638557692528207e-02 3.397507061566961539e+01 5.777560960860259054e-02 3.398250732855856171e+01 1.841324993611493169e-02
1.652500000000000000e+04 4.050000000000000000e+03 -5.203200000000000000e+04 3.400315027090766762e+01 5.423497668348149781e-02 3.400314233333333647e+01 5.772677984368413968e-04 -6.827923766686653240e-01 9.982338522497925457e-03 -6.692963333333334930e-01 8.422667132275335478e-02 2.999818354019258004e-01 1.139015144200746996e-02 3.024133333333329787e-01 1.427945893388260501e-02 3.266638244881338693e+01 1.777999918221766576e-02 3.266798499999999450e+01 3.345044444148390951e-03 3.401120048795466033e+01 5.422263059861544970e-02 3.401128773504567704e+01 1.282096675800079456e-03
1.652500000000000000e+04 8.050000000000000000e+03 -5.203200000000000000e+04 3.393311236593657298e+01 5.675703936779955688e-02 3.393530999999999409e+01 9.365063427440567176e-03 8.280580097823327934e-01 1.092554759993036133e-02 8.266176666666668060e-01 8.157556327179781019e-02 -8.896385026646510541e-01 9.523405087711604017e-03 -8.899776666666671110e-01 2.446232025880729077e-02 3.268926625324667867e+01 2.224588181725797864e-02 3.269027833333333177e+01 8.790951718165341405e-03 3.395564386887832597e+01 5.672071401059657764e-02 3.395725555540821006e+01 7.011380250819777490e-03
2.052500000000000000e+04 -3.950000000000000000e+03 -5.203200000000000000e+04 3.394401681636885826e+01 5.699852874220475568e-02 3.394421700000000186e+01 8.034259580072160636e-03 -2.269040986723366959e+00 1.205952343252549887e-02 -2.272920666666667255e+00 1.170976843527562899e-01 -2.946546145246882187e-01 1.339994300713409636e-02 -2.935286666666667155e-01 3.652108877682107985e-02 3.265054786395099740e+01 1.760657339169681423e-02 3.265535199999999350e+01 7.572124998967822915e-03 3.402102720724931828e+01 5.687528949761284924e-02 3.402193961810098699e+01 4.484103089889926799e-03
2.052500000000000000e+04 5.000000000000000000e+01 -5.203200000000000000e+04 3.394682267425460509e+01 5.481324377006428078e-02 3.394900533333333215e+01 8.652364923984160947e-03 -1.247963764012852916e+00 1.090953267328839162e-02 -1.252921333333333331e+00 1.230144475828392342e-01 1.011146740770612507e+00 9.634209065577438794e-03 1.011267333333333518e+00 5.697175976842537050e-03 3.267740192552120959e+01 1.345917959832903556e-02 3.267680433333332957e+01 9.521275007992592533e-04 3.398421149391725038e+01 5.475515176705481740e-02 3.398760992440927708e+01 1.199972863074463651e-02
2.052500000000000000e+04 4.050000000000000000e+03 -5.203200000000000000e+04 3.403505409505792301e+01 6.324750918768158592e-02 3.403459966666667214e+01 3.199331926789131253e-03 -7.470436861898955838e-01 1.070510290882483589e-02 -7.159560000000002589e-01 1.093085362372643032e-01 3.634019343838369998e-01 1.212382396271123597e-02 3.754026666666667178e-01 5.063638199402110962e-02 3.265742889567425777e+01 2.227384807659942706e-02 3.266003233333333355e+01 1.614479788593830775e-02 3.404460889453687145e+01 6.323029436502658474e-02 3.404462560063598886e+01 1.950495510327817988e-03
2.052500000000000000e+04 8.050000000000000000e+03 -5.203200000000000000e+04 3.393782627148035402e+01 5.846589043638053540e-02 3.393809233333332998e+01 2.737018227520478936e-03 7.843787539333758607e-01 1.035205304427363852e-02 7.581950000000002854e-01 1.198925985093880348e-01 -8.873706762075993515e-01 9.801431693924840538e-03 -8.870573333333332533e-01 8.586738075531341607e-03 3.265990253809350463e+01 1.945282116717398854e-02 3.265979999999999706e+01 3.241741095976027279e-03 3.395858241798286059e+01 5.843120508979691985e-02 3.395857406033390902e+01 3.888154794511079759e-04
2.452500000000000000e+04 -3.950000000000000000e+03 -5.203200000000000000e+04 3.397527053033111599e+01 4.979629316601014155e-02 3.397536300000000864e+01 8.157845937091580055e-03 -2.303822465325634727e+00 1.129152770922398248e-02 -2.288113333333332999e+00 1.105673195423393235e-01 -3.705044294537792604e-01 1.301489055304258513e-02 -3.684716666666666973e-01 3.822953718585202915e-02 3.268189423503910263e+01 1.797138533069438451e-02 3.267864533333332844e+01 6.791839817833247341e-03 3.405475086840447574e+01 4.968615938499196250e-02 3.405472112969451359e+01 2.408839406781544071e-04
2.452500000000000000e+04 5.000000000000000000e+01 -5.203200000000000000e+04 3.394481183428520410e+01 6.056958582153269821e-02 3.394602566666667798e+01 7.700420883158910941e-03 -1.196093984670196120e+00 1.069883813063257291e-02 -1.220591999999999677e+00 1.023300065148700366e-01 1.019533803228483082e+00 9.571114325606857806e-03 1.022100333333333388e+00 1.360654161709633561e-02 3.265885056388288632e+01 2.063868253377603226e-02 3.265965500000000787e+01 4.984258821529842509e-03 3.398202628437023520e+01 6.050528506756968489e-02 3.398364872883301047e+01 1.102924573242650662e-02
2.452500000000000000e+04 4.050000000000000000e+03 -5.203200000000000000e+04 3.407340003743121315e+01 5.929254563857164206e-02 3.407296900000000051e+01 1.577252146403177683e-03 -7.387408729472205726e-01 1.118022022344091447e-02 -7.209606666666665831e-01 9.192229153173051004e-02 4.587389387381571315e-01 1.204885122766862979e-02 4.572676666666666279e-01 2.500270608243136683e-02 3.267844132553120318e+01 2.298641503712464673e-02 3.268839233333333283e+01 1.831396648583757600e-02 3.408371675587029159e+01 5.927527329160678371e-02 3.408392946383873578e+01 8.492108743255890159e-04
2.452500000000000000e+04 8.050000000000000000e+03 -5.203200000000000000e+04 3.398070832971898625e+01 5.852401667099894206e-02 3.398077766666666122e+01 1.919264526959266193e-02 8.232492239542043011e-01 1.099135623461596975e-02 8.059159999999995216e-01 8.459399139615851604e-02 -9.444685749980979983e-01 9.615215611533259668e-03 -9.455450000000000799e-01 1.318996770276573659e-02 3.267070869686784107e+01 2.256850396506278333e-02 3.267030733333333359e+01 4.671225118863388086e-03 3.400364388201506927e+01 5.848574092764063925e-02 3.400370022793574520e+01 1.694902234892524395e-02
2.852500000000000000e+04 -3.950000000000000000e+03 -5.203200000000000000e+04 3.402222786356865925e+01 5.510430380720544169e-02 3.402271633333333511e+01 3.455383931074253092e-03 -2.092847225695424473e+00 1.072557395571262749e-02 -2.107365000000000155e+00 5.657589438385703801e-02 -4.671813380732269261e-01 1.244277307620233683e-02 -4.647263333333333524e-01 1.424717036623215395e-02 3.270450042455156847e+01 1.920896999836538624e-02 3.269973099999999988e+01 1.449062877632712430e-02 3.409127607381689984e+01 5.499759379971823348e-02 3.409118656363836664e+01 2.710767618578026686e-03
2.852500000000000000e+04 5.000000000000000000e+01 -5.203200000000000000e+04 3.396401286003175102e+01 6.632747829575705301e-02 3.396390399999999943e+01 2.904287405427631325e-03 -1.107091318275779557e+00 1.159925733428070205e-02 -1.099786666666666468e+00 5.001173274453794143e-02 1.136240580351374430e+00 9.898094476484150389e-03 1.136231999999999687e+00 9.566806381093502856e-03 3.268839378950457331e+01 1.657649220495783712e-02 3.268959766666666411e+01 5.417790334730269997e-03 3.400093519458644664e+01 6.625735580843587769e-02 3.400077213378278174e+01 3.561036504438393462e-03
2.852500000000000000e+04 4.050000000000000000e+03 -5.203200000000000000e+04 3.411515713355375112e+01 5.959765188439709177e-02 3.411521766666666622e+01 8.729485157276282645e-04 -6.038913799477159117e-01 9.655413496468399220e-03 -6.133686666666667842e-01 4.544339275161798225e-02 5.254917816617226123e-01 1.116114271613113246e-02 5.194036666666660418e-01 2.338762462167617850e-02 3.266878294874515376e+01 1.986083978270127698e-02 3.267085199999999645e+01 6.552465973458898064e-03 3.412491965905834945e+01 5.958115219585875810e-02 3.412476080898142783e+01 1.255783526178676050e-03
2.852500000000000000e+04 8.050000000000000000e+03 -5.203200000000000000e+04 3.395546706832069361e+01 5.834454923467175674e-02 3.396045933333332556e+01 1.742973475924886745e-02 8.896738451910708445e-01 9.324439610480629928e-03 8.856860000000000843e-01 5.114729911083598646e-02 -1.004677939586571034e+00 9.032729306157900873e-03 -1.003965666666666756e+00 9.281899596047554768e-03 3.268918341193079868e+01 2.128723629304261206e-02 3.269000533333333891e+01 5.753242110130513641e-03 3.398234836844716966e+01 5.829956876687850814e-02 3.398691935563493871e+01 1.596223724866427038e-02
3.252500000000000000e+04 -3.950000000000000000e+03 -5.203200000000000000e+04 3.406483762956245442e+01 5.579340518753891920e-02 3.406528166666667090e+01 6.419254508464995908e-03 -1.887002140804241002e+00 1.171270430262268993e-02 -1.888032666666666470e+00 2.270606999852202781e-02 -6.195931931274385462e-01 1.475533575291984589e-02 -6.149336666666666007e-01 1.341817747601284708e-02 3.266798744371896390e+01 2.316982965355370364e-02 3.266106866666666519e+01 2.133232478605509227e-02 3.412261343059208230e+01 5.570349376376366318e-02 3.412312458523174996e+01 5.829869186478232705e-03
3.252500000000000000e+04 5.000000000000000000e+01 -5.203200000000000000e+04 3.399320490095458069e+01 5.764602932866012136e-02 3.399430533333333670e+01 4.214485549204362129e-03 -9.655312951115697651e-01 1.028249137677798332e-02 -9.635996666666665211e-01 2.813678111377459698e-02 1.171611318531744939e+00 9.080376353269112993e-03 1.167202333333333009e+00 1.190589551907427456e-02 3.266797482039508083e+01 2.451245636288717361e-02 3.266435899999999748e+01 2.258251547842508866e-02 3.402690865872678927e+01 5.759073433897396455e-02 3.402801121491623348e+01 4.233163430044248332e-03
3.252500000000000000e+04 4.050000000000000000e+03 -5.203200000000000000e+04 3.416504067229556796e+01 6.474060658487111597e-02 3.416512599999999367e+01 5.633638019372777528e-03 -4.595303433073703037e-01 9.847250438270163317e-03 -4.623053333333334014e-01 1.253493828376414307e-02 6.494001783461769151e-01 1.303323176771670373e-02 6.495473333333325883e-01 5.231950602892844124e-03 3.267759798132922811e+01 1.986377379930002671e-02 3.267432466666667068e+01 9.984269232703870539e-03 3.417433700139924468e+01 6.472365677871068368e-02 3.417443263470645576e+01 5.437047900924995604e-03
3.252500000000000000e+04 8.050000000000000000e+03 -5.203200000000000000e+04 3.399834340142595579e+01 5.286228414555266264e-02 3.400136933333333644e+01 1.187897574615590958e-02 9.985973436820640980e-01 1.020568186806098537e-02 9.965273333333332095e-01 1.845067747024758606e-02 -9.520243202657490134e-01 9.660992771595803066e-03 -9.511440000000002115e-01 2.323800357890772050e-02 3.266702160865255422e+01 2.151500065552145249e-02 3.265758000000000294e+01 1.564879765349428548e-02 3.402629246770217719e+01 5.282053505274668381e-02 3.402929015889984754e+01 1.250085410224413204e-02
