0.000000000000000000e+00 -3.950000000000000000e+03 -5.865400000000000000e+04 3.388953746008803591e+01 5.379224658548025645e-02 3.389486745585774941e+01 5.903388749348305320e-02 -8.319430070209361816e-03 1.092186191810470657e-02 1.505000028897048429e-06 2.210497554663707134e-02 -1.196722970338302827e-02 2.068593060328732455e-02 3.015890312170939940e-06 1.949283591877024394e-02 3.256401062408086489e+01 2.583096249211118411e-02 3.253276999999999930e+01 6.313376380617127803e-02 3.388956192327767525e+01 5.379221250050961189e-02 3.389489304340790454e+01 5.904501270952861730e-02
0.000000000000000000e+00 5.000000000000000000e+01 -5.865400000000000000e+04 3.389893141491411654e+01 6.629542636463235661e-02 3.389713159171878942e+01 3.001575249984012386e-02 -4.578589853377104668e-02 1.121446533320054513e-02 7.190873082170885799e-08 2.023266200800248882e-01 1.514768574006684302e-03 1.022927191786568782e-02 1.726497876145908697e-08 1.034311351014640355e-02 3.257917452701654071e+01 3.556389282388140727e-02 3.257868700000000217e+01 4.500851681996703019e-02 3.390014581848039654e+01 6.629312574023291105e-02 3.389834321861930988e+01 2.953939880030350892e-02
0.000000000000000000e+00 4.050000000000000000e+03 -5.865400000000000000e+04 3.393320637676541907e+01 6.002467608781227731e-02 3.393528967988505229e+01 3.094225688602948374e-02 -1.694425777477080600e-03 1.030195855115354116e-02 -5.250429105411551042e-06 5.143571681656946420e-02 7.367473866284072938e-04 1.988329541285181398e-02 6.914106374840874852e-07 1.167744167322226807e-02 3.262055196467196083e+01 3.976311900236553093e-02 3.260143466666666967e+01 5.662666820598908496e-02 3.393329216163063933e+01 6.002452970633562201e-02 3.393537160801087538e+01 3.097032200242916603e-02
0.000000000000000000e+00 8.050000000000000000e+03 -5.865400000000000000e+04 3.385700310465630736e+01 5.763137431452271253e-02 3.385328250834941599e+01 4.327166855233676585e-02 4.296537148674645958e-03 9.899120639261412002e-03 2.218410838731680552e-06 1.712075434704888460e-02 -3.697341096869904281e-03 1.048061979119755197e-02 -7.194508148936999512e-06 1.999434079534276668e-02 3.258314239093108000e+01 3.350366000253243021e-02 3.254304199999999270e+01 7.689703331295283384e-02 3.385702510751129068e+01 5.763133817138298143e-02 3.385330297473625905e+01 4.327212307726750751e-02
4.000000000000000000e+03 -3.950000000000000000e+03 -5.865400000000000000e+04 3.393135452393936902e+01 5.440064457881439719e-02 3.392752841462007041e+01 2.649206661033223775e-02 -2.531038964380018328e-03 1.135114214897347228e-02 3.391991591309798888e-06 2.746809485656394670e-02 -2.902731494652103974e-03 2.196577203443274631e-02 2.667067271625948262e-06 1.245530933190426744e-02 3.261336397507798068e+01 3.798194425031928279e-02 3.260278066666666774e+01 3.472225664869274531e-02 3.393137975308502519e+01 5.440060719882415519e-02 3.392755522995199868e+01 2.648928599917290197e-02
4.000000000000000000e+03 5.000000000000000000e+01 -5.865400000000000000e+04 3.387827233809635175e+01 6.706405603973461527e-02 3.388347985764391979e+01 5.182586088179683831e-02 1.193818715985322165e-03 1.163201933067911989e-02 4.387271352139047722e-07 1.260120010946717273e-01 -1.119691745327001855e-03 1.109314750456339739e-02 -2.739977125928068644e-07 8.446252007684201812e-03 3.259777206557659923e+01 3.041899091528222840e-02 3.258660766666666575e+01 4.539017926943215986e-02 3.387872102593553336e+01 6.706319719882465613e-02 3.388394987934335489e+01 5.205960241541982003e-02
4.000000000000000000e+03 4.050000000000000000e+03 -5.865400000000000000e+04 3.394747921311315508e+01 6.537508988381776631e-02 3.394784914658045238e+01 1.123051366679318243e-02 7.568850350973630326e-05 1.009115481877971218e-02 -3.777493796282745406e-07 4.390725022429918870e-03 -1.603414708084249449e-02 2.073145786573760141e-02 -1.358145707008873160e-09 2.781919050067711841e-02 3.263031112566997649e+01 3.427190679333304291e-02 3.262278133333332875e+01 3.163804579054211447e-02 3.394750416603298504e+01 6.537504715631971275e-02 3.394787250698989567e+01 1.123718537221295166e-02
4.000000000000000000e+03 8.050000000000000000e+03 -5.865400000000000000e+04 3.388236506504090073e+01 5.831150836067919979e-02 3.388145572544254236e+01 3.394844708039840980e-02 2.620442989195524274e-03 1.046159361627276366e-02 7.422963226311196649e-06 1.577576753642354057e-02 6.941483994093065272e-04 1.029901824789145916e-02 -3.675995006687434501e-06 6.524313469159771263e-03 3.253194707414294840e+01 2.879197659470324189e-02 3.254479866666667220e+01 1.481996754757177251e-02 3.388237385587049744e+01 5.831149387172600285e-02 3.388146432125563479e+01 3.395143448268814895e-02
8.000000000000000000e+03 -3.950000000000000000e+03 -5.865400000000000000e+04 3.394748341697812322e+01 5.457189119829053414e-02 3.394941922001444112e+01 2.254593883986380845e-02 1.537520601585515246e-03 1.100331182392697178e-02 3.413210562186463903e-06 1.350186619476581064e-02 1.541202008730409648e-02 2.142520666939313340e-02 -5.336389750532077869e-06 2.536735144452360174e-02 3.266972192312220358e+01 3.100858785272439869e-02 3.265440966666666611e+01 3.026870247925937674e-02 3.394750846657525756e+01 5.457186178626713402e-02 3.394944355879863451e+01 2.253518147528531940e-02
8.000000000000000000e+03 5.000000000000000000e+01 -5.865400000000000000e+04 3.389694900243904385e+01 6.385501678940291859e-02 3.389145387073512694e+01 4.135978670805168234e-02 -5.412795334817216246e-03 1.242989902831772436e-02 -9.464058585706425220e-07 8.929358816811636124e-02 3.181102906838964052e-03 1.018445570958855656e-02 5.882743522311884021e-07 1.977939516755230012e-02 3.259087819677318265e+01 3.353715826398743355e-02 3.259944600000000037e+01 2.262137027237786507e-02 3.389723950329553759e+01 6.385449633367176747e-02 3.389170049948677388e+01 4.143143668554104264e-02
8.000000000000000000e+03 4.050000000000000000e+03 -5.865400000000000000e+04 3.396771351825506002e+01 6.203377971091154908e-02 3.396792953257300240e+01 7.142726415040028670e-03 -6.826944144178289037e-04 1.057329758549192811e-02 -9.544766162624304288e-09 5.003977586676261989e-03 -5.788510647198492030e-03 1.809863049241922095e-02 4.430719939089537520e-09 1.597244728708150166e-02 3.263610728871293531e+01 3.110207119767814318e-02 3.263465899999999920e+01 8.834831086858308327e-03 3.396772188126821135e+01 6.203376609996374969e-02 3.396793778175445055e+01 7.139310646421255339e-03
8.000000000000000000e+03 8.050000000000000000e+03 -5.865400000000000000e+04 3.385518261123758776e+01 5.866053191652448318e-02 3.384915217965600220e+01 4.542160409642223562e-02 -3.648783603246450792e-04 1.186802695065639589e-02 6.815242834375585992e-06 2.011805505046571421e-02 5.547687802434649691e-04 9.717836151202877137e-03 3.058881631878840324e-06 7.024969811320057843e-03 3.257802103946166739e+01 2.831242992921157581e-02 3.257350633333333434e+01 4.375999105855011423e-02 3.385519585359663353e+01 5.866050984009388986e-02 3.384916560172147371e+01 4.541897026291064066e-02
1.200000000000000000e+04 -3.950000000000000000e+03 -5.865400000000000000e+04 3.394101495019167913e+01 6.331602779456423080e-02 3.394152801566973920e+01 4.495835461745557871e-02 -1.641452042058344713e-03 1.097527776742950219e-02 1.245879333329942943e-06 2.744986141325646625e-02 -1.204053261006306913e-03 1.795161948862492376e-02 -4.220120509046410007e-06 3.529487699425561120e-02 3.261301298230916501e+01 2.878908313821673670e-02 3.260088933333333472e+01 4.285175737482808250e-02 3.394107370935446255e+01 6.331592486233968142e-02 3.394158693654517123e+01 4.495120258054887546e-02
1.200000000000000000e+04 5.000000000000000000e+01 -5.865400000000000000e+04 3.394729390669025548e+01 7.142750632832828295e-02 3.394679102269439852e+01 4.440382734738199631e-03 2.484613905369455287e-03 1.248164550008479604e-02 4.497954906312884304e-07 9.059090133570173176e-02 -1.859272062707601402e-03 9.920568341694028375e-03 1.703603035715002937e-06 8.008384579711081558e-03 3.265620256109308883e+01 2.873746097774516201e-02 3.265650600000000736e+01 9.935954978426569245e-03 3.394756254735781198e+01 7.142695997659176399e-02 3.394703463368801266e+01 4.552083536030069461e-03
1.200000000000000000e+04 4.050000000000000000e+03 -5.865400000000000000e+04 3.398544164370252929e+01 5.804469036117705649e-02 3.398313609618767117e+01 8.872426578734228172e-03 -3.271567354290742108e-03 1.129537828386221500e-02 -1.808179035241626712e-06 1.386747274311080601e-02 -1.063421221653422510e-02 1.784756137984666591e-02 2.836711621156950969e-08 1.964736309396908007e-02 3.264112078779512416e+01 3.637453841917690639e-02 3.263705266666666915e+01 1.297913825251159441e-02 3.398545647505638101e+01 5.804466686044065099e-02 3.398315311717866649e+01 8.866726181841073570e-03
1.200000000000000000e+04 8.050000000000000000e+03 -5.865400000000000000e+04 3.392052190211389728e+01 6.535754240697838613e-02 3.392144024738072972e+01 5.987763873425626382e-02 1.150551476554093587e-02 9.922903809709327644e-03 -4.883448604016867214e-06 7.401893519779066677e-02 -1.919717475849893381e-04 1.045085936800742472e-02 5.227665184811177049e-06 1.329602953748562112e-02 3.260308825559175006e+01 3.188867123639646528e-02 3.260013966666667073e+01 4.257456337741744035e-02 3.392069528159705527e+01 6.535721771322987317e-02 3.392160689603047530e+01 5.989943835158230423e-02
1.600000000000000000e+04 -3.950000000000000000e+03 -5.865400000000000000e+04 3.396372467066659340e+01 5.807061812443143484e-02 3.396021959199213569e+01 4.737105878337545539e-02 1.028132024802668257e-02 1.311825269555746444e-02 9.654333038788820431e-06 5.706791086319171896e-02 2.902876189855780383e-03 1.664237030672525292e-02 -1.264319163688890948e-05 2.668891639712519387e-02 3.262607140414311857e+01 3.224060531710103150e-02 3.262159266666666468e+01 4.881071894687698254e-02 3.396382933472806087e+01 5.807044963922940867e-02 3.396033634228047760e+01 4.741507988747251795e-02
1.600000000000000000e+04 5.000000000000000000e+01 -5.865400000000000000e+04 3.389323036253972532e+01 6.096863765323631834e-02 3.389687975750146620e+01 4.082671005057118135e-02 9.117471882601473065e-03 1.081678455779784900e-02 3.480643737674427030e-07 8.601289517284049779e-02 -2.833923391541310217e-05 9.955243676589824869e-03 3.314875066662281711e-07 4.517681090159000878e-03 3.256013370506290272e+01 3.175759567381666176e-02 3.257517966666666354e+01 5.294155117464782734e-02 3.389345958471331244e+01 6.096823757849924308e-02 3.389709887245103914e+01 4.071990579225683721e-02
1.600000000000000000e+04 4.050000000000000000e+03 -5.865400000000000000e+04 3.396417965766393365e+01 6.327979472856681831e-02 3.396970475207033502e+01 3.513273863641599298e-02 4.292175817836450975e-03 1.045964513026351878e-02 -7.629550742294100019e-07 6.290600252528759373e-02 -2.802780630646089979e-03 2.165630305129555983e-02 6.460284283823133338e-07 2.668678794989407660e-02 3.258649772595733651e+01 2.984780950379892217e-02 3.257739233333333573e+01 2.214200551239946593e-02 3.396431541876735594e+01 6.327955348275764169e-02 3.396984222148307708e+01 3.512626250104023545e-02
1.600000000000000000e+04 8.050000000000000000e+03 -5.865400000000000000e+04 3.396057278115339528e+01 6.231661962481336442e-02 3.396208036300625110e+01 2.222670303260617514e-02 1.326679941562816526e-03 1.066217961814974052e-02 -1.499559758440701222e-06 9.450479663395008889e-02 1.271565585102614991e-02 9.418751315553640022e-03 5.989104210716670335e-07 1.748568195627488164e-02 3.262895721317506315e+01 3.752361620044324803e-02 3.262342666666666702e+01 3.272788416286204899e-02 3.396084965477751183e+01 6.231612649368292040e-02 3.396235247984100880e+01 2.211879642557129655e-02
2.000000000000000000e+04 -3.950000000000000000e+03 -5.865400000000000000e+04 3.399004380129975544e+01 6.040904800280342407e-02 3.399225345322209790e+01 4.808265247740928228e-02 -1.717605740699289750e-03 1.108534182756894422e-02 5.051904737503795078e-07 5.392211119342033010e-02 4.267569644174407963e-03 1.823202379631985379e-02 6.961227240124638435e-06 2.864738491386986663e-02 3.262788883195285194e+01 3.151436511454860923e-02 3.262187833333333487e+01 4.167979383479624572e-02 3.399015714191090609e+01 6.040885646157181238e-02 3.399236307926280887e+01 4.810162223620062516e-02
2.000000000000000000e+04 5.000000000000000000e+01 -5.865400000000000000e+04 3.394504415839032418e+01 6.334060217844700302e-02 3.393761659875001868e+01 4.499300654888744450e-02 -4.194882082856177252e-03 1.181177877449380090e-02 1.166562300684385486e-06 7.134488751902284820e-02 1.282617037533485761e-04 1.009974344580595769e-02 -3.029425301670496395e-06 2.561614970368223960e-03 3.260163713298840804e+01 2.833372540262939568e-02 3.259707666666666626e+01 2.539385370080448137e-02 3.394518690073234524e+01 6.334034492801732252e-02 3.393776691881435426e+01 4.493895282742768615e-02
2.000000000000000000e+04 4.050000000000000000e+03 -5.865400000000000000e+04 3.401683140290223406e+01 6.131677332874234387e-02 3.401881703383239142e+01 3.766677151593241651e-02 1.119190515440977342e-02 1.074443232331318866e-02 1.059347788749202405e-07 6.394951584520591759e-02 -1.671590411176761271e-02 1.985953182502657802e-02 -7.670697262559164246e-09 2.995446173883809307e-02 3.261707794802556037e+01 3.324871306404895976e-02 3.262175299999999112e+01 4.758409064312781739e-02 3.401698828679094078e+01 6.131650720543015826e-02 3.401896374936637812e+01 3.760979077051777170e-02
2.000000000000000000e+04 8.050000000000000000e+03 -5.865400000000000000e+04 3.400039154162267607e+01 6.471586187834299508e-02 3.400111268589807167e+01 1.841351994363457992e-02 2.614352001158177369e-02 1.139398379173553813e-02 6.161160514513615474e-06 1.010521853735996817e-01 -3.700162572697972708e-03 9.490505835254627390e-03 8.859175634127561621e-06 1.303789368445113298e-02 3.265322399376542961e+01 2.748376317520931714e-02 3.264606500000000011e+01 1.513557637929094368e-02 3.400067563471669274e+01 6.471533961614291119e-02 3.400141790458162205e+01 1.851397264178296712e-02
2.400000000000000000e+04 -3.950000000000000000e+03 -5.865400000000000000e+04 3.405469517143655622e+01 5.314107657694283615e-02 3.405317388165304493e+01 1.089618028241834576e-02 -2.630134517374027852e-03 1.211875202921282660e-02 5.290660753942688643e-07 2.177555192732249373e-02 -4.263388029240811061e-03 2.179024042558804983e-02 9.730079136479237202e-07 2.249957509381901935e-02 3.265836774475474158e+01 3.155767739294076252e-02 3.265011966666666154e+01 2.082523784844872092e-02 3.405472284037480790e+01 5.314103787546695101e-02 3.405320266658677753e+01 1.090474752201703312e-02
2.400000000000000000e+04 5.000000000000000000e+01 -5.865400000000000000e+04 3.385234540663848435e+01 6.485455334191621291e-02 3.385298824588608824e+01 1.650829236907375847e-02 1.154463487746318871e-02 1.052993128060382422e-02 -7.749814627070843155e-08 5.621423088419760100e-02 -7.849430119503230784e-04 1.032907144353852405e-02 -1.206311931497191201e-05 5.529161182098714898e-03 3.254041842469700896e+01 2.778670370843960499e-02 3.253881766666666664e+01 4.343235711362917334e-03 3.385244153899038366e+01 6.485437405090582752e-02 3.385308245644301195e+01 1.654756335770181386e-02
2.400000000000000000e+04 4.050000000000000000e+03 -5.865400000000000000e+04 3.401184309920716231e+01 5.955393821344306254e-02 3.401404131479235105e+01 3.964752401426391293e-02 -1.021824651216459573e-02 9.625254260542587259e-03 -4.592067095465779403e-06 3.244701681652563396e-02 1.695894558693463545e-03 1.971697485906944922e-02 1.310823528729206619e-05 1.340148932112593741e-02 3.257387605263163266e+01 3.527235890635285753e-02 3.257734066666666450e+01 5.000746785675515976e-02 3.401188189063241651e+01 5.955387396060380506e-02 3.401407753287040947e+01 3.965364061467693824e-02
2.400000000000000000e+04 8.050000000000000000e+03 -5.865400000000000000e+04 3.390762967402856987e+01 6.109106551177443528e-02 3.391352098263316606e+01 4.100615755268592622e-02 8.782734935115443786e-03 1.142350925240256249e-02 1.736619505976477740e-07 6.563362392933452805e-02 2.446882559988859153e-03 9.773443698050922335e-03 -1.561158533373389497e-06 2.168639796432658695e-02 3.259986656090204349e+01 3.140819688543509958e-02 3.258554300000000126e+01 3.921619364922309531e-02 3.390778598429327673e+01 6.109079526694626006e-02 3.391366203797128520e+01 4.093756573055704756e-02
2.800000000000000000e+04 -3.950000000000000000e+03 -5.865400000000000000e+04 3.405080086244664983e+01 5.303018379030823015e-02 3.404914962910267917e+01 2.465340955346762702e-02 -8.032547695240456042e-04 1.253707480484420912e-02 8.161169414340937439e-07 2.992799433324413311e-02 -1.084252764241937271e-03 2.415074718828918304e-02 -1.144810564864447547e-06 9.034364905457305944e-03 3.257661686656508238e+01 3.875351955627800299e-02 3.257568333333333044e+01 2.613376758992991961e-02 3.405082821720140629e+01 5.303014373889772259e-02 3.404917834047878955e+01 2.464745106886325268e-02
2.800000000000000000e+04 5.000000000000000000e+01 -5.865400000000000000e+04 3.390298407131459868e+01 6.154484887672703047e-02 3.390275769250191473e+01 5.553970826913193909e-02 -7.876410931177939148e-04 1.145044978082309685e-02 -4.159602629745980393e-07 5.626106447863556820e-02 1.121548748406197681e-03 9.840321775519061259e-03 4.674246227576173141e-07 1.606202598607513188e-02 3.252866259881420774e+01 3.567575642687459414e-02 3.252255266666666245e+01 5.403298489297596319e-02 3.390308575735703300e+01 6.154467140152664051e-02 3.390285850870915141e+01 5.558779292824524154e-02
2.800000000000000000e+04 4.050000000000000000e+03 -5.865400000000000000e+04 3.412979415629339286e+01 6.016289619930361571e-02 3.412797433584298545e+01 1.542927913824762402e-02 -1.077556590409875416e-03 1.101086409152218608e-02 1.057025911569790291e-05 7.727122337922433422e-03 -3.284234234113018926e-04 1.872124822707403255e-02 -8.289076956676429946e-07 1.411643598381237107e-03 3.260875558649212280e+01 3.237144165416786651e-02 3.259881133333333736e+01 2.840039415415087851e-02 3.412979586159546130e+01 6.016289328243833862e-02 3.412797614451559269e+01 1.542846507402141805e-02
2.800000000000000000e+04 8.050000000000000000e+03 -5.865400000000000000e+04 3.398027393210542613e+01 6.417390124250657579e-02 3.397499016768575331e+01 1.870444228380774288e-02 -6.898902260938304760e-04 1.080375539416474420e-02 -8.747794761158426153e-07 7.400125119508194592e-03 3.221379639146554168e-03 9.570736033150048505e-03 1.443627493102894732e-06 1.077180415408457090e-02 3.261803867035498428e+01 3.778914703586890023e-02 3.261509166666666459e+01 2.845809688139918150e-02 3.398027901005572460e+01 6.417389188951055923e-02 3.397499519415132596e+01 1.870496319445274364e-02
