4.525000000000000000e+03 4.010000000000000000e+03 -7.200000000000000000e+04 3.396950556627709972e+01 4.675162162846177583e-02 3.396996924999999834e+01 3.459996540822630074e-03 -1.291126413170541887e-01 8.058638250911265635e-03 -1.340679999999998540e-01 3.848027062231591799e-02 -1.175223279137998400e+00 8.037229757259104282e-03 -1.173267749999999943e+00 3.330619131726858528e-02 3.282715807138890796e+01 9.423113886044965151e-03 3.282612100000000055e+01 5.579420235711162260e-03 3.399059552091573266e+01 4.672355335270553245e-02 3.399060335600948690e+01 3.255648760985437300e-03
4.525000000000000000e+03 4.010000000000000000e+03 -6.540000000000000000e+04 3.398880396519671621e+01 3.713833478218959289e-02 3.398787949999999825e+01 2.626498445333603441e-03 1.737369279953132964e-02 6.487882459193604519e-03 -1.746124999999998373e-02 3.566835429895558879e-02 -3.819744418843178946e-01 6.061580753041031881e-03 -3.829375000000000417e-01 7.151995764586814401e-03 3.281226483043386821e+01 8.806227879877717366e-03 3.281242249999999672e+01 5.340344971691272924e-03 3.399100246712623630e+01 3.713600250482462783e-02 3.399009957618221733e+01 2.618842174434434476e-03
4.525000000000000000e+03 4.010000000000000000e+03 -5.880000000000000000e+04 3.399485737313675315e+01 4.870933622079201553e-02 3.399397700000000100e+01 2.114721967542037336e-03 4.766089840309947756e-02 8.086859666510542999e-03 3.969800000000001106e-02 2.500185653106583306e-02 -3.959722445529136881e-01 8.384418348767144757e-03 -3.964252499999999513e-01 9.414068332155859503e-03 3.282200822610401758e+01 9.749553463809677509e-03 3.282163900000000467e+01 2.031110492645387192e-03 3.399720299584198102e+01 4.870608825522045743e-02 3.399634307615978912e+01 2.097879672973584388e-03
4.525000000000000000e+03 4.010000000000000000e+03 -5.220000000000000000e+04 3.398949217676933188e+01 3.670077425259971049e-02 3.399046024999999815e+01 2.627296340822471259e-03 7.289111028166640749e-02 5.860686031880602692e-03 7.140199999999996550e-02 1.925597207361903762e-02 -4.005314004228548441e-01 5.744299358376902392e-03 -4.022807499999999647e-01 8.222410943827095781e-03 3.281595908507686232e+01 8.696742223067838867e-03 3.281519899999999978e+01 3.033716065598012369e-03 3.399195578417877783e+01 3.669818196048740128e-02 3.399293503112254200e+01 2.577705787701968336e-03
4.525000000000000000e+03 4.010000000000000000e+03 -4.560000000000000000e+04 3.398209411877139985e+01 4.302572778044266855e-02 3.398200099999999679e+01 1.628113632397849408e-03 9.049022608990553440e-02 8.923622240081457296e-03 8.725550000000015238e-02 2.232470254561073203e-02 -3.937752512557782247e-01 6.809286062517060437e-03 -3.946009999999999796e-01 4.766821704937843421e-03 3.283123684147012256e+01 9.312055531262259517e-03 3.283027799999999985e+01 4.105635050351255991e-03 3.398455845024466981e+01 4.302269911361703697e-02 3.398442699668789402e+01 1.677233219968495221e-03
4.525000000000000000e+03 4.010000000000000000e+03 -3.900000000000000000e+04 3.397054294466627056e+01 3.706167875131718970e-02 3.397090200000000237e+01 1.801245171170257368e-03 6.577163832631222062e-02 6.516122593050178470e-03 6.995824999999977756e-02 1.426597063747028424e-02 -3.979357455572344326e-01 5.917424819069799953e-03 -3.971700000000000230e-01 1.333903845859966963e-02 3.283459407112623296e+01 7.981110953088248541e-03 3.283052275000000009e+01 8.495657149145312628e-03 3.397297057492271932e+01 3.705910424140649445e-02 3.397331254904505471e+01 1.768350763715004562e-03
4.525000000000000000e+03 4.010000000000000000e+03 -3.240000000000000000e+04 3.395303159165275986e+01 4.601027679019996375e-02 3.395252424999999619e+01 1.667398641347702867e-03 2.415960466381123981e-02 9.125536094617223842e-03 2.797624999999981377e-02 1.465228753684881362e-02 -4.014595224288923792e-01 7.459477774891230123e-03 -4.004389999999999339e-01 6.102919943218383658e-03 3.281667032281897889e+01 9.977837830412450426e-03 3.281623025000000382e+01 3.257954301269672375e-03 3.395544168788549655e+01 4.600710951600433390e-02 3.395490822853579260e+01 1.668130254043233805e-03
4.525000000000000000e+03 4.010000000000000000e+03 -2.580000000000000000e+04 3.392530123179085422e+01 3.639529158592702540e-02 3.392570849999999893e+01 2.406565619992718022e-03 3.257913248098434633e-02 6.863212346355393630e-03 2.394724999999975346e-02 2.254912429332523935e-02 -3.837560798116578242e-01 5.896494644273625289e-03 -3.845009999999999817e-01 7.248737200368092666e-03 3.283111428649077368e+01 9.384177090381544753e-03 3.282972149999999800e+01 1.008223279255678582e-02 3.392750040088213126e+01 3.639299531658282683e-02 3.392792056301570369e+01 2.475393477198432023e-03
4.525000000000000000e+03 4.010000000000000000e+03 -1.920000000000000000e+04 3.390392636204806820e+01 5.007779845889969578e-02 3.390415325000000024e+01 1.203934894072451311e-03 8.460048671082000260e-03 9.430601058750060633e-03 6.497500000000266951e-03 7.376517069954896880e-03 -3.920590940877985431e-01 7.983674716466222787e-03 -3.917177500000000312e-01 6.023925013021003833e-03 3.282236003878038133e+01 1.068057619017696337e-02 3.282866249999999297e+01 1.754681544943876778e-02 3.390620099977504509e+01 5.007453603841782730e-02 3.390642069679850579e+01 1.237575356476361540e-03
4.525000000000000000e+03 4.010000000000000000e+03 -1.260000000000000000e+04 3.386925392196532414e+01 3.839810030251807060e-02 3.386890074999999456e+01 2.088815109697219567e-03 6.616948669922657379e-04 7.328601806337107887e-03 2.171499999999770836e-03 8.275115402014992030e-03 -3.596709506917101784e-01 6.374072594388894598e-03 -3.607279999999999376e-01 5.952826233535373802e-03 3.282166240637018007e+01 8.301000018252128326e-03 3.282292824999999681e+01 2.600080908196045551e-03 3.387118614540815287e+01 3.839598504619112090e-02 3.387082637871789359e+01 2.055234442127453105e-03
4.525000000000000000e+03 4.010000000000000000e+03 -6.000000000000000000e+03 3.384161411677348497e+01 4.914210374144949850e-02 3.384213925000000245e+01 3.755945450770706903e-03 2.155499870638922025e-02 9.675441341773652684e-03 1.738724999999963217e-02 1.079814365508410291e-02 -2.998399429022493567e-01 7.871310058402029158e-03 -3.005089999999999151e-01 1.215096694369080174e-02 3.283124866505546180e+01 1.100535233945187583e-02 3.282895675000000324e+01 6.914976155358344007e-03 3.384295004117864636e+01 4.914021712864879987e-02 3.384348959190226935e+01 3.842474373093438759e-03
