2.525000000000000000e+03 -4.050000000000000000e+03 -5.203200000000000000e+04 3.398493591518528234e+01 5.529275003572228786e-02 3.398405366666666794e+01 4.570935802557907213e-03 -5.522424034488788713e-01 1.251564563454883074e-02 -5.480703333333331040e-01 2.312090810163902610e-02 -2.041143423193796103e-01 1.324331839987359476e-02 -2.035099999999999409e-01 1.025374473058501476e-02 3.270510121628115741e+01 1.718598945419840332e-02 3.269489733333332993e+01 1.683383761290896743e-02 3.399006648823448984e+01 5.528484793305250833e-02 3.398910079865967759e+01 4.957119375957121619e-03
2.525000000000000000e+03 -5.000000000000000000e+01 -5.203200000000000000e+04 3.403569035527171138e+01 5.793778935579098344e-02 3.404733666666666636e+01 6.554782482110128872e-02 4.525736664796259912e-01 1.126984118841110709e-02 4.907483333333333420e-01 1.404869324603220393e-01 1.150015100809173463e+00 1.133846973893018473e-02 1.139820333333332991e+00 1.963043356061636158e-02 3.278469447131985248e+01 1.935585232536533862e-02 3.277599133333333015e+01 6.704867173760857557e-02 3.405859539095672517e+01 5.790060720602820815e-02 3.407052907184104384e+01 6.724610038204710538e-02
2.525000000000000000e+03 3.950000000000000000e+03 -5.203200000000000000e+04 3.396497672034050908e+01 5.119470559753356437e-02 3.396521266666666605e+01 5.150742222674463758e-03 6.950797579914872459e-01 9.192677272124543178e-03 6.917043333333330324e-01 1.632219589325471440e-02 1.564516996686179662e-01 1.163508995393380992e-02 1.583306666666669249e-01 2.875331312117685931e-02 3.267613063566025744e+01 2.200805736329023224e-02 3.267314366666666814e+01 1.083599542163795997e-02 3.397243165571159551e+01 5.118384807282233551e-02 3.397265631084864168e+01 5.364517128845977360e-03
2.525000000000000000e+03 7.950000000000000000e+03 -5.203200000000000000e+04 3.390484490273909302e+01 6.075535904731371728e-02 3.389642100000000369e+01 2.502502853145179354e-02 2.392812559551499518e+00 1.081181372011223371e-02 2.396923333333333073e+00 2.233372480005211408e-02 -9.812374390273791436e-01 8.905182733268922346e-03 -9.799299999999999677e-01 1.919642886928015629e-02 3.268445435835435120e+01 1.922095103189707527e-02 3.267897466666666872e+01 2.249694754356154278e-02 3.400345012341514206e+01 6.058467540166057735e-02 3.399521609929474408e+01 2.377333238612181279e-02
4.525000000000000000e+03 -4.050000000000000000e+03 -5.203200000000000000e+04 3.397976348913007172e+01 5.546427985756395562e-02 3.397920733333333487e+01 4.251393862933270859e-03 -5.042881879779254062e-01 1.216531449083259504e-02 -5.043286666666668694e-01 8.084237530184600409e-03 1.332548870597453916e-02 1.160263244163680166e-02 1.382433333333329094e-02 6.462218513104549776e-03 3.270113113232073232e+01 1.583282615065354296e-02 3.270048399999999589e+01 7.050477454281194566e-03 3.398349681197257866e+01 5.545848404448820018e-02 3.398295581227881001e+01 4.132650662547606921e-03
4.525000000000000000e+03 -5.000000000000000000e+01 -5.203200000000000000e+04 3.394066993802846355e+01 5.682609386022517695e-02 3.393858166666667131e+01 1.192660661900518150e-02 3.629386839109354779e-01 1.242413785970697057e-02 3.900439999999998908e-01 1.102972401709728517e-01 9.543051643743197809e-01 9.200343633041866906e-03 9.562266666666667803e-01 1.206734677180975289e-02 3.268204263780390306e+01 1.964509321393815428e-02 3.268186733333332938e+01 1.272647007007324596e-02 3.395700196170081853e+01 5.679969601259594186e-02 3.395465161804746401e+01 1.359216677906946794e-02
4.525000000000000000e+03 3.950000000000000000e+03 -5.203200000000000000e+04 3.396882932516756171e+01 5.335693682765419582e-02 3.396926500000000004e+01 4.491731514683916689e-03 7.373344675972099971e-01 1.021884714209635690e-02 7.443776666666664932e-01 3.694614143738296497e-02 -5.618005254068498405e-02 1.036816002069426874e-02 -5.712400000000009831e-02 6.790279228426511840e-03 3.268747071972121887e+01 1.998232514704883014e-02 3.268709266666667190e+01 1.629356757878001015e-03 3.397683523262489302e+01 5.334484593214101206e-02 3.397750926874338262e+01 5.118423238294337804e-03
4.525000000000000000e+03 7.950000000000000000e+03 -5.203200000000000000e+04 3.390051633726619684e+01 6.004938127548569565e-02 3.389935266666666536e+01 1.268119512419020947e-02 2.431542996343472929e+00 1.191829553814627123e-02 2.432940333333333260e+00 1.229758020009476260e-02 -8.561734582111949488e-01 9.574030552683960096e-03 -8.555199999999998361e-01 7.630148709778406847e-03 3.269199432398831817e+01 1.686708113031002571e-02 3.269327200000000033e+01 3.428579297609594696e-03 3.399826939729177155e+01 5.988357029144326243e-02 3.399731843884962501e+01 1.232572861189513633e-02
8.525000000000000000e+03 -4.050000000000000000e+03 -5.203200000000000000e+04 3.397586993920540266e+01 5.662088096865989378e-02 3.397592233333333667e+01 5.414734014191214650e-04 -5.972859562872168127e-01 1.158281272032783520e-02 -5.933389999999999498e-01 3.027663987851569524e-02 -6.141125420191573259e-03 1.260627102009335802e-02 -1.119100000000002558e-02 1.596172193091948549e-02 3.268162027314713924e+01 1.922309435723433546e-02 3.268168033333333256e+01 8.417343649342134623e-03 3.398092765912355873e+01 5.661282540853181805e-02 3.398113912709992945e+01 9.803429070978273395e-04
8.525000000000000000e+03 -5.000000000000000000e+01 -5.203200000000000000e+04 3.395800743543372846e+01 5.650028401612629259e-02 3.396393466666666683e+01 1.762170806451866800e-02 2.215094000535385299e-01 1.012457223332158436e-02 2.193929999999998659e-01 6.240015791646656707e-02 9.258596961996491403e-01 8.812494145741041340e-03 9.264123333333330601e-01 2.515949947391201563e-02 3.268832092404371537e+01 1.476654746996529377e-02 3.268842366666666521e+01 4.055810865632191765e-03 3.397112939006287746e+01 5.647903305490557108e-02 3.397740733821340342e+01 1.865909910692700041e-02
8.525000000000000000e+03 3.950000000000000000e+03 -5.203200000000000000e+04 3.397395036594708273e+01 4.797577850791018977e-02 3.397367433333333508e+01 1.724017820223084762e-03 6.329668685163473141e-01 1.051891341570512957e-02 6.341903333333330783e-01 2.325408484068501591e-02 2.728466783273807150e-02 1.047202559945334226e-02 2.890466666666672776e-02 7.944734804328635117e-03 3.269273753018121198e+01 1.732947120058874954e-02 3.269516800000000245e+01 7.102866275900520526e-03 3.397991920431484658e+01 4.796777040286978600e-02 3.397962315361212404e+01 1.515184455328284340e-03
8.525000000000000000e+03 7.950000000000000000e+03 -5.203200000000000000e+04 3.390210286996087774e+01 5.990903451334567142e-02 3.390142733333333780e+01 8.123763379398208154e-03 2.324895128169315317e+00 1.034731740049330689e-02 2.318054333333333883e+00 2.429239718055346484e-02 -8.148109171664902339e-01 1.058762273785036380e-02 -8.142696666666666694e-01 7.772648247397877415e-03 3.270171055820076589e+01 1.403679206909236137e-02 3.269940933333333533e+01 4.661591728631503742e-03 3.399103582455437333e+01 5.975722487831289925e-02 3.399035931339042094e+01 6.820063716326339731e-03
1.252500000000000000e+04 -4.050000000000000000e+03 -5.203200000000000000e+04 3.397910012198791208e+01 5.684574920249105962e-02 3.397923499999999564e+01 1.902954106996324665e-03 -6.930101188958972536e-01 1.294650523686892429e-02 -6.937869999999998205e-01 4.395901600354576444e-02 -1.063802250736180788e-01 1.290585698893884255e-02 -1.043450000000000627e-01 1.356246397230232228e-02 3.269358262893029377e+01 1.526364521146233132e-02 3.269252033333333429e+01 1.480092344341312448e-02 3.398646314151201864e+01 5.683408880549789544e-02 3.398653951609903601e+01 2.355818413694511348e-03
1.252500000000000000e+04 -5.000000000000000000e+01 -5.203200000000000000e+04 3.394703574104703847e+01 6.228277793992612055e-02 3.394616933333333009e+01 7.909690477157617708e-03 1.460727424651601658e-01 1.076730859034793000e-02 1.571296666666667508e-01 6.444196423742680480e-02 8.726211416522741127e-01 1.028392454120306658e-02 8.802246666666665442e-01 3.932037322785442851e-02 3.268437356500278668e+01 1.742836850692080358e-02 3.268148833333332703e+01 9.503464847680123673e-03 3.395897208748507268e+01 6.226150996685087674e-02 3.395811123213638183e+01 7.141168200801330246e-03
1.252500000000000000e+04 3.950000000000000000e+03 -5.203200000000000000e+04 3.398782899459746432e+01 5.390830335263295525e-02 3.398807800000000157e+01 2.739230792272010634e-03 5.643030706688402232e-01 9.799289996525581761e-03 5.684696666666665399e-01 4.547645738670128002e-02 1.529132124835934636e-01 1.034493979943217241e-02 1.531083333333333740e-01 1.774026345476423239e-02 3.269409154947985741e+01 1.476551801910277670e-02 3.269747066666666768e+01 1.350702620037912138e-02 3.399305504962762825e+01 5.390030161012134002e-02 3.399324665301006121e+01 2.085950460552494189e-03
1.252500000000000000e+04 7.950000000000000000e+03 -5.203200000000000000e+04 3.389713980797881021e+01 5.356055885789510335e-02 3.389777500000000288e+01 6.035502492199192742e-03 2.229371945465814964e+00 1.219835799226140147e-02 2.230377666666666148e+00 2.833436135585986476e-02 -8.408162531506555570e-01 1.075870290664250953e-02 -8.430113333333332237e-01 1.044571071992926765e-02 3.269409088572002986e+01 1.460886687001169276e-02 3.269025333333333805e+01 5.538753901174147017e-03 3.398088229956013606e+01 5.343530675336669034e-02 3.398155671953005452e+01 7.150680854655967061e-03
1.652500000000000000e+04 -4.050000000000000000e+03 -5.203200000000000000e+04 3.398353766104627027e+01 5.710470081987250451e-02 3.398303533333333348e+01 3.785753352299557790e-03 -8.894152659279860318e-01 1.213228102104058070e-02 -8.820239999999998082e-01 9.676280886270284542e-02 -1.505276463471620363e-01 1.310401892510924468e-02 -1.502860000000000584e-01 3.124027583638363387e-02 3.267924548812747076e+01 1.558940819752779872e-02 3.268270733333333311e+01 9.968020036317758875e-03 3.399526819308170644e+01 5.708587800428221309e-02 3.399511649818777670e+01 1.344521938077889670e-03
1.652500000000000000e+04 -5.000000000000000000e+01 -5.203200000000000000e+04 3.397417843399339432e+01 6.594651486514305216e-02 3.397370466666666999e+01 3.466556949064936166e-02 1.216722346299542457e-02 1.076286497985269423e-02 -4.223666666666699328e-03 1.007994009709933664e-01 8.858163173352328057e-01 8.954588208883316330e-03 8.872600000000000486e-01 1.390594942221973739e-02 3.269181092248408049e+01 1.472218897195694785e-02 3.269135133333332988e+01 6.416591159726822181e-03 3.398613348616819252e+01 6.592378796815728803e-02 3.398559343164526325e+01 3.469305770572012754e-02
1.652500000000000000e+04 3.950000000000000000e+03 -5.203200000000000000e+04 3.401366821907303262e+01 5.431176244577292506e-02 3.401348566666666784e+01 1.016365474509970572e-03 3.662319526198823949e-01 1.180410367300104360e-02 3.852249999999998731e-01 1.018832789143208906e-01 1.847365039001408471e-01 1.125225123949192413e-02 1.860143333333332816e-01 2.457672815445088171e-02 3.269907867602167073e+01 1.745901980537935966e-02 3.269567233333333434e+01 7.357107999148118291e-03 3.401650421882628450e+01 5.430744747151956126e-02 3.401649857707777613e+01 9.713934702890267715e-04
1.652500000000000000e+04 7.950000000000000000e+03 -5.203200000000000000e+04 3.391966650268293648e+01 5.442573417886103354e-02 3.392004733333332922e+01 1.680104394903428723e-03 2.074428816775841788e+00 1.077007914511927955e-02 2.062992333333333317e+00 7.728239664661297470e-02 -8.458858266553825889e-01 1.050994660490900921e-02 -8.542359999999998843e-01 2.771898663972633889e-02 3.268629861046751017e+01 2.217805353284051095e-02 3.268540399999999835e+01 7.430658539679411111e-03 3.399260003611768610e+01 5.431410289204084696e-02 3.399365654021971039e+01 5.920297490618733720e-03
2.052500000000000000e+04 -4.050000000000000000e+03 -5.203200000000000000e+04 3.401604284900962938e+01 5.903554647927211629e-02 3.401529899999999884e+01 5.692498836186973658e-03 -9.133910301535158593e-01 1.154162434531754919e-02 -9.103836666666668131e-01 8.727655112024310102e-02 -2.338264093323993986e-01 1.223780671741923551e-02 -2.417873333333334929e-01 3.944915712801879554e-02 3.268536836724351247e+01 1.655743814232829569e-02 3.268522200000000311e+01 7.002542990466510513e-03 3.402893455129732558e+01 5.901403205273909186e-02 3.402860877527465533e+01 3.323223498178402326e-03
2.052500000000000000e+04 -5.000000000000000000e+01 -5.203200000000000000e+04 3.396868170290399291e+01 5.852278858305327153e-02 3.396961566666666243e+01 7.528335281530045518e-03 -8.557817803309332449e-02 1.108682560737313770e-02 -8.621066666666681033e-02 1.064443481783372975e-01 9.921191745039559251e-01 9.072091248371941946e-03 9.924326666666664076e-01 4.644733409405272552e-03 3.268426958810950111e+01 1.645981261401838550e-02 3.268592366666666749e+01 5.641943941980242898e-03 3.398360491155230534e+01 5.849771802895326750e-02 3.398455298577507477e+01 7.715966744407714607e-03
2.052500000000000000e+04 3.950000000000000000e+03 -5.203200000000000000e+04 3.404364988053193741e+01 5.274500106490036949e-02 3.404379000000000133e+01 7.858186813749163183e-04 3.362096084557549824e-01 1.009569766871074546e-02 3.576340000000000074e-01 1.400409321746087232e-01 2.716260136139530545e-01 1.189399131311628076e-02 2.798299999999999677e-01 4.614253587887570673e-02 3.268715408812562373e+01 1.716307367288301758e-02 3.268770533333333361e+01 4.597705381794628572e-03 3.404709974187587562e+01 5.273990844977646808e-02 3.404745691789278084e+01 1.470172764190304628e-03
2.052500000000000000e+04 7.950000000000000000e+03 -5.203200000000000000e+04 3.392648754778894471e+01 5.687881752522729040e-02 3.392694900000000047e+01 8.661245310771177597e-03 1.991114985923341241e+00 1.172220354415738630e-02 2.005566333333333784e+00 1.250994658559516914e-01 -8.105128552379833318e-01 9.659628870375445292e-03 -8.110710000000000974e-01 1.884967206611307122e-02 3.268958814841272442e+01 1.786544251619165413e-02 3.269135433333332941e+01 7.537019754371273618e-03 3.399582515560496176e+01 5.676773962735511686e-02 3.399632540181915630e+01 3.202654948662668043e-03
2.452500000000000000e+04 -4.050000000000000000e+03 -5.203200000000000000e+04 3.404498940177925448e+01 6.430193186182005249e-02 3.404523066666666153e+01 3.790945455218749840e-03 -9.310584636668322034e-01 1.147912356393981405e-02 -9.315306666666666180e-01 7.270413859914996724e-02 -2.932703808690514391e-01 1.201806543076888723e-02 -3.142686666666669737e-01 4.552612469536333750e-02 3.268415169168043377e+01 1.647800130893264936e-02 3.269069199999999853e+01 1.273137087407886885e-02 3.405897483480910637e+01 6.427646134769536557e-02 3.405963822043375444e+01 4.207114839797595693e-03
2.452500000000000000e+04 -5.000000000000000000e+01 -5.203200000000000000e+04 3.396145922830957886e+01 6.382478604035793368e-02 3.396285733333333212e+01 1.759295467257074308e-02 -5.119237224508630529e-02 1.100191588060219806e-02 -6.160766666666658148e-02 9.452126985381548163e-02 1.027213830848177079e+00 9.410960042048131802e-03 1.020263333333333078e+00 2.792053879812804451e-02 3.269772057051899594e+01 1.639118999944844460e-02 3.269619266666666135e+01 5.246525082798374207e-03 3.397702008974886212e+01 6.379626139574796906e-02 3.397851988017163904e+01 1.795061367086346962e-02
2.452500000000000000e+04 3.950000000000000000e+03 -5.203200000000000000e+04 3.407906136970490962e+01 5.674158766968508821e-02 3.407961533333332937e+01 2.178063385466429223e-03 3.767766230275750305e-01 1.056556319692888816e-02 3.889626666666664012e-01 6.905316704379164949e-02 3.824321466498418753e-01 9.639943487685322457e-03 3.815186666666666171e-01 2.675909042010042246e-02 3.269541688884364561e+01 1.539626950912399359e-02 3.269416300000000319e+01 3.717850499057423399e-03 3.408364733502623523e+01 5.673423439051551720e-02 3.408413117244088397e+01 2.258584291175755494e-03
2.452500000000000000e+04 7.950000000000000000e+03 -5.203200000000000000e+04 3.392689946200385265e+01 5.070383426242652813e-02 3.392729433333332878e+01 8.014683968262900290e-03 2.004905043963930211e+00 1.075745354095427112e-02 2.019669333333333761e+00 1.109324321262471907e-01 -9.230733815861259517e-01 1.006169392791762991e-02 -9.213940000000001573e-01 1.173707216472665710e-02 3.268218240520146622e+01 1.539621183009746465e-02 3.268732133333332968e+01 6.786625335498732217e-03 3.400180413195455031e+01 5.059776223496972869e-02 3.400021014183013790e+01 5.394826453860234253e-03
2.852500000000000000e+04 -4.050000000000000000e+03 -5.203200000000000000e+04 3.408390258060155276e+01 5.542369689049549131e-02 3.408363366666666394e+01 1.505896890373820953e-03 -7.722728858179027656e-01 1.089446372545422453e-02 -7.724376666666668001e-01 4.341455154412821732e-02 -4.078266165554970124e-01 1.142122154666318917e-02 -4.121513333333333695e-01 1.595579753917400478e-02 3.268768847899691110e+01 1.360588608461413274e-02 3.268631633333333042e+01 8.185756986648105860e-03 3.409504163320085723e+01 5.540632998146696742e-02 3.409493942606524541e+01 8.613657516508441093e-04
2.852500000000000000e+04 -5.000000000000000000e+01 -5.203200000000000000e+04 3.400234783847577091e+01 5.586225068082346229e-02 3.400072033333333366e+01 8.869413083425420688e-03 5.875361797155418536e-02 1.068669610576051393e-02 6.300199999999971101e-02 3.430030635917614978e-02 1.064797140589785585e+00 1.000357878700093572e-02 1.057741999999999960e+00 2.659716459198860697e-02 3.268665225480865644e+01 1.683909414311022049e-02 3.268900366666667168e+01 1.414105703655291549e-02 3.401878616188736970e+01 5.583618558887833150e-02 3.401728312939900434e+01 8.492460156242651048e-03
2.852500000000000000e+04 3.950000000000000000e+03 -5.203200000000000000e+04 3.412438461251046107e+01 5.420910045110238079e-02 3.412462533333333425e+01 1.631477278759218283e-03 4.817944148510312496e-01 1.045697549040574929e-02 4.809349999999996683e-01 3.070193255046561875e-02 4.595491155079579615e-01 1.131629099258498437e-02 4.604266666666667618e-01 1.964531198813370544e-02 3.268715255825898680e+01 1.809598116552049718e-02 3.268773533333333603e+01 4.244520009508249113e-03 3.413095264159021269e+01 5.419910835963275691e-02 3.413115884238462883e+01 1.382608870764695172e-03
2.852500000000000000e+04 7.950000000000000000e+03 -5.203200000000000000e+04 3.392997615344432916e+01 5.830879013161837515e-02 3.393107366666666991e+01 1.239637842722925848e-02 2.071652447636805228e+00 1.190052230788473352e-02 2.096704333333333281e+00 6.071922210836090683e-02 -9.829446259675982400e-01 9.648493933263295810e-03 -9.789106666666667067e-01 1.459546815891075468e-02 3.268573347749481428e+01 1.627916220610467479e-02 3.268764099999999928e+01 1.366483911357758464e-02 3.400880522534541228e+01 5.817942597416418671e-02 3.400999629157078630e+01 1.507677814498722610e-02
3.252500000000000000e+04 -4.050000000000000000e+03 -5.203200000000000000e+04 3.411731392231975235e+01 5.991139207269892408e-02 3.410153899999999538e+01 2.448754194143132681e-02 -6.307981371983485408e-01 1.505440952431554534e-02 1.989113333333332179e-01 8.385401863853103599e-01 -5.388768855454683093e-01 1.556926933797766859e-02 -3.252059999999996620e-01 2.732148285696319734e-01 3.267900733344945507e+01 1.339807104930019338e-02 3.267003933333333521e+01 1.108680366221256701e-02 3.413344859229874118e+01 5.991025946301982430e-02 3.412648305090036871e+01 1.078561502277242297e-02
3.252500000000000000e+04 -5.000000000000000000e+01 -5.203200000000000000e+04 3.399796281195667547e+01 5.683987611692852687e-02 3.400043766666667011e+01 2.131827810693005462e-02 1.876085257582975063e-01 1.051887696967978257e-02 1.887070000000002634e-01 2.691525316618802524e-02 1.017779322227871708e+00 8.434911193504739807e-03 1.018396000000000301e+00 7.110231524594256766e-03 3.266986525224210425e+01 1.562020007467387374e-02 3.266469766666666885e+01 1.265931839046364506e-02 3.401377385843137091e+01 5.681407265378266708e-02 3.401623229479678656e+01 2.123259791657860357e-02
3.252500000000000000e+04 3.950000000000000000e+03 -5.203200000000000000e+04 3.416941752590525283e+01 5.495335742776836369e-02 3.416988733333333528e+01 3.215470952199415890e-03 6.023905767242532239e-01 1.041207005883008560e-02 6.051853333333333529e-01 1.355220088316936439e-02 5.847948503397151221e-01 1.117786771026764610e-02 5.776703333333333967e-01 1.812042488770917656e-02 3.267513268149878769e+01 2.067042618559544742e-02 3.268200833333333577e+01 1.944348941877000261e-02 3.417967672583204575e+01 5.493764136931757885e-02 3.418014300516394854e+01 3.280497783056934239e-03
3.252500000000000000e+04 7.950000000000000000e+03 -5.203200000000000000e+04 3.394569933400860151e+01 5.910928377635257802e-02 3.394576299999999947e+01 1.705685297273217297e-03 2.250266663198535966e+00 1.069600963329059296e-02 2.246951333333333078e+00 1.655836266395634485e-02 -9.899775278535859480e-01 9.787532739869467605e-03 -9.899176666666664737e-01 1.118323456985696046e-02 3.268335603633224906e+01 1.671703655197687849e-02 3.267562066666666709e+01 1.525750129535542558e-02 3.403432303527220881e+01 5.896044808905196583e-02 3.403445817928231776e+01 2.615620720815063378e-03
