4.525000000000000000e+03 4.050000000000000000e+03 -7.000000000000000000e+04 3.395612729263112328e+01 5.115829244707750800e-02 3.395529266666665791e+01 5.403966639834974564e-03 -3.881047200811653664e-01 9.251986661390253566e-03 -3.911459999999999937e-01 1.036644408657078943e-02 -4.037847456914877009e-01 1.153145660846060724e-02 -4.059496666666664311e-01 4.501369285500432180e-03 3.267531679357612973e+01 2.435411667142155928e-02 3.267150433333333126e+01 2.310888663359840153e-02 3.396076255238278208e+01 5.115162631658071862e-02 3.395997568867228011e+01 5.267145574439081358e-03
4.525000000000000000e+03 4.050000000000000000e+03 -6.650000000000000000e+04 3.397106666759643900e+01 4.766869544386397733e-02 3.397059966666666497e+01 2.318574657940645437e-03 -3.245068325928042174e-01 1.045875069612273514e-02 -3.317786666666669437e-01 2.314202034059343119e-02 -4.037889851242500855e-02 1.216583424032495996e-02 -4.059099999999974534e-02 5.356682088756344051e-03 3.267330476175799703e+01 1.966539388071677705e-02 3.267164233333333101e+01 7.244976520165638187e-03 3.397278781341619691e+01 4.766643161374623655e-02 3.397226063676617258e+01 2.539623083343288835e-03
4.525000000000000000e+03 4.050000000000000000e+03 -6.300000000000000000e+04 3.396959595669270016e+01 3.800546959807955122e-02 3.396975133333333474e+01 5.939686673355308588e-04 -2.876453415073623732e-01 7.510307595951829472e-03 -2.927489999999999815e-01 1.747848175138024332e-02 -3.039272606549027825e-02 1.042710571916213858e-02 -2.976733333333332968e-02 6.572935780743277556e-03 3.266602120040705870e+01 2.428879400500943628e-02 3.266504233333333218e+01 7.035084323904345661e-03 3.397093129772466824e+01 3.800405139612315908e-02 3.397103606503910100e+01 4.973253493213437284e-04
4.525000000000000000e+03 4.050000000000000000e+03 -5.950000000000000000e+04 3.397054570013249020e+01 4.353801897967432555e-02 3.397082299999999577e+01 1.781460355998720204e-03 -2.717409582950732760e-01 8.854643824736531388e-03 -2.767726666666669999e-01 1.880272695057224122e-02 -3.356359662767977037e-02 1.070900860597215169e-02 -3.485300000000002285e-02 8.171867901526665146e-03 3.268406362797416875e+01 2.182571625502965212e-02 3.268351799999999940e+01 3.746922648432184869e-03 3.397172345095979296e+01 4.353658151372857138e-02 3.397198073166777021e+01 1.627310462149161689e-03
4.525000000000000000e+03 4.050000000000000000e+03 -5.600000000000000000e+04 3.397580918397457594e+01 4.880513126902483872e-02 3.397538033333333374e+01 1.315571400993876964e-03 -2.630293057004942647e-01 9.113555768119464481e-03 -2.657216666666665783e-01 1.160603435478460392e-02 -3.525347970684719612e-02 1.243102887723977062e-02 -3.748533333333329415e-02 1.110298729071510296e-02 3.266533614341417291e+01 1.670418494578050986e-02 3.266640466666666498e+01 4.411302087945035560e-03 3.397684296147098593e+01 4.880370216192597005e-02 3.397644770071206466e+01 1.225552842783191303e-03
4.525000000000000000e+03 4.050000000000000000e+03 -5.250000000000000000e+04 3.397217481917338944e+01 4.757837652578597587e-02 3.397202466666666965e+01 1.312192863535460805e-03 -2.609820651916114342e-01 9.461303688889534727e-03 -2.649416666666667974e-01 2.192331144644405969e-02 -3.455532512437236442e-02 1.112794237570295663e-02 -3.466133333333321076e-02 5.234836302230256103e-04 3.267556528440597674e+01 1.986798308659199624e-02 3.267528133333333784e+01 3.066707590306665208e-03 3.397327865883735143e+01 4.757690994483620289e-02 3.397308960292653524e+01 1.329255129889333987e-03
4.525000000000000000e+03 4.050000000000000000e+03 -4.900000000000000000e+04 3.396038934127442843e+01 3.973985312841876033e-02 3.396042833333333277e+01 5.440124579865022493e-03 -2.641173119836175975e-01 8.150044837125239305e-03 -2.610306666666666331e-01 1.376858501969040541e-02 -3.426719928230333168e-02 1.174088847983997645e-02 -3.406133333333313112e-02 3.310208167338086777e-03 3.266597146605032265e+01 1.799120916450358196e-02 3.266379733333334201e+01 7.280416662374022442e-03 3.396140567933806409e+01 3.973871668685501762e-02 3.396145445854134692e+01 5.526300472269678708e-03
4.525000000000000000e+03 4.050000000000000000e+03 -4.550000000000000000e+04 3.396339160977324667e+01 3.925271713157500036e-02 3.396251666666666580e+01 4.012171246482885457e-03 -2.586392389809752945e-01 8.135839760955389591e-03 -2.599183333333332513e-01 1.186916655784120075e-02 -2.988216075818225098e-02 1.124468740928658353e-02 -2.994799999999979076e-02 1.437637065929105564e-03 3.267541963942159100e+01 2.155837601743297582e-02 3.267679799999999801e+01 9.769117718606666265e-03 3.396441863985880616e+01 3.925158550587586059e-02 3.396352866021555172e+01 3.986596347720093407e-03
4.525000000000000000e+03 4.050000000000000000e+03 -4.200000000000000000e+04 3.395678946507597118e+01 5.119603379346186756e-02 3.395669766666666334e+01 2.546315660800864498e-03 -2.677298623768797348e-01 9.593975993194931925e-03 -2.716649999999998788e-01 1.229252115447994342e-02 -3.132161504688507625e-02 1.153195383601572990e-02 -3.073466666666687178e-02 4.596753721680195935e-03 3.267441537989833478e+01 1.876788323012335349e-02 3.267532733333332828e+01 5.382264589475146098e-03 3.395789305963589300e+01 5.119443443028001001e-02 3.395780335004712924e+01 2.449161397131873440e-03
4.525000000000000000e+03 4.050000000000000000e+03 -3.850000000000000000e+04 3.395215774367336081e+01 4.873503537381073530e-02 3.395292033333333137e+01 3.341440624108931411e-03 -2.707722160146651125e-01 1.001505722978563231e-02 -2.709833333333329652e-01 2.766177647545029622e-03 -2.954434019881936602e-02 1.192411412715553218e-02 -2.998066666666658261e-02 3.088393397508883489e-03 3.266878403939792008e+01 1.648006804912881609e-02 3.267430433333333184e+01 8.422036616981570800e-03 3.395325537615193667e+01 4.873352936814546316e-02 3.395401544169657626e+01 3.321468432557147816e-03
4.525000000000000000e+03 4.050000000000000000e+03 -3.500000000000000000e+04 3.393336655618558950e+01 4.071535602589421154e-02 3.393283633333333427e+01 4.332550685734093757e-03 -2.723178524032452974e-01 8.213235025666969572e-03 -2.749653333333335614e-01 1.143165625698132522e-02 -3.013587794123277763e-02 1.073990853363486833e-02 -3.022033333333329352e-02 1.522096945372113401e-03 3.267160265541237862e+01 2.402884726690751246e-02 3.266223400000000510e+01 2.082888766433195135e-02 3.393454581256625602e+01 4.071402452380380732e-02 3.393396774812740091e+01 4.314973741602551663e-03
