0.000000000000000000e+00 -4.000000000000000000e+03 -7.000000000000000000e+04 3.379087457541020711e+01 3.722661905292543733e-02 3.379076820000000225e+01 1.412605662384211827e-02 -1.191154950069377660e+00 6.342540665818275324e-03 -1.193284199999999906e+00 4.369911403037825270e-02 2.772552983247297820e-01 1.203425725988695703e-02 2.933662000000000214e-01 3.010862754328066243e-02 3.251189612590034272e+01 2.165928221669410556e-02 3.248788100000000156e+01 2.426058997221648694e-02 3.381321431151459223e+01 3.720291436519859718e-02 3.381326856015137849e+01 1.531734688719892101e-02
0.000000000000000000e+00 -4.000000000000000000e+03 -6.432700000000000000e+04 3.380972340223087969e+01 5.117592542482778117e-02 3.381168380000000440e+01 1.464881389874236189e-02 -4.702679829240392073e-01 9.301382074662117166e-03 -4.697732000000000019e-01 4.291266430484124567e-02 8.133318876245908269e-02 1.450511853943176055e-02 8.174420000000000297e-02 1.303140062848194211e-02 3.249963222264400287e+01 2.292270197453718725e-02 3.248321579999999642e+01 2.709624095958685502e-02 3.381305239176268884e+01 5.117106717736718408e-02 3.381516384961531685e+01 1.522987326773535786e-02
0.000000000000000000e+00 -4.000000000000000000e+03 -5.865400000000000000e+04 3.381144774453309765e+01 4.995402160627527427e-02 3.381005340000000103e+01 1.457448229475079987e-02 -7.434568437524280426e-01 9.509611544213130568e-03 -7.426869999999998750e-01 4.583773534763686125e-02 9.045416985027275592e-02 1.369427989709599142e-02 9.528620000000000145e-02 1.011220288265616586e-02 3.250268079955868927e+01 2.263064165460340268e-02 3.248781859999999710e+01 2.411285708621028340e-02 3.381994303213653552e+01 4.994198585918933897e-02 3.381847290489680802e+01 1.523000446067696370e-02
0.000000000000000000e+00 -4.000000000000000000e+03 -5.298100000000000000e+04 3.380417531065708658e+01 2.878608470008502118e-02 3.380410419999999760e+01 1.263359795703465800e-02 -8.094993600992723692e-01 5.699654810312738094e-03 -8.020787999999999807e-01 4.824995397034090999e-02 1.308164885604444216e-01 1.264205103092710426e-02 1.304441999999999824e-01 2.054590362432374279e-02 3.250155930882836230e+01 2.228649951180340302e-02 3.248000379999999865e+01 2.569679992995162546e-02 3.381426744649757410e+01 2.877787230030935325e-02 3.381403145597435866e+01 1.344200136202383655e-02
0.000000000000000000e+00 -4.000000000000000000e+03 -4.730800000000000000e+04 3.379821185421089069e+01 3.829093327721840717e-02 3.380207099999999798e+01 1.294948667708479238e-02 -4.511257271328795726e-01 8.034153673859768807e-03 -4.446838000000001290e-01 9.307601890143343826e-02 1.101732159743943340e-01 1.379226888255561008e-02 1.155034000000000061e-01 1.696740570505697251e-02 3.247806630716169707e+01 2.453725563731038242e-02 3.246536479999999614e+01 2.358200729030485512e-02 3.380166997426576359e+01 3.828721392662822604e-02 3.380572109980707296e+01 1.400390943647864331e-02
0.000000000000000000e+00 0.000000000000000000e+00 -7.000000000000000000e+04 3.377812828496774955e+01 3.855833457024505223e-02 3.377626339999999772e+01 1.665966657109399854e-02 -3.844311139897043511e-02 6.706180755483328627e-03 -3.978900000000020615e-02 2.882823421925097274e-02 9.734453259670156067e-01 5.112863096750678259e-03 9.733323999999999865e-01 5.324663281372822056e-03 3.248329812517913240e+01 2.603079660360075112e-02 3.246979720000000214e+01 2.282102388894980544e-02 3.379218628759725362e+01 3.854262852707539960e-02 3.379035922891188903e+01 1.657880536601734345e-02
0.000000000000000000e+00 0.000000000000000000e+00 -6.432700000000000000e+04 3.375869853831675726e+01 4.822694381781325590e-02 3.375831279999999879e+01 1.744573039284952679e-02 1.080053036897353991e+00 9.954620463829791377e-03 1.086170200000000197e+00 4.268519352820147189e-02 1.066249440110716096e+00 8.102978780121726163e-03 1.067609400000000042e+00 1.230533213123480470e-02 3.249417877585006664e+01 2.348548895265301431e-02 3.247491019999999651e+01 2.246943737257307144e-02 3.379314151398030219e+01 4.817965356818872807e-02 3.379276686510903005e+01 1.773019449216104229e-02
0.000000000000000000e+00 0.000000000000000000e+00 -5.865400000000000000e+04 3.378156296994709606e+01 5.373406714279882479e-02 3.378643639999999948e+01 1.405022838462029709e-02 1.119161819987053580e-01 9.111584888616641037e-03 1.327883999999997511e-01 1.337244064629189710e-01 9.772153898667094163e-01 8.454576946381601663e-03 9.771784000000000026e-01 1.557984352809745759e-02 3.250497346511612307e+01 2.191216272546005553e-02 3.247804419999999936e+01 2.962878299289387410e-02 3.379709306587670881e+01 5.371009663765893838e-02 3.380189571961044237e+01 1.524947319591554544e-02
0.000000000000000000e+00 0.000000000000000000e+00 -5.298100000000000000e+04 3.380885837624294510e+01 3.282371105633358210e-02 3.380341319999999428e+01 1.290529431047677915e-02 5.014832925446755657e-02 5.645063574461145831e-03 6.090799999999987197e-02 1.107054357405272832e-01 9.968919537273298603e-01 4.839153726891301174e-03 9.971462000000000936e-01 2.120275626044876641e-02 3.249265035169167248e+01 2.375287040974624272e-02 3.247557880000000807e+01 2.536290803003496408e-02 3.382436108251018680e+01 3.280905901425490434e-02 3.381892318437527223e+01 1.300130651754097602e-02
0.000000000000000000e+00 0.000000000000000000e+00 -4.730800000000000000e+04 3.377447417326817458e+01 4.769059268719882949e-02 3.377664560000000193e+01 1.116918884521176172e-02 3.209648617385116309e-01 8.264923214281183483e-03 3.394011999999998475e-01 2.484333716110620205e-01 9.651201914033991081e-01 6.607510898093210509e-03 9.657427999999999013e-01 4.305596211908400625e-03 3.250063965708397262e+01 2.666546095746841205e-02 3.249046620000000019e+01 2.808886873371745085e-02 3.379407591209367467e+01 4.766361348335231007e-02 3.379580364892458277e+01 1.365428431808000768e-02
0.000000000000000000e+00 4.000000000000000000e+03 -7.000000000000000000e+04 3.379633803687088545e+01 3.808234653699291844e-02 3.379510879999999418e+01 1.153976395512488345e-02 3.927480623274565708e-01 6.864886056110294961e-03 3.501193999999996365e-01 1.334433054962292919e-01 -3.167445530586033287e-01 1.298454097877934331e-02 -3.174131999999999509e-01 8.733172163652755393e-03 3.249401534515977374e+01 2.365242107271769631e-02 3.248263120000000015e+01 2.593542448736874464e-02 3.380062748723501898e+01 3.807781782887184607e-02 3.379947140692345897e+01 1.131758710293561364e-02
0.000000000000000000e+00 4.000000000000000000e+03 -6.432700000000000000e+04 3.374290864601663742e+01 5.234706197381262111e-02 3.374753280000000188e+01 2.237642418126780525e-02 1.650774275739792740e+00 9.921751689488608056e-03 1.738497199999999854e+00 3.269943292878945140e-01 -3.993374733247661429e-02 1.338544466523950392e-02 -3.570119999999998850e-02 1.220229281487705125e-02 3.248135557457198530e+01 2.551861120420533674e-02 3.246559900000000454e+01 2.623743108614038852e-02 3.379609752703841252e+01 5.226826585005481945e-02 3.379865598696598994e+01 1.387640691366283374e-02
0.000000000000000000e+00 4.000000000000000000e+03 -5.865400000000000000e+04 3.374700178043768517e+01 4.881856196267890524e-02 3.374587059999999639e+01 1.253188632489041221e-02 1.876254035271668563e+00 9.762735043214848182e-03 1.899997200000000053e+00 1.288807959594447106e-01 6.419767450461564585e-03 1.368283197080824576e-02 1.907440000000000177e-02 1.191341278811407396e-02 3.248741252208770902e+01 2.471273662905192764e-02 3.247278939999999636e+01 2.403998982653777691e-02 3.380185103147492498e+01 4.874281701411138645e-02 3.380031665213662251e+01 9.577428782888522049e-03
0.000000000000000000e+00 4.000000000000000000e+03 -5.298100000000000000e+04 3.378861552211314745e+01 2.919880304833086596e-02 3.378717699999999979e+01 1.021268995906557051e-02 8.446308343614751246e-01 5.470188557975081897e-03 8.477755999999997405e-01 1.116351696644029071e-02 -5.111893904970708780e-02 1.275655958461594658e-02 -5.006820000000000714e-02 3.995853293102733655e-03 3.249397301929850101e+01 2.667415344293110058e-02 3.247932579999999803e+01 2.429031364433172080e-02 3.379921797096280045e+01 2.918999739035110091e-02 3.379785665015717200e+01 1.031185392310421910e-02
0.000000000000000000e+00 4.000000000000000000e+03 -4.730800000000000000e+04 3.373940342251751190e+01 3.933937300263318226e-02 3.373973819999999790e+01 1.039056282594905296e-02 1.806684677519748039e+00 7.232785428969348146e-03 1.834587199999999640e+00 6.497643452391027585e-02 -3.731936439615104670e-03 1.372150047206948179e-02 -2.129799999999998968e-03 5.179968034650406748e-03 3.249458404967911207e+01 2.644651084531558782e-02 3.247939340000000641e+01 2.654731112485733333e-02 3.378877481624006407e+01 3.928401755744184709e-02 3.378982767830985523e+01 1.245930123422403848e-02
0.000000000000000000e+00 8.000000000000000000e+03 -7.000000000000000000e+04 3.376332578323363975e+01 3.362247196291719836e-02 3.375916199999999634e+01 1.795904885287716996e-02 1.480645614616316275e+00 6.467907232197889558e-03 1.480165599999999859e+00 8.788974630751979905e-03 -9.545834537531511232e-01 5.305217915143816722e-03 -9.529310000000000835e-01 1.011885787527425952e-02 3.249512211737300049e+01 2.312694650957716758e-02 3.247758320000000509e+01 2.349450731639261478e-02 3.380909986107116083e+01 3.357860361068153859e-02 3.380503946130780690e+01 1.804380109634604393e-02
0.000000000000000000e+00 8.000000000000000000e+03 -6.432700000000000000e+04 3.373136263939083079e+01 5.207690910456909406e-02 3.373410259999999994e+01 1.080416509777651184e-02 1.967299521527120953e+00 9.895229954692295882e-03 1.965944800000000381e+00 7.192919903627559806e-03 -9.449911938131775324e-01 8.595671844097256542e-03 -9.449106000000000449e-01 1.562442600417690564e-02 3.249244411249866715e+01 2.217825137409998662e-02 3.247623839999999262e+01 2.377270526381097468e-02 3.380185451680789299e+01 5.197254850424906647e-02 3.380456577263974793e+01 1.068307436692166219e-02
0.000000000000000000e+00 8.000000000000000000e+03 -5.865400000000000000e+04 3.374062253447818449e+01 5.527277728842903970e-02 3.373730220000000202e+01 8.647044295018609800e-03 1.871875248064975406e+00 9.479233297365597527e-03 1.873774799999999630e+00 1.583886748287268581e-02 -9.713282885818387280e-01 8.997949918341328207e-03 -9.753496000000000388e-01 1.830874461452780197e-02 3.249135875756965675e+01 2.394588544211680159e-02 3.247593879999999444e+01 2.602621172856279044e-02 3.380681651320899306e+01 5.516786990795522622e-02 3.380340575033111605e+01 8.684193277052061621e-03
0.000000000000000000e+00 8.000000000000000000e+03 -5.298100000000000000e+04 3.374847636019184449e+01 3.576231804606320314e-02 3.374721800000000371e+01 2.146537329281811290e-02 1.700453425791918161e+00 6.028938045233920955e-03 1.700433800000000106e+00 3.768092612980777478e-03 -9.028067247903255321e-01 4.687981615143268707e-03 -9.028646000000000171e-01 2.435706445079129090e-02 3.248566275838249595e+01 2.442427731271948343e-02 3.247108080000000285e+01 2.333410035634561966e-02 3.380344824119023173e+01 3.570579202723311862e-02 3.380212816060816294e+01 2.101818798806451977e-02
0.000000000000000000e+00 8.000000000000000000e+03 -4.730800000000000000e+04 3.375089494174532945e+01 4.302023894711592966e-02 3.374604379999999537e+01 1.772602785002836898e-02 1.751222291512064988e+00 8.238089477966758709e-03 1.747524200000000194e+00 1.702431202545355571e-02 -9.529963818874098713e-01 6.955281968273034458e-03 -9.510296000000000305e-01 1.821959635008418149e-02 3.248375814721172361e+01 2.788500358312108462e-02 3.247846959999999683e+01 2.360841469180012184e-02 3.380936916716121488e+01 4.294864397617318558e-02 3.380467884168989201e+01 1.733971742862691623e-02
4.000000000000000000e+03 -4.000000000000000000e+03 -7.000000000000000000e+04 3.378645571591033558e+01 3.762290453316289446e-02 3.378630319999999898e+01 1.308258590646917520e-03 -1.266306000912238217e+00 6.494868402926515932e-03 -1.267025200000000407e+00 1.570910240083762607e-02 7.623487273752544979e-01 1.157670323699214014e-02 7.616850000000000565e-01 2.083023615564642828e-02 3.251325644384005642e+01 2.193006016707088612e-02 3.251344240000000241e+01 4.825235596319573349e-03 3.381885507866179097e+01 3.758860135748040565e-02 3.381867127234561110e+01 9.665304443762560115e-04
4.000000000000000000e+03 -4.000000000000000000e+03 -6.432700000000000000e+04 3.381559275034332046e+01 4.826007956092823181e-02 3.381619780000000475e+01 3.229761003541269538e-03 -4.997929470460394930e-01 8.506944282200272489e-03 -4.958584000000001990e-01 1.180800267869196521e-02 4.230180539083354674e-01 1.292582787019718599e-02 4.260802000000000200e-01 1.238559203429534863e-02 3.251592965538920055e+01 1.969794609372995872e-02 3.251788820000000158e+01 7.348046749986686041e-03 3.382194041040894916e+01 4.825148009869590499e-02 3.382253428522216865e+01 3.206090783384975794e-03
4.000000000000000000e+03 -4.000000000000000000e+03 -5.865400000000000000e+04 3.381028063626815339e+01 4.739910906371853916e-02 3.381024279999999749e+01 1.974379786159519493e-03 -7.564580951190666980e-01 1.019676955413341066e-02 -7.635249999999998982e-01 2.206800860068710776e-02 4.593636731009724250e-01 1.348720893806239045e-02 4.658778000000000086e-01 1.982228082335632177e-02 3.249687313628210461e+01 2.138442906898443269e-02 3.249859320000000196e+01 5.108699750425570174e-03 3.382216902442321071e+01 4.738347547567853951e-02 3.382212369959123777e+01 1.901752033493783745e-03
4.000000000000000000e+03 -4.000000000000000000e+03 -5.298100000000000000e+04 3.380608515276339432e+01 2.692959987560460816e-02 3.380616220000000283e+01 2.603807335421929898e-03 -7.877480742820645032e-01 5.414479000150795862e-03 -7.963976000000000388e-01 4.023012174304223254e-02 4.930002807764861661e-01 1.161434500991287942e-02 4.934956000000000342e-01 9.212908284575528628e-03 3.251426660592381523e+01 2.206808604260909398e-02 3.251386559999999548e+01 3.542642482666965350e-03 3.381933353683871246e+01 2.691995187694299144e-02 3.381924305932589192e+01 2.697786117741688122e-03
4.000000000000000000e+03 -4.000000000000000000e+03 -4.730800000000000000e+04 3.380726133029032354e+01 3.919031897888646671e-02 3.380724699999999672e+01 1.429838767134404944e-03 -4.818289716381815579e-01 8.338778557378745404e-03 -4.746138000000000301e-01 6.482448602989458741e-02 4.653154768546105546e-01 1.285505762455869602e-02 4.677415999999999796e-01 2.240842104790069511e-02 3.252065894547969549e+01 2.438347014669171170e-02 3.252216359999999895e+01 5.998529366435543207e-03 3.381391623809268054e+01 3.918320937650018182e-02 3.381409174808989349e+01 1.937610372266543313e-03
4.000000000000000000e+03 0.000000000000000000e+00 -7.000000000000000000e+04 3.380080690620810202e+01 4.083952433576960167e-02 3.380124119999999266e+01 5.533822742010825052e-03 -7.946413602647665886e-02 6.919394722247314625e-03 -8.130199999999980498e-02 1.385629040544400677e-02 8.062704810979788306e-01 5.607145727355568147e-03 8.069775999999999616e-01 6.258976830121679158e-03 3.250550910316764686e+01 2.191484557459590088e-02 3.250590380000000579e+01 3.611515130800498942e-03 3.381055115979819448e+01 4.082798307154136830e-02 3.381098425764099602e+01 5.482501959761529667e-03
4.000000000000000000e+03 0.000000000000000000e+00 -6.432700000000000000e+04 3.380067650470898144e+01 5.245819083955644696e-02 3.379590199999999811e+01 1.582234196002528515e-02 9.772526829145875560e-01 9.509311784156553385e-03 9.750228000000001893e-01 1.804005553594547825e-02 8.979608371299527825e-01 8.008919762550983923e-03 8.970559999999998535e-01 4.713695641426176447e-03 3.250701464974476806e+01 2.226861633680705943e-02 3.250644400000000189e+01 8.782759600490075425e-03 3.382652525261431720e+01 5.241929487735408344e-02 3.382188356659562345e+01 1.545125439979995637e-02
4.000000000000000000e+03 0.000000000000000000e+00 -5.865400000000000000e+04 3.379845945774727056e+01 5.147437051149482412e-02 3.379833019999999522e+01 1.078783449724719963e-02 -1.882209943555519099e-02 9.623708439685310645e-03 -3.893480000000000552e-02 8.725821270310309130e-02 8.862343379881938432e-01 9.759846838056083704e-03 8.836251999999999995e-01 1.199313265748361799e-02 3.250928810331064511e+01 2.357943652890169897e-02 3.250949680000000086e+01 7.591253733080126180e-03 3.381041592793521033e+01 5.145688871571740819e-02 3.381036023620870878e+01 1.085416864174738524e-02
4.000000000000000000e+03 0.000000000000000000e+00 -5.298100000000000000e+04 3.380699590833225443e+01 3.096574460635728027e-02 3.380847640000000354e+01 5.873097322538121078e-03 -1.802938122500930829e-01 5.926847213614119293e-03 -1.713013999999999371e-01 7.272525607077633125e-02 8.218967627429959455e-01 4.711832086443726308e-03 8.279330000000000300e-01 1.739752851413097975e-02 3.250842514842941000e+01 2.095250851993111021e-02 3.250827679999999731e+01 2.271197182104209723e-03 3.381798510097683419e+01 3.095595407939921370e-02 3.381937713243926424e+01 5.670227002328124578e-03
4.000000000000000000e+03 0.000000000000000000e+00 -4.730800000000000000e+04 3.380347337085007808e+01 4.583437408405215130e-02 3.380262040000000212e+01 1.228488917573133596e-02 2.297028964293701681e-01 8.070851792406432551e-03 1.624243999999999133e-01 1.935551668663483826e-01 8.676844863896365778e-01 7.463139428583503467e-03 8.687395999999999452e-01 1.391554544601108362e-02 3.251899302682255666e+01 2.435312998289839923e-02 3.251976080000000024e+01 8.322569593580892919e-03 3.381689759520383376e+01 4.581663262028338318e-02 3.381640258471131943e+01 9.810296377780943280e-03
4.000000000000000000e+03 4.000000000000000000e+03 -7.000000000000000000e+04 3.380294444706119350e+01 3.644733697798447497e-02 3.380267260000000107e+01 1.346389936088499169e-03 2.897822934644205262e-01 6.806478384330139249e-03 2.430990000000001205e-01 1.056866942415174565e-01 -8.100278858987406405e-01 1.212142718182413620e-02 -8.117941999999999103e-01 1.592781510879630671e-02 3.250806060449816925e+01 2.254484872931053485e-02 3.250794700000000859e+01 3.192957516159886273e-03 3.381418419181956381e+01 3.643664000720733820e-02 3.381396865774103588e+01 1.245456820431740811e-03
4.000000000000000000e+03 4.000000000000000000e+03 -6.432700000000000000e+04 3.376740344993306309e+01 5.297072690123413863e-02 3.376376359999999721e+01 1.188078737121439632e-02 1.586615024928309969e+00 9.978059851932480351e-03 1.688434399999999780e+00 3.051902600979591873e-01 -3.745494665002199186e-01 1.415372284408310949e-02 -3.751470000000000082e-01 8.030553467850145080e-03 3.250965233678452648e+01 2.030498980316702146e-02 3.251034620000000075e+01 6.206239049537763328e-03 3.381385887626677800e+01 5.290079952488322551e-02 3.381355722820585186e+01 1.799810368628675973e-03
4.000000000000000000e+03 4.000000000000000000e+03 -5.865400000000000000e+04 3.375965019041754545e+01 4.785272264796859576e-02 3.376128579999999602e+01 6.964096735400324319e-03 1.778719384829248851e+00 9.816382723553840339e-03 1.791014400000000339e+00 1.186507620180332623e-01 -3.219426078756342791e-01 1.341456958529322306e-02 -3.203116000000000296e-01 1.094170639160090171e-02 3.250269352216356822e+01 2.376649919618821147e-02 3.250181360000000552e+01 6.732821894273054858e-03 3.381119047895546004e+01 4.778334922756621167e-02 3.381111822660160016e+01 2.243311799398610678e-03
4.000000000000000000e+03 4.000000000000000000e+03 -5.298100000000000000e+04 3.380473984173107738e+01 3.088688566673566255e-02 3.380509600000000603e+01 1.895342607551856644e-03 7.472669105656774002e-01 5.793834285311742424e-03 7.495076000000000516e-01 7.608154740802726239e-03 -4.170534443911199096e-01 1.180216017654478824e-02 -4.174418000000000295e-01 6.965304963890669825e-03 3.250699395891614074e+01 2.336525501660992321e-02 3.250672940000000466e+01 3.251416900367898755e-03 3.381559862208533218e+01 3.087769300747477547e-02 3.381598676192704289e+01 1.880990294802756778e-03
4.000000000000000000e+03 4.000000000000000000e+03 -4.730800000000000000e+04 3.376149909757054957e+01 4.452827281071390642e-02 3.376179780000000363e+01 2.804882500213006728e-03 1.714951224308541411e+00 7.911830056238102621e-03 1.723355399999999760e+00 4.717208756309191481e-02 -3.598676814400015855e-01 1.273954715045434553e-02 -3.593220000000000303e-01 1.128937260878566141e-02 3.250712188810346959e+01 2.392976993652172826e-02 3.250780920000000407e+01 2.610670208969300028e-03 3.380714688210674268e+01 4.447033210579876689e-02 3.380780217911761554e+01 1.638040591434088882e-03
4.000000000000000000e+03 8.000000000000000000e+03 -7.000000000000000000e+04 3.375421858427490918e+01 4.030146118159924629e-02 3.375756200000000717e+01 8.950538737975941711e-03 1.440183644836408261e+00 6.152147083807750841e-03 1.443366799999999950e+00 1.530876545773698569e-02 -7.378499159555759190e-01 5.513652303576687189e-03 -7.440345999999998794e-01 1.461023190301918330e-02 3.251438851057788781e+01 2.158927519621624269e-02 3.251387880000000052e+01 2.956998603314110654e-03 3.379363170894703927e+01 4.025583296954788476e-02 3.379662250075004692e+01 8.755687555462117119e-03
4.000000000000000000e+03 8.000000000000000000e+03 -6.432700000000000000e+04 3.376075001235637529e+01 5.314893970335050899e-02 3.376766959999999074e+01 1.389177612330444803e-02 1.886765974490755893e+00 9.505482917517259212e-03 1.888096399999999786e+00 1.282920512190830788e-02 -7.672814189676077090e-01 8.619279265692834577e-03 -7.662957999999999714e-01 1.322357879849476829e-02 3.251579861476508171e+01 2.229024332831218772e-02 3.251636720000000480e+01 1.103748984778701175e-02 3.382205589138355606e+01 5.305581368579985468e-02 3.382911385359731327e+01 1.425741773383608357e-02
4.000000000000000000e+03 8.000000000000000000e+03 -5.865400000000000000e+04 3.376672536055641416e+01 4.700875314654125170e-02 3.377230600000000038e+01 8.156819202361165200e-03 1.782940335886137762e+00 1.015048183547159928e-02 1.778053799999999907e+00 1.619152057220073562e-02 -8.348992984734029399e-01 8.797232780639617500e-03 -8.385662000000000393e-01 1.250351189626336401e-02 3.250444140650515834e+01 2.210045718548869428e-02 3.250253700000000379e+01 8.033588419876903572e-03 3.382385883316338493e+01 4.693356838799277869e-02 3.382949893982369360e+01 8.105136808451093161e-03
4.000000000000000000e+03 8.000000000000000000e+03 -5.298100000000000000e+04 3.378496010998392762e+01 3.150624623499984067e-02 3.378591519999999804e+01 4.963568589229981447e-03 1.686745487782828068e+00 5.501950563758645045e-03 1.672895800000000266e+00 2.493267346956596839e-02 -7.294694220867437018e-01 4.599604919683935970e-03 -7.277105999999999852e-01 1.631999552267096934e-02 3.251525745104945742e+01 2.289848292440352373e-02 3.251550500000000454e+01 6.866478588039299190e-03 3.383426357360983161e+01 3.146184470845195952e-02 3.383518483541375588e+01 5.625830646281874438e-03
4.000000000000000000e+03 8.000000000000000000e+03 -4.730800000000000000e+04 3.376719913877570889e+01 4.385467220966695473e-02 3.376445720000000250e+01 7.893194102516772059e-03 1.672303996535255521e+00 8.237871236174431483e-03 1.666974799999999757e+00 1.706477338671686522e-02 -7.890625121486489757e-01 7.207203312629206944e-03 -7.862716000000000705e-01 1.087769661555238951e-02 3.249431021348926407e+01 2.181698129834073324e-02 3.249874540000000422e+01 8.360428234247629584e-03 3.381756279769054885e+01 4.379174121062046066e-02 3.381474880195140997e+01 7.886975177084337707e-03
8.000000000000000000e+03 -4.000000000000000000e+03 -7.000000000000000000e+04 3.379083764982925686e+01 3.594698190804058308e-02 3.379101560000000148e+01 1.555778795329841764e-03 -1.280338363773250832e+00 6.427484135245614856e-03 -1.279952399999999990e+00 2.049554954032700715e-02 6.484284341917931904e-01 1.195476611067420800e-02 6.527935999999999739e-01 2.729370919387831898e-02 3.251366626480878352e+01 2.334795441570888114e-02 3.251370299999999958e+01 1.118830773620573980e-03 3.382151498297562142e+01 3.591602224749175509e-02 3.382161755941834969e+01 1.441578598116629358e-03
8.000000000000000000e+03 -4.000000000000000000e+03 -6.432700000000000000e+04 3.381870482715920900e+01 4.814617053280330350e-02 3.381833239999999563e+01 1.426018814741764756e-03 -4.990956632336496224e-01 9.808316099009286096e-03 -5.004489999999999217e-01 1.700768505117604065e-02 3.651972990330643598e-01 1.358220072846364791e-02 3.672870000000000856e-01 2.168983283245864632e-02 3.251325088148094977e+01 2.285555299924698497e-02 3.251199819999999363e+01 4.998784466248366344e-03 3.382442962424423172e+01 4.813849515859567468e-02 3.382407418252073228e+01 1.407933743421644008e-03
8.000000000000000000e+03 -4.000000000000000000e+03 -5.865400000000000000e+04 3.381603826180904804e+01 4.539492316995973747e-02 3.381653279999999739e+01 2.140956267652467746e-03 -8.159947960793492161e-01 9.599913616073542724e-03 -8.226256000000000679e-01 2.017353844420953154e-02 4.196607552592993562e-01 1.340885204791969834e-02 4.160608000000000084e-01 2.404421150589054756e-02 3.251161740450787363e+01 2.516385298732115930e-02 3.251138240000000224e+01 3.679364423374725107e-03 3.382886254739760545e+01 4.537878618642846723e-02 3.382915387808003516e+01 2.042764453588737181e-03
8.000000000000000000e+03 -4.000000000000000000e+03 -5.298100000000000000e+04 3.381488445613973681e+01 3.257318651502312534e-02 3.381397220000000203e+01 3.775261545906111790e-03 -8.642529323149392706e-01 5.963681223848306401e-03 -8.632694000000000756e-01 1.975904571228080317e-02 3.830268388616865360e-01 1.180714400728402440e-02 3.848217999999999916e-01 1.657122424385115353e-02 3.251613614115410655e+01 2.257428940271166348e-02 3.251704299999999392e+01 3.968895917002761980e-03 3.382816768630572568e+01 3.256105432968521562e-02 3.382721835181968828e+01 3.657432777558951645e-03
8.000000000000000000e+03 -4.000000000000000000e+03 -4.730800000000000000e+04 3.380991981073036357e+01 3.671612926987519177e-02 3.381024419999999964e+01 1.036728093572123789e-03 -4.967899254498832073e-01 8.242691302181857568e-03 -4.953631999999998925e-01 5.971795421847620605e-02 3.560008092042565297e-01 1.267413841469642449e-02 3.550043999999999977e-01 1.713179164477550767e-02 3.251667397950795646e+01 2.452907773882216994e-02 3.251625620000000083e+01 3.303903364204210588e-03 3.381564964314860333e+01 3.671045789552940947e-02 3.381596460360932355e+01 1.308013087308077665e-03
8.000000000000000000e+03 0.000000000000000000e+00 -7.000000000000000000e+04 3.379157696467360950e+01 4.016033942774941551e-02 3.379253099999999677e+01 5.121471546342990649e-03 -1.069792745228284464e-01 7.050953955662539116e-03 -1.105280000000002233e-01 2.108894703630327661e-02 7.875704989775241804e-01 5.531209839364618214e-03 7.891557999999999629e-01 8.728224821806551334e-03 3.251284611777159483e+01 2.148069658518949460e-02 3.251170739999999881e+01 5.654719140681599941e-03 3.380100988559537711e+01 4.014936477250178465e-02 3.380195583439628138e+01 5.125700141376724958e-03
8.000000000000000000e+03 0.000000000000000000e+00 -6.432700000000000000e+04 3.378383106568497851e+01 5.362531063687983601e-02 3.378821120000000633e+01 1.632300799607737732e-02 9.226418969681843274e-01 9.075697965263147815e-03 9.256009999999997850e-01 2.596840805093762403e-02 8.763172513474009051e-01 8.865576754427879555e-03 8.758074000000000137e-01 5.869756431062527965e-03 3.251090136902745087e+01 2.668938459666559196e-02 3.251199019999999962e+01 1.034457182004085499e-02 3.380809225590670763e+01 5.358799117250073046e-02 3.381227438326357060e+01 1.576349571523617474e-02
8.000000000000000000e+03 0.000000000000000000e+00 -5.865400000000000000e+04 3.381609970134430654e+01 4.770710411267362061e-02 3.381767380000000145e+01 2.827692582301457626e-03 -8.216690659183543965e-02 9.921169287864947672e-03 -7.604740000000002886e-02 7.629497692286177357e-02 8.558276790080332486e-01 8.063473624327461078e-03 8.564292000000000016e-01 6.725748608147626151e-03 3.250372360668976057e+01 2.365918804697893923e-02 3.250440180000000367e+01 4.271319086651158455e-03 3.382733812409676233e+01 4.769175495748192301e-02 3.382894883389162999e+01 2.865265329843843731e-03
8.000000000000000000e+03 0.000000000000000000e+00 -5.298100000000000000e+04 3.380686381687565500e+01 3.379287251852026303e-02 3.380672879999999481e+01 6.522768334074301178e-03 -2.018721863427780927e-01 5.901614859936963123e-03 -2.110165999999999431e-01 6.601260854912495424e-02 8.015565979846269729e-01 4.628642968989275623e-03 8.032209999999999628e-01 8.984732461236677806e-03 3.250924252553559057e+01 2.298553808981808680e-02 3.250894239999999513e+01 1.268003690846100998e-03 3.381736526358462669e+01 3.378260530166844050e-02 3.381719035621833314e+01 6.408861173769491923e-03
8.000000000000000000e+03 0.000000000000000000e+00 -4.730800000000000000e+04 3.379995109796448816e+01 4.494796871618612910e-02 3.379766020000000282e+01 1.090249557853645128e-02 1.029135059037767363e-01 7.614371586662557929e-03 1.108440000000001646e-01 1.715411401626443233e-01 8.425522001654141002e-01 6.928851491709210435e-03 8.392660000000000675e-01 1.617586839090871115e-02 3.250095075041985382e+01 2.779637772707487312e-02 3.250160340000000048e+01 7.489319599269452128e-03 3.381190479822069506e+01 4.493247283684882742e-02 3.381001788265730568e+01 1.008865371324322441e-02
8.000000000000000000e+03 4.000000000000000000e+03 -7.000000000000000000e+04 3.381426686003409543e+01 3.738822611616739872e-02 3.381446719999999573e+01 2.588442184016681493e-03 2.324248625009837366e-01 6.901206430912065586e-03 2.098285999999998097e-01 9.727180489874756586e-02 -6.450851815277327539e-01 1.198104029174792279e-02 -6.495037999999999645e-01 3.145515987624286636e-02 3.250865640608536467e+01 2.114604396426217336e-02 3.250531279999999867e+01 6.355741100768867897e-03 3.382180367279169531e+01 3.738074768403883835e-02 3.382197348812040616e+01 2.021195461573930489e-03
8.000000000000000000e+03 4.000000000000000000e+03 -6.432700000000000000e+04 3.377750599501749207e+01 4.948553885035460870e-02 3.377435640000000205e+01 1.050644013260534221e-02 1.673189130949071624e+00 1.060031718962095061e-02 1.673287399999999980e+00 2.695272912516651909e-01 -2.716412805689917831e-01 1.330127578057074648e-02 -2.715709999999999513e-01 9.262783874192466807e-03 3.250095759144583951e+01 2.295290853723177746e-02 3.250139339999999777e+01 7.572140447720440357e-03 3.382157912406783140e+01 4.942388765648824539e-02 3.382117891661906128e+01 1.805271323566976383e-03
8.000000000000000000e+03 4.000000000000000000e+03 -5.865400000000000000e+04 3.377508257942196934e+01 5.431057216030668600e-02 3.377490320000000423e+01 7.265087001544030462e-03 1.787354858552860026e+00 9.825522908216213769e-03 1.802703999999999862e+00 1.160246498111498631e-01 -2.644066087039070312e-01 1.293252377458617083e-02 -2.674153999999999698e-01 1.976816237944236873e-02 3.251271027299431893e+01 2.163407924701201551e-02 3.250992579999999776e+01 8.335393244472138682e-03 3.382515663474212886e+01 5.423323872575811638e-02 3.382485692134621047e+01 1.887590260395009562e-03
8.000000000000000000e+03 4.000000000000000000e+03 -5.298100000000000000e+04 3.381746697646637756e+01 3.398441072674057706e-02 3.381735240000000431e+01 1.469024935117997773e-03 7.014032552279513277e-01 5.186281145522708518e-03 7.076971999999999152e-01 2.274462461198248006e-02 -3.157015665899499668e-01 1.176484182772471326e-02 -3.190701999999999705e-01 1.490243166869084299e-02 3.250092576171187631e+01 2.253279921663564958e-02 3.250086420000000231e+01 3.567711148621655667e-03 3.382653317801761972e+01 3.397570891310360691e-02 3.382630516608156768e+01 1.541925390897611351e-03
8.000000000000000000e+03 4.000000000000000000e+03 -4.730800000000000000e+04 3.377113945650263105e+01 4.135450631471798699e-02 3.377099439999999220e+01 5.069345466625080864e-03 1.681398798789200288e+00 8.047808201898433780e-03 1.687662600000000124e+00 3.707302713240459568e-02 -2.431690145013679638e-01 1.302300978396765674e-02 -2.413260000000000127e-01 2.050337413207886997e-02 3.251176724931927708e+01 2.398595959251936804e-02 3.251384620000000325e+01 6.760757283027019407e-03 3.381437373814789282e+01 4.130395407781692341e-02 3.381410567465378847e+01 3.371265076049226404e-03
8.000000000000000000e+03 8.000000000000000000e+03 -7.000000000000000000e+04 3.377776943833633538e+01 3.744919529157959837e-02 3.377983400000000103e+01 8.945456768661390681e-03 1.392696568953846858e+00 7.237896623789001962e-03 1.398445999999999856e+00 2.515253181888449027e-02 -7.690204024307677466e-01 6.072928249807822004e-03 -7.693330000000000446e-01 1.013587247847958124e-02 3.250613350447420657e+01 2.234950789723787537e-02 3.250681780000000032e+01 2.704551707769241135e-03 3.381576624019002253e+01 3.740870122853091201e-02 3.381756483644969791e+01 8.362232660143024271e-03
8.000000000000000000e+03 8.000000000000000000e+03 -6.432700000000000000e+04 3.377667448374424453e+01 5.520873079381594106e-02 3.377924639999999812e+01 1.862796715854958887e-02 1.847512514964803287e+00 9.698911592230078510e-03 1.846941199999999839e+00 2.934299660464136095e-02 -7.686592222314163614e-01 8.928691885081656288e-03 -7.664007999999999932e-01 1.097256528529222744e-02 3.251329787412957728e+01 2.136294853112252409e-02 3.251017240000000186e+01 1.034257482254841501e-02 3.383628113630970802e+01 5.511450895998441790e-02 3.383844137770742577e+01 1.766423693096846881e-02
8.000000000000000000e+03 8.000000000000000000e+03 -5.865400000000000000e+04 3.377362223967858057e+01 5.456477341148729260e-02 3.377482120000000521e+01 6.317835463194999661e-03 1.744744674721106170e+00 9.268023898927234966e-03 1.747541599999999917e+00 2.293738185059488247e-02 -7.849807366813683629e-01 8.511521918807257031e-03 -7.832740000000000258e-01 1.249959638548379590e-02 3.249623212225873914e+01 2.361125492262345152e-02 3.250038820000000328e+01 1.044913749742086041e-02 3.382767992608132346e+01 5.448007453913494835e-02 3.382910945902278144e+01 7.232184920566954271e-03
8.000000000000000000e+03 8.000000000000000000e+03 -5.298100000000000000e+04 3.376642610747113338e+01 3.367224939278037205e-02 3.376483619999999775e+01 7.685055122768691578e-03 1.611393036281591584e+00 5.335994016195571947e-03 1.613401400000000097e+00 1.319594199214288444e-02 -7.566522567705229463e-01 4.666746074937476625e-03 -7.595734000000000652e-01 1.031720173108968859e-02 3.250520085842555318e+01 2.191185867399152165e-02 3.250680380000000014e+01 6.658890518697843999e-03 3.381334488042027431e+01 3.362666709959390848e-02 3.381191116252630025e+01 7.098031506855018331e-03
8.000000000000000000e+03 8.000000000000000000e+03 -4.730800000000000000e+04 3.376502206998047484e+01 4.538314465552636262e-02 3.376311319999999938e+01 9.992218904727715248e-03 1.638419117896225519e+00 8.190956143370828335e-03 1.639511800000000408e+00 2.308723705946639365e-02 -7.761068886734246997e-01 6.582320386501758561e-03 -7.723288000000000375e-01 9.963566868345893543e-03 3.250369672680204758e+01 2.250967345583539808e-02 3.250160599999999533e+01 1.140017097240185115e-02 3.381374512072723348e+01 4.531994510088427353e-02 3.381175513218921935e+01 1.057242891015643116e-02
1.200000000000000000e+04 -4.000000000000000000e+03 -7.000000000000000000e+04 3.379631020888869841e+01 3.832070606024661624e-02 3.379619019999999807e+01 1.397992002838148147e-03 -1.448423250900099823e+00 6.492762007261582841e-03 -1.440419599999999800e+00 4.897690186567539572e-02 5.796661659895363528e-01 1.130682687254665718e-02 5.846649999999998792e-01 3.059664441568715060e-02 3.250894413992186571e+01 2.321448603701192076e-02 3.250946619999999854e+01 4.772713121486206120e-03 3.383198722826973182e+01 3.828184962664165497e-02 3.383212151567397541e+01 1.933476484243846355e-03
1.200000000000000000e+04 -4.000000000000000000e+03 -6.432700000000000000e+04 3.382561063992768879e+01 4.850804056965326433e-02 3.382531459999999868e+01 2.848376407710867791e-03 -6.932412633051021622e-01 9.446282035778550551e-03 -6.934598000000002926e-01 6.323925018799619879e-02 3.376906519916904048e-01 1.408844479364760108e-02 3.389577999999999203e-01 1.081266288385981066e-02 3.251717725200347076e+01 2.278130754130912664e-02 3.251623419999999953e+01 2.195859453608543614e-03 3.383410958911934330e+01 4.849645655589258225e-02 3.383436346020170049e+01 2.865096102306581311e-03
1.200000000000000000e+04 -4.000000000000000000e+03 -5.865400000000000000e+04 3.382314460499412689e+01 4.942803318660951573e-02 3.382267420000000868e+01 2.106238433796397535e-03 -9.942903887479719316e-01 9.539766045251054510e-03 -9.935062000000000060e-01 4.835288284828530292e-02 3.398464241518300288e-01 1.380620984317377196e-02 3.381628000000000966e-01 1.616794488610098085e-02 3.249740232726529143e+01 2.230767349446237738e-02 3.249572500000000019e+01 6.909480443564859284e-03 3.383930523779133637e+01 4.940542536747290908e-02 3.383910616340391186e+01 1.423886850291750496e-03
1.200000000000000000e+04 -4.000000000000000000e+03 -5.298100000000000000e+04 3.381824462253899100e+01 2.797029770262418613e-02 3.381806740000000389e+01 1.939228521860928258e-03 -1.037394413667385829e+00 6.195797963758411034e-03 -1.031533600000000162e+00 3.850561868558916023e-02 3.563152365829884149e-01 1.158329390477870133e-02 3.549543999999999477e-01 1.668595347770090651e-02 3.250662789899431004e+01 2.209884357679017114e-02 3.250644160000000227e+01 3.079387075377509626e-03 3.383598895273350138e+01 2.795657309960085726e-02 3.383576179272453288e+01 2.248790705560080923e-03
1.200000000000000000e+04 -4.000000000000000000e+03 -4.730800000000000000e+04 3.382021560979818275e+01 3.960338242945643517e-02 3.382010439999999818e+01 2.355556783438577436e-03 -6.797411140581968159e-01 7.102829180313074108e-03 -6.758977999999998820e-01 7.163198125167270780e-02 3.295630369118737191e-01 1.245859241989130152e-02 3.290810000000000679e-01 1.214143943690364734e-02 3.252514761936429011e+01 2.587678854993663222e-02 3.252201860000000266e+01 8.687792985562662468e-03 3.382893602298304359e+01 3.959366677920463790e-02 3.382877054238150549e+01 1.855677504899080031e-03
1.200000000000000000e+04 0.000000000000000000e+00 -7.000000000000000000e+04 3.379575859233899848e+01 4.018360223971945144e-02 3.379618760000000321e+01 7.160504930519780847e-03 -2.629124764796423874e-01 6.499274346594130329e-03 -2.596864000000003725e-01 2.831671860156112150e-02 8.015847651883415415e-01 5.908839498898306279e-03 8.016515999999999087e-01 7.358733278221168440e-03 3.251377824173017927e+01 2.290208770987545855e-02 3.251357499999999590e+01 6.966318202608962583e-03 3.380631221556341615e+01 4.017136121714483254e-02 3.380674172432253499e+01 7.443702477648827566e-03
1.200000000000000000e+04 0.000000000000000000e+00 -6.432700000000000000e+04 3.380700493005953433e+01 5.401441266366593247e-02 3.380766059999999840e+01 1.158437766822162721e-02 7.998980387154734917e-01 9.317470579229178082e-03 7.958772000000001734e-01 3.670938962363726882e-02 9.325275371620115328e-01 8.340249072821397450e-03 9.328136000000000205e-01 1.523547634503103279e-02 3.251501354853817816e+01 2.253541299385831975e-02 3.251497419999999750e+01 4.910429842691266603e-03 3.382945560607943492e+01 5.397958040234324822e-02 3.382998319334244997e+01 1.193419574218155393e-02
1.200000000000000000e+04 0.000000000000000000e+00 -5.865400000000000000e+04 3.381588380289168327e+01 4.912254883350784113e-02 3.381462499999999949e+01 7.986595394784861898e-03 -2.356645100124388215e-01 9.578517747488357603e-03 -2.371844000000001285e-01 7.002343139164203534e-02 8.387390716734725027e-01 8.768935656576380341e-03 8.402242000000000877e-01 1.099307426701010351e-02 3.249933416009867670e+01 1.942751817214704441e-02 3.250224960000000607e+01 5.546427504259451510e-03 3.382752057124245226e+01 4.910621489703946574e-02 3.382619090449213672e+01 8.024753491517096909e-03
1.200000000000000000e+04 0.000000000000000000e+00 -5.298100000000000000e+04 3.379351182906239615e+01 3.285707676053030435e-02 3.379504780000000608e+01 5.885120588399513769e-03 -3.562436792142077424e-01 5.316452117681575579e-03 -3.401886000000001187e-01 8.112224505990935086e-02 8.168095651136230151e-01 4.582104926106157945e-03 8.173009999999999442e-01 3.553278654988933742e-03 3.250611281147781284e+01 2.126601147540790535e-02 3.250818639999999959e+01 6.436460227484648057e-03 3.380522165517481881e+01 3.284595241304907182e-02 3.380703068197156114e+01 6.200745881652766980e-03
1.200000000000000000e+04 0.000000000000000000e+00 -4.730800000000000000e+04 3.379552435804045984e+01 4.070511734263394799e-02 3.379869440000000225e+01 1.329712822228982377e-02 -5.156469495979756207e-02 7.305575297198433314e-03 -4.050320000000003084e-02 1.833770126093782205e-01 7.850475495682840421e-01 7.022307235184505753e-03 7.838455999999999202e-01 1.932639892116480920e-02 3.250908420341223604e+01 2.419407220021365171e-02 3.250887319999999647e+01 6.748357032641551755e-03 3.380748448155704011e+01 4.069125982307562200e-02 3.380981911377300264e+01 1.263804436384430296e-02
1.200000000000000000e+04 4.000000000000000000e+03 -7.000000000000000000e+04 3.383464806695516103e+01 3.707076992749437638e-02 3.383486239999999867e+01 7.132288272354913661e-04 9.785644465893816868e-02 6.752820178891377062e-03 6.328019999999998091e-02 9.524227274031214774e-02 -5.540360975471414484e-01 1.201343137001659352e-02 -5.568964000000000691e-01 2.674175529130428872e-02 3.251233003137449629e+01 2.143404675646512492e-02 3.251277639999999280e+01 4.118370437442749228e-03 3.383971351836788699e+01 3.706579522497481516e-02 3.384008265134418991e+01 1.077488439214122464e-03
1.200000000000000000e+04 4.000000000000000000e+03 -6.432700000000000000e+04 3.378934753984618311e+01 5.054970392460591405e-02 3.378993759999999469e+01 1.898334470001649798e-03 1.826685002283963577e+00 1.059144140246841628e-02 1.830405800000000083e+00 2.178447547773420742e-02 -2.437400579939758838e-01 1.373500088867670062e-02 -2.408473999999999893e-01 1.817323290061512164e-02 3.250662236362109780e+01 2.158460997578682400e-02 3.250381660000000039e+01 7.420873800301971100e-03 3.383953854407141648e+01 5.047838551459250811e-02 3.384038258441124469e+01 2.009296459311251618e-03
1.200000000000000000e+04 4.000000000000000000e+03 -5.865400000000000000e+04 3.380411214348737303e+01 5.488703522003380436e-02 3.380273700000000048e+01 5.434032158536306577e-03 1.686982409193834798e+00 1.086577862159449417e-02 1.684970399999999646e+00 1.126503316797604626e-01 -2.266094818011436529e-01 1.345380247137387825e-02 -2.242967999999999906e-01 6.461097510485317059e-03 3.250669223348371162e+01 2.238927354160023114e-02 3.250685339999999712e+01 3.735952831607456791e-03 3.384620730348028417e+01 5.482144606244598178e-02 3.384620367437035782e+01 1.152652374201357721e-03
1.200000000000000000e+04 4.000000000000000000e+03 -5.298100000000000000e+04 3.383589210180185347e+01 2.926648486781571398e-02 3.383520140000000254e+01 2.163198617788602684e-03 5.845841282778502235e-01 5.450354991550513707e-03 5.976695999999999120e-01 4.386419207690955141e-02 -2.499628856712644287e-01 1.167034871774152126e-02 -2.521249999999999880e-01 1.545490476838985369e-02 3.250447448034017839e+01 2.222831819618319160e-02 3.250440319999999872e+01 8.842085387497963366e-04 3.384204727651819411e+01 2.926145357660779253e-02 3.384154666911452836e+01 2.190349237179012830e-03
1.200000000000000000e+04 4.000000000000000000e+03 -4.730800000000000000e+04 3.379824940365347175e+01 4.209941196778308609e-02 3.379846239999999824e+01 1.719477903319156092e-03 1.537550771504809566e+00 7.805730184509116626e-03 1.542568399999999951e+00 4.471126017302580469e-02 -2.384532850504787749e-01 1.230138268622909745e-02 -2.350184000000000439e-01 1.371909152458717675e-02 3.251341009850698782e+01 2.211583142824495932e-02 3.251120619999999661e+01 7.446638150199220464e-03 3.383376067354636518e+01 4.205695251825688347e-02 3.383459088312264385e+01 2.844309939395530274e-03
1.200000000000000000e+04 8.000000000000000000e+03 -7.000000000000000000e+04 3.379172471068888228e+01 4.079513164214108867e-02 3.379125739999999922e+01 4.260636461844401202e-03 1.265839820246348113e+00 6.464117277438465557e-03 1.252571399999999890e+00 5.954341564069030174e-02 -8.097046161510752516e-01 5.418156789347954548e-03 -8.072344000000001296e-01 7.687492755118522161e-03 3.250895972110411236e+01 2.168150767442459867e-02 3.250943439999999640e+01 4.449093644777249272e-03 3.382464726061773064e+01 4.075649650039456923e-02 3.382431153859297979e+01 4.437836134472298438e-03
1.200000000000000000e+04 8.000000000000000000e+03 -6.432700000000000000e+04 3.376926618826498583e+01 5.628257151406963754e-02 3.377112739999999746e+01 5.080757724984804810e-03 1.733330646362296612e+00 9.592543774506424523e-03 1.726455199999999746e+00 3.018821859500808724e-02 -8.053267068675713514e-01 8.773730489145335765e-03 -8.056760000000000588e-01 3.636182104900718710e-03 3.249804639185315835e+01 2.285626095429999297e-02 3.249686539999999724e+01 5.908023337801182086e-03 3.382340970471022246e+01 5.619565812772582547e-02 3.382488040110174410e+01 4.317135098601774905e-03
1.200000000000000000e+04 8.000000000000000000e+03 -5.865400000000000000e+04 3.376198343563378756e+01 5.314888888096699904e-02 3.376252259999999694e+01 6.256452993509607069e-03 1.656427325110942705e+00 9.927959928293277406e-03 1.645931399999999822e+00 4.634479439117177718e-02 -7.987590716184498341e-01 8.740563145773290812e-03 -8.003392000000000284e-01 6.159678363356319020e-03 3.250367972259232374e+01 2.308458853023939369e-02 3.250341519999999207e+01 2.957412541395441907e-03 3.381164543284961610e+01 5.307344719700664293e-02 3.381222203530598591e+01 5.149234820620790867e-03
1.200000000000000000e+04 8.000000000000000000e+03 -5.298100000000000000e+04 3.379374809836718896e+01 3.114101691344417153e-02 3.379389740000000586e+01 8.628149509598954936e-03 1.493169463651272455e+00 5.862354923165708116e-03 1.490769199999999906e+00 2.245772000092612075e-02 -7.625436149916176021e-01 5.091120832046311384e-03 -7.614881999999999485e-01 1.024885642108427398e-02 3.251034224022070873e+01 2.335559723352211361e-02 3.251060859999999764e+01 3.726085031237016953e-03 3.383499498294663255e+01 3.110454309248039326e-02 3.383536920945907411e+01 8.431496932442215583e-03
1.200000000000000000e+04 8.000000000000000000e+03 -4.730800000000000000e+04 3.376821138748942275e+01 4.092785379581913990e-02 3.377047960000000160e+01 6.176091527818999317e-03 1.529719246671073174e+00 7.262570207500935147e-03 1.528828999999999771e+00 3.240213362110600653e-02 -8.192057001999973886e-01 7.090481892793696651e-03 -8.196025999999999589e-01 1.034515837771467911e-02 3.250205955167118077e+01 2.404929020988600882e-02 3.250255980000000022e+01 8.199272500655710103e-03 3.381306608380946699e+01 4.087540004768275281e-02 3.381507041842888128e+01 6.160409207512725256e-03
1.600000000000000000e+04 -4.000000000000000000e+03 -7.000000000000000000e+04 3.380950551935238479e+01 3.725489085416130303e-02 3.380958040000000153e+01 2.501495204872935304e-03 -1.580216205249086014e+00 6.551766896041584347e-03 -1.573977600000000310e+00 4.212656635378677489e-02 4.885501581825753004e-01 1.146301174904698975e-02 4.890623999999998972e-01 3.280897992714799233e-02 3.250577667877887933e+01 2.280354156741933730e-02 3.250667540000000599e+01 5.608119583246180470e-03 3.385003880316965308e+01 3.721198233419068663e-02 3.384990008745192824e+01 1.391664572658866646e-03
1.600000000000000000e+04 -4.000000000000000000e+03 -6.432700000000000000e+04 3.384361479363382585e+01 4.616167538405200471e-02 3.384363100000000202e+01 2.434274245026769867e-03 -8.008203551888162242e-01 9.770080336649538538e-03 -7.956378000000002837e-01 7.487243870036558446e-02 2.679100112314412585e-01 1.421714302077509151e-02 2.739225999999999606e-01 2.264596213367846278e-02 3.251168120223496061e+01 2.272298676054491234e-02 3.251156639999999953e+01 3.015763180357499199e-03 3.385444587215341272e+01 4.614768889024241372e-02 3.385445161250329704e+01 3.040143480483063418e-03
1.600000000000000000e+04 -4.000000000000000000e+03 -5.865400000000000000e+04 3.383920459688089011e+01 4.846949519783082250e-02 3.383906440000000515e+01 3.395094190152055970e-03 -1.060215480575662950e+00 9.910896027941817898e-03 -1.078085999999999878e+00 5.131065390735144172e-02 2.839167008023992245e-01 1.406950875622870779e-02 2.843474000000000279e-01 1.961018105117846161e-02 3.250459969158293205e+01 2.269903046270470640e-02 3.250694740000000138e+01 7.682142140053617452e-03 3.385783365674670620e+01 4.844414098255359763e-02 3.385760589948051802e+01 3.184586765077469794e-03
1.600000000000000000e+04 -4.000000000000000000e+03 -5.298100000000000000e+04 3.383846709594618574e+01 2.884523031140813140e-02 3.383771860000000231e+01 1.989726327915913862e-03 -1.155859119660920031e+00 5.437211363797284785e-03 -1.137122999999999884e+00 4.615585130078307674e-02 2.513273863535296360e-01 1.119218009275034335e-02 2.503563999999999234e-01 1.643500605597698894e-02 3.250963670372474468e+01 2.206176133450153676e-02 3.250918779999999941e+01 3.199388791628380094e-03 3.385815500135760203e+01 2.882924192156325130e-02 3.385788743746768859e+01 8.793293729408049571e-04
1.600000000000000000e+04 -4.000000000000000000e+03 -4.730800000000000000e+04 3.383969934074605845e+01 3.969305348691733876e-02 3.383969220000000178e+01 9.084046675343705789e-04 -7.800064872871281807e-01 7.658366425344594400e-03 -7.536422000000001509e-01 7.383034394366602693e-02 2.238254331075304193e-01 1.289686007845218182e-02 2.249969999999998360e-01 1.827226618676511954e-02 3.251046136937989672e+01 2.229539778096723684e-02 3.251349139999999949e+01 1.235416681771825571e-02 3.384899920267864815e+01 3.968263073362956334e-02 3.384917266791239143e+01 2.268623640501908015e-03
1.600000000000000000e+04 0.000000000000000000e+00 -7.000000000000000000e+04 3.380508153164491603e+01 3.530212051478050922e-02 3.380961800000000039e+01 7.887875024365964896e-03 -3.849804333633442543e-01 6.708264522277665801e-03 -4.003128000000000242e-01 5.119785845365031757e-02 8.315403275618284962e-01 5.776810518628187549e-03 8.327598000000000500e-01 5.966344026286109735e-03 3.250944873710271565e+01 2.370479684452620611e-02 3.250917319999999933e+01 2.108670040570799313e-03 3.381777749684481194e+01 3.528930896169018422e-02 3.382239823143496693e+01 8.101676734926304205e-03
1.600000000000000000e+04 0.000000000000000000e+00 -6.432700000000000000e+04 3.381407559962274689e+01 5.269931620958100138e-02 3.381727059999999341e+01 1.655667112556076515e-02 6.690473033962299754e-01 8.655981616413732649e-03 6.781063999999998870e-01 6.219840024437923304e-02 9.026296182355673103e-01 8.038197290517667612e-03 9.024180000000001645e-01 1.229840858404044647e-02 3.251192898773656736e+01 2.476569916662790111e-02 3.251152020000000675e+01 5.257541045013480914e-03 3.383323536172211021e+01 5.267022770689589600e-02 3.383634252076027593e+01 1.641834858876686093e-02
1.600000000000000000e+04 0.000000000000000000e+00 -5.865400000000000000e+04 3.378390498268684183e+01 4.881965607267164248e-02 3.378456620000000044e+01 1.306469214868959290e-02 -3.601084997927873621e-01 9.256739805813986657e-03 -3.590698000000001611e-01 6.530289490857195400e-02 8.489537112106401162e-01 8.012354294401958718e-03 8.500818000000001096e-01 9.292336495198595669e-03 3.249962196836752071e+01 2.364667885964412061e-02 3.249945840000000175e+01 6.429370300424915204e-03 3.379674401950453699e+01 4.880168065596270782e-02 3.379742342483311290e+01 1.359558582425584618e-02
1.600000000000000000e+04 0.000000000000000000e+00 -5.298100000000000000e+04 3.380307358766126669e+01 3.333178234905555953e-02 3.380394880000000057e+01 5.245209446723320471e-03 -4.638168162554133778e-01 5.817926572489797929e-03 -4.309259999999996427e-01 8.282049077432461492e-02 8.888583234222980911e-01 4.579689487995535109e-03 8.885634000000000032e-01 1.292297766228818999e-02 3.250127781537837990e+01 2.191384772219326371e-02 3.250125759999999531e+01 3.159638628070700252e-03 3.381827813015075890e+01 3.331713498040105026e-02 3.381878674426512532e+01 4.322883815217184143e-03
1.600000000000000000e+04 0.000000000000000000e+00 -4.730800000000000000e+04 3.381021111978305527e+01 4.475425629570433522e-02 3.380835660000000331e+01 6.167149686848390905e-03 -1.875415825394221303e-01 8.536899301971746790e-03 -1.587655999999998957e-01 1.853219618649122880e-01 8.231414039695965634e-01 6.435131469309522852e-03 8.289514000000000049e-01 1.185669738839613754e-02 3.250541823679025555e+01 2.200796108575947541e-02 3.250610139999999859e+01 5.312573073378830911e-03 3.382326443515398040e+01 4.473750219163500491e-02 3.382092923445578947e+01 6.708730009509949674e-03
1.600000000000000000e+04 4.000000000000000000e+03 -7.000000000000000000e+04 3.386344577691181712e+01 3.416147231466157980e-02 3.386305119999999391e+01 1.368922145338528169e-03 -8.758761640140326488e-02 7.033473808638048171e-03 -7.273820000000004449e-02 1.117738922608495916e-01 -4.693330090073922767e-01 1.186699633741350977e-02 -4.693530000000000202e-01 3.152476653204588919e-02 3.250827619735405705e+01 2.026124072081932070e-02 3.250876960000000793e+01 2.427237660386949610e-03 3.386753386724191728e+01 3.415780089117313040e-02 3.386717838423926707e+01 1.036781282695931191e-03
1.600000000000000000e+04 4.000000000000000000e+03 -6.432700000000000000e+04 3.382522525947189962e+01 5.425943580430162699e-02 3.382498879999999986e+01 3.304056754960062875e-03 1.719012328061571449e+00 1.070698275565059102e-02 1.732026199999999960e+00 5.256367243676948742e-02 -1.555135388521551865e-01 1.347012551588212988e-02 -1.517178000000000415e-01 2.330965348820098620e-02 3.251315565927703233e+01 2.140291167825748159e-02 3.251382619999999690e+01 9.575565473641028599e-03 3.386975238526644461e+01 5.419097742240514687e-02 3.386983995385844537e+01 1.632027149687836649e-03
1.600000000000000000e+04 4.000000000000000000e+03 -5.865400000000000000e+04 3.382902458900646536e+01 4.758687594091646350e-02 3.383290960000000069e+01 7.873356416420800377e-03 1.584452905802126166e+00 9.805517529298096377e-03 1.571504199999999907e+00 1.338437565833386078e-01 -1.575023298917948011e-01 1.388762551753908864e-02 -1.569525999999999699e-01 1.716216989369350257e-02 3.251843111312571466e+01 2.159718333306100135e-02 3.251844419999999758e+01 7.714535730683245475e-03 3.387039013995880055e+01 4.753186454211504736e-02 3.387082936439860248e+01 2.848806861928805407e-03
1.600000000000000000e+04 4.000000000000000000e+03 -5.298100000000000000e+04 3.386415536811043836e+01 3.172699854276354869e-02 3.386402880000000692e+01 2.601248592503092177e-03 4.930935587001475384e-01 5.978907675644246598e-03 4.962083999999998829e-01 4.984643239851789531e-02 -1.910616150122895207e-01 1.140473661328004693e-02 -1.915097999999998690e-01 2.220803942809898221e-02 3.250593515110183063e+01 2.159552531436826836e-02 3.250597419999999715e+01 9.856170858915825218e-04 3.386841036813112993e+01 3.172324403397708964e-02 3.386838155685342144e+01 1.909690845843308067e-03
1.600000000000000000e+04 4.000000000000000000e+03 -4.730800000000000000e+04 3.382917018553450106e+01 3.810769849451901836e-02 3.383081099999999708e+01 4.420107046215088556e-03 1.393128385085991017e+00 7.857141268771175233e-03 1.421192599999999917e+00 6.797348700383100406e-02 -1.003691477629855000e-01 1.207543557875812718e-02 -1.021885999999999350e-01 1.925199156087492244e-02 3.249977194297182592e+01 2.003321999857666028e-02 3.250166959999999960e+01 8.925575895146120251e-03 3.386000297496577360e+01 3.807489468064439997e-02 3.386109899744668894e+01 2.280621873876701941e-03
1.600000000000000000e+04 8.000000000000000000e+03 -7.000000000000000000e+04 3.379032455754681763e+01 3.520670773683495791e-02 3.378931559999999479e+01 7.878560107025542672e-03 1.149770993617078352e+00 6.291062831512947082e-03 1.164263000000000048e+00 5.405792108192836870e-02 -8.368363443893126474e-01 5.491862228666469573e-03 -8.345609999999998863e-01 1.689789015824163035e-02 3.250876455592525360e+01 2.042323613481479561e-02 3.250912859999999682e+01 4.094373317126967157e-03 3.382044886193683197e+01 3.517631058799033233e-02 3.381985512476955336e+01 9.054402561097431995e-03
1.600000000000000000e+04 8.000000000000000000e+03 -6.432700000000000000e+04 3.377993440684073789e+01 5.177350109764487784e-02 3.378100519999999563e+01 1.001441775341864633e-02 1.566911882080546992e+00 9.837739511707162612e-03 1.587374600000000191e+00 5.500792589945564803e-02 -7.656740473604678465e-01 9.341086694229805767e-03 -7.659188000000001217e-01 1.794253036057064446e-02 3.251246194770222786e+01 2.438232564864479049e-02 3.251271340000000265e+01 5.156688051453016744e-03 3.382662879394808186e+01 5.170496639390763371e-02 3.382715214861126185e+01 8.245385559050784005e-03
1.600000000000000000e+04 8.000000000000000000e+03 -5.865400000000000000e+04 3.378933531068641116e+01 5.131821748192183508e-02 3.378636120000000176e+01 1.135144943344218969e-02 1.567938489859463491e+00 1.038715274904242550e-02 1.562355199999999611e+00 7.938955175172622558e-02 -8.533323542477335710e-01 8.424717453740116629e-03 -8.534099999999998909e-01 1.025176381409560050e-02 3.251666829226970634e+01 2.419968259308862002e-02 3.251679920000000124e+01 2.383550763042055660e-03 3.383606721430926001e+01 5.125012394788057424e-02 3.383361237702003166e+01 8.450997887044158635e-03
1.600000000000000000e+04 8.000000000000000000e+03 -5.298100000000000000e+04 3.378545073386221986e+01 3.502991004668178088e-02 3.378640799999999444e+01 6.558425329299220376e-03 1.386842796687731472e+00 5.425855972117386850e-03 1.389672800000000041e+00 2.599857807534874943e-02 -7.484746489059360686e-01 5.180553591775290297e-03 -7.471889999999998810e-01 1.476715797978745727e-02 3.251451560925912787e+01 2.217252947096746279e-02 3.251503040000000055e+01 2.181174513879566203e-03 3.382252142753771551e+01 3.499247276763762377e-02 3.382328256084731777e+01 6.170011431630533817e-03
1.600000000000000000e+04 8.000000000000000000e+03 -4.730800000000000000e+04 3.377541937906716640e+01 4.221810485747222452e-02 3.377360900000000044e+01 5.403559974683128965e-03 1.433026821705224663e+00 7.449938980052596936e-03 1.428200199999999587e+00 7.353827417773681208e-02 -8.446001970953548321e-01 6.787040783314334663e-03 -8.408467999999998943e-01 1.420076825175313820e-02 3.250902006559931579e+01 2.125582655010500518e-02 3.250859279999999529e+01 3.167968677243948161e-03 3.381681890876603802e+01 4.216807212910426289e-02 3.381458108726781120e+01 5.120596032501182997e-03
2.000000000000000000e+04 -4.000000000000000000e+03 -7.000000000000000000e+04 3.383928242806378250e+01 3.933000706884532544e-02 3.383972320000000167e+01 1.916668395941357019e-03 -1.545254280994985852e+00 6.441377025335746388e-03 -1.543377800000000022e+00 4.796146871958777147e-02 4.047571044268802321e-01 1.164491022112728626e-02 4.046698000000000239e-01 2.477555166166840739e-02 3.251020084619464967e+01 2.301706623044747976e-02 3.250932320000000431e+01 3.735797283043717706e-03 3.387738682954758218e+01 3.928717787111929427e-02 3.387748965721109329e+01 1.081084725879701350e-03
2.000000000000000000e+04 -4.000000000000000000e+03 -6.432700000000000000e+04 3.387201152369221546e+01 5.078365402585158228e-02 3.387176060000000177e+01 2.425938016520952454e-03 -7.870247934431627845e-01 9.888568193351779390e-03 -7.576087999999998601e-01 8.001934673964797295e-02 2.197317325385088616e-01 1.400359762764602500e-02 2.184585999999998640e-01 2.053253069058948513e-02 3.251059322888596625e+01 2.388695131456875648e-02 3.251105859999999836e+01 5.874268844715650924e-03 3.388132320813076603e+01 5.077026224079701083e-02 3.388133951065920257e+01 2.038644510756600255e-03
2.000000000000000000e+04 -4.000000000000000000e+03 -5.865400000000000000e+04 3.387012158118756133e+01 4.438912071935067344e-02 3.387027359999999732e+01 2.061646177209620987e-03 -1.037997211569631206e+00 9.473983250551114635e-03 -1.061393000000000031e+00 7.623537169910020450e-02 2.150516969374680898e-01 1.412376672131513897e-02 2.143223999999999130e-01 2.265207489524966381e-02 3.250546581059052897e+01 2.450026742640733224e-02 3.250737099999999913e+01 7.327087395410714944e-03 3.388798612323757453e+01 4.436695674734813383e-02 3.388795080961840256e+01 2.722611412639378611e-03
2.000000000000000000e+04 -4.000000000000000000e+03 -5.298100000000000000e+04 3.386358117101314491e+01 2.663510464751537785e-02 3.386321120000000207e+01 2.622897165350212591e-03 -1.128215783162798580e+00 5.567546042860382384e-03 -1.126420800000000000e+00 5.441560168683246684e-02 1.717807373483690170e-01 1.191758412362854506e-02 1.728615999999999764e-01 1.376087255445677601e-02 3.251449295594510858e+01 2.064617128837139062e-02 3.251506700000000194e+01 3.494125169481759191e-03 3.388270629057111449e+01 2.662079700648192770e-02 3.388256780401174240e+01 1.217519987890506835e-03
2.000000000000000000e+04 -4.000000000000000000e+03 -4.730800000000000000e+04 3.387006703766488869e+01 4.188155134116392647e-02 3.386983820000000378e+01 3.449659075907869719e-03 -7.417513624127178851e-01 8.117238057644093202e-03 -7.260667999999999012e-01 9.153530989918591543e-02 1.450795821906427918e-01 1.214018402100286789e-02 1.469532000000000893e-01 1.990409478072290364e-02 3.249075705444427342e+01 2.221683269981356706e-02 3.248808179999999624e+01 9.919744822322367622e-03 3.387849078002309255e+01 4.187156638060397090e-02 3.387845669566907958e+01 2.598041918630112235e-03
2.000000000000000000e+04 0.000000000000000000e+00 -7.000000000000000000e+04 3.381558097020872822e+01 4.382953571785428576e-02 3.381615999999999644e+01 6.918111577591297932e-03 -3.670622453836056009e-01 6.525003749443693442e-03 -3.708165999999998297e-01 4.725472292014847725e-02 8.645726011296612779e-01 5.397980342668895135e-03 8.654996000000000356e-01 1.107851196957430027e-02 3.250293378420069246e+01 2.341443246408067905e-02 3.250338219999999723e+01 2.075204457395994542e-03 3.382878384269044858e+01 4.381272737923538191e-02 3.382940556103100960e+01 7.166788920392814372e-03
2.000000000000000000e+04 0.000000000000000000e+00 -6.432700000000000000e+04 3.381308160506845439e+01 4.894197539586606777e-02 3.381293200000000354e+01 9.356061297361941212e-03 7.461999716139138261e-01 9.561671787216587809e-03 7.409645999999998622e-01 5.362328136882322377e-02 9.232362336740710385e-01 7.892650391649672081e-03 9.251934000000000546e-01 1.373299931770183280e-02 3.251005746261918006e+01 2.126463941858115075e-02 3.251278519999999617e+01 6.977035168322208956e-03 3.383396016218602398e+01 4.891275235582209779e-02 3.383388307055790989e+01 9.280626704701332164e-03
2.000000000000000000e+04 0.000000000000000000e+00 -5.865400000000000000e+04 3.379940804988183345e+01 5.205527880475533525e-02 3.379879319999999865e+01 8.828504043154300485e-03 -3.209429462269442479e-01 9.591629661459516454e-03 -3.219542000000000792e-01 7.039182143928367219e-02 9.115689509946912628e-01 8.880143109153195227e-03 9.117151999999999479e-01 1.687262232256739325e-02 3.250368879913769149e+01 2.021107344384003371e-02 3.250306239999999747e+01 5.116501554771983422e-03 3.381353407982548021e+01 5.203422851987753173e-02 3.381293004277879533e+01 9.129031915150956009e-03
2.000000000000000000e+04 0.000000000000000000e+00 -5.298100000000000000e+04 3.381135046025240598e+01 3.562914472100815744e-02 3.381256720000000371e+01 2.807311853000718071e-03 -4.240329276802518033e-01 5.861045308019631993e-03 -4.591130000000001599e-01 9.298050011964886785e-02 8.846410064322187683e-01 4.694033943054096852e-03 8.788439999999999586e-01 1.949430130063653163e-02 3.251310543789072938e+01 2.300424758290879265e-02 3.251275600000000310e+01 3.076772952298607346e-03 3.382696617896406366e+01 3.561311547419877127e-02 3.382763615141017510e+01 2.104410268671978463e-03
2.000000000000000000e+04 0.000000000000000000e+00 -4.730800000000000000e+04 3.383095340345485624e+01 4.186906193486181899e-02 3.383074760000000936e+01 8.966742990628863430e-03 -1.665356514675695176e-01 7.910823710159126804e-03 -1.196308000000001898e-01 1.538968051888667810e-01 8.756803273403478416e-01 7.154230095487404580e-03 8.746251999999999915e-01 8.133773038387517515e-03 3.251435788761795465e+01 2.335419927564197015e-02 3.251375739999999581e+01 8.114326358977751869e-03 3.384397401574599940e+01 4.185347752271632166e-02 3.384366717523347745e+01 8.355017614982080190e-03
2.000000000000000000e+04 4.000000000000000000e+03 -7.000000000000000000e+04 3.389682067107283103e+01 4.064868054743576986e-02 3.389686420000000311e+01 1.251859273241312520e-03 1.863316640380095410e-02 6.317868298880924272e-03 1.349979999999995073e-02 8.370394471731908148e-02 -3.601572626126852694e-01 1.171188872982323326e-02 -3.644010000000000304e-01 2.175536085198311390e-02 3.251059933994077511e+01 2.259502334068477433e-02 3.251054880000000225e+01 3.457748724242047048e-03 3.389922852297890898e+01 4.064602649680963686e-02 3.389926683200319246e+01 1.228031541658450602e-03
2.000000000000000000e+04 4.000000000000000000e+03 -6.432700000000000000e+04 3.385766654937710030e+01 4.902883760593005485e-02 3.385767280000000312e+01 2.643670448448219405e-03 1.731132230547961504e+00 1.095092351345463948e-02 1.730277200000000404e+00 4.266957921915815605e-02 -9.607354505091340868e-02 1.359740575788867013e-02 -9.771640000000010595e-02 1.750968412222209114e-02 3.251325994704917832e+01 2.254164940337391454e-02 3.251387939999999332e+01 5.126969354306781280e-03 3.390277273864670349e+01 4.896744219156152350e-02 3.390212291536939659e+01 1.872885668452426138e-03
2.000000000000000000e+04 4.000000000000000000e+03 -5.865400000000000000e+04 3.386208860060997949e+01 4.705898338468315206e-02 3.386365260000000177e+01 6.913089733251996313e-03 1.661720989237524648e+00 1.064831179479077197e-02 1.644673600000000180e+00 1.264877333469929255e-01 -5.648985319890297008e-02 1.395255163630008260e-02 -5.406840000000005808e-02 3.041537204046666429e-02 3.251353291161402836e+01 2.034397492224644666e-02 3.251104080000000351e+01 5.202188331845879719e-03 3.390549897711665750e+01 4.700207744450656672e-02 3.390461188035900619e+01 2.420099912907124669e-03
2.000000000000000000e+04 4.000000000000000000e+03 -5.298100000000000000e+04 3.389857563256575901e+01 3.103718376186345371e-02 3.389876139999999793e+01 1.160458469744716061e-03 5.115951493896481184e-01 5.996254122421517709e-03 5.299589999999998469e-01 4.999880525072582238e-02 -7.925349217319692385e-02 1.169212699268484118e-02 -7.838060000000002248e-02 2.109257009138525152e-02 3.250360687510941915e+01 2.143046774058784618e-02 3.250333080000000052e+01 4.136766507793476592e-03 3.390305908650530853e+01 3.103326508395286287e-02 3.390316807522109599e+01 9.317175538379568163e-04
2.000000000000000000e+04 4.000000000000000000e+03 -4.730800000000000000e+04 3.386347320182654386e+01 4.867114501423965012e-02 3.386329239999999885e+01 4.456080930594065632e-03 1.422169591072452555e+00 7.674983099393034407e-03 1.428622200000000175e+00 5.442072919614360932e-02 -5.553228605276504942e-02 1.292522528165498258e-02 -5.235799999999999482e-02 1.915101759437335543e-02 3.250818303947610133e+01 2.261250940870628695e-02 3.250846500000000106e+01 7.386097020754303979e-03 3.389360067896117101e+01 4.862896535451761287e-02 3.389365198902709864e+01 2.382262978705267011e-03
2.000000000000000000e+04 8.000000000000000000e+03 -7.000000000000000000e+04 3.380599580130446924e+01 3.664695170059682761e-02 3.380396220000000085e+01 8.305455793633596123e-03 1.198313758414702335e+00 6.521433831027016390e-03 1.200933600000000157e+00 4.936712694354412206e-02 -8.378409684853930228e-01 6.117017916013561644e-03 -8.356450000000000822e-01 9.094001797888530414e-03 3.251190180671579810e+01 2.080410019512563685e-02 3.251201019999999886e+01 4.548864708913603720e-03 3.383719266508838075e+01 3.661423316498177427e-02 3.383575902143071801e+01 6.540624622254182299e-03
2.000000000000000000e+04 8.000000000000000000e+03 -6.432700000000000000e+04 3.375104415830528382e+01 5.426821552008195826e-02 3.375087959999999754e+01 1.307277673105392869e-02 1.611298185519216331e+00 9.689621866207273268e-03 1.621215599999999979e+00 5.444464958708057634e-02 -7.890110186300101081e-01 8.428565008245379048e-03 -7.900690000000001323e-01 5.109537983027444101e-03 3.249762029375279582e+01 2.230650494603043932e-02 3.249667159999999910e+01 1.003299617561967221e-02 3.379940380022399182e+01 5.419345656039840919e-02 3.379920957255984604e+01 1.118021995815690270e-02
2.000000000000000000e+04 8.000000000000000000e+03 -5.865400000000000000e+04 3.379819639561004152e+01 5.688546869731168215e-02 3.380026659999999339e+01 1.028812427316127924e-02 1.589536020145477124e+00 1.007549273456214735e-02 1.592280799999999941e+00 8.853919305448852695e-02 -8.822375517832637959e-01 8.677021694196710572e-03 -8.814594000000000040e-01 8.937630270938714400e-03 3.250189417180011020e+01 2.211236121812836311e-02 3.249967719999999360e+01 6.689376752732733265e-03 3.384722311863912125e+01 5.680569933000760574e-02 3.384969949744513684e+01 8.582619149238895212e-03
2.000000000000000000e+04 8.000000000000000000e+03 -5.298100000000000000e+04 3.379883567437133252e+01 3.356403141892742165e-02 3.379875580000000213e+01 8.855588508958879557e-03 1.386027727700328338e+00 5.905142585098573267e-03 1.390751199999999965e+00 4.318436759337800773e-02 -7.947263044602195237e-01 4.968450994459816701e-03 -7.941217999999998778e-01 1.098047146255568679e-02 3.250783247207961324e+01 1.976588308070356334e-02 3.250766300000000086e+01 2.357536638103103262e-03 3.383635790693189449e+01 3.352791165581957278e-02 3.383679420318750886e+01 9.021362562250254818e-03
2.000000000000000000e+04 8.000000000000000000e+03 -4.730800000000000000e+04 3.377173586466373933e+01 4.409472391047078443e-02 3.377535980000000393e+01 9.821996973120972196e-03 1.439845090521656878e+00 7.918366846109041804e-03 1.435981000000000174e+00 6.192205092533663996e-02 -8.455170289051366916e-01 6.773856517108801066e-03 -8.447950000000000736e-01 6.783347705963481585e-03 3.251554791616489126e+01 2.271650339956587938e-02 3.251817739999999901e+01 6.038827217265231063e-03 3.381343246644513556e+01 4.404208568733292833e-02 3.381665707229725371e+01 8.083962140047624631e-03
2.400000000000000000e+04 -4.000000000000000000e+03 -7.000000000000000000e+04 3.388020895735866844e+01 3.596028787666908505e-02 3.388038659999999425e+01 8.251858942083363730e-04 -1.469499356370405518e+00 6.648653941161338128e-03 -1.466710000000000180e+00 3.068629328381002053e-02 3.011713088941123107e-01 1.123375908297007814e-02 3.031570000000000098e-01 3.243371857650613477e-02 3.250927107573901509e+01 2.176205829960237148e-02 3.250837500000000091e+01 3.809088276739478092e-03 3.391363564640777639e+01 3.592624793960963459e-02 3.391359185947293753e+01 8.437729410849430581e-04
2.400000000000000000e+04 -4.000000000000000000e+03 -6.432700000000000000e+04 3.391481026787936770e+01 5.015135421523386761e-02 3.391408219999999574e+01 4.267859784481945265e-03 -6.548242148595706524e-01 1.013773111368741590e-02 -6.496623999999997512e-01 5.085841834799815359e-02 1.409685999341371010e-01 1.375873399252934906e-02 1.422392000000000378e-01 2.315349446282348456e-02 3.250356309188286730e+01 2.354128094940636379e-02 3.250591459999999699e+01 7.339653762951514268e-03 3.392144655578591994e+01 5.014197882758474750e-02 3.392078664985626091e+01 3.913370656587270881e-03
2.400000000000000000e+04 -4.000000000000000000e+03 -5.865400000000000000e+04 3.390784869450205008e+01 5.389679565904871572e-02 3.390808320000000009e+01 1.563973126368391631e-03 -9.530196100523807834e-01 9.999868417709244228e-03 -9.548528000000000571e-01 6.673785881896428240e-02 1.355591308285783170e-01 1.323525764237472140e-02 1.378885999999998613e-01 1.341438384198097473e-02 3.251187410068150996e+01 2.259214653196878198e-02 3.251273940000000096e+01 3.350470304299738109e-03 3.392208694989380291e+01 5.387499453758189810e-02 3.392207839318558626e+01 1.250439273767302555e-03
2.400000000000000000e+04 -4.000000000000000000e+03 -5.298100000000000000e+04 3.390005092682368115e+01 2.682794503596603111e-02 3.390035120000000290e+01 2.616065010661371842e-03 -1.087080344441661683e+00 5.855834650649492483e-03 -1.088040800000000141e+00 4.701143433825442225e-02 9.418846913632039630e-02 1.090383699206074440e-02 9.423259999999995806e-02 1.916680828828843872e-02 3.250809536324316440e+01 2.233952100022435286e-02 3.250774140000000045e+01 3.223343056516776543e-03 3.391812778286651309e+01 2.681438333064803392e-02 3.391809026532191496e+01 1.867040572814575652e-03
2.400000000000000000e+04 -4.000000000000000000e+03 -4.730800000000000000e+04 3.390603250504350541e+01 4.078948041988672557e-02 3.390616880000000322e+01 1.742906864982224097e-03 -6.032707591373042133e-01 8.087651824130783970e-03 -6.163475999999998844e-01 5.602766450031638340e-02 7.268930875542507775e-02 1.231332883432439615e-02 7.158299999999995222e-02 2.199623667584977779e-02 3.250597860263370364e+01 2.597607522075918995e-02 3.250577239999999790e+01 3.538755015538575400e-03 3.391209645494512870e+01 4.078252154105706934e-02 3.391205957320413233e+01 1.625794360737531927e-03
2.400000000000000000e+04 0.000000000000000000e+00 -7.000000000000000000e+04 3.381785038126559328e+01 3.893976533241840648e-02 3.381901560000000018e+01 1.240312083953119295e-02 -3.280477243062433490e-01 6.320829658200767358e-03 -3.124381999999998882e-01 3.391052020450303905e-02 9.091059123274585207e-01 5.910823875166221555e-03 9.091138000000000829e-01 1.606399968065239103e-02 3.251295174737830251e+01 2.208523034870260235e-02 3.251340580000000102e+01 4.306148318392961395e-03 3.383150402919452659e+01 3.892446853625921438e-02 3.383275858020404314e+01 1.240754139688005596e-02
2.400000000000000000e+04 0.000000000000000000e+00 -6.432700000000000000e+04 3.383027616507334301e+01 4.959176271779670853e-02 3.383176500000000431e+01 1.159811483819573295e-02 7.926131675388096154e-01 1.006740042840778560e-02 7.928413999999998074e-01 4.158736099177246653e-02 9.873002170571130165e-01 7.974470268085339514e-03 9.876331999999999889e-01 3.365977159756138905e-03 3.250358523366578822e+01 2.228868750445054184e-02 3.250395280000000042e+01 8.263468311793517596e-03 3.385402559468045780e+01 4.955817553570655842e-02 3.385556493137484324e+01 1.187891662022637525e-02
2.400000000000000000e+04 0.000000000000000000e+00 -5.865400000000000000e+04 3.381493124022542673e+01 5.127347794692992122e-02 3.381762779999999680e+01 1.330230497470261813e-02 -2.424693063830898887e-01 1.076291538857602516e-02 -2.431191999999997577e-01 6.777004805767802842e-02 9.352939709307497296e-01 7.926777293986646961e-03 9.335549999999999127e-01 6.465126951576443369e-03 3.250307129190046140e+01 2.324532764181163128e-02 3.250357499999999789e+01 4.757186353296621178e-03 3.382884911371492365e+01 5.125295192507395986e-02 3.383165771993395765e+01 1.381971771720971916e-02
2.400000000000000000e+04 0.000000000000000000e+00 -5.298100000000000000e+04 3.383491364169940852e+01 3.357592514348471668e-02 3.383504459999999625e+01 6.921577692983238439e-03 -3.793061962027700074e-01 5.525401594726394097e-03 -3.927626000000000173e-01 6.909206340137770408e-02 9.014649196859035873e-01 4.800224165073235100e-03 9.032121999999999096e-01 1.834880310919487223e-02 3.250659700547529241e+01 2.222648630751525994e-02 3.250630900000000167e+01 3.445450115732993143e-03 3.384949199001457032e+01 3.356180562279065943e-02 3.384967867415679166e+01 6.794826435973476408e-03
2.400000000000000000e+04 0.000000000000000000e+00 -4.730800000000000000e+04 3.384595045075330688e+01 4.915857591636710322e-02 3.384575619999999674e+01 6.270028551769050995e-03 -9.884850023378854988e-02 7.807506298435631757e-03 -8.749139999999985817e-02 1.162892072784917213e-01 9.296257574812797353e-01 6.869485572544718061e-03 9.283656000000000130e-01 9.590040732968750994e-03 3.251343496144125567e+01 2.139563316838672888e-02 3.251336220000000310e+01 6.254297309850141880e-03 3.385952899717570119e+01 4.913928792323112027e-02 3.385940312311985423e+01 6.484128933657453027e-03
2.400000000000000000e+04 4.000000000000000000e+03 -7.000000000000000000e+04 3.393860401460907639e+01 3.538718632177485085e-02 3.393835460000000381e+01 8.708716667796556361e-04 9.072378929639925149e-02 6.466849385955306985e-03 5.726999999999993207e-02 6.463838065886227946e-02 -2.842215729422257753e-01 1.182437416552675064e-02 -2.852305999999999453e-01 2.619842931856790347e-02 3.250907524154820294e+01 2.104878160381662422e-02 3.250880460000000483e+01 3.709563324705567478e-03 3.394009790270984439e+01 3.538577926650515043e-02 3.393988814792491837e+01 8.299465084241958905e-04
2.400000000000000000e+04 4.000000000000000000e+03 -6.432700000000000000e+04 3.389754731964593759e+01 5.282915973580347424e-02 3.389849660000000142e+01 3.551522006126772366e-03 1.771579143990239524e+00 1.053984301573805508e-02 1.765889999999999960e+00 4.124913020658736024e-02 2.098122633362995305e-03 1.357234562916710512e-02 2.405599999999896710e-03 1.239019292263032583e-02 3.249769954232924363e+01 2.360613597192709814e-02 3.249761660000000063e+01 6.753103602048836016e-03 3.394436966928802235e+01 5.275931915736250394e-02 3.394457090068823391e+01 2.338327436935475068e-03
2.400000000000000000e+04 4.000000000000000000e+03 -5.865400000000000000e+04 3.389833822550917830e+01 4.758380798092497199e-02 3.389787560000000610e+01 5.925475707483585097e-03 1.697492936805182318e+00 9.902770563057234493e-03 1.688891199999999815e+00 1.318428326054928712e-01 -6.566402318749068635e-03 1.256301308435956582e-02 -8.727799999999952263e-03 1.541252424620960168e-02 3.251674629085781021e+01 2.232195382376204670e-02 3.251627679999999998e+01 5.240816839005524481e-03 3.394094507161395313e+01 4.752672628292339135e-02 3.394096354007341887e+01 1.909392191611425068e-03
2.400000000000000000e+04 4.000000000000000000e+03 -5.298100000000000000e+04 3.394319628766163532e+01 3.121079702585155199e-02 3.394299300000000130e+01 1.390633201099052835e-03 5.731036002775680149e-01 5.913039109597058134e-03 5.560009999999998564e-01 6.661925305795599050e-02 -3.807821050240230848e-02 1.112078898842270777e-02 -3.897379999999994737e-02 1.393775534797476318e-02 3.251109169458140968e+01 2.255444557328154659e-02 3.251078500000000560e+01 2.604964337567699899e-03 3.394769558405961618e+01 3.120680413621540125e-02 3.394784175082017441e+01 1.379081099592038926e-03
2.400000000000000000e+04 4.000000000000000000e+03 -4.730800000000000000e+04 3.390396679565606775e+01 4.470306681178273095e-02 3.390432839999999715e+01 2.223706581363032574e-03 1.517157466898102491e+00 7.886562338669567823e-03 1.518529599999999924e+00 4.613490779615796178e-02 6.751744626033830132e-02 1.280878275370423564e-02 6.705659999999982745e-02 8.343536789635471948e-03 3.250105029411884772e+01 2.212432500870992885e-02 3.250341120000000217e+01 5.723886436680006469e-03 3.393849318708321050e+01 4.465915209167068550e-02 3.393851339834107961e+01 2.883406282633596031e-03
2.400000000000000000e+04 8.000000000000000000e+03 -7.000000000000000000e+04 3.381159738706708850e+01 3.906964889905405192e-02 3.381012059999999764e+01 4.243614386346369546e-03 1.255793074525625608e+00 5.924161551052516822e-03 1.265744600000000109e+00 4.214855680874496358e-02 -8.704128662463608279e-01 5.719973728380058249e-03 -8.727202000000000570e-01 1.439247826609440020e-02 3.251229743073061229e+01 2.085165149338470691e-02 3.251197640000000177e+01 1.131967958910340020e-03 3.384617209461833198e+01 3.903073780996822728e-02 3.384517596083163937e+01 4.350774204897752372e-03
2.400000000000000000e+04 8.000000000000000000e+03 -6.432700000000000000e+04 3.380045795944475628e+01 4.993082706746517635e-02 3.380021260000000183e+01 6.003346096970640401e-03 1.698457781880310824e+00 9.310295505190011034e-03 1.683990600000000004e+00 5.180474465780134791e-02 -9.054409737748617681e-01 8.324393902605566053e-03 -9.043862000000000290e-01 1.967594803154345401e-02 3.250142026688338603e+01 2.081048489930976617e-02 3.250381939999999759e+01 6.702210251849851849e-03 3.385516093093036716e+01 4.985325707107706589e-02 3.385439898697097760e+01 7.201292826701265366e-03
2.400000000000000000e+04 8.000000000000000000e+03 -5.865400000000000000e+04 3.378500726302138446e+01 5.545989944884378853e-02 3.378385459999999796e+01 1.029309656323081079e-02 1.672726519204950302e+00 1.086820729091183581e-02 1.680523400000000667e+00 6.156091140212274077e-02 -9.013851065632850768e-01 8.989656120367299844e-03 -9.019080000000000430e-01 5.971521916563638822e-03 3.249945440468442115e+01 2.184322561371626614e-02 3.250282919999999365e+01 5.294024578711297238e-03 3.383910485234009258e+01 5.537477726775186931e-02 3.383787592195869109e+01 8.761754600283881700e-03
2.400000000000000000e+04 8.000000000000000000e+03 -5.298100000000000000e+04 3.381087856834468397e+01 3.635904917012579979e-02 3.381069820000000448e+01 4.315052043718499084e-03 1.417739748766717822e+00 5.715535746709475388e-03 1.424727400000000088e+00 4.573295633850917030e-02 -8.828025969704859088e-01 4.757233718407678433e-03 -8.829871999999999721e-01 1.318703058083963570e-02 3.250501086790206529e+01 2.273393804485749486e-02 3.250649860000000047e+01 4.139555623493707676e-03 3.385254857932943651e+01 3.631536514988775027e-02 3.385235353229519717e+01 5.561893546185376486e-03
2.400000000000000000e+04 8.000000000000000000e+03 -4.730800000000000000e+04 3.379873613918029918e+01 4.460387192389445726e-02 3.379587279999999794e+01 1.768061090969335822e-02 1.482831396564831872e+00 8.099578180490965562e-03 1.494070199999999904e+00 4.688467689917455439e-02 -8.772630654751296664e-01 7.371267511916654823e-03 -8.743589999999998863e-01 9.313346691710773853e-03 3.251556253787902762e+01 2.128651781267713872e-02 3.251483919999999728e+01 5.232557915590301152e-03 3.384318651524346677e+01 4.454725965961325862e-02 3.384031086153540713e+01 1.948456609836955386e-02
2.800000000000000000e+04 -4.000000000000000000e+03 -7.000000000000000000e+04 3.390550368609995502e+01 3.805980149111113514e-02 3.390973400000000026e+01 1.106638769879387044e-02 -1.369923010026388832e+00 6.537242473171476359e-03 -1.369208399999999992e+00 5.268405191326896476e-03 2.073509579676966197e-01 1.338542925327398589e-02 2.077285999999999022e-01 4.808642299027822593e-03 3.248904707626283539e+01 2.479779463887679669e-02 3.247708080000000308e+01 2.054382377114867195e-02 3.393386830486461037e+01 3.802910323384521563e-02 3.393800462547020658e+01 1.093369208700544805e-02
2.800000000000000000e+04 -4.000000000000000000e+03 -6.432700000000000000e+04 3.394092536825942119e+01 4.845768845854668549e-02 3.394080960000000147e+01 1.005457920850010012e-02 -4.972539273649242975e-01 9.767792025652930268e-03 -5.004353999999999747e-01 1.332170643949198360e-02 1.899058706372771729e-02 1.530178675937371793e-02 2.270479999999981333e-02 1.197185759353987938e-02 3.248864401850207173e+01 2.461806828211950474e-02 3.247459920000000011e+01 2.245587795522613339e-02 3.394462365030778983e+01 4.845262981755333459e-02 3.394452530532639400e+01 9.959269842148683882e-03
2.800000000000000000e+04 -4.000000000000000000e+03 -5.865400000000000000e+04 3.393609411289703814e+01 4.254689030473674666e-02 3.393326439999999877e+01 9.800774064327574461e-03 -7.473211390375193997e-01 9.522120411726965258e-03 -7.481321999999999139e-01 3.036062604756406373e-03 5.203106391863753129e-03 1.462359246453358644e-02 4.869799999999813167e-03 5.266590846078638387e-03 3.248055815184576289e+01 2.554447614236258698e-02 3.246711100000000272e+01 2.266873368982044029e-02 3.394438025830008598e+01 4.253720203206295958e-02 3.394151295789230005e+01 9.855359911842078574e-03
2.800000000000000000e+04 -4.000000000000000000e+03 -5.298100000000000000e+04 3.393112089475778248e+01 2.617412778905705423e-02 3.393019759999999962e+01 1.026539362908215902e-02 -9.445754917349803437e-01 5.443512688938055219e-03 -9.379319999999996549e-01 2.213574009605282639e-02 -1.097936330293742234e-02 1.285576263835702497e-02 -1.399340000000002214e-02 1.447515137606502841e-02 3.248104999310214680e+01 2.544225532959813046e-02 3.246942520000000343e+01 2.349011355315308580e-02 3.394411509560160312e+01 2.616458336448622413e-02 3.394320314793951354e+01 1.001351380887521500e-02
2.800000000000000000e+04 -4.000000000000000000e+03 -4.730800000000000000e+04 3.393938966729309925e+01 3.780850101885697978e-02 3.393772680000000008e+01 1.067848872453393098e-02 -4.480993649381903032e-01 7.560804724768007724e-03 -4.382950000000001012e-01 2.528258220198260561e-02 -3.760116382227780829e-02 1.431051451696874373e-02 -4.141260000000013264e-02 1.157842432112417795e-02 3.247612887155092665e+01 2.815445371212144457e-02 3.246576680000000437e+01 2.586631392255169318e-02 3.394242839927085242e+01 3.780526243061543140e-02 3.394062786304876767e+01 1.057496945155374408e-02
2.800000000000000000e+04 0.000000000000000000e+00 -7.000000000000000000e+04 3.383504435099840890e+01 3.947867192807861386e-02 3.383305420000000652e+01 1.630677012593239467e-02 -2.195192349770860030e-01 6.858727365589186754e-03 -2.192583999999998257e-01 1.723488253513681201e-03 1.049555977441660737e+00 5.424757082288261811e-03 1.050094599999999989e+00 4.265033981107293169e-03 3.248858523343040616e+01 2.310399590243955581e-02 3.247331020000000024e+01 2.376711931934518199e-02 3.385200425551650483e+01 3.945931445779550517e-02 3.385005804784539407e+01 1.618532722374337388e-02
2.800000000000000000e+04 0.000000000000000000e+00 -6.432700000000000000e+04 3.380886041133599207e+01 5.327488495697563220e-02 3.380298779999999681e+01 2.929624247988138822e-02 9.411407654867021133e-01 9.967337712348457723e-03 9.402981999999999729e-01 1.572803282168500766e-02 1.057307730790300715e+00 9.222062455129501415e-03 1.058086799999999883e+00 1.822616826817969465e-02 3.247559927464495644e+01 2.572359777876217710e-02 3.246014119999999537e+01 2.705439364946090816e-02 3.383876178860883499e+01 5.322939201278761856e-02 3.383264655321531933e+01 2.945814663377438816e-02
2.800000000000000000e+04 0.000000000000000000e+00 -5.865400000000000000e+04 3.381082086397719166e+01 5.089810667818377155e-02 3.381240760000000023e+01 1.888957557913840957e-02 -1.241788394250863126e-01 9.647148688591147131e-03 -1.050515999999998284e-01 5.854795082545587170e-02 9.972045638542721413e-01 8.150000279096292211e-03 9.972849999999999770e-01 1.565177689273647421e-02 3.248890693605792990e+01 2.697026937834044735e-02 3.247136300000001086e+01 2.610187533684094063e-02 3.382600027661266751e+01 5.087587221455034531e-02 3.382749190220145863e+01 1.891528380515421909e-02
2.800000000000000000e+04 0.000000000000000000e+00 -5.298100000000000000e+04 3.383092793334556347e+01 3.587015767572480918e-02 3.382755120000000204e+01 1.296437402422419803e-02 -2.203972581605016523e-01 5.575642302245779197e-03 -2.116223999999997107e-01 3.589448212274406330e-02 9.573755193449995371e-01 4.632690183396298220e-03 9.628341999999999734e-01 2.655811100662092486e-02 3.248022514767001212e+01 2.275198949057850167e-02 3.246712520000000524e+01 2.092809423335045133e-02 3.384531412044589160e+01 3.585517971068109128e-02 3.384203145781110322e+01 1.232905531655639070e-02
2.800000000000000000e+04 0.000000000000000000e+00 -4.730800000000000000e+04 3.384993310755092466e+01 4.752002579109254610e-02 3.384721240000000364e+01 1.171433472118591640e-02 6.254209015806701244e-02 8.346475259982256978e-03 5.617260000000001696e-02 1.018161256666152981e-01 9.479446448952166815e-01 7.021856052236184927e-03 9.436588000000000198e-01 1.946648898594710575e-02 3.248076392814927260e+01 2.492038722692882513e-02 3.246838299999999577e+01 2.468890652297126356e-02 3.386385752690915751e+01 4.750094929392844473e-02 3.386104515313498098e+01 1.210839569581923132e-02
2.800000000000000000e+04 4.000000000000000000e+03 -7.000000000000000000e+04 3.396516509194150046e+01 3.397608348351784102e-02 3.396587800000000357e+01 1.042164710110748786e-02 2.392374678686281786e-01 6.860468160908758314e-03 2.266698000000001711e-01 3.440530942078555421e-02 -1.864891306436342600e-01 1.295581145172745516e-02 -1.846800000000000108e-01 7.452607456454395964e-03 3.249166130971860866e+01 2.539805768763457594e-02 3.247538780000000003e+01 2.382543154152662671e-02 3.396652003931971819e+01 3.397484985691945347e-02 3.396720925423609572e+01 1.050238144793119721e-02
2.800000000000000000e+04 4.000000000000000000e+03 -6.432700000000000000e+04 3.392169881907166484e+01 5.507457136149279675e-02 3.392266740000000169e+01 1.097948179378252682e-02 1.896132612825272457e+00 1.076295017534874277e-02 1.897025999999999657e+00 7.887742268862442396e-03 8.834860643514569345e-02 1.525687914873653621e-02 8.872140000000001969e-02 6.741616190499138787e-03 3.249009225848138982e+01 2.679321566196913793e-02 3.247970319999999589e+01 1.993711716472571990e-02 3.397471801581390594e+01 5.499239494450076232e-02 3.397579137164167662e+01 1.067933454355517522e-02
2.800000000000000000e+04 4.000000000000000000e+03 -5.865400000000000000e+04 3.392745825281837568e+01 4.982470931676083459e-02 3.392870839999999788e+01 1.069372029089875331e-02 1.821523240426694779e+00 9.481487867504431385e-03 1.812023200000000056e+00 1.056282604795703989e-01 1.046633371247660815e-01 1.480707657010607407e-02 1.053962000000000232e-01 5.846381508249433312e-03 3.248030169134490563e+01 2.484013668711214720e-02 3.246680980000000005e+01 2.168472571742540572e-02 3.397830396829745325e+01 4.975316976570137023e-02 3.397788356445168745e+01 1.051273128475860470e-02
2.800000000000000000e+04 4.000000000000000000e+03 -5.298100000000000000e+04 3.397064488046213171e+01 3.148737738890473176e-02 3.396919179999999727e+01 1.182239626894674399e-02 6.990884076843637551e-01 6.017429265604155343e-03 7.091584000000000776e-01 2.299217243454823936e-02 8.267558129213352369e-02 1.279986382171165865e-02 8.361719999999986386e-02 2.824731127027901249e-03 3.248554536844840612e+01 2.339732306365691072e-02 3.247388700000000483e+01 2.324853622704067813e-02 3.397810443031583105e+01 3.148074369921054910e-02 3.397672823012108267e+01 1.154715027943855124e-02
2.800000000000000000e+04 4.000000000000000000e+03 -4.730800000000000000e+04 3.392913662845196399e+01 4.390215351088006673e-02 3.392715700000000112e+01 1.362010080359108907e-02 1.648018810010713375e+00 7.246890766558241118e-03 1.641424800000000017e+00 2.171224168159520754e-02 1.477223132692361829e-01 1.398279622894991331e-02 1.469451999999996927e-01 6.999431636925833658e-03 3.248458495729188655e+01 2.561760721575283284e-02 3.247228660000000389e+01 3.243948533592941330e-02 3.396919369245997444e+01 4.385188819987891062e-02 3.396718941354681931e+01 1.339211756818979582e-02
2.800000000000000000e+04 8.000000000000000000e+03 -7.000000000000000000e+04 3.381369635463071432e+01 3.666881515055539498e-02 3.381419360000000296e+01 1.273579131267549985e-02 1.365418544557449820e+00 6.919323017998802762e-03 1.365573200000000043e+00 5.230009822170489549e-03 -9.659385040111929666e-01 5.515144527836589143e-03 -9.652163999999998634e-01 3.049884532240520855e-03 3.248517300540424202e+01 2.525528401263177000e-02 3.247310519999999912e+01 2.121209189212681576e-02 3.385504421411886256e+01 3.662549221595038512e-02 3.385552048812967030e+01 1.274343178935512244e-02
2.800000000000000000e+04 8.000000000000000000e+03 -6.432700000000000000e+04 3.378680717356712648e+01 5.259878694142047784e-02 3.378578120000000240e+01 1.054214229841307637e-02 1.768533915322552996e+00 9.796356681998017943e-03 1.769442000000000181e+00 1.383703755144148270e-02 -9.453861137795001035e-01 9.398003225425990634e-03 -9.508881999999999612e-01 1.127673835557076697e-02 3.247854102198709114e+01 2.568198453516480281e-02 3.246886139999999443e+01 2.091632087533572271e-02 3.384634967391995275e+01 5.250959087582756507e-02 3.384546352360172961e+01 1.051888638269658609e-02
2.800000000000000000e+04 8.000000000000000000e+03 -5.865400000000000000e+04 3.379619747841689303e+01 5.426498374397829144e-02 3.379506260000000140e+01 1.307037376129688636e-02 1.803734770813169463e+00 9.901824718559177479e-03 1.803649800000000081e+00 6.331331521883857248e-03 -9.248847964007392841e-01 7.589832345433843337e-03 -9.235286000000000328e-01 1.212212099675629220e-02 3.247078938906843604e+01 2.529978842004518974e-02 3.246752940000000365e+01 2.154654948849142604e-02 3.385688866447796386e+01 5.417074625890536121e-02 3.385576910899067116e+01 1.268185392484610062e-02
2.800000000000000000e+04 8.000000000000000000e+03 -5.298100000000000000e+04 3.380098902302464836e+01 3.334992569733049445e-02 3.379831559999999513e+01 1.233394562822539425e-02 1.529402684206606633e+00 5.498326535708997556e-03 1.525350800000000007e+00 1.685579180993878462e-02 -9.406330381366370119e-01 5.024074457337585238e-03 -9.412746000000000723e-01 4.451653957800420433e-03 3.248664205103300162e+01 2.399979530988002180e-02 3.247029440000000022e+01 2.360380627695542535e-02 3.384845271603791872e+01 3.330446801626577025e-02 3.384582778572111295e+01 1.220734204473913724e-02
2.800000000000000000e+04 8.000000000000000000e+03 -4.730800000000000000e+04 3.378815025371676484e+01 4.548271668596746975e-02 3.378768060000000162e+01 7.779077635555538446e-03 1.631606214945291455e+00 8.182095744134872117e-03 1.631269800000000103e+00 3.991594986969411799e-03 -9.421987158547092678e-01 7.504877501303800630e-03 -9.419874000000000303e-01 1.638869617327748038e-02 3.247950342655703082e+01 2.459202665669130844e-02 3.246943240000000230e+01 2.273568023306152611e-02 3.384068479132547225e+01 4.541446342641608513e-02 3.384016654511300004e+01 7.907176310159925656e-03
