0.000000000000000000e+00 -4.000000000000000000e+03 -5.865400000000000000e+04 3.938061541784249275e+00 2.641700275525819472e-02 3.900525498082501930e+00 1.489779064561758404e-01 1.729894380330000616e-03 5.070807976266957992e-03 -2.555349318811295234e-07 5.860459748985756383e-03 -2.345010129993479867e-04 5.211813416251934866e-03 -3.625914880521034492e-07 2.390475992196973432e-03 3.740077104688085630e+00 5.294613028413192035e-03 3.746176833333332734e+00 1.418045810449928557e-01 3.938112042836038995e+00 2.641666653118323119e-02 3.900581845318825902e+00 1.489782366342576048e-01
0.000000000000000000e+00 0.000000000000000000e+00 -5.865400000000000000e+04 3.901096493094361239e+00 2.920112409514592430e-02 3.887594443414261747e+00 1.493809079687640207e-01 -1.475729663186229517e-03 6.127348826858233267e-03 2.194319509059757529e-07 8.017957804172578390e-03 1.314553321994802555e-03 4.837089111156571940e-03 -4.355223800119508565e-08 4.458726472884699810e-03 3.651918904783136188e+00 5.869785685499230923e-03 3.736922083333332978e+00 1.423956907206996025e-01 3.901218365648401409e+00 2.920024666269034272e-02 3.887712317424352193e+00 1.493837500332532708e-01
0.000000000000000000e+00 4.000000000000000000e+03 -5.865400000000000000e+04 3.862528601361593594e+00 2.672031620972465174e-02 3.859644843429176131e+00 1.543121436173355010e-01 1.187768606902157072e-03 5.748206355346043885e-03 -2.751717065319070343e-07 8.722714335901961963e-03 5.375552466882231248e-04 4.987173140234320810e-03 -4.431739644613260096e-07 4.013519469272818635e-03 3.679063456343987237e+00 6.118474709788250358e-03 3.710373666666667347e+00 1.453296384223106696e-01 3.862611442370150971e+00 2.671945317483147980e-02 3.859794572701225501e+00 1.542704011039443546e-01
0.000000000000000000e+00 8.000000000000000000e+03 -5.865400000000000000e+04 3.799500142463909214e+00 2.799884353305379450e-02 3.864810987807036025e+00 1.597471003857249550e-01 -1.968780695219016848e-04 5.892360879697251808e-03 5.847670037084640171e-08 1.160783732566719826e-03 1.755025942724664292e-04 5.203650545650398765e-03 2.444171650165897760e-07 3.383613153758976196e-03 3.597731887195623646e+00 6.517344939341422790e-03 3.714806416666667221e+00 1.522172770128905339e-01 3.799518265257677552e+00 2.799871528368499951e-02 3.864829198321809489e+00 1.597470998446946233e-01
4.000000000000000000e+03 -4.000000000000000000e+03 -5.865400000000000000e+04 3.919905957558521337e+00 2.683539215415801579e-02 3.892570968942089760e+00 1.493434819404995118e-01 -5.096095030423654186e-04 5.450123239401616880e-03 -7.444158163968002417e-08 5.329478819531415293e-03 -1.085028947544328408e-03 5.639793760780683826e-03 -9.038763706022597010e-08 5.473048317983147081e-03 3.677385613224282590e+00 6.148456796500265109e-03 3.902637833333333361e+00 2.051778576684301081e-01 3.919986329273315029e+00 2.683489757910715798e-02 3.892651295285340041e+00 1.493485267205345302e-01
4.000000000000000000e+03 0.000000000000000000e+00 -5.865400000000000000e+04 3.870914080464014528e+00 3.131878648426346390e-02 3.889623420794685149e+00 1.547210415319224264e-01 -2.539548322829823616e-03 6.094420604606796618e-03 8.378127365945194898e-07 5.177438881303985004e-03 1.442432177878048014e-03 5.117127127658252853e-03 1.360614252298349539e-06 5.911630504082244879e-03 3.589555106774939830e+00 6.741084102142406130e-03 3.732452083333333892e+00 1.487240710528636434e-01 3.870997120610912834e+00 3.131812501455666364e-02 3.889710091148242288e+00 1.547225245901465429e-01
4.000000000000000000e+03 4.000000000000000000e+03 -5.865400000000000000e+04 3.888736250523613602e+00 2.835105761924192058e-02 3.866728112258410732e+00 1.529617495411026706e-01 4.851665315669353084e-04 5.482058675140215158e-03 3.765989357399727327e-08 4.945904001384858473e-03 3.909099245665715173e-04 4.846017453985182986e-03 -1.249921375336600911e-07 5.996591302646387886e-03 3.688022464438133419e+00 6.623096706883259584e-03 3.710858083333333557e+00 1.460169830863115858e-01 3.888826462968723696e+00 2.835048245372013068e-02 3.866809820966865985e+00 1.529714766826554551e-01
4.000000000000000000e+03 8.000000000000000000e+03 -5.865400000000000000e+04 3.893814872684835837e+00 2.756356166986455997e-02 3.859498535468356639e+00 1.547974975963838373e-01 -3.440986919528007601e-04 5.936305900934866001e-03 -1.142385473625514129e-06 6.611770838391876209e-03 -1.698190798646195213e-03 5.224547734096157518e-03 4.396331636143576147e-07 4.999159774074693648e-03 3.679260559045439916e+00 5.791915204404817635e-03 3.706190999999999125e+00 1.490081837437838286e-01 3.893899216066979641e+00 2.756296345277182980e-02 3.859596152127828361e+00 1.547981629794136782e-01
8.000000000000000000e+03 -4.000000000000000000e+03 -5.865400000000000000e+04 3.873067841433920133e+00 2.725004339439674253e-02 3.884112753466663737e+00 1.525990689850230120e-01 -1.540532422221448723e-04 5.257280930102797324e-03 1.439707205304804056e-07 4.928969674670678758e-03 7.676056908402603034e-04 5.383791724405308059e-03 1.865522858413015683e-08 2.862225424616038436e-03 3.704599341020450520e+00 6.665806994138735557e-03 3.736063583333333327e+00 1.443935446496545649e-01 3.873113609181839667e+00 2.724976713589693719e-02 3.884156487652377532e+00 1.526043170237662561e-01
8.000000000000000000e+03 0.000000000000000000e+00 -5.865400000000000000e+04 3.847086045902764262e+00 3.126110153395377650e-02 3.873557356019436071e+00 1.505973506427666087e-01 -2.145138232980123034e-03 5.816585879830271123e-03 -6.257387944093769621e-07 4.225695676850450486e-03 -1.825091521928597820e-03 5.020307368623291508e-03 -8.402599139696135272e-07 5.949141119423974854e-03 3.733609124401635171e+00 6.914248803684656594e-03 3.722627833333332692e+00 1.462000074432507069e-01 3.847156956963457830e+00 3.126053938393248688e-02 3.873632312318454840e+00 1.505988706304112190e-01
8.000000000000000000e+03 4.000000000000000000e+03 -5.865400000000000000e+04 3.914208457841720890e+00 2.902265071919315348e-02 3.863815429322463135e+00 1.531423782992445137e-01 4.127126915854506658e-04 5.568785898388466625e-03 -5.700054934720810706e-07 4.116455307148964883e-03 7.287967873252815558e-04 4.860956920685578601e-03 1.100052596125777882e-06 4.882398686129500037e-03 3.618329727467582746e+00 6.079878308370686123e-03 3.703692583333332511e+00 1.461784149631650542e-01 3.914261434231415038e+00 2.902217629644740504e-02 3.863876603630887363e+00 1.531352181338244134e-01
8.000000000000000000e+03 8.000000000000000000e+03 -5.865400000000000000e+04 3.891892936626250243e+00 2.788284999251435664e-02 3.865752227950725040e+00 1.534460193765964653e-01 -3.050375756747680280e-04 5.671211173697106832e-03 1.422017623209370640e-06 2.197677740980146475e-03 -5.447214623140023658e-04 5.214088858880581642e-03 -6.339739143194448329e-07 3.907715385017830959e-03 3.628629510267675773e+00 6.670799326938864696e-03 3.702347749999999493e+00 1.488055913471282576e-01 3.891920268096463964e+00 2.788264788294185503e-02 3.865781148671208367e+00 1.534452784519937663e-01
1.200000000000000000e+04 -4.000000000000000000e+03 -5.865400000000000000e+04 3.875262305412479513e+00 2.722494680177216589e-02 3.866831595328620086e+00 1.541304496516208433e-01 -3.751480720948839978e-05 5.160382350766941351e-03 -4.883072035610780404e-08 5.344707162397033945e-03 2.779875514916933430e-04 5.654469296326031930e-03 5.127039015562218083e-09 5.158212741603704354e-03 3.664185650885017242e+00 6.617485816808882891e-03 3.704108166666666424e+00 1.467267461798554828e-01 3.875338669011325177e+00 2.722432755732613965e-02 3.866912884339799295e+00 1.541240308538986414e-01
1.200000000000000000e+04 0.000000000000000000e+00 -5.865400000000000000e+04 3.863113129116012789e+00 2.978202897746737299e-02 3.863011877221194101e+00 1.531072818750204845e-01 -1.430000823228863181e-03 5.811217123597898007e-03 2.349114954410443454e-08 4.498921603276617373e-03 -1.077333227003488903e-03 4.938908860740410037e-03 -9.879418528628095371e-09 4.269724315144967329e-03 3.682507936030246398e+00 6.114723326157496704e-03 3.713041166666667170e+00 1.476711476145065038e-01 3.863160581967553409e+00 2.978162371946294074e-02 3.863068749813478586e+00 1.531024655153859215e-01
1.200000000000000000e+04 4.000000000000000000e+03 -5.865400000000000000e+04 3.918852674037132555e+00 2.864761274000945240e-02 3.865500854479160697e+00 1.537513179550754061e-01 2.985029967546983659e-03 5.422826056560642836e-03 -6.296264455733316962e-07 6.675612305730406308e-03 -4.246361873263680589e-04 4.868835592676524354e-03 5.245171191270436850e-07 4.693045087061471603e-03 3.655297846240116222e+00 5.997965029534028068e-03 3.712173500000000015e+00 1.474384399198271078e-01 3.918948373485307446e+00 2.864687902917248050e-02 3.865595017344781059e+00 1.537526456687222653e-01
1.200000000000000000e+04 8.000000000000000000e+03 -5.865400000000000000e+04 3.995457832746656557e+00 2.743320906172390036e-02 3.900925052231798418e+00 1.516113639210129593e-01 -3.774115486368553158e-04 5.931364286886295703e-03 -9.738658860817632733e-07 1.882508354304763664e-03 -2.429008795582748848e-03 5.293748641908746673e-03 -1.027894720081097976e-07 5.450191028056419230e-03 3.748565677367483584e+00 6.004559371938050262e-03 3.733195250000000076e+00 1.452079334929390342e-01 3.995510121940068604e+00 2.743289682862105894e-02 3.900969723080762730e+00 1.516165251628734945e-01
1.600000000000000000e+04 -4.000000000000000000e+03 -5.865400000000000000e+04 3.917101412720268350e+00 2.673294528290107511e-02 3.877856572624685416e+00 1.499834199642023080e-01 2.509063071530812485e-04 5.805314514101218848e-03 7.584386733464991404e-08 6.583971080646389834e-03 7.846903335514651993e-04 5.436209902302794987e-03 2.176968227166990182e-07 5.902754783501447389e-03 3.671737732510405028e+00 6.065717615598153166e-03 3.720348833333333882e+00 1.450532181387458042e-01 3.917202838586993252e+00 2.673224518467541555e-02 3.877968698252299617e+00 1.499805336493292007e-01
1.600000000000000000e+04 0.000000000000000000e+00 -5.865400000000000000e+04 3.831742992654051605e+00 3.113192136104270952e-02 3.863929239274323635e+00 1.522233257390154249e-01 -8.388057785194490785e-04 5.980809963304244657e-03 -3.494459632769064683e-08 3.816586402962446247e-03 -1.516164494648152049e-03 4.988027910881466520e-03 1.077701800254275181e-08 5.821160081326655182e-03 3.748948738739648068e+00 5.826802086357922399e-03 3.715815166666666780e+00 1.444470404829056032e-01 3.831809967208086309e+00 3.113141227531607269e-02 3.863995726118414353e+00 1.522290496552340111e-01
1.600000000000000000e+04 4.000000000000000000e+03 -5.865400000000000000e+04 3.858157833820575533e+00 2.985713438107404083e-02 3.869659198722610771e+00 1.534179146400221350e-01 1.580150244805559939e-03 5.250708409557325318e-03 3.957496878352154839e-08 9.589878069804361541e-03 -1.030971742070107937e-03 4.648510186685641567e-03 1.604700949897619466e-08 5.146364416051317156e-03 3.786211742671504510e+00 6.270207311222126927e-03 3.713651249999999848e+00 1.451455930643501535e-01 3.858317734614913785e+00 2.985575456829070787e-02 3.869833157486207487e+00 1.534050575334723054e-01
1.600000000000000000e+04 8.000000000000000000e+03 -5.865400000000000000e+04 3.872835691983221640e+00 2.839774125326733484e-02 3.909437574034740681e+00 1.506115765675697382e-01 -1.086890163541045584e-03 5.531363831891823735e-03 1.549988433898382261e-09 3.521604054171284873e-03 9.338505446172270337e-04 5.236040494170015637e-03 -3.090013488508495656e-07 5.991389789732958458e-03 3.767140770366722347e+00 5.921874168459673009e-03 3.741013250000000401e+00 1.429356875316777353e-01 3.872899180195019220e+00 2.839713175986811888e-02 3.909511545875266947e+00 1.505973613841544156e-01
2.000000000000000000e+04 -4.000000000000000000e+03 -5.865400000000000000e+04 3.851068825235821169e+00 2.653011775621860052e-02 3.870779537905578049e+00 1.532813475863036012e-01 6.600648042124212947e-04 5.459970868110736696e-03 -4.101326093556660426e-09 5.471310069216342789e-03 -2.957515456628913037e-04 5.541176453533162502e-03 4.609190763874930199e-07 4.182795200298808358e-03 3.709891906124879846e+00 6.812188875859814634e-03 3.703672916666665760e+00 1.460185331861169333e-01 3.851134676868577245e+00 2.652970844277975637e-02 3.870844369336700286e+00 1.532872310535981497e-01
2.000000000000000000e+04 0.000000000000000000e+00 -5.865400000000000000e+04 3.925653731936304514e+00 3.061745860720760729e-02 3.869232632836660191e+00 1.530879431298537985e-01 2.622375420535648545e-03 5.954447343176390815e-03 3.110355602705302303e-09 5.147307871072132231e-03 4.014947617037726083e-04 4.985984560787089237e-03 -4.786159894335876943e-09 5.464722826375305841e-03 3.627297573781384621e+00 6.055450563715867804e-03 3.710329166666666012e+00 1.473546430496864568e-01 3.925734912306312552e+00 3.061688625146869250e-02 3.869309477246931639e+00 1.530954472504558461e-01
2.000000000000000000e+04 4.000000000000000000e+03 -5.865400000000000000e+04 3.841527362483041053e+00 2.774026643234725475e-02 3.875755421735512130e+00 1.530154274275054294e-01 2.169167277920330469e-03 5.209399951528957164e-03 -3.309066160343358534e-07 7.157055456251076690e-03 -2.505179101757462750e-05 4.533046013326644252e-03 -3.796827690027981816e-07 4.483952491283305954e-03 3.725979110174271192e+00 6.411124140177523918e-03 3.712722416666667247e+00 1.435850504717555709e-01 3.841626021275934555e+00 2.773948369586927420e-02 3.875860103828508318e+00 1.530074561469606520e-01
2.000000000000000000e+04 8.000000000000000000e+03 -5.865400000000000000e+04 3.909650938066634662e+00 2.841807560193321952e-02 3.880401253391612126e+00 1.503635585472875846e-01 -6.163071393097732100e-04 5.672489154213132025e-03 -1.144673393775145650e-06 3.262220237702521432e-03 -2.261033318290408211e-04 4.998646594800757945e-03 -5.088044754408826975e-07 6.583001236134790324e-03 3.678982949816608450e+00 6.134433225782591308e-03 3.722198666666665989e+00 1.465950166889044282e-01 3.909729424171448198e+00 2.841750371086676150e-02 3.880478091176938538e+00 1.503627813587354867e-01
2.400000000000000000e+04 -4.000000000000000000e+03 -5.865400000000000000e+04 3.887226800624288714e+00 2.561822740846510585e-02 3.886505109883117370e+00 1.518950039967376375e-01 8.406732586116867590e-05 5.756858850959300535e-03 -8.566005904597773224e-09 5.572531401921534608e-03 5.056854718211009278e-04 5.614032879722404869e-03 -4.260390780904306694e-09 3.799014357844183835e-03 3.706319638355857649e+00 6.774527092549970965e-03 3.720798500000000786e+00 1.417850014112011225e-01 3.887284066148057438e+00 2.561782543339613180e-02 3.886571409634302032e+00 1.518905118142522548e-01
2.400000000000000000e+04 0.000000000000000000e+00 -5.865400000000000000e+04 3.859495955211446283e+00 3.077564707049447804e-02 3.852751627087383834e+00 1.527858797695259008e-01 -1.104179557011835582e-03 5.702657742024512880e-03 -7.129843087039233751e-07 3.716937930909151432e-03 -1.328512210363219474e-03 4.986698888696902005e-03 5.483240249418153134e-07 7.051363956600615289e-03 3.678420368572051569e+00 5.998620914500682293e-03 3.708171749999999989e+00 1.470923179021260963e-01 3.859588664078682285e+00 3.077499723730939968e-02 3.852837988484495213e+00 1.527958296420416084e-01
2.400000000000000000e+04 4.000000000000000000e+03 -5.865400000000000000e+04 3.922552946802645213e+00 2.932869564252880978e-02 3.877937290835703266e+00 1.540582447745202088e-01 -2.159956684779305944e-03 5.314345898016762347e-03 -1.981434318102751895e-07 6.177035183919226194e-03 -1.933300942357948611e-03 4.844281676767982561e-03 -2.073243426936599576e-07 8.572546596996038007e-03 3.722014759466355738e+00 6.240598781635258233e-03 3.713307666666666673e+00 1.465006785981456117e-01 3.922709023949729534e+00 2.932768983326015239e-02 3.878086465324354748e+00 1.540792173002344667e-01
2.400000000000000000e+04 8.000000000000000000e+03 -5.865400000000000000e+04 3.869493856736621051e+00 2.774305901983083536e-02 3.866030224068001786e+00 1.508100436531592814e-01 -1.672178168370624214e-04 5.624395229421574535e-03 2.263279354301298844e-07 1.831071720867052987e-03 -4.680784351622249121e-04 4.942640751950667412e-03 2.706262516860569178e-07 5.440490273229789571e-03 3.678757922464824581e+00 6.276607184535054791e-03 3.705268749999999667e+00 1.448137730821023317e-01 3.869536409633338447e+00 2.774273209739104920e-02 3.866078181110035761e+00 1.508075300218878201e-01
2.800000000000000000e+04 -4.000000000000000000e+03 -5.865400000000000000e+04 3.896954809564777023e+00 2.715019446897663086e-02 3.890195249576944292e+00 1.588864111579467164e-01 1.254345465088161152e-03 5.244222676996397950e-03 -4.442889056655019431e-08 7.449403028028717642e-03 -7.428836967459780333e-04 5.919839019520535886e-03 7.573477674623536903e-08 2.635034526160013203e-03 3.654791558638833759e+00 6.736354801235064360e-03 3.721195583333333001e+00 1.523840350831877910e-01 3.897032498348974361e+00 2.714963548911688077e-02 3.890284023113835588e+00 1.588852972859645940e-01
2.800000000000000000e+04 0.000000000000000000e+00 -5.865400000000000000e+04 3.947753805084964984e+00 2.986310952822584033e-02 3.878704477800572814e+00 1.572044709253546113e-01 2.958710333664298043e-04 5.847029980262139805e-03 1.868988939908907405e-07 3.706123386749232002e-03 -8.302053264551609562e-04 5.049828047576540059e-03 2.113847038798244427e-07 3.487321686813318281e-03 3.606635646181750143e+00 7.138710903874582320e-03 3.726966500000000959e+00 1.512484476466041949e-01 3.947788036872500683e+00 2.986285134803021157e-02 3.878741070039673389e+00 1.572047606727887403e-01
2.800000000000000000e+04 4.000000000000000000e+03 -5.865400000000000000e+04 3.912107517290041248e+00 2.819152272188773720e-02 3.886240899898691925e+00 1.547277384454648907e-01 -8.831662713187272582e-04 4.990477963056729957e-03 9.342796409110102357e-07 5.513380256957542934e-03 -1.792273162638381538e-03 4.703466814114989729e-03 -3.579340161300829651e-07 5.701687553125202312e-03 3.654527033077598297e+00 5.966383889584899250e-03 3.715267666666666191e+00 1.467449592155959104e-01 3.912192998859977067e+00 2.819097578063378337e-02 3.886325386219583677e+00 1.547381073683874730e-01
2.800000000000000000e+04 8.000000000000000000e+03 -5.865400000000000000e+04 3.897567899827984128e+00 3.013169886727081956e-02 3.869842862348591428e+00 1.494171868417300542e-01 -2.331901265405162196e-04 5.567808140148487045e-03 -6.051865653056154315e-08 3.108171061372312464e-03 -1.744953165615309052e-03 5.197139865874911627e-03 -4.895384194310755516e-08 4.266152208671157228e-03 3.712561678563881973e+00 6.455213389763541330e-03 3.716533000000000531e+00 1.469064337388897024e-01 3.897601059419873337e+00 3.013135733014914164e-02 3.869886332593301059e+00 1.494080664856367036e-01
