2.525000000000000000e+03 -3.990000000000000000e+03 -5.203200000000000000e+04 3.401730778577158532e+01 6.171666200088300053e-02 3.401753897432583784e+01 3.305652700343839415e-03 -7.829148147575532707e-03 1.178593012125457931e-02 -2.961980612115056033e-06 2.057388727103944340e-02 -3.551226216762102725e-04 1.255107001669843007e-02 4.417388493327401022e-06 1.016448961827145191e-02 3.282640638933153809e+01 1.189102656687599478e-02 3.282789774999999821e+01 3.493260353284920183e-03 3.401733102440901746e+01 6.171662141313549038e-02 3.401756219241006107e+01 3.313728952957994359e-03
2.525000000000000000e+03 1.000000000000000000e+01 -5.203200000000000000e+04 3.398949343499645437e+01 6.033053645542792165e-02 3.398893087517575395e+01 4.288716886501757995e-03 2.706051332146793692e-02 1.166389427993016863e-02 -4.774818067598829430e-07 1.998734631284294627e-01 -6.760941110539087128e-04 9.866072781414617077e-03 2.773437911884890639e-06 7.017135371942729086e-03 3.282502386563275110e+01 1.264888014079230787e-02 3.282505499999999898e+01 3.808239028737780540e-03 3.399103661344199168e+01 6.032788530252230358e-02 3.399069630865660230e+01 3.539952666226322230e-03
2.525000000000000000e+03 4.010000000000000000e+03 -5.203200000000000000e+04 3.400125279913036280e+01 5.470585714696291763e-02 3.400192701537809370e+01 5.208263707129794258e-03 2.480223210659042877e-03 1.186209854191346003e-02 6.862297233789504958e-06 2.098086075760799418e-02 -1.278171626973457998e-03 9.306394677521747857e-03 -2.040151676818702242e-06 2.240054634019862656e-02 3.284178419367810164e+01 1.209345749261640617e-02 3.283602125000000171e+01 1.792270588469293408e-02 3.400129758142510639e+01 5.470578867086755420e-02 3.400196857231179592e+01 5.205371803347342945e-03
2.525000000000000000e+03 8.010000000000000000e+03 -5.203200000000000000e+04 3.400986283774798835e+01 5.321697629445777677e-02 3.400760170596711163e+01 1.028262313595112998e-02 -6.390522366536249528e-04 9.924591648363224189e-03 -1.868273370675410661e-06 6.270841347259971388e-02 -1.928476738059485204e-03 9.470167348742078439e-03 1.027981845203029820e-07 1.621413044955240593e-02 3.283640950324124930e+01 1.125591119877943254e-02 3.283457124999999621e+01 8.440978856892968063e-03 3.401002022055364193e+01 5.321673768486304135e-02 3.400778672288705451e+01 1.031065440893461777e-02
4.525000000000000000e+03 -3.990000000000000000e+03 -5.203200000000000000e+04 3.400974770307410466e+01 5.588795917882602438e-02 3.400968104992880825e+01 6.920943628388110573e-04 5.006263230718272991e-03 1.153861298061668178e-02 9.440294599372123230e-07 2.897667027474410892e-02 6.938460559007262381e-04 1.009686719583284022e-02 1.106069183021141100e-06 6.542954975139458895e-03 3.282653692635155096e+01 1.252168473405997941e-02 3.282637150000000048e+01 3.081308312497544818e-03 3.400978381332401312e+01 5.588790238281468592e-02 3.400971997189044771e+01 6.736736830683350344e-04
4.525000000000000000e+03 1.000000000000000000e+01 -5.203200000000000000e+04 3.399426616184120320e+01 5.856423389612000485e-02 3.399396970193532752e+01 5.925546044218524960e-03 -5.126961651470588605e-03 1.133095845724304933e-02 7.321400530280186558e-07 1.027088094026312043e-01 9.172180396722818705e-04 9.359400069474544531e-03 4.456809201802691689e-06 3.122008886002061116e-03 3.283000489969926861e+01 1.212783905966945130e-02 3.282634674999999902e+01 8.218476292019789159e-03 3.399474656974301467e+01 5.856344357997705224e-02 3.399443545611586615e+01 6.218032452158214589e-03
4.525000000000000000e+03 4.010000000000000000e+03 -5.203200000000000000e+04 3.400139551787680148e+01 5.535267293146079598e-02 3.400132761945987170e+01 1.687085948736022746e-03 1.455981277854631779e-02 1.093408615704437314e-02 3.879427321606954138e-07 4.672871748116349394e-02 -2.423359553654498479e-03 8.970048674880578068e-03 3.199401161779746872e-07 7.890137278622316383e-03 3.282139123368830980e+01 1.298401686511238377e-02 3.282061824999999544e+01 7.229592627700546885e-03 3.400149120275084869e+01 5.535252276692806395e-02 3.400142669528271711e+01 1.692320772478223077e-03
4.525000000000000000e+03 8.010000000000000000e+03 -5.203200000000000000e+04 3.400081996819376684e+01 5.877190258312770671e-02 3.400139271636773231e+01 1.556771457641687936e-02 -7.136382851901970116e-03 9.428149507215918823e-03 7.649877331150634063e-06 4.867363613411384432e-02 4.409431159367299528e-04 9.709966418269804639e-03 -2.387561295891238444e-06 1.640769552860547181e-02 3.282217642128137669e+01 1.032583594538529805e-02 3.282317499999999910e+01 6.075516274358976065e-03 3.400094024961149586e+01 5.877170075797025217e-02 3.400150905839424809e+01 1.560418592596787314e-02
6.525000000000000000e+03 -3.990000000000000000e+03 -5.203200000000000000e+04 3.400563079200198047e+01 7.287343371966961691e-02 3.400568559800444035e+01 2.054204719645992116e-03 2.006345699926124961e-03 1.095043932905921669e-02 2.369515400779675929e-06 1.588511006411295889e-02 -4.964209719710991134e-03 1.197116456621906411e-02 3.134907867075042986e-06 1.380080863693537892e-02 3.281977902541877512e+01 1.278145159593401664e-02 3.281958875000000120e+01 6.202672332350216144e-03 3.400565054582595081e+01 7.287339249291041599e-02 3.400570512859182060e+01 2.061876165308030966e-03
6.525000000000000000e+03 1.000000000000000000e+01 -5.203200000000000000e+04 3.399322819110572169e+01 5.375207971132663076e-02 3.399294630429371011e+01 4.424633378682659747e-03 -1.620121216087085092e-02 1.045722530586315306e-02 -8.312748543071180052e-06 8.374935073805425678e-02 -4.538271384726468537e-03 8.272160816147292733e-03 -2.090816379585191953e-06 1.800003932697840162e-02 3.282789154037700996e+01 1.209408064227789938e-02 3.282737224999999626e+01 2.812943042881944564e-03 3.399353569878592651e+01 5.375161402691126106e-02 3.399327015238020522e+01 4.296960247311872212e-03
6.525000000000000000e+03 4.010000000000000000e+03 -5.203200000000000000e+04 3.400480764866909311e+01 5.727836765403319930e-02 3.400503410809769633e+01 1.170288101126042016e-03 -2.402614897394578317e-03 1.002501058389895609e-02 5.652439218906124552e-07 2.922843224852264554e-02 6.064132116571535917e-04 1.054470623356102213e-02 -4.477401146507631324e-07 1.710950304995413618e-02 3.283286712340432700e+01 1.326206488853027068e-02 3.283507275000000192e+01 5.459004356335590315e-03 3.400486497812891429e+01 5.727827488598415118e-02 3.400508470720079401e+01 1.149891116074280286e-03
6.525000000000000000e+03 8.010000000000000000e+03 -5.203200000000000000e+04 3.400692872930661537e+01 5.230264977989983188e-02 3.400889132952411842e+01 1.076796575191480039e-02 2.283018553330771333e-03 1.030579745128553000e-02 7.704926963336689028e-06 3.714483625620729895e-02 3.548129807040718668e-03 9.967486555247028271e-03 1.107046578474601972e-05 1.851049901076685933e-02 3.283047888453572227e+01 1.155920444402924394e-02 3.282511099999999971e+01 9.678576866805354423e-03 3.400701756729332459e+01 5.230251976756179061e-02 3.400896731298455222e+01 1.075092976146154768e-02
8.525000000000000000e+03 -3.990000000000000000e+03 -5.203200000000000000e+04 3.401179520436121351e+01 6.036100343626450010e-02 3.401162358265547425e+01 4.666834164300608621e-03 -1.281776260875763145e-03 1.273322030269635578e-02 -5.817734727298073949e-07 1.470970483206125376e-02 2.270156591588344888e-03 1.119383359771716074e-02 2.752016898921461063e-06 8.581028912609313733e-03 3.282586397527127531e+01 1.068213717617686950e-02 3.282624975000000234e+01 6.128327958139119513e-03 3.401180761586113732e+01 6.036098229592725545e-02 3.401163637228995640e+01 4.668112411156200535e-03
8.525000000000000000e+03 1.000000000000000000e+01 -5.203200000000000000e+04 3.400658354081955537e+01 5.736293696819302207e-02 3.400393947427104990e+01 1.116702264567270494e-02 1.863536060885009980e-03 1.135940764919892397e-02 -5.908273588151047306e-07 7.671336746145523966e-02 2.379338936632642912e-03 9.727352328146601779e-03 -5.491945160307487583e-06 1.088182244217779197e-02 3.282548868248451157e+01 1.492190078037724729e-02 3.282682750000000027e+01 9.728419822869427414e-03 3.400687424619601984e+01 5.736246836721818620e-02 3.400420427218134023e+01 1.119162318830623989e-02
8.525000000000000000e+03 4.010000000000000000e+03 -5.203200000000000000e+04 3.400986336787248376e+01 5.690639919068200131e-02 3.400964708779316936e+01 2.781709888385584112e-03 4.953913575439306341e-03 1.128807564467334060e-02 -4.032420389377122660e-06 2.139639150898522274e-02 -3.022260159881539135e-03 1.029434280608871287e-02 7.375854530589087688e-06 1.613637599659801039e-02 3.281187397116987370e+01 1.509494423661912610e-02 3.281155625000000242e+01 5.153834759590124673e-03 3.400989692083837213e+01 5.690634557886139339e-02 3.400967876262519951e+01 2.785538779249908253e-03
8.525000000000000000e+03 8.010000000000000000e+03 -5.203200000000000000e+04 3.399841159673176350e+01 5.733443742173566227e-02 3.399868056538224437e+01 1.034506636674376381e-02 2.000860512163485806e-03 1.085404692718751340e-02 2.756043285145892696e-06 2.745504708481714962e-02 6.961264325570106187e-05 9.640775614819270881e-03 4.710820500575252368e-06 8.311655183925639734e-03 3.282901946340686550e+01 1.355131789415898666e-02 3.282885224999999707e+01 3.275227329897248754e-03 3.399844905571958975e+01 5.733437676445161946e-02 3.399871687017701305e+01 1.034439191425303058e-02
1.052500000000000000e+04 -3.990000000000000000e+03 -5.203200000000000000e+04 3.400761363297538509e+01 7.524944706278091644e-02 3.400790472857370617e+01 2.574448263588896384e-03 -1.142078690880398220e-02 1.256857151979649811e-02 -1.197550920650769513e-07 4.083450493966853112e-02 -7.373986034325969710e-04 1.232442553573134293e-02 -5.463460756027771481e-07 1.034138798064053281e-02 3.283250785720895948e+01 1.196003320838226816e-02 3.283284949999999469e+01 2.112538145611360819e-03 3.400770302827020686e+01 7.524925608782627451e-02 3.400798299334026353e+01 2.571580221367300752e-03
1.052500000000000000e+04 1.000000000000000000e+01 -5.203200000000000000e+04 3.397937481519310410e+01 5.139069068598511175e-02 3.397682501149283496e+01 1.333206352567685785e-02 -3.659942191779342636e-03 1.197611443216995385e-02 -1.379732417206014361e-07 8.127469276377420615e-02 4.527268942537713225e-04 8.579265835809530075e-03 -3.752972754789141163e-08 7.999439564313816711e-03 3.281985512694249252e+01 1.252993718400037364e-02 3.281943599999999606e+01 5.562682611235234519e-03 3.397967623104103296e+01 5.139026195466318836e-02 3.397711933795071815e+01 1.343240069702173953e-02
1.052500000000000000e+04 4.010000000000000000e+03 -5.203200000000000000e+04 3.401350204097966667e+01 6.066119494896655973e-02 3.401368548190453822e+01 8.434184556782429358e-04 1.508256165528774635e-03 1.231628146866972986e-02 5.426249911844038820e-06 2.034787958667139476e-02 -5.726996496564782171e-03 9.709439434083292145e-03 -1.973337001748287634e-06 2.630575980080114562e-02 3.285135902890995396e+01 1.171905868827018311e-02 3.284820925000000358e+01 4.855906736045018449e-03 3.401355287532427241e+01 6.066110716420081844e-02 3.401373425782525572e+01 8.409661666756266000e-04
1.052500000000000000e+04 8.010000000000000000e+03 -5.203200000000000000e+04 3.399935831805839825e+01 5.482367980137278773e-02 3.400065093459986088e+01 5.309005944425456563e-03 7.356286039139721053e-03 1.201977788606460248e-02 -8.560951152425388955e-07 2.629724024455419584e-02 1.484229420194391755e-03 1.000711558920692502e-02 -3.016717267656510160e-06 5.352559693946909274e-03 3.282197896061271081e+01 1.045375692418654481e-02 3.282139025000000032e+01 9.527861953022241301e-03 3.399939015316341084e+01 5.482363063927055830e-02 3.400068270010477534e+01 5.324289114812969306e-03
1.252500000000000000e+04 -3.990000000000000000e+03 -5.203200000000000000e+04 3.401301684638125522e+01 6.463125152835270948e-02 3.401256870836832746e+01 3.914821390344620962e-03 -2.217933556125670572e-02 1.113859325578654344e-02 -1.181906357894391135e-06 5.619656439299491185e-02 -5.359250227867974788e-03 1.119955563554089935e-02 5.040890886487403577e-06 2.121121637958325867e-02 3.282725450661634170e+01 1.241037809748476821e-02 3.282985850000000028e+01 1.109277439372227149e-02 3.401317609257803554e+01 6.463096011885750836e-02 3.401272781867724859e+01 3.931081741258813343e-03
1.252500000000000000e+04 1.000000000000000000e+01 -5.203200000000000000e+04 3.400846903132313059e+01 5.137633204802741910e-02 3.400786847252989986e+01 9.313219836077000352e-03 -3.408299740740716212e-03 1.157509612430439143e-02 8.180515258526810385e-06 9.178126107809887746e-02 3.243240353016894027e-03 8.797086742622235375e-03 1.900041960323228807e-06 1.370616189327171497e-02 3.283123607030618274e+01 1.109683733548580062e-02 3.283102674999999948e+01 8.285334356309343243e-03 3.400885158278371279e+01 5.137579069517625441e-02 3.400824828961966517e+01 9.336327126658050535e-03
1.252500000000000000e+04 4.010000000000000000e+03 -5.203200000000000000e+04 3.402159288978741358e+01 6.066768722565369504e-02 3.402178367739637821e+01 1.248141427944836172e-03 -5.542990925057438879e-03 1.141132874581592994e-02 2.654384216871363833e-06 7.412531923846632509e-02 6.056380876031798415e-03 1.035874202621837187e-02 5.350448333496515829e-06 3.206645067928720616e-02 3.283386332029572685e+01 1.233887030541182261e-02 3.283621850000000109e+01 1.365606853197532528e-02 3.402188471281211690e+01 6.066718527686830453e-02 3.402207126476722010e+01 1.235704398659143036e-03
1.252500000000000000e+04 8.010000000000000000e+03 -5.203200000000000000e+04 3.403507342980094563e+01 5.380084592576937774e-02 3.403321730244421417e+01 8.204021631935365724e-03 7.982923775645642608e-03 1.103782062775408510e-02 -1.163782941704383234e-05 5.939173518992196116e-02 -1.633809998132843477e-03 9.985454137003189554e-03 -2.119524889043766791e-06 1.522284870013079251e-02 3.282307025387655841e+01 1.126028240987315271e-02 3.282114349999999803e+01 8.734540500222133519e-03 3.403523349978906509e+01 5.380060280213420226e-02 3.403338300901830848e+01 8.168535139313015322e-03
1.452500000000000000e+04 -3.990000000000000000e+03 -5.203200000000000000e+04 3.401958758741341171e+01 7.220829680781550020e-02 3.401939335612038917e+01 4.143220637526475597e-03 4.608007976323602053e-04 1.209276148198636103e-02 7.496931896389114058e-06 7.723854834140915504e-02 -1.450122694192351909e-03 1.111819729484057363e-02 -5.219015716262376259e-06 2.560032291963813475e-02 3.281894733713185985e+01 1.251186664608563634e-02 3.281850624999999866e+01 6.103413585513520721e-03 3.401988155137442504e+01 7.220769062163095997e-02 3.401968529633246163e+01 4.149920259095574507e-03
1.452500000000000000e+04 1.000000000000000000e+01 -5.203200000000000000e+04 3.402783756609711219e+01 5.705520887041440337e-02 3.403008163850469003e+01 1.483937198033960514e-02 -1.187279419611300506e-02 1.101252937451227022e-02 -1.472504068678048839e-06 1.261398867129923662e-01 5.302760944041618428e-03 9.758275689918381388e-03 -1.715058844276029504e-06 1.728613637403352346e-02 3.282226352393667668e+01 1.359821362637877833e-02 3.282245650000000126e+01 4.458609078699072963e-03 3.402848533803172160e+01 5.705416190876532595e-02 3.403079594710359856e+01 1.499328039492113865e-02
1.452500000000000000e+04 4.010000000000000000e+03 -5.203200000000000000e+04 3.403323617736651840e+01 5.861574698095173286e-02 3.403319865327209470e+01 9.137093192100119009e-04 -1.073401720586328670e-02 1.249304959640341016e-02 -4.051937019244888916e-07 1.035725044854693272e-01 -3.916724784152678454e-03 9.166203245238728134e-03 -3.281832638979409467e-07 2.963164578080507497e-02 3.282528854342994862e+01 1.392248449702134828e-02 3.282647074999999859e+01 3.901412914468001692e-03 3.403374727634536612e+01 5.861490529824044809e-02 3.403371015008330147e+01 8.929621487835265889e-04
1.452500000000000000e+04 8.010000000000000000e+03 -5.203200000000000000e+04 3.398274138482646833e+01 5.506754318325671888e-02 3.398291691165565709e+01 7.504170555631957222e-03 3.496322192051664474e-02 1.062750366177981146e-02 1.707085513391604081e-06 8.612405036867401553e-02 1.275433173072294097e-04 9.313502327312395482e-03 1.703412224940414887e-06 9.522601554514197042e-03 3.282083293340146923e+01 1.204956162067902757e-02 3.282199450000000240e+01 4.437038285839381598e-03 3.398308067096816387e+01 5.506701622544804553e-02 3.398324829825598670e+01 7.526780710997632573e-03
1.652500000000000000e+04 -3.990000000000000000e+03 -5.203200000000000000e+04 3.402748136981115579e+01 6.745753221913050601e-02 3.402740553982301464e+01 1.684681711946485212e-03 -1.214275323687889242e-02 1.199392531350886894e-02 7.086193756666858690e-06 8.209211336414108662e-02 -2.369288935772948922e-03 1.217192842896355764e-02 3.236161564279527170e-06 3.855787848807192691e-02 3.282362783579731058e+01 1.123858553103393616e-02 3.282279625000000323e+01 2.457312806535523388e-03 3.402786012645646707e+01 6.745680687770629069e-02 3.402776814621225299e+01 1.707720605057295310e-03
1.652500000000000000e+04 1.000000000000000000e+01 -5.203200000000000000e+04 3.400441184394625083e+01 5.803002240374066645e-02 3.400415410496217561e+01 6.862047159197868021e-03 1.084247316145635354e-02 1.031371720606611732e-02 4.449808944873012706e-06 1.111661004586022711e-01 8.086309004039816950e-04 9.027338719065212957e-03 -8.030393252589362874e-07 9.378695409920721759e-03 3.282811859187638248e+01 1.370811303815232425e-02 3.282687100000000413e+01 7.906970100275731439e-03 3.400496524618895222e+01 5.802911291324359955e-02 3.400470297255830587e+01 7.094379253229835154e-03
1.652500000000000000e+04 4.010000000000000000e+03 -5.203200000000000000e+04 3.404502244080791939e+01 6.589388350964597851e-02 3.404396478129200432e+01 2.762721373195584779e-03 2.172679386616654593e-02 1.327769994056827302e-02 -5.863664753746888891e-08 8.637497789877449095e-02 1.462784408186324544e-03 9.824907819338072126e-03 2.385590851028407400e-06 3.347238307010671349e-02 3.283147477190748020e+01 1.337064462198774874e-02 3.283298999999999523e+01 9.121970976713519169e-03 3.404542220983636724e+01 6.589314847848974643e-02 3.404434284691521384e+01 2.837906694402076921e-03
1.652500000000000000e+04 8.010000000000000000e+03 -5.203200000000000000e+04 3.401722989002514907e+01 5.370545658605004741e-02 3.401701104216812155e+01 1.463017661524216619e-02 2.946347298759172551e-03 1.125801859857445894e-02 4.628571415032922687e-08 7.271621572723739602e-02 -1.513176003567424108e-03 9.807785960200593803e-03 1.240481672937221447e-08 1.101662641457625165e-02 3.282587948138213818e+01 1.176350170305527285e-02 3.282843049999999607e+01 1.445941469827506654e-02 3.401746561346197240e+01 5.370510051236276894e-02 3.401724950245147738e+01 1.467082612469744647e-02
1.852500000000000000e+04 -3.990000000000000000e+03 -5.203200000000000000e+04 3.403640193450185336e+01 6.618351746425250870e-02 3.403638593840270232e+01 6.823380682971335719e-04 5.457967816839129956e-04 1.236507704369662827e-02 2.073123408496968523e-07 1.072552009529721961e-01 9.045184004937830910e-03 1.212131810960647045e-02 -6.128513641012744984e-07 3.605578183070150960e-02 3.282680564474925689e+01 1.242701974176020803e-02 3.282850725000000125e+01 5.580390359329244487e-03 3.403696559364583862e+01 6.618245867112371172e-02 3.403695019298838531e+01 7.740124219171401433e-04
1.852500000000000000e+04 1.000000000000000000e+01 -5.203200000000000000e+04 3.400787799292662328e+01 6.478192153306192025e-02 3.400956864671348967e+01 1.837921051063218583e-02 -8.757453981825485609e-03 1.159283369141881140e-02 1.424262645022267293e-05 1.235737919069978541e-01 5.709890851026579845e-05 9.813344654508554879e-03 -4.646494483950824872e-06 2.015757679762748226e-03 3.283160423256424565e+01 1.141237668292852982e-02 3.283183274999999668e+01 7.145467845365555300e-03 3.400860145376007182e+01 6.478060398141081977e-02 3.401024250321725617e+01 1.827046987734129782e-02
1.852500000000000000e+04 4.010000000000000000e+03 -5.203200000000000000e+04 3.405992446120635719e+01 5.614863160173923923e-02 3.405997075876258862e+01 1.664397548131872108e-03 -1.270871600047439320e-02 1.162936837571365220e-02 7.191472994882985859e-08 1.159241949856299192e-01 9.217316427218687214e-03 9.607751374805418784e-03 -1.550964553176381600e-07 2.802633246769285422e-02 3.283362944195887678e+01 1.369060787818974362e-02 3.283426775000000220e+01 9.169129933050478715e-03 3.406053822120179575e+01 5.614766935295096434e-02 3.406059717285259580e+01 1.664328669001929233e-03
1.852500000000000000e+04 8.010000000000000000e+03 -5.203200000000000000e+04 3.400282565627482967e+01 5.256983107790216131e-02 3.400140442584018530e+01 8.507494770207405660e-03 -3.653615735686260163e-02 1.117479922023869796e-02 6.132220442545133210e-07 1.080761365679792779e-01 -9.053482499977091045e-04 9.496894307939551111e-03 -6.700716426166763995e-07 1.354571096953625584e-02 3.282818725090636036e+01 1.120732802091153543e-02 3.282568750000000080e+01 6.785836972449079546e-03 3.400336194320435368e+01 5.256904580883470929e-02 3.400192777431034585e+01 8.553854361775286436e-03
2.052500000000000000e+04 -3.990000000000000000e+03 -5.203200000000000000e+04 3.404911034975837225e+01 6.409518900155888876e-02 3.404900799373234577e+01 1.082057377120162773e-03 2.104328363547644520e-02 1.177406807018681681e-02 -5.421353080237167887e-06 1.151874092547434530e-01 -7.662142395809365576e-04 1.207610656616392268e-02 1.528698528652228106e-06 3.002432594844723149e-02 3.282330400124659064e+01 1.237854172072564221e-02 3.282215949999999793e+01 3.259673871723014777e-03 3.404974829877362907e+01 6.409403292095572358e-02 3.404963221952618113e+01 1.061920992024062991e-03
2.052500000000000000e+04 1.000000000000000000e+01 -5.203200000000000000e+04 3.401750770616757791e+01 5.514497254021018258e-02 3.402213361596520969e+01 1.986648605944455262e-02 9.017420764631968802e-03 1.023611521607931812e-02 -2.818981980734491799e-06 1.329720048135500654e-01 1.005698517470170411e-03 9.766790719799420609e-03 -9.996510864085372816e-06 1.089618436628751047e-02 3.283497270710632421e+01 1.198092976651611748e-02 3.283675775000000385e+01 8.504908899913687231e-03 3.401831418512850291e+01 5.514370912610321029e-02 3.402291853865557414e+01 1.978862639060164491e-02
2.052500000000000000e+04 4.010000000000000000e+03 -5.203200000000000000e+04 3.406990734298577195e+01 5.786075659202392224e-02 3.407047015988906935e+01 2.497754448514475159e-03 -1.298762922731787686e-02 1.097912514396227543e-02 -2.263264523127972438e-06 1.279208458373303492e-01 6.447881532773347066e-03 9.674600670256435636e-03 -1.512916497470317978e-06 3.711087120987833360e-02 3.283113941304915784e+01 1.321470932740577246e-02 3.283585374999999829e+01 7.904057885827889263e-03 3.407068322429947926e+01 5.785948880978773745e-02 3.407125122561165398e+01 2.478720916767578747e-03
2.052500000000000000e+04 8.010000000000000000e+03 -5.203200000000000000e+04 3.402297823905322360e+01 5.212700861725005214e-02 3.402191556155236896e+01 1.414188374404597680e-02 1.542943841013450987e-02 1.099487679170111504e-02 1.205873286225234153e-05 1.094294574607617698e-01 3.956995295137181665e-03 9.252553466132722865e-03 -1.198492353693403345e-05 1.911671764867229131e-02 3.281959204620002168e+01 1.312434065982025222e-02 3.281738375000000474e+01 8.856250423430817725e-03 3.402352309930172680e+01 5.212621127298255191e-02 3.402245965524824811e+01 1.412124266096745871e-02
2.252500000000000000e+04 -3.990000000000000000e+03 -5.203200000000000000e+04 3.406210735056622241e+01 6.869280836814517510e-02 3.406177352989552531e+01 2.814226646943739866e-03 2.489283311026455753e-02 1.209172796737556163e-02 -2.161465053607258824e-07 8.774081816697862357e-02 2.823235118937314752e-03 1.121915953199374531e-02 -9.537710177198732708e-07 3.247112622453471320e-02 3.283414147324920407e+01 1.153920666586986596e-02 3.283372974999999627e+01 4.294711386790796108e-03 3.406247925353706307e+01 6.869208274159363525e-02 3.406215900584027167e+01 2.714037250404334727e-03
2.252500000000000000e+04 1.000000000000000000e+01 -5.203200000000000000e+04 3.400748540458986469e+01 5.819107453866741164e-02 3.401111267212012734e+01 1.305279939617308080e-02 2.374882607539314031e-02 1.066585093065999801e-02 -1.437955777783272993e-06 1.176275997987134142e-01 -1.250601668210647027e-03 8.934824218379419647e-03 1.443795540678749489e-06 1.099768208041920596e-02 3.282729880431307379e+01 1.241791236870152214e-02 3.282882899999999893e+01 8.535399814888459599e-03 3.400804868613823118e+01 5.819014573038202437e-02 3.401172824849443543e+01 1.303171352980098639e-02
2.252500000000000000e+04 4.010000000000000000e+03 -5.203200000000000000e+04 3.409704499538840139e+01 5.703830063503367159e-02 3.409653729369383512e+01 2.460581071493662866e-03 -2.061592664512729850e-02 1.111044263524337168e-02 1.130485860478813720e-08 9.713329219874655696e-02 -8.964174105142589180e-03 9.579871134149736678e-03 -2.120330458432739817e-07 4.045928184152419727e-02 3.283560347291446391e+01 1.215058123488385947e-02 3.283624824999999703e+01 9.736500563815036688e-03 3.409750883859723558e+01 5.703755384459507222e-02 3.409702437771612438e+01 2.426168868161859490e-03
2.252500000000000000e+04 8.010000000000000000e+03 -5.203200000000000000e+04 3.401620937074696371e+01 5.596681304512110544e-02 3.401643607546053261e+01 1.330228919260457998e-02 4.960678743858150039e-03 1.105625461075233212e-02 -3.488326175027367526e-06 9.411414657244365767e-02 -1.613785414278341409e-03 1.002215996773443869e-02 2.555338197707257564e-07 2.000887132389291348e-02 3.284859685534741658e+01 1.127721828849410565e-02 3.284559149999999761e+01 1.305252198172177254e-02 3.401662369687858245e+01 5.596615950902562170e-02 3.401684428949372574e+01 1.331910265639483365e-02
2.452500000000000000e+04 -3.990000000000000000e+03 -5.203200000000000000e+04 3.408140015455710170e+01 6.402307371889699728e-02 3.407998452863894556e+01 4.363964488254555400e-03 -1.030923105949927733e-02 1.165342666104433010e-02 -1.580331352446506799e-06 7.989009787198296519e-02 2.519735284698593637e-03 1.197589230009942114e-02 -1.470924113711191694e-05 2.169123033461657982e-02 3.282842078857629531e+01 1.197991963750866251e-02 3.282411024999999682e+01 6.514089311830272358e-03 3.408170740730942327e+01 6.402251663688249272e-02 3.408028614381222354e+01 4.388339159333232153e-03
2.452500000000000000e+04 1.000000000000000000e+01 -5.203200000000000000e+04 3.402477453267481877e+01 5.691641111295316774e-02 3.402526752363481677e+01 5.390595044256844479e-03 -9.043084639747530837e-03 1.024625173370750063e-02 -6.301213561377139172e-06 1.154145104385958243e-01 1.860393612335006818e-03 8.529668861609693981e-03 3.223200739865816900e-06 1.771321443385532809e-02 3.282659438236137817e+01 1.437091986741116829e-02 3.282590450000000004e+01 6.805894485664543136e-03 3.402542442023263902e+01 5.691536120596911441e-02 3.402586854631015001e+01 5.468128591970385956e-03
2.452500000000000000e+04 4.010000000000000000e+03 -5.203200000000000000e+04 3.411666519142576703e+01 6.012863449397543719e-02 3.411689673626106156e+01 3.113860401337357423e-03 -3.217910438480910129e-02 1.078747206979056850e-02 1.889487655226673724e-08 9.866755518707877315e-02 5.251033294505364109e-03 9.640986436291442904e-03 1.168524640937640413e-08 2.973222689190210127e-02 3.283912508921028461e+01 1.355689534556168800e-02 3.283646449999999817e+01 1.214732904455400817e-02 3.411713684137120595e+01 6.012783412956037438e-02 3.411736364814917977e+01 3.031848567487476030e-03
2.452500000000000000e+04 8.010000000000000000e+03 -5.203200000000000000e+04 3.400614202854330870e+01 5.898825084455253109e-02 3.400602222825749266e+01 1.605443341594183990e-02 1.876908708204610976e-02 1.201737138126929803e-02 -7.066519627896283851e-06 9.300722174034629919e-02 -2.045957145150353266e-03 8.931970648440737751e-03 -2.780473866703658814e-07 1.812036916134621839e-02 3.283067659620893863e+01 1.311650772203730268e-02 3.283219300000000374e+01 1.139190934391584933e-02 3.400654169678065131e+01 5.898758578023770294e-02 3.400641826131342782e+01 1.606375964113381655e-02
2.652500000000000000e+04 -3.990000000000000000e+03 -5.203200000000000000e+04 3.409739591639561951e+01 6.923920751331721912e-02 3.409719018580575778e+01 3.132359633005453534e-03 3.045585537285960473e-03 1.155913431934534226e-02 -1.709629504631493546e-08 6.736722063129926830e-02 -2.274255175013033346e-03 1.192744137152582616e-02 -6.006154995574775057e-08 1.891538298750993635e-02 3.282573767663602382e+01 1.240065543380465367e-02 3.282347850000000022e+01 6.123816763260360105e-03 3.409761147892883315e+01 6.923878377102000992e-02 3.409740557913530523e+01 3.118566933375292987e-03
2.652500000000000000e+04 1.000000000000000000e+01 -5.203200000000000000e+04 3.401599879459668330e+01 5.827417618678046307e-02 3.401766506903175014e+01 7.402384209236396138e-03 2.867314693999386318e-03 1.109314506986105314e-02 1.071418558318271153e-07 9.157804513830294924e-02 -2.809286292533351524e-03 9.636468925287714968e-03 7.961525284594372920e-07 2.040637124259753535e-02 3.281209071976401503e+01 1.227162826345088407e-02 3.281585275000000479e+01 8.289565342193395622e-03 3.401634647290760682e+01 5.827359964498179945e-02 3.401805329610359507e+01 7.301898635740457916e-03
2.652500000000000000e+04 4.010000000000000000e+03 -5.203200000000000000e+04 3.413296787901685292e+01 5.808797813803037030e-02 3.413262897672215956e+01 2.387047186126281268e-03 2.364707932838125068e-03 1.035822599291246621e-02 -2.732602506494430372e-07 5.737530237145622991e-02 1.681905628103938684e-03 1.013977528570409077e-02 -1.593088917395402149e-06 2.505287873126520182e-02 3.283496973875884350e+01 1.380134601855385022e-02 3.283473725000000343e+01 1.408723508106312847e-02 3.413314648651108740e+01 5.808768400917853347e-02 3.413280122701317509e+01 2.385367265023244452e-03
2.652500000000000000e+04 8.010000000000000000e+03 -5.203200000000000000e+04 3.402073682782639708e+01 6.233783564074215494e-02 3.402068763952765096e+01 8.848759569473096595e-03 1.678279704550870305e-02 1.150159645622079833e-02 -1.031261642969738546e-06 6.085050035805149304e-02 -5.719888583917349164e-04 8.851279629564804893e-03 -2.000948538638525065e-06 2.144702806495562414e-02 3.281972429713005823e+01 1.168871920863810178e-02 3.281969074999999947e+01 2.289812815312865409e-03 3.402091899881672532e+01 6.233751286688896109e-02 3.402087118746632655e+01 8.837212906775747043e-03
2.852500000000000000e+04 -3.990000000000000000e+03 -5.203200000000000000e+04 3.411353502935462245e+01 6.505442758057027042e-02 3.411335513723336987e+01 2.188589212587738111e-03 5.202293219697059351e-03 1.193125398666945378e-02 -2.820180471152511359e-06 4.763374953256449551e-02 3.318320228112067467e-03 1.121165660813368097e-02 1.974434397089552817e-06 1.400696423503668825e-02 3.282476151408003773e+01 1.097281632815043199e-02 3.282357274999999674e+01 5.158015354362858670e-03 3.411364227824354600e+01 6.505423002908074237e-02 3.411346353659489239e+01 2.170531564012313699e-03
2.852500000000000000e+04 1.000000000000000000e+01 -5.203200000000000000e+04 3.405124929017985380e+01 6.025427759689946233e-02 3.405162627609882975e+01 1.528029909920086693e-02 -1.064077107821818566e-02 1.102331943341333838e-02 4.559042134921753586e-07 7.593163755204285215e-02 -1.655324762031421806e-03 1.004973725005032549e-02 -1.352517777220008099e-06 2.414114220449277426e-02 3.282714582720289087e+01 1.208785348562779922e-02 3.282709775000000008e+01 6.929650488722381881e-03 3.405154630103124447e+01 6.025377090688565501e-02 3.405190601715864318e+01 1.521329800029273469e-02
2.852500000000000000e+04 4.010000000000000000e+03 -5.203200000000000000e+04 3.415902297488875661e+01 6.425944206976041961e-02 3.415886557335323914e+01 1.389292093936478041e-03 -6.751251243536078670e-04 1.117792279739181910e-02 1.527188764649523023e-05 2.407153760955189556e-02 -2.968773246002866587e-03 9.073616516364076123e-03 -4.757383164355477589e-06 1.441617330704702583e-02 3.283349214828840701e+01 1.179721885467959613e-02 3.283139574999999866e+01 1.429817295073658109e-02 3.415905770318215673e+01 6.425937856131468118e-02 3.415890014444970291e+01 1.386303486730000242e-03
2.852500000000000000e+04 8.010000000000000000e+03 -5.203200000000000000e+04 3.406255721948360105e+01 6.068178415923473901e-02 3.406464572182123618e+01 7.949297678583214927e-03 -1.934526377408748998e-02 1.047925573358916319e-02 -2.007668970183118518e-06 3.963841218604760575e-02 -2.053371134468179662e-03 9.745006462316751356e-03 -7.572156657698059234e-06 1.392602821139517222e-02 3.283711109791273230e+01 1.255578719930175099e-02 3.283619374999999962e+01 6.006811444447709460e-03 3.406263570747749014e+01 6.068164957438876295e-02 3.406472344583882261e+01 7.951933142716057293e-03
3.052500000000000000e+04 -3.990000000000000000e+03 -5.203200000000000000e+04 3.413963811464598308e+01 6.322610006682370665e-02 3.413785069416768891e+01 5.199678291860034517e-03 2.326600754456725241e-03 1.159528648014271184e-02 -3.884746249127601914e-07 9.805571612682447216e-03 6.546656690865374981e-04 1.162291811087953937e-02 -7.905066889968281885e-07 5.222396407674894520e-03 3.282937829478292713e+01 1.145364828109646238e-02 3.282992425000000480e+01 2.553944543088063502e-03 3.413964342797774520e+01 6.322609053238679999e-02 3.413785611775134754e+01 5.198683568032718035e-03
3.052500000000000000e+04 1.000000000000000000e+01 -5.203200000000000000e+04 3.402650036137909240e+01 5.302409598721290890e-02 3.402547887244892877e+01 1.207133117368073931e-02 1.153161126804206141e-02 1.092895612388935546e-02 1.709519636516887431e-06 6.909729264437940166e-02 -9.348431631270762805e-04 9.813481087290675323e-03 -7.263334271478960602e-06 9.050146410866027197e-03 3.282001723489618428e+01 1.208885133450299243e-02 3.282037624999999537e+01 3.664082908792450511e-03 3.402671615006095607e+01 5.302377736540754560e-02 3.402569295300607166e+01 1.207947830915889406e-02
3.052500000000000000e+04 4.010000000000000000e+03 -5.203200000000000000e+04 3.418318448540015453e+01 6.241577707704946271e-02 3.418202468585995035e+01 6.027618111371156433e-03 7.458901205370713043e-03 1.070903046919085243e-02 3.952828445008549352e-06 2.094795765968413687e-02 2.608165252672597868e-04 1.018973365144085208e-02 -2.086701323955608700e-07 1.980559369607819836e-03 3.281637320271481428e+01 1.190857640014378327e-02 3.281495750000000555e+01 1.432134093174680482e-02 3.418320374151862495e+01 6.241574315106407367e-02 3.418204411136874654e+01 6.033472528147047591e-03
3.052500000000000000e+04 8.010000000000000000e+03 -5.203200000000000000e+04 3.403717380438470030e+01 5.846224090866842388e-02 3.403633367498578366e+01 8.135229996088177984e-03 7.311532069526321259e-05 1.060791700994464896e-02 -1.760158049979310135e-06 1.710390972427805814e-03 1.140188014077351143e-03 9.426631497526172590e-03 -6.417186243168337967e-06 8.415750803733409308e-03 3.283142031063314903e+01 1.146771715387500529e-02 3.283413649999999961e+01 8.752531800380743479e-03 3.403717709498054234e+01 5.846223543325373279e-02 3.403633692423380808e+01 8.136581007825782058e-03
