2.525000000000000000e+03 -3.950000000000000000e+03 -5.203200000000000000e+04 3.394777898851211262e+01 5.409795994847380052e-02 3.394774433333333263e+01 8.131199856787142731e-04 -1.967629303106130711e+00 1.181039883155535902e-02 -1.967046999999999768e+00 3.917395095383207140e-03 1.338425529902647071e-01 1.214619515313591393e-02 1.342633333333331791e-01 6.145372794044229314e-03 3.271354370291076208e+01 1.423741466278374834e-02 3.271233200000000352e+01 3.592946005716491590e-03 3.400495128586779003e+01 5.401166057824714067e-02 3.400495187852965273e+01 7.578407031980971586e-04
2.525000000000000000e+03 5.000000000000000000e+01 -5.203200000000000000e+04 3.394543175929929646e+01 5.435239829103522685e-02 3.394640800000000525e+01 5.724497969255195468e-03 -8.309857396927973205e-01 1.056061516312617292e-02 -8.265469999999996986e-01 7.805850755896719118e-02 1.082997247505218308e+00 8.420604434309246489e-03 1.083277000000000045e+00 1.161373279068071349e-02 3.271740125699084700e+01 1.379851697349150294e-02 3.271561066666666306e+01 6.401348824879287552e-03 3.397272098800242190e+01 5.431008027688014744e-02 3.397392683556810056e+01 7.142632751002842700e-03
2.525000000000000000e+03 4.050000000000000000e+03 -5.203200000000000000e+04 3.399024786299024470e+01 5.648162218143754076e-02 3.398983499999999935e+01 6.307227943665004964e-03 -2.368365717233662793e-01 1.118391746976748514e-02 -2.351416666666663602e-01 8.700190828047705063e-03 -6.134317224889166559e-02 9.949096936195729601e-03 -6.169500000000013168e-02 4.850617589544706232e-03 3.271699807310893959e+01 1.281111874158908162e-02 3.271531699999999887e+01 7.883790353209662802e-03 3.399112632338048456e+01 5.648022089021517700e-02 3.399070723307775665e+01 6.364146437403905843e-03
2.525000000000000000e+03 8.050000000000000000e+03 -5.203200000000000000e+04 3.396765121115110730e+01 4.807237181222419331e-02 3.396391266666666553e+01 2.497716826979586024e-02 1.075956624365035363e+00 1.049853232203261898e-02 1.077059333333333369e+00 2.307649462355825312e-02 -9.619053010996218012e-01 8.404832079699713077e-03 -9.592796666666666416e-01 1.070467913785588115e-02 3.270812750174094674e+01 1.509194592769014590e-02 3.270874400000000293e+01 2.331805595099325883e-03 3.399818463217363984e+01 4.803099408882577359e-02 3.399454330618544162e+01 2.454859092187738553e-02
4.525000000000000000e+03 -3.950000000000000000e+03 -5.203200000000000000e+04 3.393750813100289321e+01 5.208260952443041769e-02 3.393691166666666703e+01 5.646829503751851775e-03 -1.900420157709439728e+00 1.102859052446589390e-02 -1.904978999999999978e+00 3.198444922145765590e-02 2.889404790525138544e-01 1.290444401959734734e-02 2.823146666666665472e-01 2.680945329750523271e-02 3.269651061916839296e+01 1.319236931031842787e-02 3.269640966666666770e+01 3.882552138882229445e-04 3.399223667480674038e+01 5.200275913826112040e-02 3.399155970616827460e+01 4.245674993175426945e-03
4.525000000000000000e+03 5.000000000000000000e+01 -5.203200000000000000e+04 3.394012077538683059e+01 5.606818182619166535e-02 3.394092399999999543e+01 1.668032869380465730e-02 -8.850211143251136559e-01 1.069529699128711660e-02 -8.729850000000002330e-01 4.609243131288826706e-02 9.215358799004839119e-01 8.766918828682331369e-03 9.179006666666665870e-01 8.455415706976058404e-03 3.271081507315234660e+01 1.023275318779218179e-02 3.271330733333333285e+01 7.180039608371669921e-03 3.396364886133757466e+01 5.603062291660435013e-02 3.396461885769457467e+01 1.704037404422890575e-02
4.525000000000000000e+03 4.050000000000000000e+03 -5.203200000000000000e+04 3.398502252229511100e+01 5.034388991528815360e-02 3.398723233333333127e+01 5.258131871470366446e-03 -2.304490472636700760e-01 1.066669925637525260e-02 -2.308136666666665560e-01 1.081437053698054707e-02 -2.319324647508154424e-01 9.843586786833740179e-03 -2.348320000000000685e-01 7.150153308379675332e-03 3.273648914588383008e+01 1.402198953236325797e-02 3.273864933333333482e+01 9.056661164273232742e-03 3.398666482945058220e+01 5.034157773449696172e-02 3.398883229664386363e+01 5.160137993995967537e-03
4.525000000000000000e+03 8.050000000000000000e+03 -5.203200000000000000e+04 3.396225092145776614e+01 5.340391392801634857e-02 3.396124900000000224e+01 1.203944845081996763e-02 1.104253402006430074e+00 1.062741443755817541e-02 1.107572666666666761e+00 3.052040195417550505e-02 -8.473589430878813999e-01 8.736215500443324233e-03 -8.480523333333334079e-01 1.984028314090073922e-02 3.268909433520375529e+01 1.377085485438583196e-02 3.269704699999999775e+01 1.869570020976300470e-02 3.399083188701380465e+01 5.336062769684016965e-02 3.398992434606859803e+01 1.278125057487000497e-02
8.525000000000000000e+03 -3.950000000000000000e+03 -5.203200000000000000e+04 3.392380320339794508e+01 6.050535152117601789e-02 3.392378633333333227e+01 3.228788902634150380e-04 -2.029672533066983142e+00 1.194138540092759722e-02 -2.024657666666666689e+00 1.494730282618823673e-02 2.504134068446055572e-01 1.097652116606968355e-02 2.462816666666666487e-01 1.386693113529859599e-02 3.271549708340903351e+01 1.575570081857159341e-02 3.271579433333332787e+01 3.144172722850040007e-03 3.398501491568833899e+01 6.040123100151712637e-02 3.398505559314707369e+01 4.912574022422978902e-04
8.525000000000000000e+03 5.000000000000000000e+01 -5.203200000000000000e+04 3.394840548861968443e+01 5.999249588355601986e-02 3.394865766666666929e+01 6.251110896825859062e-03 -9.685570969375520978e-01 9.836304222969882716e-03 -9.753659999999998442e-01 3.016513661497305376e-02 9.176189768295374138e-01 9.114381476615803640e-03 9.200569999999999027e-01 8.637231057076847143e-03 3.272005695986415219e+01 1.110828723097403124e-02 3.272117533333332773e+01 1.135931938004029230e-02 3.397478510589969147e+01 5.994715619356829478e-02 3.397515499319090537e+01 6.763934331677818115e-03
8.525000000000000000e+03 4.050000000000000000e+03 -5.203200000000000000e+04 3.398339635877621845e+01 5.503976959418137999e-02 3.398386966666667064e+01 2.067223285257417491e-03 -3.504892211571510319e-01 9.334223549619510493e-03 -3.513306666666666800e-01 1.544870169661866424e-02 -2.351305963926027531e-01 8.412316695301175554e-03 -2.319360000000000033e-01 1.703629769051946338e-02 3.269270360055832469e+01 1.069571519978053734e-02 3.269456799999999674e+01 8.211617400569963532e-03 3.398602309047095815e+01 5.503564066910612146e-02 3.398649264777080958e+01 2.110913858830761134e-03
8.525000000000000000e+03 8.050000000000000000e+03 -5.203200000000000000e+04 3.396092065851164676e+01 5.531692439843071546e-02 3.396337433333332712e+01 9.877783933880621495e-03 9.713244547269176410e-01 1.057845031065916298e-02 9.697543333333337179e-01 1.456148770253628925e-02 -8.619279645029307435e-01 7.563720686066179033e-03 -8.621079999999999854e-01 8.932721701698719333e-03 3.270015584787545038e+01 1.213703037936877949e-02 3.270718266666666096e+01 7.040981402551731508e-03 3.398572351317909579e+01 5.527781636451591790e-02 3.398816025663242613e+01 9.771089843875931102e-03
1.252500000000000000e+04 -3.950000000000000000e+03 -5.203200000000000000e+04 3.392544741950040788e+01 5.235566581005396403e-02 3.392600699999999847e+01 4.650952733939836721e-03 -2.137890678043539605e+00 1.130359500338191416e-02 -2.145943000000000378e+00 8.185414329362511454e-02 1.297571315556088345e-01 1.086599516500424793e-02 1.289759999999998963e-01 1.227640810660828898e-02 3.271212638811147144e+01 1.294337675915145473e-02 3.271245466666667312e+01 2.272863563388125615e-03 3.399396261821635790e+01 5.225522466829689988e-02 3.399425516544691561e+01 2.980186489160427995e-03
1.252500000000000000e+04 5.000000000000000000e+01 -5.203200000000000000e+04 3.392019505234858912e+01 5.187802579378258255e-02 3.392010333333332994e+01 1.730127580395949107e-03 -1.090153845597354287e+00 1.090332228456959186e-02 -1.085941333333333425e+00 5.005937016960743807e-02 9.056869691824734891e-01 8.870487418071629215e-03 9.020393333333331931e-01 1.423228293157653007e-02 3.270358015195177614e+01 1.033332094867677603e-02 3.270441933333333395e+01 6.740783642211642564e-03 3.394939675204644658e+01 5.183513159403090736e-02 3.394954733338022379e+01 2.502441821801115220e-03
1.252500000000000000e+04 4.050000000000000000e+03 -5.203200000000000000e+04 3.399587862387285497e+01 4.812091331691011054e-02 3.399587900000000218e+01 3.381711253198216652e-03 -5.171148054219611989e-01 1.013596487140860924e-02 -5.187176666666667435e-01 5.916840952832096157e-02 -6.408345186252345504e-02 9.166379838251212039e-03 -6.029500000000002219e-02 1.607993995635557949e-02 3.270642926897415492e+01 1.563296357239504081e-02 3.270852066666666502e+01 1.230950832125704553e-02 3.400022073351570384e+01 4.811506489748146320e-02 3.400000009707218851e+01 3.720801096025866221e-03
1.252500000000000000e+04 8.050000000000000000e+03 -5.203200000000000000e+04 3.396270277170445695e+01 4.613043104369394382e-02 3.396249133333333248e+01 2.421157321979991884e-03 8.184718335969058955e-01 8.915169543731674834e-03 8.111013333333332298e-01 8.102455106392809914e-02 -8.608179776127808935e-01 8.268807791534937834e-03 -8.584733333333335326e-01 2.363820446038805353e-02 3.270826009092059650e+01 1.461619493864745566e-02 3.270708700000000135e+01 5.813561243620767732e-03 3.398343753127897315e+01 4.610326021332541296e-02 3.398322966925653077e+01 4.464272634568824602e-03
1.652500000000000000e+04 -3.950000000000000000e+03 -5.203200000000000000e+04 3.393585013678760731e+01 5.081576343196265305e-02 3.393689533333333230e+01 7.255578321388831721e-03 -2.256070605088277503e+00 1.035052456357917795e-02 -2.300974666666666835e+00 1.333388560552068169e-01 9.596280365011704283e-02 1.141113213252843879e-02 9.014499999999969759e-02 3.615698219339258390e-02 3.271546332794096656e+01 1.175400527221047951e-02 3.271680599999999828e+01 3.520962794464485394e-03 3.401587163316516893e+01 5.070241063527498176e-02 3.401549268633826273e+01 2.361311176288897595e-03
1.652500000000000000e+04 5.000000000000000000e+01 -5.203200000000000000e+04 3.394541036586652893e+01 6.341031192886259493e-02 3.394442200000000298e+01 1.407923095674373445e-02 -1.245985982348526644e+00 1.024421900454665010e-02 -1.234221000000000013e+00 1.024462901426891059e-01 9.835221707905109634e-01 8.428368429404288487e-03 9.857303333333332640e-01 7.344751988854188694e-03 3.271559268933339126e+01 1.156176715632210514e-02 3.271601933333332823e+01 2.721713573796265013e-03 3.398216458201222423e+01 6.334332537028575238e-02 3.398146617318624862e+01 1.005550987387828811e-02
1.652500000000000000e+04 4.050000000000000000e+03 -5.203200000000000000e+04 3.401249950365181007e+01 5.421082125364801163e-02 3.401321533333333491e+01 3.935452804669440328e-03 -6.294023846830675284e-01 9.642691811069586602e-03 -6.363546666666666241e-01 1.134073762244371120e-01 -3.920706428139632271e-02 9.468817743261876557e-03 -3.715699999999999559e-02 2.290105646034699613e-02 3.271513055471277198e+01 9.168706073871364312e-03 3.270937966666667052e+01 9.779559675387862125e-03 3.401927102883070830e+01 5.420041090720135318e-02 3.401958168559897189e+01 2.180746897840313715e-03
1.652500000000000000e+04 8.050000000000000000e+03 -5.203200000000000000e+04 3.398329522989114793e+01 5.241024793051623359e-02 3.398293933333333428e+01 9.509786771766400026e-03 7.347276309565831109e-01 9.084043829338094705e-03 7.304863333333333486e-01 9.456483963632800194e-02 -9.008677389561232651e-01 8.699879520617454301e-03 -9.029513333333333280e-01 1.626303799349234497e-02 3.270239780672127239e+01 1.049473260786020629e-02 3.269835466666666690e+01 1.382287579019379417e-02 3.400314535412614703e+01 5.238053761158017324e-02 3.400305223984099712e+01 8.073533999878937384e-03
2.052500000000000000e+04 -3.950000000000000000e+03 -5.203200000000000000e+04 3.396022841002353942e+01 5.327070625852668023e-02 3.396074466666666325e+01 4.919294134098709838e-03 -2.342468625556499262e+00 1.196870398907408546e-02 -2.311553000000000413e+00 1.159356261652705611e-01 9.118319604470584427e-03 1.037007944150371112e-02 8.397666666666600208e-03 2.819159694148433773e-02 3.270447727793110460e+01 1.187883125646992111e-02 3.270435166666666049e+01 5.769233407577359363e-03 3.404006065514517587e+01 5.315208987145844666e-02 3.403974173868231645e+01 3.777629315449648837e-03
2.052500000000000000e+04 5.000000000000000000e+01 -5.203200000000000000e+04 3.394473743456563852e+01 5.125387339185927954e-02 3.394629566666666420e+01 1.280766062861543077e-02 -1.288961204440498109e+00 1.044770657283481535e-02 -1.272450333333333239e+00 1.397647378386662198e-01 9.313046001843849897e-01 8.500699161533148418e-03 9.312083333333331936e-01 1.204564609216855070e-02 3.270344898368256281e+01 1.457851511557659192e-02 3.270471566666666519e+01 3.624196569969559065e-03 3.398245594846769535e+01 5.119906899616861323e-02 3.398347883798034275e+01 7.778160815805553428e-03
2.052500000000000000e+04 4.050000000000000000e+03 -5.203200000000000000e+04 3.404615714208693333e+01 4.843103030580540869e-02 3.404683833333333354e+01 4.972484634913914084e-03 -7.063482651630927922e-01 1.077394179287171141e-02 -6.922116666666665585e-01 1.280021517232338424e-01 5.722244570333835526e-04 9.430091155016574050e-03 8.890333333333314339e-03 2.135125979369318153e-02 3.269435754985838827e+01 8.943079755949136234e-03 3.269365766666666673e+01 2.057227287178710947e-03 3.405317306696748147e+01 4.842153564626183043e-02 3.405437035080053221e+01 3.663443585729574386e-03
2.052500000000000000e+04 8.050000000000000000e+03 -5.203200000000000000e+04 3.396300393116899130e+01 5.377837935174204637e-02 3.395969600000000099e+01 9.142378756831260472e-03 7.016702421502847287e-01 9.881623416316223651e-03 6.889773333333337746e-01 7.739122091540989734e-02 -8.839037585877431713e-01 7.812009685128506846e-03 -8.785396666666668297e-01 1.167181684419550149e-02 3.270316645294005298e+01 1.224545243989196529e-02 3.270210666666665844e+01 5.377813351582204707e-03 3.398172091856210386e+01 5.374973426050243253e-02 3.397822365050024729e+01 1.024967561596962576e-02
2.452500000000000000e+04 -3.950000000000000000e+03 -5.203200000000000000e+04 3.399051522078912058e+01 5.137916872758058889e-02 3.398913266666666999e+01 2.938030481650125928e-03 -2.237009268864436962e+00 1.110012414102594207e-02 -2.253101000000000464e+00 6.127902780723620130e-02 -3.225317117477492779e-02 1.155730371219797735e-02 -3.073366666666673200e-02 2.602808537159652380e-02 3.271090150770793059e+01 1.370598409491590071e-02 3.271374766666667000e+01 6.738027761231066629e-03 3.406359248961866371e+01 5.127413406395080198e-02 3.406387268430125204e+01 2.034631517989440690e-03
2.452500000000000000e+04 5.000000000000000000e+01 -5.203200000000000000e+04 3.396398318565950092e+01 5.536115213381518491e-02 3.396441099999999835e+01 1.388488193444010858e-02 -1.200792528075871113e+00 9.998344004407237751e-03 -1.207384333333333393e+00 7.208830906218052781e-02 1.003678912703222625e+00 7.680478526576377252e-03 1.010433000000000137e+00 1.159090269708680336e-02 3.270780529266924930e+01 1.365834642021488896e-02 3.270907533333333106e+01 4.535846276545144919e-03 3.400019766128311716e+01 5.530390073905414733e-02 3.400103954889613789e+01 1.272151209106666368e-02
2.452500000000000000e+04 4.050000000000000000e+03 -5.203200000000000000e+04 3.407899035935075460e+01 5.228859687348517971e-02 3.407940900000000539e+01 3.629936133507526488e-03 -6.499637665504662820e-01 9.901861527345739641e-03 -6.561356666666666726e-01 9.983715057421142791e-02 1.135311727159933615e-01 9.493899978060152053e-03 1.096449999999999508e-01 1.907559401434198373e-02 3.270318319805118534e+01 1.562958873313856356e-02 3.269909833333333182e+01 1.283204312562154573e-02 3.408609379983373344e+01 5.227812437788396938e-02 3.408620423069564254e+01 3.463697524733546935e-03
2.452500000000000000e+04 8.050000000000000000e+03 -5.203200000000000000e+04 3.398935565927541802e+01 4.981561082116775507e-02 3.399205799999999300e+01 5.076486678797825086e-03 7.059964641343854375e-01 9.473235232352572935e-03 7.195570000000000022e-01 5.381199141765068833e-02 -9.186192087852401711e-01 8.001657752896105397e-03 -9.183969999999997968e-01 6.876539997217558618e-03 3.271160119909017538e+01 1.220791949663104468e-02 3.270381800000000538e+01 7.236782503296172731e-03 3.400939124316538908e+01 4.978722068185735539e-02 3.401216098063164139e+01 5.718596837094295192e-03
2.852500000000000000e+04 -3.950000000000000000e+03 -5.203200000000000000e+04 3.404665625452744138e+01 6.080370563275577095e-02 3.404615566666667092e+01 3.189973162548632567e-03 -2.093223042748326268e+00 1.182919017935120561e-02 -2.094171999999999922e+00 7.866637168023531829e-03 -1.417598744524652399e-01 1.136810468770844788e-02 -1.471243333333334957e-01 2.577000618505501453e-02 3.270061234048174725e+01 1.192641626326544635e-02 3.270158966666667055e+01 2.165351729191500405e-03 3.411131023503124027e+01 6.069300355892900262e-02 3.411083949795237658e+01 3.054924684106766122e-03
2.852500000000000000e+04 5.000000000000000000e+01 -5.203200000000000000e+04 3.400327966982494132e+01 5.417066171804085090e-02 3.400656966666667103e+01 8.408902154530705289e-03 -1.069297004813734464e+00 9.511540266979714997e-03 -1.060065000000000479e+00 1.946759040901925586e-02 1.080984860252136137e+00 9.134503825599120733e-03 1.081560666666666615e+00 2.898372953534024930e-03 3.270674181423532900e+01 1.405450634617536748e-02 3.270745133333333854e+01 3.170437001073177045e-03 3.403690113366523917e+01 5.411918959554105207e-02 3.404028574499138671e+01 8.785432540789048228e-03
2.852500000000000000e+04 4.050000000000000000e+03 -5.203200000000000000e+04 3.413681619037099324e+01 5.516641771824934426e-02 3.413814766666666856e+01 4.377713723446648164e-03 -4.821362758055404707e-01 9.228702795318829977e-03 -4.853216666666666512e-01 7.323606996859032686e-03 1.814171605356500183e-01 8.977140388822147862e-03 1.817130000000000967e-01 2.934712478818601866e-03 3.271725490779103040e+01 1.384938404497302114e-02 3.271029066666667262e+01 1.391513313307231325e-02 3.414075651460485972e+01 5.516024830938778128e-02 3.414208266201891462e+01 4.311019602080520124e-03
2.852500000000000000e+04 8.050000000000000000e+03 -5.203200000000000000e+04 3.400782854413922962e+01 5.354610614789245826e-02 3.400821533333333235e+01 1.852187343236079420e-02 8.374162287593071019e-01 9.304803272477365703e-03 8.378280000000000172e-01 1.168546727064571043e-02 -9.875915575469729202e-01 8.600614490210307592e-03 -9.893173333333332709e-01 6.245690416421389481e-03 3.270082310310763063e+01 1.215806761970800870e-02 3.270040800000000303e+01 6.743939279086680859e-03 3.403252829461547435e+01 5.350837320072545505e-02 3.403292164460388136e+01 1.865839513946859762e-02
