4.525000000000000000e+03 4.000000000000000000e+03 -7.000000000000000000e+04 3.397176944028430512e+01 4.870971084483783492e-02 3.397200397762312463e+01 2.280936130478508107e-03 -1.763769655374382572e-01 9.044290710367632741e-03 -1.766726393990441790e-01 1.552470958749322706e-02 -3.579363710721413794e-01 1.109892765649258053e-02 -3.580147767930208502e-01 6.873723560973299916e-03 3.376268725297565965e+01 1.735187459002082017e-02 3.375715700000000652e+01 1.125031845475091101e-02 3.397414512694394517e+01 4.870647454967555467e-02 3.397435826221396127e+01 2.198066912963351442e-03
4.525000000000000000e+03 4.000000000000000000e+03 -6.650000000000000000e+04 3.397569211548260881e+01 4.484700581530925295e-02 3.397528480275655483e+01 3.759986268178689209e-03 -9.016882669642813097e-02 8.891520733506380614e-03 -8.282095389809167318e-02 2.589348969088531641e-02 1.863734399774855804e-02 1.035305091803890090e-02 1.722702676564846769e-02 2.247777558938409206e-02 3.376308845627571031e+01 1.461308087958257743e-02 3.376408566666666644e+01 4.925363788032136383e-03 3.397583707726337821e+01 4.484682186308569518e-02 3.397542471648003470e+01 3.779250898903793038e-03
4.525000000000000000e+03 4.000000000000000000e+03 -6.300000000000000000e+04 3.397828063687572353e+01 3.883626457068776322e-02 3.397834748657925275e+01 4.836206065041038647e-04 -2.012159615615933747e-02 7.493060356727002276e-03 -1.551332869325220722e-02 1.524128975429050320e-02 3.233765566006099879e-02 8.388783229462952462e-03 3.072400981447565016e-02 8.401475443254915673e-03 3.376983570631220033e+01 1.569901871384756301e-02 3.376899999999999835e+01 2.935616005770392677e-03 3.397830639184763157e+01 3.883623627783874821e-02 3.397837383253904164e+01 4.869713646820970714e-04
4.525000000000000000e+03 4.000000000000000000e+03 -5.950000000000000000e+04 3.397901895427666119e+01 4.091143642354053839e-02 3.397899276017314918e+01 6.498343268500030761e-04 1.291029269375616219e-02 7.983250989695355945e-03 1.103279626148593630e-02 8.387570028568854322e-03 5.581499570669470889e-02 8.863550777134720712e-03 5.584095429621230983e-02 5.567534575769432850e-03 3.376641191470939418e+01 1.720463908702845809e-02 3.376696666666666857e+01 7.374765585728214334e-03 3.397906932799014612e+01 4.091137855902426262e-02 3.397904341831046793e+01 6.516729843343390316e-04
4.525000000000000000e+03 4.000000000000000000e+03 -5.600000000000000000e+04 3.397543961665565604e+01 5.027352687994166014e-02 3.397537185080047806e+01 1.264846916009885591e-03 5.653550709207945391e-02 8.573053316715333397e-03 5.585234765330119450e-02 1.206202288126951086e-02 3.191900893087819269e-02 9.934970455210549375e-03 3.086161060506912787e-02 1.154761121818516020e-02 3.376554774882597343e+01 1.762228037825014706e-02 3.376611566666666420e+01 3.532280110322469531e-03 3.397550804654235179e+01 5.027342881481101228e-02 3.397543998214063521e+01 1.269446740863331433e-03
4.525000000000000000e+03 4.000000000000000000e+03 -5.250000000000000000e+04 3.397551232561950485e+01 4.476747429453150490e-02 3.397508149151579460e+01 1.993089943566938096e-03 4.455066864850270453e-02 7.925927721631764039e-03 4.513547570068906362e-02 3.047674554229605568e-03 2.113257024002365009e-02 9.633599176858858790e-03 2.321547048709060590e-02 6.122622736804675739e-03 3.376691548514215668e+01 1.640922270417200651e-02 3.376600300000000487e+01 5.496817473169659900e-03 3.397555291584846060e+01 4.476742303209266249e-02 3.397512078001850000e+01 2.000250615206898737e-03
4.525000000000000000e+03 4.000000000000000000e+03 -4.900000000000000000e+04 3.397205107658265888e+01 3.642871516970244694e-02 3.397185247048810197e+01 2.185837626127186059e-03 4.992145420994473920e-02 6.988841953450872918e-03 5.352413869192555046e-02 1.319838811034066729e-02 2.835692009713828426e-02 8.600191703161860421e-03 2.881990322475935784e-02 4.443005732477326060e-03 3.377160946159845167e+01 1.539391390274923166e-02 3.377135233333333275e+01 2.495139898103500373e-03 3.397211318948225056e+01 3.642865188715770780e-02 3.397191256997781039e+01 2.175535152542581140e-03
4.525000000000000000e+03 4.000000000000000000e+03 -4.550000000000000000e+04 3.396385317498376821e+01 4.414459295197876304e-02 3.396385095014104394e+01 1.767481971518942551e-03 4.578108826770490442e-02 7.336649030212036640e-03 4.444075302181271780e-02 8.242786490488871950e-03 2.819084866827396840e-02 9.422847327238512150e-03 2.845345887815812699e-02 6.982492241896100238e-03 3.376889600952586079e+01 1.704927574382837652e-02 3.376881099999999947e+01 5.658536324297525066e-04 3.396389856709652122e+01 4.414453592548492344e-02 3.396389537964819993e+01 1.764794394454540080e-03
4.525000000000000000e+03 4.000000000000000000e+03 -4.200000000000000000e+04 3.396140945168261283e+01 4.506771807794030665e-02 3.396128533262548643e+01 5.408727394161004726e-04 4.642435903819815829e-02 8.920432230525009512e-03 4.249060068986073441e-02 1.225627561439040190e-02 5.379902413884794093e-02 1.029464031137599170e-02 5.397265808149113303e-02 2.805757645645738999e-03 3.376819101550096036e+01 1.554417683583432866e-02 3.376932633333333200e+01 7.924319536157069244e-03 3.396148654236472453e+01 4.506762055375839598e-02 3.396135945588289928e+01 5.538529806635909911e-04
4.525000000000000000e+03 4.000000000000000000e+03 -3.850000000000000000e+04 3.395313401730454927e+01 4.853019870480231729e-02 3.395333698568995118e+01 1.970652799390175836e-03 1.023552168583395129e-02 8.043417579425679934e-03 1.204721320976117303e-02 7.137846158358747764e-03 5.200060344356935427e-02 8.804481869621721274e-03 5.099776276010784676e-02 7.960693652598983122e-03 3.376851473799651870e+01 1.695173435642850085e-02 3.376572100000000631e+01 8.551790748140164489e-03 3.395317767200468495e+01 4.853013834414750954e-02 3.395338078842090113e+01 1.977042229731798724e-03
4.525000000000000000e+03 4.000000000000000000e+03 -3.500000000000000000e+04 3.394151797792710568e+01 4.116486537994342582e-02 3.394171853199127753e+01 1.197197786066052198e-03 1.143542139261733565e-02 7.305234201776175489e-03 1.050150900785921416e-02 9.444728443852480268e-03 3.887063189073260844e-02 9.756506463174033708e-03 3.787888103461038020e-02 5.944225290575956555e-03 3.376781559001973676e+01 1.688861392924835905e-02 3.375496299999999650e+01 2.374771092828400348e-02 3.394154443840560020e+01 4.116483512086895752e-02 3.394174496216041348e+01 1.195801515843448060e-03
