0.000000000000000000e+00 4.000000000000000000e+03 -7.000000000000000000e+04 3.379934424100715518e+01 4.256392683761446583e-02 3.380091142599009402e+01 1.087054254399825830e-02 -9.730795438114775431e-02 7.065898000951142087e-03 -9.536512902872792963e-02 6.563295506993040672e-03 -2.533289485135302166e-01 1.285269864010374526e-02 -2.540535987774635851e-01 6.155467406057707827e-03 3.249100605511660689e+01 2.425672784376224980e-02 3.247805759999999964e+01 2.277678804528876499e-02 3.380044159570188356e+01 4.256267489851580516e-02 3.380200550213737642e+01 1.085750060025118986e-02
0.000000000000000000e+00 4.000000000000000000e+03 -6.650000000000000000e+04 3.381935435992244265e+01 3.544440957676162074e-02 3.381932633056574389e+01 1.257949196237903274e-03 -1.881688362279013843e-02 6.785778302351905787e-03 -1.953309012561348437e-02 1.153322193877370262e-02 1.105543953068307411e-02 1.168606029842180101e-02 1.319591501267631736e-02 9.835799738235308926e-03 3.250986542706801430e+01 2.261530518447501040e-02 3.250976680000000130e+01 1.973689170056614883e-03 3.381937453052774600e+01 3.544438986384105400e-02 3.381934813375573867e+01 1.254722719078524154e-03
0.000000000000000000e+00 4.000000000000000000e+03 -6.300000000000000000e+04 3.381876754527404927e+01 3.026192913821380490e-02 3.381828035920165121e+01 1.332592184969507657e-03 3.106585903796239920e-03 5.913773178349702835e-03 1.031910148526904349e-03 1.271747531173321802e-02 3.022946644983142209e-02 1.138546595961176244e-02 2.930220417033337771e-02 5.238040046049329511e-03 3.251468474496702754e+01 2.114139325526239246e-02 3.251425319999999886e+01 3.608794776652158188e-03 3.381879180839510468e+01 3.026190987320696510e-02 3.381830425653431860e+01 1.335872386809177454e-03
0.000000000000000000e+00 4.000000000000000000e+03 -5.950000000000000000e+04 3.381669439455822612e+01 2.999115690759537878e-02 3.381686494418008948e+01 1.582851488038827803e-03 2.165799212596151296e-02 5.602660493993594053e-03 2.381956405481577832e-02 1.579421249755751100e-02 3.672859815288309626e-02 1.162265474151441894e-02 3.685169277314248593e-02 2.973924233870438392e-03 3.251440989608039445e+01 2.164098592125232937e-02 3.251537799999999834e+01 5.416819786553826212e-03 3.381673632916311334e+01 2.999112315502066445e-02 3.381690868712925635e+01 1.592587546528791099e-03
0.000000000000000000e+00 4.000000000000000000e+03 -5.600000000000000000e+04 3.381848584762792598e+01 3.564422591579097938e-02 3.381849173665747088e+01 1.515508057156397933e-03 1.318184014243210973e-02 6.813004342312444991e-03 1.034663819745276249e-02 1.140695175025754383e-02 2.884737268980026165e-02 1.237154524108460656e-02 2.856328361592069820e-02 6.349465296856549208e-03 3.250275499772607191e+01 2.210295652159739721e-02 3.250233699999999715e+01 3.664165239178755404e-03 3.381851118357950980e+01 3.564420185100038163e-02 3.381851546169049527e+01 1.512279155658293817e-03
0.000000000000000000e+00 4.000000000000000000e+03 -5.250000000000000000e+04 3.381721548506598651e+01 3.563534169635985266e-02 3.381772642645493931e+01 1.638336243642140536e-03 2.300508176281206366e-02 6.589874564049550028e-03 2.499860035824141846e-02 5.907826855156425409e-03 2.723894612192031064e-02 1.233537545249907205e-02 2.824683745504989046e-02 2.891895603624449265e-03 3.250432165931536588e+01 2.204042116729707998e-02 3.250393580000000071e+01 2.355278803029905738e-03 3.381723816155786722e+01 3.563531999273113204e-02 3.381775002158674681e+01 1.638929580176956514e-03
0.000000000000000000e+00 4.000000000000000000e+03 -4.900000000000000000e+04 3.381038811783237463e+01 2.988677529906242150e-02 3.381063374673966848e+01 1.155174087680203941e-03 2.830443521455443950e-02 5.754984277089010038e-03 2.857899685509011217e-02 7.207633987662854895e-03 1.223913662492101193e-02 1.123320180082584656e-02 1.088892404871151867e-02 7.169467168977087211e-03 3.251154850376353522e+01 2.266199462819431729e-02 3.251174979999999692e+01 2.633273768524989084e-03 3.381040799024612653e+01 2.988675887845976611e-02 3.381065369215616556e+01 1.154954978177343298e-03
0.000000000000000000e+00 4.000000000000000000e+03 -4.550000000000000000e+04 3.380785357277912340e+01 3.042847768041015769e-02 3.380790838117560781e+01 9.517343460854476049e-04 1.878263074466506033e-02 5.352213826747277171e-03 2.055327250490979196e-02 7.812714340103554811e-03 3.829483623308692353e-02 1.157785317312166537e-02 3.776154628765813343e-02 7.497311113620411249e-03 3.250744359257453198e+01 2.179567728769463142e-02 3.250882499999999453e+01 5.167154149045547797e-03 3.380788571446978352e+01 3.042845168120201019e-02 3.380794265387370956e+01 9.499538311506123276e-04
0.000000000000000000e+00 4.000000000000000000e+03 -4.200000000000000000e+04 3.380236636720736243e+01 3.685258093549972219e-02 3.380204767710581137e+01 1.239759514430932748e-03 1.836393397141930159e-02 7.039228381785144102e-03 1.791264554480278409e-02 5.674709488656177157e-03 2.277803275179242706e-02 1.191734590285249695e-02 2.294271129620931854e-02 1.817196749318204579e-03 3.250694889374472751e+01 2.265700386114360976e-02 3.250667180000000656e+01 1.277261813411983190e-03 3.380238116799453962e+01 3.685256602786048802e-02 3.380206230995573691e+01 1.240586343888758951e-03
0.000000000000000000e+00 4.000000000000000000e+03 -3.850000000000000000e+04 3.379218703370530363e+01 3.317461982820965605e-02 3.379200502596450661e+01 1.514684020414188217e-03 -8.681772986757383195e-03 6.679103494345829499e-03 -5.972250930476796435e-03 1.118876422739297632e-02 1.724398718143135140e-02 1.197998655263566616e-02 1.846435267956496665e-02 9.578507027826338449e-03 3.250358456550102204e+01 2.157066271627297235e-02 3.250445320000000038e+01 3.868605593751013854e-03 3.379220350475317503e+01 3.317460506253762376e-02 3.379202343799532571e+01 1.513516104789334668e-03
0.000000000000000000e+00 4.000000000000000000e+03 -3.500000000000000000e+04 3.376747800803817512e+01 2.686707055541166789e-02 3.376856000587473261e+01 9.947076829601844694e-03 -5.000702657193004108e-03 5.560977140304700951e-03 -6.295668080657712204e-03 6.428086875058779300e-03 2.764947932253702598e-02 1.286936544079002320e-02 2.782614116987628533e-02 9.531229864643490923e-03 3.247994388051395021e+01 2.352076723400690211e-02 3.246498100000000164e+01 2.081897864929960554e-02 3.376749608423095594e+01 2.686705920696658839e-02 3.376857988853964088e+01 9.944183878170198554e-03
