2.525000000000000000e+03 -3.950000000000000000e+03 -5.203200000000000000e+04 3.399302268712253294e+01 6.123727928911725654e-02 3.399452250000000220e+01 5.057974569924626393e-03 -1.686323739804473254e+00 1.209365429465063778e-02 -1.694764749999999820e+00 1.838060302952992942e-02 -4.771748006341801351e-02 1.125872045123443334e-02 -4.650250000000000217e-02 1.206253237992195582e-02 3.283285004634117854e+01 9.946641928021065365e-03 3.282999974999999893e+01 7.956698816877945390e-03 3.403491906616395823e+01 6.116530349890030027e-02 3.403679446460468228e+01 5.756755350968678284e-03
2.525000000000000000e+03 5.000000000000000000e+01 -5.203200000000000000e+04 3.398410867670209967e+01 5.814030122749826168e-02 3.398530224999999660e+01 1.220521323297971833e-02 -4.775746981300145744e-01 1.122062897463549890e-02 -4.570062499999996142e-01 1.520900081642309609e-01 1.101458637793194084e+00 8.366735790502531633e-03 1.099753499999999828e+00 7.299499828755385590e-03 3.281815229087256824e+01 1.085815888183724355e-02 3.281833375000000075e+01 6.158471906989135269e-03 3.400569939156258670e+01 5.810427312133534944e-02 3.400718409617193316e+01 1.306659558766607929e-02
2.525000000000000000e+03 4.050000000000000000e+03 -5.203200000000000000e+04 3.401930331764913262e+01 6.110540145502089265e-02 3.401881224999999631e+01 1.400642077465579210e-03 -3.483945903013127010e-01 1.060493762435889449e-02 -3.373352499999999754e-01 2.543319183460528154e-02 2.659583219228793191e-03 8.530840552153752879e-03 8.540249999999915964e-03 1.375560545362630727e-02 3.281212319890111218e+01 7.652174709238124262e-03 3.281295800000000185e+01 2.258468987315191863e-03 3.402105347927258094e+01 6.110235305713943715e-02 3.402052265901377837e+01 1.526676358925240038e-03
2.525000000000000000e+03 8.050000000000000000e+03 -5.203200000000000000e+04 3.397529145514722870e+01 5.760340717611217576e-02 3.397528875000000426e+01 4.384732211037168335e-03 9.164212076056602596e-01 1.233888887178017334e-02 9.106220000000000425e-01 6.868439623621472312e-02 -1.009209989708305777e+00 1.039689532468297296e-02 -1.004535750000000061e+00 1.341277327385477849e-02 3.280185844816235630e+01 9.149254934171416331e-03 3.280982875000000121e+01 8.250376873966545205e-03 3.400292524197255517e+01 5.755854802905695927e-02 3.400254796997149498e+01 4.152088837275554403e-03
4.525000000000000000e+03 -3.950000000000000000e+03 -5.203200000000000000e+04 3.398506825006906240e+01 6.352564811403052514e-02 3.398482425000000262e+01 3.338184271301599358e-03 -1.623666163442940347e+00 1.184384260282507831e-02 -1.629323249999999890e+00 2.785269967877137404e-02 9.104528820840576686e-02 1.050595028347445746e-02 9.118649999999994815e-02 1.019029056258942412e-02 3.279532082743206445e+01 9.559498203065451213e-03 3.280139499999999941e+01 1.700712627596544582e-02 3.402436171389987152e+01 6.345514718973574442e-02 3.402401961462500424e+01 4.085457950463207942e-03
4.525000000000000000e+03 5.000000000000000000e+01 -5.203200000000000000e+04 3.397760684330665981e+01 6.318164737498015160e-02 3.398095699999999653e+01 1.475211370730715628e-02 -5.554290289483237997e-01 1.107877169093295262e-02 -5.261320000000000441e-01 8.505722557294391473e-02 9.840341277355976191e-01 9.530221312352390658e-03 9.829442499999998528e-01 1.543977338118987346e-02 3.280526855108259099e+01 8.140808756859510206e-03 3.280478850000000079e+01 7.257192828497825016e-03 3.399602412427987019e+01 6.314825487113855107e-02 3.399957086729399691e+01 1.512156278807824661e-02
4.525000000000000000e+03 4.050000000000000000e+03 -5.203200000000000000e+04 3.401623455396945417e+01 6.472097471406063063e-02 3.401669925000000205e+01 2.483679641680173328e-03 -3.211490308245418812e-01 1.192440213682468414e-02 -3.248429999999999929e-01 2.732482177739992135e-02 -1.269410206401159757e-01 8.952808949543596129e-03 -1.253855000000000386e-01 1.028998529720356186e-02 3.280360406798468631e+01 9.966840030132879946e-03 3.280233225000000630e+01 5.043857210756440626e-03 3.401804006037798445e+01 6.471765388845795997e-02 3.401851896453237600e+01 2.303475823411223027e-03
4.525000000000000000e+03 8.050000000000000000e+03 -5.203200000000000000e+04 3.399088362113897688e+01 5.721626514450604828e-02 3.399122375000000318e+01 1.175399715965446366e-02 8.938998221457954418e-01 1.171772741242695960e-02 9.078667500000001667e-01 4.785231037329860937e-02 -8.913030948216623672e-01 9.792112086422314135e-03 -8.868157500000000137e-01 1.652216867512155268e-02 3.279623971501558088e+01 1.033075743568727042e-02 3.279827025000000162e+01 5.357036080007057319e-03 3.401455633531580958e+01 5.717793750694838417e-02 3.401502045952472741e+01 1.214244933147632863e-02
6.525000000000000000e+03 -3.950000000000000000e+03 -5.203200000000000000e+04 3.398029389037461812e+01 6.331097346177984309e-02 3.398054050000000359e+01 4.888143555243784286e-03 -1.679607784856937958e+00 1.179082674105130443e-02 -1.675234749999999995e+00 2.523360823509997533e-02 1.096413207382949950e-01 1.183947722575983200e-02 1.074229999999999352e-01 1.283673961071625687e-02 3.280274524378310019e+01 9.878502476077154204e-03 3.280492875000000197e+01 1.143316384015682398e-02 3.402213207304867382e+01 6.323604701548586615e-02 3.402201515896970818e+01 3.855557008718010163e-03
6.525000000000000000e+03 5.000000000000000000e+01 -5.203200000000000000e+04 3.399438424656249680e+01 6.096494965069333694e-02 3.399889999999999901e+01 2.311927743608523794e-02 -5.520104712258895319e-01 1.101369422371529724e-02 -5.545097500000000235e-01 7.189817273219935301e-02 8.887968598803765996e-01 8.377642333379850884e-03 8.892765000000000253e-01 3.439966630167614735e-03 3.281742546665349636e+01 8.406981989015682721e-03 3.281959750000000042e+01 7.527221283448671391e-03 3.401100886208347873e+01 6.093588138372473678e-02 3.401527808742148551e+01 2.235058900355871292e-02
6.525000000000000000e+03 4.050000000000000000e+03 -5.203200000000000000e+04 3.402048416849284251e+01 6.602102349937145898e-02 3.402015500000000259e+01 2.025190814054508327e-03 -3.425744745384725065e-01 1.156749212520769184e-02 -3.439452499999999802e-01 1.907363444817222753e-02 -1.077166997269376203e-01 9.727128457516534890e-03 -1.092157500000001114e-01 1.611724134467498737e-02 3.279956459575010541e+01 8.059442125456384859e-03 3.279993299999999579e+01 3.589008800026576105e-03 3.402245409792634945e+01 6.601732928135450873e-02 3.402209636837301332e+01 2.187190212189236548e-03
6.525000000000000000e+03 8.050000000000000000e+03 -5.203200000000000000e+04 3.399666574089353333e+01 5.693434783540663596e-02 3.399661174999999957e+01 8.798139371242673715e-03 8.806305505816592882e-01 1.120674638274774329e-02 9.059055000000000302e-01 4.088995016198967991e-02 -8.731982151836700234e-01 9.868126251170384472e-03 -8.748800000000001020e-01 1.420038982446130034e-02 3.281680778970158485e+01 9.109869656309466449e-03 3.281797874999999465e+01 6.796069101265247991e-03 3.402013477544677755e+01 5.689659824955622253e-02 3.402001399311863850e+01 7.985750568045275541e-03
8.525000000000000000e+03 -3.950000000000000000e+03 -5.203200000000000000e+04 3.398035673039001381e+01 5.856074751407958773e-02 3.398069799999999674e+01 3.504194795764167640e-03 -1.753988199977809970e+00 1.158731961677815850e-02 -1.748949500000000379e+00 3.142511938057401116e-02 6.015517118112856387e-02 1.190431681227204115e-02 5.877950000000009556e-02 1.773904075995462806e-02 3.280856534549131709e+01 9.501794643004704208e-03 3.281049299999999391e+01 6.083440405451317340e-03 3.402566755187056202e+01 5.848586331958002121e-02 3.402578499739160378e+01 2.216219273179173468e-03
8.525000000000000000e+03 5.000000000000000000e+01 -5.203200000000000000e+04 3.400091870251250015e+01 6.424179558034771864e-02 3.400011500000000098e+01 8.136767120094921465e-03 -6.276119992965795147e-01 9.570180421233597662e-03 -6.220849999999999991e-01 6.199971771441113028e-02 9.432148043091669321e-01 8.901315307786506273e-03 9.459035000000000082e-01 6.731460323238464515e-03 3.281474464020694626e+01 8.624940570366463471e-03 3.281427549999999371e+01 2.067191432031130396e-03 3.401981693854730082e+01 6.420687669686035715e-02 3.401913068809096075e+01 7.231227454189061155e-03
8.525000000000000000e+03 4.050000000000000000e+03 -5.203200000000000000e+04 3.402335448171799470e+01 6.371425235836492007e-02 3.402336350000000209e+01 7.914198738133270544e-04 -4.252435792186301522e-01 1.329241466330948265e-02 -4.304587500000001121e-01 2.369180600044044210e-02 -7.787802464140786141e-02 1.038818231454439155e-02 -7.559049999999994940e-02 1.329649370761578145e-02 3.280696817114529296e+01 9.430869595817396867e-03 3.280954775000000012e+01 8.413548165261823183e-03 3.402623788642464575e+01 6.370910775485423561e-02 3.402620295313793974e+01 6.527956908227252643e-04
8.525000000000000000e+03 8.050000000000000000e+03 -5.203200000000000000e+04 3.399157122652889029e+01 5.861745870148139803e-02 3.398945299999999747e+01 1.171295758266687609e-02 8.632661543860469244e-01 1.163523370359783628e-02 8.667832500000001161e-01 3.131455961256946613e-02 -8.209309773018649281e-01 9.230246096701442970e-03 -8.220567500000001138e-01 7.924620005348279386e-03 3.281762138921776994e+01 1.119590354008966754e-02 3.282025475000000370e+01 9.925034218034020639e-03 3.401252015104205384e+01 5.858260564983120561e-02 3.401048603769506684e+01 1.135789773380939914e-02
1.052500000000000000e+04 -3.950000000000000000e+03 -5.203200000000000000e+04 3.397564801090183551e+01 6.920722503497102329e-02 3.397594474999999647e+01 1.692423182649259190e-03 -1.770754155468970970e+00 1.262371814290191158e-02 -1.776897749999999832e+00 3.395582768434863424e-02 2.585627964231512754e-02 1.084835520237707567e-02 2.526549999999994078e-02 1.551287419371410840e-02 3.282696802837489969e+01 1.060840872586936087e-02 3.282454724999999485e+01 8.318924343275817604e-03 3.402248478738122373e+01 6.911531740610500629e-02 3.402244863747517911e+01 1.134349735507953144e-03
1.052500000000000000e+04 5.000000000000000000e+01 -5.203200000000000000e+04 3.401590617120528748e+01 6.092378598526860395e-02 3.401447625000000130e+01 1.869372812993323058e-02 -6.820419955130221368e-01 9.912318970189805054e-03 -6.711762500000000298e-01 8.326833080707114754e-02 9.209403585861051234e-01 8.197959156005515252e-03 9.221422500000000522e-01 7.054434071029389020e-03 3.280858590601175706e+01 1.028103877582336664e-02 3.280387174999999900e+01 1.425100655728775076e-02 3.403571829485747458e+01 6.088917890459980692e-02 3.403389934924447147e+01 1.925306374257686193e-02
1.052500000000000000e+04 4.050000000000000000e+03 -5.203200000000000000e+04 3.402105727492460119e+01 6.246818752584821360e-02 3.402106374999999616e+01 8.962337283517009690e-04 -4.355872098410233373e-01 1.272801730083939278e-02 -4.277217499999999006e-01 4.861008886259293726e-02 -7.636406667021085164e-03 1.073984561740651093e-02 -6.787749999999981299e-03 1.784766262649442950e-02 3.279679100308815265e+01 8.890240875364425685e-03 3.279681750000000306e+01 2.089948583897074247e-03 3.402391076634626188e+01 6.246316860786117753e-02 3.402387121087631527e+01 1.332334456749630211e-03
1.052500000000000000e+04 8.050000000000000000e+03 -5.203200000000000000e+04 3.399224320603851623e+01 5.931611315636290543e-02 3.399089599999999933e+01 1.111495028478868587e-02 8.408060626841530327e-01 1.180643535716267498e-02 8.446602500000000013e-01 2.248104229632530773e-02 -8.531598247354198472e-01 1.007324146263602338e-02 -8.549589999999999135e-01 7.131033164976848318e-03 3.281653345774163455e+01 9.362587001362172867e-03 3.281440225000000055e+01 8.723457584534546200e-03 3.401366831636160981e+01 5.928016947826102168e-02 3.401216110643711232e+01 1.084673903897500312e-02
1.252500000000000000e+04 -3.950000000000000000e+03 -5.203200000000000000e+04 3.397434195073401497e+01 6.533109214050715485e-02 3.397343725000000347e+01 4.876575358709457284e-03 -1.890388943424452295e+00 1.192279643613863675e-02 -1.920027500000000220e+00 6.841465312160836809e-02 -1.206274381115964023e-02 1.104680282879189762e-02 -2.167300000000005333e-02 3.002706004312321458e-02 3.282506584146202044e+01 8.597989533718233129e-03 3.282132224999999437e+01 8.001920565035547037e-03 3.402819965553142367e+01 6.523133912092414499e-02 3.402790366940256916e+01 1.106870006255270206e-03
1.252500000000000000e+04 5.000000000000000000e+01 -5.203200000000000000e+04 3.399028115266145988e+01 6.316477473107227902e-02 3.399146274999999662e+01 1.825769631951961597e-02 -8.346468335496785018e-01 1.101286087829173033e-02 -8.255197499999999966e-01 1.254045823766521128e-01 9.179132329417979408e-01 9.555844451572767864e-03 9.211302500000000393e-01 7.046865702506817722e-03 3.282737873302676235e+01 1.039167232956253462e-02 3.282721224999999521e+01 1.158405094210053499e-02 3.401341103056906690e+01 6.312295585632557438e-02 3.401465988389792017e+01 1.575431903575979717e-02
1.252500000000000000e+04 4.050000000000000000e+03 -5.203200000000000000e+04 3.403482573486933660e+01 6.101260122459693097e-02 3.403425450000000296e+01 3.476137188029085594e-03 -5.738961129651724002e-01 1.151843221522340192e-02 -5.634945000000000093e-01 6.114132022958500279e-02 2.614942906165471787e-02 9.945870273677614309e-03 2.126924999999996180e-02 1.982452778914290531e-02 3.279571817860118443e+01 8.093175996259189056e-03 3.280161950000000104e+01 9.824073344765820934e-03 3.403969356684604719e+01 6.100422133687554566e-02 3.403910783246283245e+01 2.935000114336749812e-03
1.252500000000000000e+04 8.050000000000000000e+03 -5.203200000000000000e+04 3.403002130211478260e+01 5.439176790907453152e-02 3.402241874999999993e+01 1.549269880392607941e-02 7.493969982056523094e-01 1.154628457886467362e-02 7.598477499999998219e-01 3.017908692669737242e-02 -8.015689024168736188e-01 1.009416581652149841e-02 -8.021369999999998779e-01 3.446362599417966775e-03 3.282530794965724397e+01 1.031905701884592783e-02 3.282656400000000474e+01 5.492325554808400769e-03 3.404833198915032710e+01 5.436414486910951666e-02 3.404039481732143457e+01 1.611093245634028989e-02
1.452500000000000000e+04 -3.950000000000000000e+03 -5.203200000000000000e+04 3.397736922582515007e+01 6.093054403514762407e-02 3.397650300000000101e+01 7.457159255819897047e-03 -2.003654131471200639e+00 1.285416855860647967e-02 -2.007359000000000115e+00 1.039137848450980284e-01 -2.253157800477654724e-02 1.249978500752101443e-02 -2.206125000000014325e-02 2.357728738770638668e-02 3.281713053438805616e+01 7.982628671820144947e-03 3.281823049999999853e+01 6.196393124228495239e-03 3.403626887702005632e+01 6.082998278195965447e-02 3.403625933674317849e+01 2.003477077404901968e-03
1.452500000000000000e+04 5.000000000000000000e+01 -5.203200000000000000e+04 3.397263337509414782e+01 6.304726496599792618e-02 3.396995575000000400e+01 1.229072879162097440e-02 -9.495398222848586700e-01 1.128308673016346735e-02 -9.021937499999999055e-01 1.239479709289175724e-01 9.585495737007564410e-01 8.653780812222103616e-03 9.610845000000000082e-01 9.533916373488165660e-03 3.281743541302385125e+01 9.649738529851892982e-03 3.281665350000000103e+01 1.017244564579551647e-02 3.399848933790654826e+01 6.300052420333571157e-02 3.399620528072678383e+01 1.114028038523141168e-02
1.452500000000000000e+04 4.050000000000000000e+03 -5.203200000000000000e+04 3.404224611293966518e+01 6.193286071045745605e-02 3.404295150000000092e+01 2.554715656063028927e-03 -6.776641811347605682e-01 1.181389019294488973e-02 -6.836042499999999134e-01 9.548269137420921371e-02 4.333240141857208627e-02 9.138767151604908212e-03 4.534024999999997085e-02 2.220314019598354158e-02 3.280179402563928193e+01 1.071082886286877853e-02 3.280281650000000582e+01 7.316149630554189681e-03 3.404996463880408442e+01 6.191938086864106489e-02 3.405026804691352993e+01 2.051394326034196389e-03
1.452500000000000000e+04 8.050000000000000000e+03 -5.203200000000000000e+04 3.400478681367068390e+01 6.196788669661375953e-02 3.400227124999999972e+01 1.390262995728407114e-02 6.378819087598999182e-01 1.153221203289744347e-02 6.305914999999999715e-01 6.792218587287957021e-02 -8.328136119196658527e-01 9.757583304833825077e-03 -8.349415000000001141e-01 6.091563325616818590e-03 3.279718766491114224e+01 9.852596453877255148e-03 3.279930625000000077e+01 1.184193010292341856e-02 3.402124549677059662e+01 6.193880437772650294e-02 3.401857109583272631e+01 1.384612384693828177e-02
1.652500000000000000e+04 -3.950000000000000000e+03 -5.203200000000000000e+04 3.398656839631927085e+01 6.550413335325844244e-02 3.398643049999999732e+01 5.242051514753831749e-03 -2.033452100243838157e+00 1.338274791041277161e-02 -2.044236750000000491e+00 1.086107419743975733e-01 -6.514607326189437997e-02 1.124238164619412693e-02 -7.103400000000004155e-02 3.057848039880323859e-02 3.281468649536750348e+01 9.048090619015635577e-03 3.281614150000000052e+01 5.674579962428874351e-03 3.404825412135383544e+01 6.539046196809174261e-02 3.404848910858886057e+01 4.957161899300816833e-03
1.652500000000000000e+04 5.000000000000000000e+01 -5.203200000000000000e+04 3.397641129279681138e+01 6.124826100668714218e-02 3.397973224999999786e+01 1.826297226345827140e-02 -9.196811757189957692e-01 1.070705101445025217e-02 -9.169134999999997149e-01 1.095937892739214103e-01 8.995874945201984829e-01 8.648372343987124899e-03 8.993089999999999140e-01 7.166741960844776917e-03 3.281753872475754008e+01 9.633796620576425343e-03 3.281583249999999907e+01 3.922087635007112313e-03 3.400115521796388407e+01 6.120494231979276695e-02 3.400452616301063813e+01 1.895912937056587477e-02
1.652500000000000000e+04 4.050000000000000000e+03 -5.203200000000000000e+04 3.404995580261898169e+01 6.345097534074327361e-02 3.405067975000000047e+01 2.713480648385700918e-03 -7.276376105708252107e-01 1.175902524042045198e-02 -7.094630000000003989e-01 9.390593187954994481e-02 7.578327750690828923e-02 1.083981406190298764e-02 7.388349999999999085e-02 3.127487087503320190e-02 3.282073541146547058e+01 9.409116616988110263e-03 3.281886525000000177e+01 8.589365764081416041e-03 3.405841279886146822e+01 6.343578900926195863e-02 3.405858172258363936e+01 1.863401524275549613e-03
1.652500000000000000e+04 8.050000000000000000e+03 -5.203200000000000000e+04 3.400921407217672510e+01 5.439179028259521348e-02 3.401495100000000349e+01 1.392019486812824496e-02 6.012157411149042785e-01 1.181348155779670533e-02 5.995225000000001803e-01 6.598687984933075679e-02 -8.599466812620306655e-01 9.414655020903661686e-03 -8.618197500000001066e-01 9.253619646522126888e-03 3.280598651585457759e+01 1.032736560397690476e-02 3.280613825000000361e+01 4.546486122545512557e-03 3.402593331942809129e+01 5.436618016231317685e-02 3.403134431335599430e+01 1.362933786497110000e-02
1.852500000000000000e+04 -3.950000000000000000e+03 -5.203200000000000000e+04 3.398574774490231221e+01 6.404137236968683589e-02 3.398681399999999542e+01 5.649908126096541555e-03 -2.092403381130801598e+00 1.346890862793814064e-02 -2.136721749999999975e+00 1.332312163786293635e-01 -1.037522108585899744e-01 1.088633595281450310e-02 -1.078215000000000146e-01 4.655063635350915191e-02 3.280329873476768654e+01 9.714014697448519059e-03 3.280791425000000316e+01 8.334391663212771181e-03 3.405537702745214546e+01 6.391728911449397199e-02 3.405496364402844733e+01 3.199372635183380092e-03
1.852500000000000000e+04 5.000000000000000000e+01 -5.203200000000000000e+04 3.397961907738063303e+01 6.175858721201177987e-02 3.397977999999999810e+01 8.760671330821962963e-03 -9.575459718015125743e-01 1.277980087823237139e-02 -9.677240000000000286e-01 1.259849400146697274e-01 9.367259845225683890e-01 9.523382252909587745e-03 9.350824999999999276e-01 1.328383312213257325e-02 3.281452853581325968e+01 8.475924304643053103e-03 3.281182049999999606e+01 7.812690003023191679e-03 3.400642767686341728e+01 6.171159763596426040e-02 3.400712115922097212e+01 1.161287407624325002e-02
1.852500000000000000e+04 4.050000000000000000e+03 -5.203200000000000000e+04 3.406543023758718647e+01 5.929239439800242789e-02 3.406464449999999999e+01 4.162635072881988238e-03 -7.851612254680704339e-01 1.136131162700321218e-02 -7.595275000000005772e-01 1.145447526577131059e-01 1.329322034469968827e-01 1.062538040956185863e-02 1.309087499999999904e-01 5.233899772377349074e-02 3.280759343835450181e+01 1.069235573555138083e-02 3.280704374999999828e+01 7.271870247453891302e-03 3.407483024515823189e+01 5.927662660842175635e-02 3.407406072645201789e+01 3.707705876202148539e-03
1.852500000000000000e+04 8.050000000000000000e+03 -5.203200000000000000e+04 3.401599903346335196e+01 6.547151343627492792e-02 3.401392949999999615e+01 1.074375816850560265e-02 4.905008028387238261e-01 1.061038737140818783e-02 5.100152500000003641e-01 9.070132334883092284e-02 -8.389470061366488540e-01 9.825635717969136498e-03 -8.395580000000000265e-01 1.923183182902761523e-02 3.282635839090306717e+01 9.030648524318462406e-03 3.282302974999999634e+01 1.070988162380065445e-02 3.403029946540161887e+01 6.544468979793083285e-02 3.402849124407753578e+01 9.881608538487893223e-03
2.052500000000000000e+04 -3.950000000000000000e+03 -5.203200000000000000e+04 3.400278367461400819e+01 6.341408335036097244e-02 3.400073900000000293e+01 1.014983920233812793e-02 -2.095043319684255501e+00 1.188080157443791030e-02 -2.107385750000000169e+00 1.303207407337597101e-01 -1.643072291365576809e-01 1.066474563876417155e-02 -1.863725000000002741e-01 3.394649198002637480e-02 3.279553007240289020e+01 8.168942326240935525e-03 3.280511574999999880e+01 1.065473510835190409e-02 3.406771630583597954e+01 6.329765444311864775e-02 3.406729762848093657e+01 1.904707700763325681e-03
2.052500000000000000e+04 5.000000000000000000e+01 -5.203200000000000000e+04 3.398673344704550914e+01 6.190763255324706338e-02 3.398393100000000544e+01 1.689830533416471561e-02 -9.435429877117367248e-01 1.068487925811870999e-02 -9.710187499999998195e-01 1.268998455484842969e-01 9.653480553956192978e-01 9.557823267615958920e-03 9.656405000000000127e-01 1.024244757939562871e-02 3.280230954781215047e+01 1.001233285400053401e-02 3.280424975000000387e+01 1.565867190183026225e-02 3.401514605139713154e+01 6.185739792281774035e-02 3.401222881261013953e+01 1.503876405836409615e-02
2.052500000000000000e+04 4.050000000000000000e+03 -5.203200000000000000e+04 3.408120578500955133e+01 6.277478296138373770e-02 3.408088675000000478e+01 3.190530921727362853e-03 -7.433186432274323518e-01 1.217347237978405779e-02 -7.246382499999999283e-01 9.749571365567379078e-02 1.995360697039069708e-01 9.452268175766460195e-03 1.820714999999999972e-01 3.588518812941258324e-02 3.282450088233016317e+01 8.612332114790805654e-03 3.282210075000000415e+01 6.002541564134344400e-03 3.408960669856223547e+01 6.275990129481556767e-02 3.408955111346118372e+01 1.548623675245555057e-03
2.052500000000000000e+04 8.050000000000000000e+03 -5.203200000000000000e+04 3.402123406774864378e+01 6.046261756569991375e-02 3.402059500000000014e+01 1.149003878728641938e-02 5.047253984658299775e-01 1.226596632430309100e-02 5.120449999999998614e-01 9.451170973129915942e-02 -9.143790815929242477e-01 8.979747109079840375e-03 -9.116679999999999229e-01 1.499872831831637610e-02 3.280297465920185829e+01 7.886595691687238452e-03 3.280227000000000714e+01 4.251706069334376843e-03 3.403724999589567801e+01 6.043493673969518171e-02 3.403706424650096096e+01 1.062381281906318170e-02
2.252500000000000000e+04 -3.950000000000000000e+03 -5.203200000000000000e+04 3.401706105747258135e+01 6.646001572921107770e-02 3.401575599999999611e+01 6.664760173231077528e-03 -2.106958335148745753e+00 1.303348689758278278e-02 -2.107933500000000127e+00 1.047555851275562000e-01 -1.995929519137042973e-01 1.083721742577070657e-02 -2.068047500000000927e-01 3.185366803413961639e-02 3.280753284901254574e+01 8.757438710069769677e-03 3.280379750000000172e+01 9.140543979983577899e-03 3.408149540241686992e+01 6.633935440744540002e-02 3.408216344664416653e+01 3.711075561297827105e-03
2.252500000000000000e+04 5.000000000000000000e+01 -5.203200000000000000e+04 3.400618024368214520e+01 6.641851185973222937e-02 3.400244624999999843e+01 1.146604374791830583e-02 -9.435682449874153166e-01 1.162031714153484788e-02 -9.466912499999999842e-01 1.157782781450353432e-01 9.645428205177550840e-01 9.439729330811741717e-03 9.663757499999999778e-01 6.445027700677487259e-03 3.279325955951435390e+01 8.802751438463693456e-03 3.279560674999999748e+01 4.324012514918208240e-03 3.403275541806825544e+01 6.636797739657407380e-02 3.402993880629676227e+01 1.231654098860658283e-02
2.252500000000000000e+04 4.050000000000000000e+03 -5.203200000000000000e+04 3.409969489125201392e+01 6.333701749153801408e-02 3.409966149999999629e+01 1.956246980827809189e-03 -6.942238646088064735e-01 1.202299834089093009e-02 -6.925104999999995847e-01 7.865316131228718144e-02 2.110727609020157935e-01 1.084566649211570963e-02 2.116247499999999726e-01 1.904659083394803776e-02 3.280798231476835269e+01 8.870762034804181156e-03 3.280970700000000306e+01 4.549906995385585851e-03 3.410767864340962774e+01 6.332271965135990999e-02 3.410763739454248622e+01 3.475338739697299414e-04
2.252500000000000000e+04 8.050000000000000000e+03 -5.203200000000000000e+04 3.401680685661011694e+01 6.404671456621317815e-02 3.401279875000000175e+01 1.428285229669384176e-02 5.151228342205287358e-01 1.207983095511754555e-02 5.207312500000000899e-01 7.578412246019941567e-02 -9.099013433502032289e-01 9.722244612379114109e-03 -9.114922500000001149e-01 7.029418970476861150e-03 3.280443708960406468e+01 1.033157242107154115e-02 3.280407324999999474e+01 3.591463266668425223e-03 3.403332670088207124e+01 6.401648552644757795e-02 3.402924989751862483e+01 1.413405132246973138e-02
2.452500000000000000e+04 -3.950000000000000000e+03 -5.203200000000000000e+04 3.403611954760651059e+01 6.649315994707938327e-02 3.403554325000000347e+01 3.591723620005011532e-03 -2.045701439533707422e+00 1.240484880113266325e-02 -2.032525249999999950e+00 8.626870677556926215e-02 -2.422418390354362239e-01 1.212112562313394024e-02 -2.440112500000000129e-01 2.146344360136938356e-02 3.279390601822052531e+01 8.680945048112540668e-03 3.279761125000000277e+01 9.695978009593731253e-03 3.409713231689509882e+01 6.637853291647748122e-02 3.409739927795208558e+01 2.220624758114746796e-03
2.452500000000000000e+04 5.000000000000000000e+01 -5.203200000000000000e+04 3.402171935305499062e+01 6.471342553712214340e-02 3.401309450000000112e+01 2.218914837069374188e-02 -9.571819826982361779e-01 1.013283486280902417e-02 -9.131742499999997431e-01 1.100457431944967396e-01 1.024667290296455313e+00 9.870531245099052262e-03 1.026984750000000002e+00 1.044520437310018750e-02 3.281784110829934775e+01 9.155691603929231800e-03 3.281816324999999779e+01 1.548262917754722814e-03 3.404903839485583461e+01 6.466284137709664426e-02 3.404138829229336238e+01 2.000054519119615071e-02
2.452500000000000000e+04 4.050000000000000000e+03 -5.203200000000000000e+04 3.412573049901732247e+01 6.650850258813133242e-02 3.412533975000000197e+01 2.330838953931099918e-03 -7.695641317061431286e-01 1.180232364225600704e-02 -7.306939999999997326e-01 8.466015258766459994e-02 2.430361851731081546e-01 1.117091854331734441e-02 2.409970000000000168e-01 2.597968339234847310e-02 3.281243417494710002e+01 1.018674003594032852e-02 3.281196549999999945e+01 1.354723741826337939e-03 3.413471516347785695e+01 6.649154981380880902e-02 3.413435725362196393e+01 1.206270743823899131e-03
2.452500000000000000e+04 8.050000000000000000e+03 -5.203200000000000000e+04 3.402042898402660853e+01 5.964969257857636459e-02 3.402026900000000609e+01 1.030662584618936492e-02 5.512760378952757945e-01 1.191971897217438368e-02 5.461302500000002613e-01 6.985645965642092725e-02 -9.337848611729238080e-01 1.083368981413303234e-02 -9.322270000000001389e-01 1.423256923983398474e-02 3.282321882380172440e+01 9.961900286291052592e-03 3.282293174999999508e+01 1.124624828831830708e-02 3.403749164178144326e+01 5.962085938770571303e-02 3.403764358376796650e+01 1.145540327279569344e-02
2.652500000000000000e+04 -3.950000000000000000e+03 -5.203200000000000000e+04 3.405569866400588097e+01 6.833722331569047626e-02 3.405562450000000041e+01 7.365194436219467053e-03 -1.984850366143720013e+00 1.335641237639155141e-02 -1.964463750000000175e+00 8.192339051757963064e-02 -2.917348113511579744e-01 1.173126655819127333e-02 -2.895342499999997710e-01 1.465482899010328403e-02 3.279007314703442688e+01 8.731605547888304092e-03 3.279041374999999903e+01 3.178873264093388679e-03 3.411427892136845941e+01 6.822433836403843377e-02 3.411377161134193159e+01 3.454332321304220705e-03
2.652500000000000000e+04 5.000000000000000000e+01 -5.203200000000000000e+04 3.402433405301398039e+01 6.071556204625097597e-02 3.402435425000000180e+01 5.371724389482032376e-04 -8.565364900381978730e-01 1.149208637437229216e-02 -8.434747500000001619e-01 8.810215198031484674e-02 1.054803019285404098e+00 9.283057988784168199e-03 1.054683999999999955e+00 1.708293428639624106e-02 3.281656912468098142e+01 8.681839567573941194e-03 3.281665249999999645e+01 2.486174186041438614e-03 3.405161951759838956e+01 6.066832083727727309e-02 3.405149987750403540e+01 1.686092582795138684e-03
2.652500000000000000e+04 4.050000000000000000e+03 -5.203200000000000000e+04 3.414861331599761485e+01 6.410846919899378105e-02 3.414904450000000224e+01 1.495874576962132703e-03 -6.380135028309744660e-01 1.085249920474618164e-02 -6.368805000000001826e-01 5.820366456174962122e-02 2.942973942058783043e-01 9.218429108784214482e-03 2.874984999999999902e-01 2.045765718298814956e-02 3.280498779008351562e+01 8.023211333501433645e-03 3.280547149999999590e+01 4.680797839754647326e-03 3.415615510556890655e+01 6.409472902283039342e-02 3.415636007138530772e+01 1.204917400594437190e-03
2.652500000000000000e+04 8.050000000000000000e+03 -5.203200000000000000e+04 3.401721544638203909e+01 6.252091596298706144e-02 3.401065300000000491e+01 1.795522478277542661e-02 5.935889970869577814e-01 1.194785406712315159e-02 6.000280000000000058e-01 4.586693082348827083e-02 -9.513103257140911317e-01 9.652044707369678705e-03 -9.521812500000000901e-01 1.465333976365692029e-02 3.280566291369513010e+01 1.023656149829670764e-02 3.280493274999999898e+01 7.666445834230105165e-03 3.403613214407694443e+01 6.248721194503968623e-02 3.402937088149685962e+01 1.862155558975719938e-02
2.852500000000000000e+04 -3.950000000000000000e+03 -5.203200000000000000e+04 3.407876166169929633e+01 6.946673709586903556e-02 3.407954575000000119e+01 3.845789978989503678e-03 -1.924427412717507835e+00 1.186249938252943205e-02 -1.910159999999999858e+00 3.987862009481592251e-02 -3.334757831255892868e-01 1.165056762613790077e-02 -3.318105000000000082e-01 1.008830429672569889e-02 3.280922788679097835e+01 1.104061618785335923e-02 3.280741625000000283e+01 4.694927801628025893e-03 3.413446113091065115e+01 6.935689451794067872e-02 3.413472346201989183e+01 2.752953340133871846e-03
2.852500000000000000e+04 5.000000000000000000e+01 -5.203200000000000000e+04 3.403622090055051075e+01 6.770695621976777212e-02 3.403494500000000045e+01 9.763869477142307976e-03 -7.759984847658153440e-01 1.062984338703654857e-02 -7.704287499999999955e-01 5.849356821533883977e-02 1.044226559330922344e+00 9.081643873128843886e-03 1.045514999999999972e+00 1.787882312029137957e-02 3.279202859803477565e+01 9.959493955743796423e-03 3.280169399999999769e+01 1.198384972230012203e-02 3.406122968606732826e+01 6.765829116072245852e-02 3.405987907324129083e+01 9.835178599154122125e-03
2.852500000000000000e+04 4.050000000000000000e+03 -5.203200000000000000e+04 3.417019077866443411e+01 5.656093288889160742e-02 3.417003300000000365e+01 1.033486252126127828e-03 -5.862059653691917838e-01 1.204628942575996717e-02 -5.815665000000003193e-01 3.484603145864208218e-02 3.131708375193226201e-01 9.758535741872381708e-03 3.096725000000000727e-01 2.375185763086049354e-02 3.278244402894159748e+01 8.338144082443339072e-03 3.278773675000000054e+01 8.314085501675791759e-03 3.417657732809407634e+01 5.655083131449864520e-02 3.417646278780817681e+01 7.257318181257358530e-04
2.852500000000000000e+04 8.050000000000000000e+03 -5.203200000000000000e+04 3.401830967911305947e+01 6.069311010206951407e-02 3.401676550000000532e+01 6.756345048668488049e-03 6.623480878587185705e-01 1.283560975216884933e-02 6.596345000000001235e-01 3.055374050341461839e-02 -8.851391311042973165e-01 9.798988789614255721e-03 -8.765775000000000095e-01 1.972516716659202668e-02 3.280253374884516404e+01 1.060055888716162666e-02 3.280645099999999559e+01 6.460046607158348442e-03 3.403632514923080521e+01 6.066206802507930623e-02 3.403450887281928061e+01 7.104916207216861908e-03
3.052500000000000000e+04 -3.950000000000000000e+03 -5.203200000000000000e+04 3.410707987672130770e+01 6.165678147613670723e-02 3.410704475000000002e+01 2.231912497350497550e-03 -1.739339303236351109e+00 1.336886114216706035e-02 -1.738299499999999886e+00 5.082546876321111448e-03 -3.902459958571273257e-01 1.121364128289180709e-02 -3.889322500000000904e-01 1.035504751618747908e-02 3.276503234520615138e+01 9.146139787048928813e-03 3.277672349999999568e+01 1.383539682902820873e-02 3.415361476941512109e+01 6.157691991885664434e-02 3.415353352091334926e+01 2.393276459391211440e-03
3.052500000000000000e+04 5.000000000000000000e+01 -5.203200000000000000e+04 3.403789823770508605e+01 6.442238537890995764e-02 3.403876825000000395e+01 4.774977266524553857e-03 -6.395760981466739326e-01 1.031498437717417310e-02 -6.298289999999997502e-01 4.102989596623434626e-02 1.152305749071425911e+00 9.365368440177539167e-03 1.154447750000000106e+00 1.448022502918495241e-02 3.279753502606946114e+01 8.544344562536613369e-03 3.280111125000000527e+01 5.996032874257429569e-03 3.406343265603246806e+01 6.437527606576173844e-02 3.406424597453550973e+01 4.903377539853731593e-03
3.052500000000000000e+04 4.050000000000000000e+03 -5.203200000000000000e+04 3.419315056397608288e+01 6.384833761436348176e-02 3.419321099999999802e+01 2.079170948558463523e-03 -4.527365056305054369e-01 1.104264196079832172e-02 -4.590412500000000673e-01 1.882748625182064858e-02 3.919154242989338899e-01 1.000742228836970678e-02 3.914055000000000173e-01 7.678509583028908167e-03 3.280261829244445693e+01 8.494534279119007186e-03 3.280122674999999788e+01 4.063462673117992224e-03 3.419850200438433063e+01 6.383864300563367455e-02 3.419855020410759749e+01 2.068202482360758862e-03
3.052500000000000000e+04 8.050000000000000000e+03 -5.203200000000000000e+04 3.402204278410425076e+01 6.746208473938374028e-02 3.402533825000000434e+01 1.541248505473675340e-02 7.729344194298918280e-01 1.277634855153885092e-02 7.734214999999999840e-01 3.743861075146943593e-03 -9.928617615589729883e-01 1.018052576437832903e-02 -9.918687499999998547e-01 5.455403504401288260e-03 3.280678429520654760e+01 1.002578954122556286e-02 3.280904400000000010e+01 6.674712365837029253e-03 3.404528894879657486e+01 6.741738352549063451e-02 3.404857951400261129e+01 1.532435207850060127e-02
