0.000000000000000000e+00 4.000000000000000000e+03 -7.000000000000000000e+04 3.826039551477500300e+00 2.352365316574671003e-02 3.863305083333333556e+00 1.530949151441412248e-01 3.544177057964557117e-03 4.409925863261407106e-03 2.748250000000081791e-03 4.184317952685558811e-03 -3.676062568064800140e-02 3.894385629141079719e-03 -3.853775000000000256e-02 7.321689666849553156e-03 3.750355318475715016e+00 4.322120440633082580e-03 3.718620750000000807e+00 1.460792431331377761e-01 3.826340275783072897e+00 2.352171103617993475e-02 3.863602988072644351e+00 1.530869284279998965e-01
0.000000000000000000e+00 4.000000000000000000e+03 -6.650000000000000000e+04 3.893775928020329236e+00 2.190644644428768259e-02 3.866344416666665840e+00 1.528793866294236858e-01 -3.493449746987583584e-04 4.290312889161610778e-03 -1.060833333333140562e-03 4.270162259768017950e-03 -8.586022819263515980e-04 4.021777137234623656e-03 -7.825000000000192912e-05 3.900546838362232462e-03 3.583122204916854514e+00 4.906667529720228592e-03 3.704978833333333998e+00 1.473275939574817672e-01 3.893820890649700051e+00 2.190615835433458794e-02 3.866393793646995203e+00 1.528755946129793097e-01
0.000000000000000000e+00 4.000000000000000000e+03 -6.300000000000000000e+04 3.828098265764820152e+00 1.752346914188818855e-02 3.862565249999999839e+00 1.534246578703147568e-01 7.890951007033146850e-03 3.224800146073289638e-03 8.255583333333316176e-03 3.481946060837373420e-03 -1.219068152218110096e-03 3.131786452971669840e-03 -1.997499999999985398e-04 3.214796666657868032e-03 3.652535332506468890e+00 4.246093663498836865e-03 3.702380250000000483e+00 1.483851755428442221e-01 3.828134144681238027e+00 1.752330288649927431e-02 3.862606563971661799e+00 1.534234978510759517e-01
0.000000000000000000e+00 4.000000000000000000e+03 -5.950000000000000000e+04 3.898505634148920596e+00 1.904334462421595001e-02 3.863880000000001314e+00 1.531318273658649198e-01 8.876169509337396638e-03 3.748683218417390994e-03 9.921916666666641405e-03 4.581863719416852734e-03 -2.106214797082075932e-04 3.641807437392770817e-03 7.310833333333289228e-04 6.946511641953314123e-03 3.610849890084878222e+00 4.196961437290613363e-03 3.708943750000000872e+00 1.467898414321255340e-01 3.898597715365250238e+00 1.904283714757716919e-02 3.863995372953624052e+00 1.531226589945440530e-01
0.000000000000000000e+00 4.000000000000000000e+03 -5.600000000000000000e+04 3.871546661411379819e+00 2.383472095773351423e-02 3.864866749999999573e+00 1.537535270971696066e-01 8.806516216645091100e-03 4.276083941622360780e-03 8.944416666666640467e-03 4.560217330111989049e-03 1.525424561310419853e-03 3.928910048637501012e-03 2.778333333333337513e-03 5.751515354120760072e-03 3.638456819480309079e+00 4.411051909251915981e-03 3.712543249999999517e+00 1.479481180736416102e-01 3.871629618715839882e+00 2.383411390931326063e-02 3.864959688032204799e+00 1.537422800813794954e-01
0.000000000000000000e+00 4.000000000000000000e+03 -5.250000000000000000e+04 3.847774541283972560e+00 2.187464361083467021e-02 3.863926333333334018e+00 1.534781332021509237e-01 1.201183626754165519e-02 4.357702619776217083e-03 1.401875000000004333e-02 5.489651250341727289e-03 -1.314223876479429960e-02 4.009696691520263888e-03 -1.216550000000000270e-02 6.811818474667259357e-03 3.690083278376421472e+00 4.880246167429318216e-03 3.708700416666665944e+00 1.457889175412186156e-01 3.847922461845742159e+00 2.187370140836177729e-02 3.864087536958915603e+00 1.534605547572303330e-01
0.000000000000000000e+00 4.000000000000000000e+03 -4.900000000000000000e+04 3.848247177636897831e+00 1.671001703993519119e-02 3.862804166666666816e+00 1.532724497526522511e-01 1.321392620552207936e-02 3.353511349920733874e-03 1.378974999999993400e-02 2.871371016961311862e-03 -9.453987890672102545e-03 3.119521014427729944e-03 -1.019758333333333801e-02 4.527007531334869758e-03 3.680625104693295402e+00 3.906779107864676373e-03 3.708990499999999191e+00 1.456257503554346244e-01 3.848327160592665219e+00 1.670969434907095333e-02 3.862881055529834295e+00 1.532772696775098475e-01
0.000000000000000000e+00 4.000000000000000000e+03 -4.550000000000000000e+04 3.865191686386737491e+00 1.985437749855199427e-02 3.862451749999999961e+00 1.534287673666623053e-01 9.449267986496196273e-03 3.631707334169281733e-03 8.498583333333309398e-03 3.449040961252689431e-03 1.055666603549931847e-03 3.398357744554388916e-03 8.850000000000524114e-05 4.036029063136791807e-03 3.640638937695996447e+00 4.546092140843616125e-03 3.711342750000000024e+00 1.471246580362712553e-01 3.865231623127111771e+00 1.985414983964662108e-02 3.862502837143606982e+00 1.534251018499727670e-01
0.000000000000000000e+00 4.000000000000000000e+03 -4.200000000000000000e+04 3.837709205312627159e+00 2.299406456983574265e-02 3.862433583333332976e+00 1.530581453425590155e-01 3.655766196147164446e-03 4.106581998653126113e-03 6.962666666666746280e-03 7.970288525948632588e-03 -7.435237210317984305e-03 3.770494873691388436e-03 -8.247250000000006312e-03 5.230403695707985801e-03 3.591887625429054598e+00 5.089917214062476304e-03 3.715087083333333151e+00 1.465546839799964363e-01 3.837850052909028697e+00 2.299306497362768598e-02 3.862584992507495318e+00 1.530422759274354116e-01
0.000000000000000000e+00 4.000000000000000000e+03 -3.850000000000000000e+04 3.790754300186674364e+00 2.094237543686932809e-02 3.860643249999999416e+00 1.530908182514412741e-01 1.532056878062170412e-02 4.180869205402218056e-03 1.426941666666673748e-02 4.030372904505067147e-03 -2.737257286915569746e-03 3.879407361535710305e-03 -2.388083333333318459e-03 2.940191715709412294e-03 3.616123849866030859e+00 4.707903915016290429e-03 3.709174250000000672e+00 1.452957973916784440e-01 3.790813214947515331e+00 2.094203097320988458e-02 3.860707555034174732e+00 1.530868313890985655e-01
0.000000000000000000e+00 4.000000000000000000e+03 -3.500000000000000000e+04 3.851969272925832577e+00 1.822472612619794805e-02 3.858419083333333166e+00 1.527365879389553094e-01 1.522042004718302845e-02 3.311341696903945340e-03 1.542749999999992738e-02 5.407716347820494540e-03 -6.605237601655638419e-03 3.189243986467566079e-03 -5.545666666666652748e-03 4.386804858742505281e-03 3.692005646535136520e+00 3.804209956696712972e-03 3.707627749999999001e+00 1.466530334393273682e-01 3.852068901385061750e+00 1.822424229544968369e-02 3.858523764157185898e+00 1.527348940515582953e-01
