0.000000000000000000e+00 4.030000000000000000e+03 -7.000000000000000000e+04 3.382087050781705528e+01 7.664282484500507808e-02 -4.864960851105948336e-02 1.588414238194430644e-02 -2.682131266489236054e-01 2.454900422762586534e-02 1.000000000000000000e+00 3.361493899999999968e+01 4.895119177303040164e-02 1.426881599999999928e+01 3.382196899904327836e+01 7.664058624989814050e-02
0.000000000000000000e+00 4.030000000000000000e+03 -7.000000000000000000e+04 3.381431598785667347e+01 8.567554430629054085e-02 -1.942170467218176100e-01 1.972942004126617549e-02 -2.282653738354571971e-01 2.858235154174913056e-02 1.000000000000000000e+00 3.356955899999999815e+01 4.598140085947795275e-02 4.988625329999999849e+02 3.381564417645698484e+01 8.567247139105028941e-02
0.000000000000000000e+00 4.030000000000000000e+03 -7.000000000000000000e+04 3.376905329197016670e+01 6.805037562854544808e-02 -1.944135394827517516e-01 1.445660848635791848e-02 -2.649679059235934275e-01 3.221308167322760319e-02 1.000000000000000000e+00 3.348622699999999952e+01 6.221890359850453661e-02 5.195597169999999778e+02 3.377065241968868037e+01 6.804767354762249199e-02
0.000000000000000000e+00 4.030000000000000000e+03 -7.000000000000000000e+04 3.381057031839105775e+01 1.029237275883437552e-01 -2.670158441512517911e-01 1.369044129234123740e-02 -2.567135449556312565e-01 2.653647315566559639e-02 1.000000000000000000e+00 3.356861599999999868e+01 7.034689522644194115e-02 1.004166434999999979e+03 3.381259919852447382e+01 1.029178057714427441e-01
0.000000000000000000e+00 4.030000000000000000e+03 -7.000000000000000000e+04 3.377170959361180280e+01 7.505526678453856848e-02 -2.595578617568792268e-01 1.434682015441234720e-02 -2.230641558046235762e-01 3.487659194013498914e-02 1.000000000000000000e+00 3.347571700000000305e+01 6.935763240624640003e-02 1.024856618000000026e+03 3.377344366179522694e+01 7.505184762623332007e-02
0.000000000000000000e+00 4.030000000000000000e+03 -6.650000000000000000e+04 3.381683922614523397e+01 8.736475631110390827e-02 3.265845944620604513e-02 1.407167429789345052e-02 3.423222474887666067e-02 2.411162956242147298e-02 1.000000000000000000e+00 3.354287200000000269e+01 6.018454050667829125e-02 3.758314899999999881e+01 3.381687232236505736e+01 8.736467527456850957e-02
0.000000000000000000e+00 4.030000000000000000e+03 -6.650000000000000000e+04 3.381557946518231006e+01 8.164686049477720697e-02 -1.176513283434390544e-01 1.864875981621336165e-02 2.199391714741627535e-02 2.512329109936785321e-02 1.000000000000000000e+00 3.355151399999999740e+01 3.662718520443524611e-02 4.756672060000000215e+02 3.381579128356324304e+01 8.164637648327294217e-02
0.000000000000000000e+00 4.030000000000000000e+03 -6.650000000000000000e+04 3.381325488320425166e+01 7.693172943686336918e-02 -1.229984213112080838e-01 1.436371566808689916e-02 1.171126114707587984e-02 2.841321143516876632e-02 1.000000000000000000e+00 3.355522399999999550e+01 4.874034588510836596e-02 5.427600439999999935e+02 3.381348061885701384e+01 7.693123421992638378e-02
0.000000000000000000e+00 4.030000000000000000e+03 -6.650000000000000000e+04 3.381571259556747577e+01 8.531263936641490797e-02 -1.931801218535262876e-01 1.386280103812827236e-02 -9.449453985644451492e-03 3.067448155573791399e-02 1.000000000000000000e+00 3.353644900000000462e+01 5.281320005453182115e-02 9.809731080000000247e+02 3.381626570450499969e+01 8.531128115494866770e-02
0.000000000000000000e+00 4.030000000000000000e+03 -6.650000000000000000e+04 3.381668920175491166e+01 8.520017050730283037e-02 -2.322142743137964871e-01 1.683007472620548506e-02 5.030076249147819034e-02 2.612617553789422717e-02 1.000000000000000000e+00 3.358075999999999794e+01 5.736796068364291568e-02 1.048051944999999932e+03 3.381752389226611655e+01 8.519815482331956347e-02
0.000000000000000000e+00 4.030000000000000000e+03 -6.300000000000000000e+04 3.381725361584453537e+01 5.512138515007299067e-02 8.709599374978704844e-02 1.038634327777539917e-02 2.525070716420474426e-02 2.524122692052671590e-02 1.000000000000000000e+00 3.355113099999999804e+01 5.593743608711432280e-02 6.076747600000000205e+01 3.381737520016433507e+01 5.512119668382958054e-02
0.000000000000000000e+00 4.030000000000000000e+03 -6.300000000000000000e+04 3.381267595729272557e+01 6.968739891919632778e-02 -4.880911978759172598e-02 1.189958733575247757e-02 2.296623401363528938e-02 2.474786599114341470e-02 1.000000000000000000e+00 3.356077799999999911e+01 4.940312178395207116e-02 4.524798799999999801e+02 3.381271898518308205e+01 6.968731438376972454e-02
0.000000000000000000e+00 4.030000000000000000e+03 -6.300000000000000000e+04 3.381742414699679955e+01 7.137605347642853038e-02 -5.902731125935112289e-02 1.165060834503220052e-02 3.277220258285873378e-02 2.878838658766207786e-02 1.000000000000000000e+00 3.356891799999999648e+01 4.691240279499654664e-02 5.659593710000000328e+02 3.381749154178380223e+01 7.137591958054180508e-02
0.000000000000000000e+00 4.030000000000000000e+03 -6.300000000000000000e+04 3.381987659552193293e+01 5.370106820110012724e-02 -1.027752139929409836e-01 1.229265181552463039e-02 4.050389558271338952e-02 2.661863430762503521e-02 1.000000000000000000e+00 3.358379500000000206e+01 4.937195027543473530e-02 9.577847819999999501e+02 3.382005701128401398e+01 5.370080418398689992e-02
0.000000000000000000e+00 4.030000000000000000e+03 -6.300000000000000000e+04 3.381799856196020926e+01 6.831879519259281830e-02 -9.942351032340290828e-02 1.010253465568515183e-02 3.011375667831772684e-02 2.440879792130769971e-02 1.000000000000000000e+00 3.357006100000000259e+01 4.747909953863910237e-02 1.071238270999999941e+03 3.381815811970677288e+01 6.831848277063749808e-02
0.000000000000000000e+00 4.030000000000000000e+03 -5.950000000000000000e+04 3.382313344259159038e+01 5.955864367246824220e-02 9.222994255644145767e-02 1.368479299313142723e-02 4.289207026560171165e-02 2.743701493659796500e-02 1.000000000000000000e+00 3.357088099999999997e+01 4.597732556380372537e-02 8.395780200000000093e+01 3.382328638626579931e+01 5.955839621055101368e-02
0.000000000000000000e+00 4.030000000000000000e+03 -5.950000000000000000e+04 3.381957847445770682e+01 8.336633934049686445e-02 7.572741020810624946e-03 1.528908391686012967e-02 3.547922224863153673e-02 2.755288717990064112e-02 1.000000000000000000e+00 3.355575100000000077e+01 4.897802987054501733e-02 4.292925539999999955e+02 3.381959793243587598e+01 8.336629645728811655e-02
0.000000000000000000e+00 4.030000000000000000e+03 -5.950000000000000000e+04 3.381223776575330930e+01 5.862375207036386177e-02 3.224718452746255792e-02 1.246879495580483638e-02 3.536742173740348161e-02 2.689586538006547706e-02 1.000000000000000000e+00 3.356164199999999909e+01 4.594941240103076613e-02 5.891586979999999585e+02 3.381227164009044373e+01 5.862370129543988118e-02
0.000000000000000000e+00 4.030000000000000000e+03 -5.950000000000000000e+04 3.381063853556896248e+01 5.876828482844132645e-02 -5.276783778189386709e-02 1.253243396673373380e-02 -1.280175126888716264e-04 2.451988024425589066e-02 1.000000000000000000e+00 3.357174499999999995e+01 4.971088108251552756e-02 9.345974559999999656e+02 3.381067971283620466e+01 5.876821651077712011e-02
0.000000000000000000e+00 4.030000000000000000e+03 -5.950000000000000000e+04 3.381886508536717884e+01 7.137115933499889320e-02 -1.646842996148745186e-02 1.368641056711748447e-02 4.335078974217232428e-02 2.452653746386747671e-02 1.000000000000000000e+00 3.357897200000000026e+01 5.363668290451974185e-02 1.094427597999999989e+03 3.381889687973905723e+01 7.137109947217243344e-02
0.000000000000000000e+00 4.030000000000000000e+03 -5.600000000000000000e+04 3.381903389005013594e+01 7.771759703476752157e-02 7.854315668856148847e-02 1.408213367432717238e-02 2.303869361157151463e-02 2.726862639224564636e-02 1.000000000000000000e+00 3.355664000000000158e+01 5.518802885590315399e-02 1.071461280000000045e+02 3.381913294372322554e+01 7.771737850736816500e-02
0.000000000000000000e+00 4.030000000000000000e+03 -5.600000000000000000e+04 3.381649832751392637e+01 8.865260273966968363e-02 5.714514275704374313e-02 1.616284741103110600e-02 2.291527800702353179e-02 2.600530707471141595e-02 1.000000000000000000e+00 3.357589699999999766e+01 5.187609333787578103e-02 4.061012269999999944e+02 3.381655437521775553e+01 8.865246176531009492e-02
0.000000000000000000e+00 4.030000000000000000e+03 -5.600000000000000000e+04 3.381728370241192749e+01 8.646482878817127182e-02 2.094725727435609031e-02 1.403032895189221772e-02 4.769841376204675409e-02 2.184493330577874995e-02 1.000000000000000000e+00 3.357179000000000002e+01 4.973718103190006429e-02 6.123590249999999742e+02 3.381732382870765008e+01 8.646473211906070822e-02
0.000000000000000000e+00 4.030000000000000000e+03 -5.600000000000000000e+04 3.381843110732727098e+01 7.254423584988761720e-02 6.716255370031731786e-04 1.558439688867944983e-02 1.095566803824610247e-03 2.824415652080976974e-02 1.000000000000000000e+00 3.353587799999999675e+01 5.514082342511762019e-02 9.114061289999999644e+02 3.381843113174217308e+01 7.254423580394547821e-02
0.000000000000000000e+00 4.030000000000000000e+03 -5.600000000000000000e+04 3.381131597797095623e+01 7.735796395121213864e-02 6.630012821311748183e-02 1.471443616959795114e-02 3.997568156361019920e-02 2.882976440302264381e-02 1.000000000000000000e+00 3.354004499999999922e+01 4.758465956587269730e-02 1.117621924000000035e+03 3.381140461330040381e+01 7.735777405066344981e-02
0.000000000000000000e+00 4.030000000000000000e+03 -5.250000000000000000e+04 3.381785811227081950e+01 6.971741721404138559e-02 9.958766792772344445e-02 1.304482510257420728e-02 1.668493800418069384e-02 2.716901131890036084e-02 1.000000000000000000e+00 3.354602100000000320e+01 6.069867420298404037e-02 1.303394549999999867e+02 3.381800886203149759e+01 6.971711830827924394e-02
0.000000000000000000e+00 4.030000000000000000e+03 -5.250000000000000000e+04 3.381658212344866854e+01 6.897783621436180679e-02 8.453058770055932314e-02 1.315745341281689650e-02 1.472956065990738139e-02 2.758433462808609557e-02 1.000000000000000000e+00 3.358272300000000143e+01 6.092556836008999888e-02 3.829129009999999766e+02 3.381669098081836466e+01 6.897762305917513881e-02
0.000000000000000000e+00 4.030000000000000000e+03 -5.250000000000000000e+04 3.382248271577831389e+01 6.956195716337304491e-02 7.470086275292331379e-02 1.701577189871337700e-02 -2.447571079597365973e-04 2.443638468129049821e-02 1.000000000000000000e+00 3.355990800000000007e+01 5.389149352170526097e-02 6.355603519999999662e+02 3.382256520930848609e+01 6.956179765312536789e-02
0.000000000000000000e+00 4.030000000000000000e+03 -5.250000000000000000e+04 3.380801176796086338e+01 7.996433958620703664e-02 5.740151630201495436e-02 1.408991572126725919e-02 2.860697947125184770e-02 3.098808415357985971e-02 1.000000000000000000e+00 3.358299099999999981e+01 4.863790998799188275e-02 8.882188029999999799e+02 3.380807260102131551e+01 7.996420357864190975e-02
0.000000000000000000e+00 4.030000000000000000e+03 -5.250000000000000000e+04 3.381335344733032855e+01 7.238057171453865513e-02 2.835391334631243154e-02 1.445240159047828619e-02 2.560278589530834426e-02 2.800781768621159878e-02 1.000000000000000000e+00 3.354737699999999734e+01 5.271981082098076143e-02 1.140809250000000020e+03 3.381337502825078190e+01 7.238052963993051037e-02
0.000000000000000000e+00 4.030000000000000000e+03 -4.900000000000000000e+04 3.381064245582132344e+01 5.263167032912063198e-02 7.970680224396531344e-02 1.157272139555624857e-02 2.298459550813514163e-02 2.534508080215166353e-02 1.000000000000000000e+00 3.355500599999999878e+01 4.423569225184567633e-02 1.535267809999999997e+02 3.381074422045959693e+01 5.263152180776986544e-02
0.000000000000000000e+00 4.030000000000000000e+03 -4.900000000000000000e+04 3.381165260974001541e+01 6.828016707286976850e-02 1.073895743181401130e-01 1.383709945793884163e-02 2.179683696790954417e-02 2.609373394307716934e-02 1.000000000000000000e+00 3.356403099999999995e+01 5.182402649350974916e-02 3.597245750000000157e+02 3.381183017561328086e+01 6.827982470889400191e-02
0.000000000000000000e+00 4.030000000000000000e+03 -4.900000000000000000e+04 3.381707513284720790e+01 6.368598040643996816e-02 2.986907461206644854e-02 1.014579453765985725e-02 5.341478561219836774e-02 2.546076917279080712e-02 1.000000000000000000e+00 3.358388899999999921e+01 4.529489336558813889e-02 6.587636790000000246e+02 3.381713050868705750e+01 6.368588944811287567e-02
0.000000000000000000e+00 4.030000000000000000e+03 -4.900000000000000000e+04 3.381399192460922620e+01 6.724654094264481685e-02 7.570250825485214108e-02 8.683946478299618341e-03 2.386392507525736395e-02 2.591627461289956053e-02 1.000000000000000000e+00 3.357351799999999997e+01 5.396168389700232298e-02 8.650254760000000260e+02 3.381408508645789368e+01 6.724636096807222463e-02
0.000000000000000000e+00 4.030000000000000000e+03 -4.900000000000000000e+04 3.380884105164693665e+01 6.543417756266464713e-02 2.076616235102957120e-02 1.292731491669254877e-02 3.043485677951446311e-02 2.304414304638669961e-02 1.000000000000000000e+00 3.356203000000000003e+01 4.727141328540960391e-02 1.163999577000000045e+03 3.380886112795776199e+01 6.543414247670970019e-02
0.000000000000000000e+00 4.030000000000000000e+03 -4.550000000000000000e+04 3.380704844951461041e+01 6.800082676877725052e-02 7.221652916062826222e-02 1.287849716256484270e-02 1.067881398868658627e-02 2.553489789673257793e-02 1.000000000000000000e+00 3.356606299999999976e+01 4.105902235806400957e-02 1.767171069999999986e+02 3.380712726825484538e+01 6.800067427311977386e-02
0.000000000000000000e+00 4.030000000000000000e+03 -4.550000000000000000e+04 3.380680359572178162e+01 6.015990870539678764e-02 8.653417110262928702e-02 1.500083786779617991e-02 4.132822316473405699e-02 2.450009266966995947e-02 1.000000000000000000e+00 3.358054100000000375e+01 5.881745292853134133e-02 3.365312480000000050e+02 3.380693960630724604e+01 6.015968638176588668e-02
0.000000000000000000e+00 4.030000000000000000e+03 -4.550000000000000000e+04 3.380818467781564607e+01 7.070103626081773729e-02 7.139695236829091129e-02 1.232696223187767538e-02 2.607059296739458465e-02 2.482777617468780174e-02 1.000000000000000000e+00 3.355488199999999921e+01 5.083791821072141531e-02 6.819660059999999930e+02 3.380827011856587205e+01 7.070086496898075890e-02
0.000000000000000000e+00 4.030000000000000000e+03 -4.550000000000000000e+04 3.380003070120865516e+01 7.058150460752424249e-02 2.268933530124428444e-02 1.469928495177467466e-02 4.381266201648295611e-02 2.288719439434561825e-02 1.000000000000000000e+00 3.355818999999999619e+01 6.228453028642023936e-02 8.418391500000000178e+02 3.380006671232968074e+01 7.058143633350492940e-02
0.000000000000000000e+00 4.030000000000000000e+03 -4.550000000000000000e+04 3.380539081566170267e+01 6.797391612923392445e-02 2.742874094162139897e-02 1.453164218742269975e-02 2.709517054120032242e-02 2.770836267975045758e-02 1.000000000000000000e+00 3.355209999999999582e+01 4.448181571159162684e-02 1.187191902999999911e+03 3.380541280155770067e+01 6.797387657182611675e-02
0.000000000000000000e+00 4.030000000000000000e+03 -4.200000000000000000e+04 3.380147762438774350e+01 7.113611432450772654e-02 2.681624705537810627e-02 1.398263832804289356e-02 4.024379067004721366e-02 2.443621699849861731e-02 1.000000000000000000e+00 3.357538600000000173e+01 6.084522338688551357e-02 1.999124339999999904e+02 3.380151221862386990e+01 7.113604833442682684e-02
0.000000000000000000e+00 4.030000000000000000e+03 -4.200000000000000000e+04 3.379869726650825612e+01 8.924293317794113056e-02 8.140711418227475349e-02 1.569966796796068084e-02 -8.252058893452630939e-04 2.682766298978203623e-02 1.000000000000000000e+00 3.356753299999999740e+01 5.150368975131781879e-02 3.133419220000000109e+02 3.379879531451197749e+01 8.924268230392880252e-02
0.000000000000000000e+00 4.030000000000000000e+03 -4.200000000000000000e+04 3.379862423122110471e+01 8.443591602504936511e-02 4.576688474813650487e-02 1.506214057589114891e-02 2.403550360834979041e-02 2.659586692106321454e-02 1.000000000000000000e+00 3.355322199999999810e+01 4.731667428084945087e-02 7.051653330000000324e+02 3.379866376406705797e+01 8.443582184555908920e-02
0.000000000000000000e+00 4.030000000000000000e+03 -4.200000000000000000e+04 3.379757480937028902e+01 8.894541816051872163e-02 5.935349922327404215e-02 1.979202411785625088e-02 9.608712943652439331e-03 2.556620332721823777e-02 1.000000000000000000e+00 3.355260700000000185e+01 6.015485098477095505e-02 8.186478240000000142e+02 3.379762829194107354e+01 8.894528449832690697e-02
0.000000000000000000e+00 4.030000000000000000e+03 -4.200000000000000000e+04 3.380169832683449727e+01 8.588445957989020163e-02 2.848906366130776746e-03 1.498055212702717291e-02 4.053146186367785619e-02 2.548282730859407000e-02 1.000000000000000000e+00 3.358134099999999478e+01 6.570949304324298634e-02 1.210381229000000076e+03 3.380172274742803751e+01 8.588440297630302311e-02
0.000000000000000000e+00 4.030000000000000000e+03 -3.850000000000000000e+04 3.379305464475172016e+01 8.453504404480639833e-02 3.575281450177492104e-02 1.699381158341171927e-02 4.710566922676215351e-02 2.623486994841301573e-02 1.000000000000000000e+00 3.354388999999999754e+01 6.079225766493624727e-02 2.230997610000000009e+02 3.379310638918822463e+01 8.453492442572738130e-02
0.000000000000000000e+00 4.030000000000000000e+03 -3.850000000000000000e+04 3.379515149977576982e+01 8.440411834480113229e-02 6.878214696658080385e-02 1.543789751159531203e-02 2.224712492228786420e-02 2.666079638454719319e-02 1.000000000000000000e+00 3.355481199999999831e+01 5.412974782871244478e-02 2.901575960000000123e+02 3.379522881726213512e+01 8.440393291608096205e-02
0.000000000000000000e+00 4.030000000000000000e+03 -3.850000000000000000e+04 3.378992495227630855e+01 8.287604690702829457e-02 4.717210608211797052e-02 1.631587165290005609e-02 1.694447245321775708e-02 2.512273425147309655e-02 1.000000000000000000e+00 3.354603099999999927e+01 4.599487868230548587e-02 7.283586589999999887e+02 3.378996212787465936e+01 8.287595981472088702e-02
0.000000000000000000e+00 4.030000000000000000e+03 -3.850000000000000000e+04 3.378761450293891500e+01 8.193834010205951202e-02 4.473294376816472351e-02 2.067971727471249258e-02 -1.672851451060139438e-02 2.941658355005190295e-02 1.000000000000000000e+00 3.355594999999999573e+01 5.946914505018547487e-02 7.954544969999999466e+02 3.378764825611074940e+01 8.193826411588366054e-02
0.000000000000000000e+00 4.030000000000000000e+03 -3.850000000000000000e+04 3.378989331849692235e+01 7.331180965609568334e-02 1.576816719831430902e-02 1.341498175224663074e-02 2.382755801758122682e-02 2.817444928539483001e-02 1.000000000000000000e+00 3.357247600000000176e+01 4.246112970706267253e-02 1.233571556000000101e+03 3.378990539884686939e+01 7.331178640551366810e-02
0.000000000000000000e+00 4.030000000000000000e+03 -3.500000000000000000e+04 3.378479459501189552e+01 7.582682507096417945e-02 4.677758646141061405e-02 1.270338497091973336e-02 1.885525203455423737e-02 2.614933798278665927e-02 1.000000000000000000e+00 3.356434399999999840e+01 5.755222775879314384e-02 2.462900869999999998e+02 3.378483224007882058e+01 7.582674402455508167e-02
0.000000000000000000e+00 4.030000000000000000e+03 -3.500000000000000000e+04 3.374105379333241217e+01 7.055495504697054110e-02 4.974121737961034739e-02 9.709909788520001972e-03 7.126381619373067799e-03 3.624267712543829956e-02 1.000000000000000000e+00 3.347775899999999893e+01 7.312394254278142824e-02 2.669802700000000186e+02 3.374109121025241365e+01 7.055487867291856952e-02
0.000000000000000000e+00 4.030000000000000000e+03 -3.500000000000000000e+04 3.378681281630159106e+01 6.282470518266750070e-02 3.126442784302341238e-02 1.420975957877672162e-02 1.566435850661834772e-02 2.566223147787958028e-02 1.000000000000000000e+00 3.356399100000000146e+01 5.374750338387820903e-02 7.515619860000000472e+02 3.378683091265556016e+01 6.282467403609323653e-02
0.000000000000000000e+00 4.030000000000000000e+03 -3.500000000000000000e+04 3.374265769880727106e+01 6.157757444393759105e-02 1.201877888074243117e-02 1.074154336089471785e-02 3.232509864875129924e-02 3.517053620329584768e-02 1.000000000000000000e+00 3.348588000000000164e+01 6.139013761997931529e-02 7.722611699999999928e+02 3.374267532283008109e+01 6.157755161820350348e-02
0.000000000000000000e+00 4.030000000000000000e+03 -3.500000000000000000e+04 3.378642224141798067e+01 6.296292378730977690e-02 2.752872047196319727e-02 1.279640788649855261e-02 2.191927590799941372e-02 2.545552549753743107e-02 1.000000000000000000e+00 3.359097700000000231e+01 4.706658713992337151e-02 1.256766883000000007e+03 3.378644056660142780e+01 6.296289266637163096e-02
