0.000000000000000000e+00 4.050000000000000000e+03 -7.000000000000000000e+04 3.396166673709107187e+01 8.577304379429000203e-02 -4.227577425762341079e-02 1.876371531300069159e-02 -2.593110307380182000e-01 2.943450964285752522e-02 1.000000000000000000e+00 3.265091699999999975e+01 5.580594614375783413e-02 1.916009599999999935e+01 3.396268300669117934e+01 8.577077480761739758e-02
0.000000000000000000e+00 4.050000000000000000e+03 -7.000000000000000000e+04 3.395713777617163487e+01 9.633897374370423150e-02 -1.346989129225830695e-01 2.062362492590119611e-02 -2.510561614290744981e-01 3.121453276801709059e-02 1.000000000000000000e+00 3.263023499999999899e+01 6.647476106011965258e-02 5.318764220000000478e+02 3.395833298239530507e+01 9.633589411047679962e-02
0.000000000000000000e+00 4.050000000000000000e+03 -7.000000000000000000e+04 3.391190017095814824e+01 8.529855646672646063e-02 -1.208222232675773000e-01 1.881761544433488073e-02 -2.518452854795956153e-01 3.925046331805278482e-02 1.000000000000000000e+00 3.256803700000000390e+01 7.704015032436009602e-02 5.525806059999999889e+02 3.391305054492274706e+01 8.529618741894119671e-02
0.000000000000000000e+00 4.050000000000000000e+03 -6.650000000000000000e+04 3.383403819726247264e+01 8.061163992967050607e-02 8.750221786939960111e-03 1.332473485337592328e-02 2.318627122764493897e-02 2.812283737350095708e-02 1.000000000000000000e+00 3.252840599999999682e+01 5.729072313210926970e-02 4.386150899999999808e+01 3.383404727346952967e+01 8.061162068252149260e-02
0.000000000000000000e+00 4.050000000000000000e+03 -6.650000000000000000e+04 3.396736461688568909e+01 6.667192970371751959e-02 -8.578648797814381055e-02 1.765525002954904804e-02 3.383896155667243111e-02 2.731247949155581750e-02 1.000000000000000000e+00 3.265883099999999928e+01 4.563411322683941229e-02 5.072700140000000033e+02 3.396748980147483365e+01 6.667170445184689154e-02
0.000000000000000000e+00 4.050000000000000000e+03 -6.650000000000000000e+04 3.396412059359344227e+01 7.089582177964152965e-02 -1.074358319594068689e-01 1.554864840963197242e-02 3.592290302903000665e-02 2.992621754954934848e-02 1.000000000000000000e+00 3.263546000000000191e+01 5.145203149536468901e-02 5.771870139999999765e+02 3.396430951173759638e+01 7.089545156509360901e-02
0.000000000000000000e+00 4.050000000000000000e+03 -6.300000000000000000e+04 3.395978524371800233e+01 5.825343921423992849e-02 5.230569080443547847e-02 1.128103302735932768e-02 5.773058526594032625e-02 2.836164990878496661e-02 1.000000000000000000e+00 3.267032900000000240e+01 4.888443839301009897e-02 6.844891499999999951e+01 3.395987459495709970e+01 5.825330848816128587e-02
0.000000000000000000e+00 4.050000000000000000e+03 -6.300000000000000000e+04 3.394681489018338993e+01 6.570351610025351730e-02 -1.786039597836452941e-02 1.170379096412779187e-02 -2.535794324991513804e-04 3.231877035302745810e-02 1.000000000000000000e+00 3.263860499999999831e+01 6.843908389947954418e-02 4.826696069999999850e+02 3.394681958956426371e+01 6.570350729367026299e-02
0.000000000000000000e+00 4.050000000000000000e+03 -6.300000000000000000e+04 3.396748477714004366e+01 6.759810563043792964e-02 -2.990895975877627677e-02 1.229890298432766149e-02 3.418988691495894461e-02 2.905405616361084534e-02 1.000000000000000000e+00 3.265786700000000309e+01 4.731315464012096628e-02 6.017774200000000064e+02 3.396751515167810709e+01 6.759805237592088345e-02
0.000000000000000000e+00 4.050000000000000000e+03 -5.950000000000000000e+04 3.383560324049844326e+01 7.469781875422244755e-02 3.765930642490111779e-02 1.384430224329217390e-02 1.707687902671684022e-02 2.631462311639115592e-02 1.000000000000000000e+00 3.254115600000000086e+01 4.440359468556571987e-02 9.303832099999999627e+01 3.383562850741192563e+01 7.469776574321967955e-02
0.000000000000000000e+00 4.050000000000000000e+03 -5.950000000000000000e+04 3.396285021533627457e+01 6.556102669275301609e-02 3.376164242111734382e-03 1.585954303071749824e-02 3.114238266843394332e-02 2.735349077995253425e-02 1.000000000000000000e+00 3.264286699999999541e+01 6.291594718352415405e-02 4.580672000000000139e+02 3.396286466121269854e+01 6.556100362359788825e-02
0.000000000000000000e+00 4.050000000000000000e+03 -5.950000000000000000e+04 3.383739189381117995e+01 6.705200464393169801e-02 4.704752622444630106e-03 1.392902485704058946e-02 2.524937197611243356e-02 2.390479482786056140e-02 1.000000000000000000e+00 3.256154599999999988e+01 4.505272488984434637e-02 6.263708269999999629e+02 3.383740164139145179e+01 6.705198772881085234e-02
0.000000000000000000e+00 4.050000000000000000e+03 -5.600000000000000000e+04 3.395484095473059938e+01 8.925077559296822061e-02 6.041262490247056860e-02 1.763286881697004663e-02 1.429468799261190970e-02 3.440033139865309592e-02 1.000000000000000000e+00 3.263147200000000225e+01 6.468425910528774470e-02 1.176267280000000000e+02 3.395489770687584752e+01 8.925063310823609652e-02
0.000000000000000000e+00 4.050000000000000000e+03 -5.600000000000000000e+04 3.382656581678995167e+01 1.028179530937786967e-01 4.103266948343353704e-02 1.666306724393928559e-02 1.399787279282482810e-02 2.237927864408236628e-02 1.000000000000000000e+00 3.254224399999999662e+01 6.353836264808844503e-02 4.334547919999999976e+02 3.382659359997737880e+01 1.028178710489830866e-01
0.000000000000000000e+00 4.050000000000000000e+03 -5.600000000000000000e+04 3.387449316114564368e+01 1.019377050946917301e-01 1.797548334619847310e-02 1.822219263524366487e-02 1.758644262539887926e-02 6.001382556204640922e-02 1.000000000000000000e+00 3.255469599999999986e+01 6.905053445846744131e-02 6.509782340000000431e+02 3.387450249561561577e+01 1.019376822248667103e-01
0.000000000000000000e+00 4.050000000000000000e+03 -5.250000000000000000e+04 3.382798254573393137e+01 8.880489830006153829e-02 6.143276551863241508e-02 1.242068195927128679e-02 3.199909571944659081e-02 2.845935363957447645e-02 1.000000000000000000e+00 3.253126699999999971e+01 5.838466793602580668e-02 1.422131339999999966e+02 3.382805346219740272e+01 8.880471907629729211e-02
0.000000000000000000e+00 4.050000000000000000e+03 -5.250000000000000000e+04 3.394035242213610104e+01 8.646620313861716478e-02 7.573757895050992062e-02 1.686656740330642890e-02 6.705588330363387861e-03 3.227610186842753970e-02 1.000000000000000000e+00 3.260085899999999981e+01 6.106939784376459734e-02 4.088463849999999979e+02 3.394043758828957635e+01 8.646599459715699487e-02
0.000000000000000000e+00 4.050000000000000000e+03 -5.250000000000000000e+04 3.392919093852660239e+01 7.332923202379627858e-02 3.172046036668252356e-02 1.699283518601409082e-02 2.584099805193162958e-02 4.343891000176238609e-02 1.000000000000000000e+00 3.260513100000000009e+01 7.714639502270990989e-02 6.755786409999999478e+02 3.392921560672721881e+01 7.332918789390290015e-02
0.000000000000000000e+00 4.050000000000000000e+03 -4.900000000000000000e+04 3.396128551122576056e+01 6.115106523482531642e-02 5.525643112693856551e-02 1.343197282537499267e-02 2.467674093650840117e-02 2.761617909241838656e-02 1.000000000000000000e+00 3.265165299999999604e+01 5.010787932052204047e-02 1.668065410000000099e+02 3.396133942867561473e+01 6.115097534811878704e-02
0.000000000000000000e+00 4.050000000000000000e+03 -4.900000000000000000e+04 3.382864557016893059e+01 6.573333457024194137e-02 4.280557451617994502e-02 1.260136510071133489e-02 2.427790876686020116e-02 2.633593966189951702e-02 1.000000000000000000e+00 3.254102699999999970e+01 4.260702154574994710e-02 3.842399770000000103e+02 3.382868136428279371e+01 6.573326966908377145e-02
0.000000000000000000e+00 4.050000000000000000e+03 -4.900000000000000000e+04 3.395522849046321312e+01 5.866886481301258893e-02 4.194352785893862290e-03 1.111989968560314103e-02 3.531437229762990349e-02 3.021000164737793273e-02 1.000000000000000000e+00 3.265682799999999730e+01 5.627297025215569071e-02 7.001770480000000134e+02 3.395524711347350433e+01 5.866884106475793448e-02
0.000000000000000000e+00 4.050000000000000000e+03 -4.550000000000000000e+04 3.395241931421342940e+01 6.717386996650062669e-02 2.153081301310955098e-02 1.121016430313128039e-02 3.828488935495688583e-02 2.933704322218699465e-02 1.000000000000000000e+00 3.266478099999999785e+01 5.628614317929413885e-02 1.914019470000000069e+02 3.395244772614833551e+01 6.717382227597773481e-02
0.000000000000000000e+00 4.050000000000000000e+03 -4.550000000000000000e+04 3.383538086057968997e+01 6.480461732566224209e-02 3.363316330564103396e-02 1.420991675869358317e-02 1.778828099112905736e-02 4.573313188472309665e-02 1.000000000000000000e+00 3.252345400000000097e+01 5.603232384972087893e-02 3.596395699999999920e+02 3.383540225256819411e+01 6.480458235332474393e-02
0.000000000000000000e+00 4.050000000000000000e+03 -4.550000000000000000e+04 3.395275397925048111e+01 7.215185523361890285e-02 1.595992861365580495e-02 1.439908638398099301e-02 2.498110811348636107e-02 2.795914381116763187e-02 1.000000000000000000e+00 3.268119699999999739e+01 5.211698199243697260e-02 7.247684550000000172e+02 3.395276692039388422e+01 7.215183098284855268e-02
0.000000000000000000e+00 4.050000000000000000e+03 -4.200000000000000000e+04 3.390217954342768536e+01 8.012507767340056042e-02 2.007921796190714758e-02 1.802450362144745327e-02 1.448959861910541214e-02 4.460359065178445825e-02 1.000000000000000000e+00 3.258999200000000229e+01 7.021001382281590042e-02 2.159933540000000107e+02 3.390218858596401930e+01 8.012505928102409136e-02
0.000000000000000000e+00 4.050000000000000000e+03 -4.200000000000000000e+04 3.394311909912907765e+01 9.093737327010710525e-02 -4.278952384650480667e-03 2.075238716076462792e-02 4.573214886050842864e-03 3.010304152179549969e-02 1.000000000000000000e+00 3.268538900000000069e+01 5.396440428652946736e-02 3.350351630000000114e+02 3.394311967691521659e+01 9.093737185022993108e-02
0.000000000000000000e+00 4.050000000000000000e+03 -4.200000000000000000e+04 3.381896188789149704e+01 7.793451910827781104e-02 -2.533641046918599926e-02 1.483416051104207746e-02 1.909127779832966998e-02 2.629909700529884514e-02 1.000000000000000000e+00 3.252856500000000040e+01 4.351378747018006671e-02 7.493578609999999571e+02 3.381897676727137991e+01 7.793448702577869536e-02
0.000000000000000000e+00 4.050000000000000000e+03 -3.850000000000000000e+04 3.393569159876751229e+01 8.947502142773561262e-02 -1.075839878703632735e-04 1.588233124503502305e-02 1.372114891933563785e-02 2.990537372662712551e-02 1.000000000000000000e+00 3.266407099999999986e+01 5.121032869451239838e-02 2.405767600000000073e+02 3.393569437285999868e+01 8.947501493058646060e-02
0.000000000000000000e+00 4.050000000000000000e+03 -3.850000000000000000e+04 3.381239736580894828e+01 8.516039010681153432e-02 2.030592036411515977e-02 1.402281360001612388e-02 4.247778525308235076e-02 3.773315406369946723e-02 1.000000000000000000e+00 3.252751100000000406e+01 4.903867341191031626e-02 3.104397559999999885e+02 3.381243014508134337e+01 8.516032115812373349e-02
0.000000000000000000e+00 4.050000000000000000e+03 -3.850000000000000000e+04 3.394158111563196911e+01 6.922853982462617850e-02 -2.869231978511788128e-02 1.405563021311451860e-02 2.361685245696697188e-02 2.993666180559099652e-02 1.000000000000000000e+00 3.265397699999999759e+01 4.887813132680094569e-02 7.739512680000000273e+02 3.394160145947682139e+01 6.922850248402369344e-02
0.000000000000000000e+00 4.050000000000000000e+03 -3.500000000000000000e+04 3.391309941441073761e+01 7.061648651053063774e-02 -1.084313841932527112e-03 1.017920905781503557e-02 3.600760789741641599e-02 4.045210541943820154e-02 1.000000000000000000e+00 3.260953699999999600e+01 6.095873975895499397e-02 2.651691670000000158e+02 3.391311854747759469e+01 7.061645973263934450e-02
0.000000000000000000e+00 4.050000000000000000e+03 -3.500000000000000000e+04 3.388523872832136163e+01 6.998444783980946327e-02 1.301751337230339090e-02 1.214751086702994115e-02 4.806681342055318940e-02 3.651286191593831193e-02 1.000000000000000000e+00 3.256146599999999580e+01 7.519159668473598956e-02 2.858613510000000133e+02 3.388527532055091740e+01 6.998439158608392441e-02
0.000000000000000000e+00 4.050000000000000000e+03 -3.500000000000000000e+04 3.392564626382795723e+01 5.931674760995239021e-02 -2.347822445975467076e-02 1.146793633224150143e-02 2.622307096701098628e-02 2.770802741547769357e-02 1.000000000000000000e+00 3.265532799999999725e+01 5.125504636618720411e-02 7.985556749999999511e+02 3.392566452252422238e+01 5.931672008324583717e-02
