0.000000000000000000e+00 4.150000000000000000e+03 -7.000000000000000000e+04 3.382273048511202518e+01 8.452611677622699771e-02 3.089758002952613936e-02 1.404420173290735208e-02 -2.369359901880545571e-01 2.517576855663081550e-02 1.000000000000000000e+00 3.250650100000000009e+01 5.490912499758123649e-02 9.863564000000000220e+00 3.382357448278381185e+01 8.452419255774161477e-02
0.000000000000000000e+00 4.150000000000000000e+03 -7.000000000000000000e+04 3.381355189291532071e+01 8.077644978116417518e-02 -5.913011996947652449e-01 1.550422318376394604e-02 -2.149434282433686505e-01 2.490378929438446381e-02 1.000000000000000000e+00 3.249618900000000110e+01 5.242062529195927467e-02 4.944752829999999904e+02 3.381940462812707437e+01 8.076308075822558052e-02
0.000000000000000000e+00 4.150000000000000000e+03 -7.000000000000000000e+04 3.377112306350043980e+01 8.578290826811584002e-02 -5.808385756447407289e-01 1.535616156810195448e-02 -2.193348181681522568e-01 3.683361437543665462e-02 1.000000000000000000e+00 3.241695899999999853e+01 6.544399814345086552e-02 5.151644659999999476e+02 3.377682984211971728e+01 8.576915480635052824e-02
0.000000000000000000e+00 4.150000000000000000e+03 -7.000000000000000000e+04 3.381758783008490354e+01 1.029247249134175313e-01 -5.814257874273875970e-01 1.570501225227390052e-02 -2.284089794282442298e-01 2.299951057421124531e-02 1.000000000000000000e+00 3.252740699999999663e+01 4.198613718836254061e-02 9.996471770000000561e+02 3.382335691875771744e+01 1.029076408647481428e-01
0.000000000000000000e+00 4.150000000000000000e+03 -7.000000000000000000e+04 3.376856573988634125e+01 8.248882985638399112e-02 -5.790545250410747968e-01 1.414616615308611318e-02 -2.275110522264660595e-01 3.608192569824698881e-02 1.000000000000000000e+00 3.241172499999999701e+01 7.449138527373483365e-02 1.020336360000000013e+03 3.377429640349124185e+01 8.247554829224815198e-02
0.000000000000000000e+00 4.150000000000000000e+03 -6.650000000000000000e+04 3.381610694682113660e+01 7.068546563339184186e-02 1.171010813420192420e-01 1.455691188805426431e-02 1.973670196671273303e-02 2.489106205998463037e-02 1.000000000000000000e+00 3.250193999999999761e+01 5.451960239216716714e-02 3.316589700000000107e+01 3.381631545924985005e+01 7.068504925177430953e-02
0.000000000000000000e+00 4.150000000000000000e+03 -6.650000000000000000e+04 3.381909657351583576e+01 8.620047635523658824e-02 -2.202454708625944946e-01 1.301660596863900808e-02 4.271492660444575762e-03 2.580527349569252185e-02 1.000000000000000000e+00 3.250807000000000357e+01 5.575549015119497104e-02 4.712879560000000083e+02 3.381981400542994720e+01 8.619868949589862273e-02
0.000000000000000000e+00 4.150000000000000000e+03 -6.650000000000000000e+04 3.381527297102130802e+01 8.243519732989490478e-02 -4.948545162595143765e-01 1.345796331402590584e-02 -4.574057472588988205e-03 2.606247449149102710e-02 1.000000000000000000e+00 3.253127599999999831e+01 5.907312435448119903e-02 5.383537919999999986e+02 3.381889395026023948e+01 8.242660632537672505e-02
0.000000000000000000e+00 4.150000000000000000e+03 -6.650000000000000000e+04 3.382143928540999411e+01 8.641302342561554828e-02 -3.585359089324953175e-01 1.671163421715299302e-02 2.008518550608617836e-02 2.858677913365018086e-02 1.000000000000000000e+00 3.252879800000000188e+01 4.723227122423819674e-02 9.764568500000000313e+02 3.382334558776445732e+01 8.640833639463732507e-02
0.000000000000000000e+00 4.150000000000000000e+03 -6.650000000000000000e+04 3.381964429816397910e+01 7.244445673772610672e-02 -4.352091098055588247e-01 1.422516423825661430e-02 2.521293927018719572e-02 2.778761210270425802e-02 1.000000000000000000e+00 3.252755100000000255e+01 5.696136172880701676e-02 1.043516685999999936e+03 3.382245383049401966e+01 7.243867321025192207e-02
0.000000000000000000e+00 4.150000000000000000e+03 -6.300000000000000000e+04 3.381860661835272452e+01 6.957296623267804347e-02 1.404951131187832658e-01 1.091719700422528680e-02 3.391891478636233082e-02 2.702652732330914839e-02 1.000000000000000000e+00 3.249331399999999803e+01 4.192304905418974686e-02 5.635422299999999751e+01 3.381891546126932013e+01 6.957235093810960891e-02
0.000000000000000000e+00 4.150000000000000000e+03 -6.300000000000000000e+04 3.382541713382310888e+01 5.601207247166713893e-02 -2.836455304186458193e-02 8.860303354986482846e-03 3.198478652235858810e-02 2.521578870244442841e-02 1.000000000000000000e+00 3.249989500000000220e+01 4.604772334220227220e-02 4.480956300000000283e+02 3.382544414862238114e+01 5.601203330519603091e-02
0.000000000000000000e+00 4.150000000000000000e+03 -6.300000000000000000e+04 3.381314030837776130e+01 7.671463313607410073e-02 -2.115268334649584858e-01 1.212903625154126107e-02 2.785933718964128669e-02 2.721186732670803285e-02 1.000000000000000000e+00 3.252295699999999812e+01 4.459403530742648419e-02 5.615411179999999831e+02 3.381381340898990118e+01 7.671314684716339094e-02
0.000000000000000000e+00 4.150000000000000000e+03 -6.300000000000000000e+04 3.382321622522523796e+01 6.268487664177027630e-02 -1.981473187349749310e-01 1.127545369600793657e-02 2.533980721899098398e-02 2.674312946076480221e-02 1.000000000000000000e+00 3.251135399999999720e+01 5.606124715879945430e-02 9.532655240000000276e+02 3.382380611764577338e+01 6.268382141245439076e-02
0.000000000000000000e+00 4.150000000000000000e+03 -6.300000000000000000e+04 3.382005953100097884e+01 6.779152278905556384e-02 -2.150541478866427880e-01 1.095767212530128314e-02 -3.954309163157199158e-03 2.383780471300483289e-02 1.000000000000000000e+00 3.250809000000000282e+01 5.555227277078769732e-02 1.066705011999999897e+03 3.382074349572366145e+01 6.779018768980252241e-02
0.000000000000000000e+00 4.150000000000000000e+03 -5.950000000000000000e+04 3.381696475659250467e+01 7.685431509929198379e-02 1.527859947627323578e-01 1.259008755874032638e-02 2.994194579291986624e-02 2.387276904512742465e-02 1.000000000000000000e+00 3.249490300000000076e+01 4.415335695051963300e-02 7.954555000000000575e+01 3.381732315587579762e+01 7.685352454644830966e-02
0.000000000000000000e+00 4.150000000000000000e+03 -5.950000000000000000e+04 3.382196200248201023e+01 6.873506968891149316e-02 9.390893663653532286e-02 9.691618860333929900e-03 1.016592288829476498e-02 2.227821340966329097e-02 1.000000000000000000e+00 3.251557100000000133e+01 4.252217421534321834e-02 4.248993029999999749e+02 3.382209390223652434e+01 6.873480722877248206e-02
0.000000000000000000e+00 4.150000000000000000e+03 -5.950000000000000000e+04 3.381472167617016567e+01 6.241832660186901610e-02 1.781389419070311675e-02 1.063244628107956440e-02 2.461697458237921410e-02 2.223239290545145699e-02 1.000000000000000000e+00 3.250384300000000337e+01 4.717213045856631648e-02 5.847344450000000506e+02 3.381473532895261513e+01 6.241830375003602077e-02
0.000000000000000000e+00 4.150000000000000000e+03 -5.950000000000000000e+04 3.382224476281417935e+01 7.864169772506970912e-02 -1.893077577386659271e-02 1.119670674457424846e-02 3.099642138766278698e-02 2.411849775576358976e-02 1.000000000000000000e+00 3.251923599999999936e+01 4.768056942822725824e-02 9.300801979999999958e+02 3.382226426406312214e+01 7.864165573777215368e-02
0.000000000000000000e+00 4.150000000000000000e+03 -5.950000000000000000e+04 3.382341126301708556e+01 5.103644345894699230e-02 -1.928004734299548772e-02 1.279072643624511695e-02 3.308847149404625654e-02 2.392732867026420643e-02 1.000000000000000000e+00 3.251867000000000019e+01 5.827702536162943092e-02 1.089897339000000102e+03 3.382343294277448109e+01 5.103641663477906376e-02
0.000000000000000000e+00 4.150000000000000000e+03 -5.600000000000000000e+04 3.382394924493200250e+01 9.066424333566341920e-02 1.877409417571467287e-01 1.474773893600364420e-02 1.931282949601687005e-02 2.776927119402118616e-02 1.000000000000000000e+00 3.251858000000000004e+01 4.510207016313109302e-02 1.027288759999999996e+02 3.382447578559542478e+01 9.066287031789256601e-02
0.000000000000000000e+00 4.150000000000000000e+03 -5.600000000000000000e+04 3.381735228696901885e+01 7.021253060396451251e-02 1.601945075071222746e-01 1.502049069084289250e-02 -1.089314803730734305e-02 2.643537523080862622e-02 1.000000000000000000e+00 3.251659899999999936e+01 5.078681391857536170e-02 4.017069759999999974e+02 3.381773346399604918e+01 7.021177577129800174e-02
0.000000000000000000e+00 4.150000000000000000e+03 -5.600000000000000000e+04 3.382025071309750786e+01 8.570402737482096800e-02 1.208143553414258164e-01 1.385455734708917683e-02 6.067161197335790845e-02 2.698308589565243110e-02 1.000000000000000000e+00 3.251882400000000217e+01 5.035838220197308424e-02 6.079187709999999925e+02 3.382052092221124440e+01 8.570337060231245085e-02
0.000000000000000000e+00 4.150000000000000000e+03 -5.600000000000000000e+04 3.382245453751211528e+01 7.751508254865793757e-02 7.324301612188488519e-02 1.403034124955612923e-02 -8.879201593481322874e-03 2.503971644998697829e-02 1.000000000000000000e+00 3.253577599999999848e+01 5.596062945500166613e-02 9.068888709999999946e+02 3.382253500732470997e+01 7.751490435969515813e-02
0.000000000000000000e+00 4.150000000000000000e+03 -5.600000000000000000e+04 3.381275170617161763e+01 7.326942389325834248e-02 1.091140508235941553e-01 1.537511133632033650e-02 6.216286993745445688e-02 2.655757750145482099e-02 1.000000000000000000e+00 3.249047699999999850e+01 5.903567226685912939e-02 1.113083665000000110e+03 3.381298490286975067e+01 7.326895164532705451e-02
0.000000000000000000e+00 4.150000000000000000e+03 -5.250000000000000000e+04 3.381949445369691176e+01 8.835122370406900405e-02 1.806933533318817453e-01 1.210672380346166678e-02 -9.723454674651854646e-03 2.839286395804849900e-02 1.000000000000000000e+00 3.250384900000000243e+01 5.721816708004547752e-02 1.259212019999999939e+02 3.381997855908760187e+01 8.834998308404787282e-02
0.000000000000000000e+00 4.150000000000000000e+03 -5.250000000000000000e+04 3.381323821559792719e+01 6.097444047932042144e-02 1.646830517814379391e-01 1.265349806064119086e-02 1.142783087914378548e-03 2.542910785031912008e-02 1.000000000000000000e+00 3.249810100000000546e+01 4.903033702719164499e-02 3.785156499999999937e+02 3.381363926640060669e+01 6.097374843371163033e-02
0.000000000000000000e+00 4.150000000000000000e+03 -5.250000000000000000e+04 3.381757100708649943e+01 8.205983199141983486e-02 1.180927032378304986e-01 1.358447057925375907e-02 2.088300278025362333e-02 2.805604873501148927e-02 1.000000000000000000e+00 3.252159499999999781e+01 4.605117880141614689e-02 6.311090970000000198e+02 3.381778364715376028e+01 8.205933155448678906e-02
0.000000000000000000e+00 4.150000000000000000e+03 -5.250000000000000000e+04 3.381430934496071927e+01 7.177594978655442437e-02 1.030919992736194502e-01 1.182587308254233992e-02 1.858459947461799100e-02 2.825884950017637509e-02 1.000000000000000000e+00 3.251229200000000219e+01 5.192038691111613979e-02 8.837005450000000337e+02 3.381447160350653292e+01 7.177561610576868589e-02
0.000000000000000000e+00 4.150000000000000000e+03 -5.250000000000000000e+04 3.381588695624446217e+01 7.978345910047866807e-02 9.344517865847556948e-02 1.562548996610419252e-02 9.592058139900827562e-03 2.522354125180335110e-02 1.000000000000000000e+00 3.252110900000000271e+01 4.081533409149066399e-02 1.136274991000000000e+03 3.381601742734495986e+01 7.978316327978580980e-02
0.000000000000000000e+00 4.150000000000000000e+03 -4.900000000000000000e+04 3.381839918564248393e+01 6.527963193980343415e-02 1.847502619685439385e-01 1.123557515319875515e-02 4.596953991356117486e-02 2.583149557769776061e-02 1.000000000000000000e+00 3.251420499999999691e+01 5.284484369359038897e-02 1.491095290000000091e+02 3.381893507101253249e+01 6.527863583648672863e-02
0.000000000000000000e+00 4.150000000000000000e+03 -4.900000000000000000e+04 3.380927213872124071e+01 5.299715794694716958e-02 1.886147604664261124e-01 1.305277937643669305e-02 7.321846336098447594e-03 2.375612380200953569e-02 1.000000000000000000e+00 3.250992800000000216e+01 5.473013129894720163e-02 3.553293239999999855e+02 3.380979904831455229e+01 5.299638228726700345e-02
0.000000000000000000e+00 4.150000000000000000e+03 -4.900000000000000000e+04 3.381012341061871496e+01 7.640192522087509153e-02 9.910893878079729546e-02 1.513970246723963034e-02 3.137495778840315719e-02 2.429911452599183008e-02 1.000000000000000000e+00 3.249018900000000087e+01 5.375656265982786675e-02 6.542994240000000445e+02 3.381028322878987780e+01 7.640158029266527762e-02
0.000000000000000000e+00 4.150000000000000000e+03 -4.900000000000000000e+04 3.381520773787773493e+01 6.852713633345522415e-02 9.701985203243079781e-02 1.325971690319221324e-02 2.363235719938761026e-02 2.361558630615043231e-02 1.000000000000000000e+00 3.249373599999999840e+01 5.498722539826864097e-02 8.605132190000000492e+02 3.381535517624828202e+01 6.852685009581538367e-02
0.000000000000000000e+00 4.150000000000000000e+03 -4.900000000000000000e+04 3.381478057780699231e+01 5.088412855179730299e-02 6.583771648633351958e-02 9.869672560389156427e-03 2.218919190782142614e-02 2.783739743716837772e-02 1.000000000000000000e+00 3.251998199999999883e+01 4.829291978126814405e-02 1.159466318000000001e+03 3.381485195133024746e+01 5.088402805719546840e-02
0.000000000000000000e+00 4.150000000000000000e+03 -4.550000000000000000e+04 3.380722925623419428e+01 8.012124881988762215e-02 1.661347489831985769e-01 1.238538761459296970e-02 4.059849957614103388e-02 2.578828059754946153e-02 1.000000000000000000e+00 3.250561700000000087e+01 4.272532553416064777e-02 1.723018549999999891e+02 3.380766183835500271e+01 8.012025273979582474e-02
0.000000000000000000e+00 4.150000000000000000e+03 -4.550000000000000000e+04 3.380664488696253045e+01 7.154216635221306853e-02 1.687945225168450136e-01 1.121319762796225798e-02 1.659327728381343459e-02 2.381634998459113833e-02 1.000000000000000000e+00 3.251661399999999702e+01 4.348981733693531998e-02 3.321359969999999748e+02 3.380707034690927770e+01 7.154128885991922759e-02
0.000000000000000000e+00 4.150000000000000000e+03 -4.550000000000000000e+04 3.381205469459710145e+01 6.947009300254648745e-02 8.422374655125075549e-02 9.086221019146224764e-03 6.551826113597417067e-02 2.558677683509135228e-02 1.000000000000000000e+00 3.249435100000000176e+01 5.304344028247036380e-02 6.774897499999999582e+02 3.381222307025154805e+01 6.946976843956204073e-02
0.000000000000000000e+00 4.150000000000000000e+03 -4.550000000000000000e+04 3.380728734327358609e+01 7.477579074663430470e-02 1.116615906231697153e-01 1.321908239220833357e-02 1.952666391383875433e-02 2.683519656949747215e-02 1.000000000000000000e+00 3.252111299999999972e+01 3.722987565114876940e-02 8.373288929999999937e+02 3.380747738462736152e+01 7.477538476389354594e-02
0.000000000000000000e+00 4.150000000000000000e+03 -4.550000000000000000e+04 3.380886528241592259e+01 6.918939682092392629e-02 7.003642581769220499e-02 1.055256282012451488e-02 8.944328964507919366e-03 2.759744088650336463e-02 1.000000000000000000e+00 3.250532900000000325e+01 5.329763132635446238e-02 1.182654643999999962e+03 3.380893900711039635e+01 6.918924978313453766e-02
0.000000000000000000e+00 4.150000000000000000e+03 -4.200000000000000000e+04 3.380852938755124626e+01 8.690250130603756340e-02 1.214777768524957224e-01 1.562896326901616270e-02 3.933839296315435469e-02 2.837226869479926236e-02 1.000000000000000000e+00 3.253232399999999558e+01 3.797878456454339968e-02 1.954901810000000069e+02 3.380877051459201255e+01 8.690190592461301267e-02
0.000000000000000000e+00 4.150000000000000000e+03 -4.200000000000000000e+04 3.380293720894486853e+01 7.532102398695315892e-02 1.630065466183658884e-01 1.347628133854776589e-02 5.465425846817034000e-02 2.438476288261043692e-02 1.000000000000000000e+00 3.250674899999999923e+01 4.151375391361277617e-02 3.089446710000000280e+02 3.380337441993148673e+01 7.532008814193273671e-02
0.000000000000000000e+00 4.150000000000000000e+03 -4.200000000000000000e+04 3.380454376480822276e+01 5.644662565533559856e-02 8.668280853796428431e-02 1.627263691915121699e-02 3.111184409130021700e-02 2.990579283055183960e-02 1.000000000000000000e+00 3.250109700000000146e+01 3.958878002666917084e-02 7.006820770000000493e+02 3.380466921895514076e+01 5.644643830658796491e-02
0.000000000000000000e+00 4.150000000000000000e+03 -4.200000000000000000e+04 3.380280911634243068e+01 9.004952948444040761e-02 8.159950120576731081e-02 1.592116769131944956e-02 3.900665550554598127e-02 2.534402621873212830e-02 1.000000000000000000e+00 3.251914699999999669e+01 5.197201628761385223e-02 8.141395659999999452e+02 3.380293011195411168e+01 9.004922010824563394e-02
0.000000000000000000e+00 4.150000000000000000e+03 -4.200000000000000000e+04 3.380701390450651189e+01 6.980398970403785264e-02 7.593348648803122103e-02 1.453316353580249437e-02 2.545784804091556774e-02 2.970707375424576704e-02 1.000000000000000000e+00 3.250685800000000114e+01 5.551079888634282561e-02 1.205842969999999923e+03 3.380710876629193962e+01 6.980380505301973793e-02
0.000000000000000000e+00 4.150000000000000000e+03 -3.850000000000000000e+04 3.379423930276009003e+01 8.935353385921093738e-02 1.454819522163486312e-01 1.646972678104542676e-02 1.614681162933651049e-02 2.512327899834253947e-02 1.000000000000000000e+00 3.252841999999999700e+01 4.631759891229250692e-02 2.186805080000000032e+02 3.379455630379190723e+01 8.935272463731744330e-02
0.000000000000000000e+00 4.150000000000000000e+03 -3.850000000000000000e+04 3.379810184036239917e+01 8.945620925934127943e-02 8.979110527066591629e-02 1.418064401853602781e-02 2.218922503321246742e-02 2.407328235136415098e-02 1.000000000000000000e+00 3.251639999999999731e+01 4.854303958344594744e-02 2.857563440000000128e+02 3.379822839759210495e+01 8.945588362022556528e-02
0.000000000000000000e+00 4.150000000000000000e+03 -3.850000000000000000e+04 3.379237418620225952e+01 7.172526087235082948e-02 8.956580504344113791e-02 1.307713153087517767e-02 3.236345972823742589e-02 2.889206021933031845e-02 1.000000000000000000e+00 3.251054899999999748e+01 4.134150814859081230e-02 7.238734030000000530e+02 3.379250837933265217e+01 7.172498975683078148e-02
0.000000000000000000e+00 4.150000000000000000e+03 -3.850000000000000000e+04 3.379019808510003031e+01 8.606912600763577670e-02 5.704803182212447865e-02 1.341709236101973172e-02 4.294247436665647732e-02 2.486227022734606440e-02 1.000000000000000000e+00 3.248783399999999943e+01 6.230720308278971109e-02 7.909472399999999652e+02 3.379027352899554870e+01 8.606894262061005885e-02
0.000000000000000000e+00 4.150000000000000000e+03 -3.850000000000000000e+04 3.378640955101612064e+01 6.799386361959296188e-02 6.694947825806796260e-02 1.546517020428371698e-02 1.576414516909148411e-02 2.955449070162992353e-02 1.000000000000000000e+00 3.248726899999999773e+01 5.299710733615561886e-02 1.229037297000000081e+03 3.378647956046775391e+01 6.799373103271695584e-02
0.000000000000000000e+00 4.150000000000000000e+03 -3.500000000000000000e+04 3.378306873057337611e+01 6.542888353792203349e-02 1.349016608423347918e-01 1.384161945823799214e-02 1.132045674575329897e-02 2.574851968083530923e-02 1.000000000000000000e+00 3.250448399999999793e+01 5.031595393113400677e-02 2.418718340000000069e+02 3.378333996906587089e+01 6.542838213940820047e-02
0.000000000000000000e+00 4.150000000000000000e+03 -3.500000000000000000e+04 3.374298884733116921e+01 6.318549849916085814e-02 1.452355779849767714e-01 1.109120907218530058e-02 1.827161275516631100e-05 3.427100046292222424e-02 1.000000000000000000e+00 3.242324700000000348e+01 6.159013537897119889e-02 2.625640179999999759e+02 3.374330140523541388e+01 6.318493125739768623e-02
0.000000000000000000e+00 4.150000000000000000e+03 -3.500000000000000000e+04 3.378736964891377426e+01 6.382655109447936403e-02 7.774933235238901119e-02 1.061302409234900733e-02 1.307197140644647537e-02 2.463040967988627816e-02 1.000000000000000000e+00 3.249882600000000110e+01 4.611831414958703773e-02 7.470637299999999641e+02 3.378746163338490760e+01 6.382638271391700979e-02
0.000000000000000000e+00 4.150000000000000000e+03 -3.500000000000000000e+04 3.374209458508074988e+01 5.321840650015640523e-02 5.109305596693225482e-02 1.197343185830534659e-02 1.724838412281337607e-02 3.405341476443486670e-02 1.000000000000000000e+00 3.242017400000000293e+01 7.551614255243709051e-02 7.677569130000000541e+02 3.374213767673379749e+01 5.321834447090700165e-02
0.000000000000000000e+00 4.150000000000000000e+03 -3.500000000000000000e+04 3.378836771218448121e+01 6.747613825951069566e-02 4.588779374279727818e-02 1.266630045384694279e-02 1.336865665566813743e-02 2.660417738619772626e-02 1.000000000000000000e+00 3.251649899999999604e+01 5.105746262790582246e-02 1.252225623000000041e+03 3.378840151685761839e+01 6.747607376460786066e-02
