4.525000000000000000e+03 4.010000000000000000e+03 -7.200000000000000000e+04 3.398060082831308648e+01 7.910335767970873289e-02 -7.978290957726485999e-02 1.474637602368864160e-02 -8.114276413632039997e-01 1.575074969530173771e-02 1.000000000000000000e+00 3.283669100000000185e+01 1.781677709351497593e-02 7.353420999999999985e+00 3.399038118031306510e+01 7.908149804539656158e-02
4.525000000000000000e+03 4.010000000000000000e+03 -7.200000000000000000e+04 3.397515673897750332e+01 9.601687912811518455e-02 -2.099821935275496543e-01 2.098774056770591478e-02 -6.983797407850014238e-01 1.834160451976845838e-02 1.000000000000000000e+00 3.281087200000000337e+01 2.076274572401251226e-02 5.819502850000000080e+02 3.398298253864757612e+01 9.599559543893905478e-02
4.525000000000000000e+03 4.010000000000000000e+03 -7.200000000000000000e+04 3.399107715628305471e+01 9.623131533269670135e-02 -2.467274752219479339e-01 1.361042019452516315e-02 -6.863645845639494425e-01 1.396637660481618234e-02 1.000000000000000000e+00 3.283149000000000228e+01 1.847522744108986634e-02 6.026374690000000101e+02 3.399890140922733650e+01 9.620963321909722921e-02
4.525000000000000000e+03 4.010000000000000000e+03 -7.200000000000000000e+04 3.398328293532308209e+01 1.101851571770327554e-01 -2.144882486195252014e-01 2.359279347689550305e-02 -6.485806833796536885e-01 1.727736055736359133e-02 1.000000000000000000e+00 3.282543100000000180e+01 1.869147198590844286e-02 1.177126328000000058e+03 3.399014829584993436e+01 1.101634957783046015e-01
4.525000000000000000e+03 4.010000000000000000e+03 -6.540000000000000000e+04 3.399458182498345593e+01 5.959197010821162821e-02 5.830248826263950690e-02 9.587451905671395824e-03 8.405499566807650424e-02 1.173985551778427075e-02 1.000000000000000000e+00 3.280859699999999890e+01 1.889455297169001513e-02 3.519801300000000310e+01 3.399473573772753809e+01 5.959170964121694031e-02
4.525000000000000000e+03 4.010000000000000000e+03 -6.540000000000000000e+04 3.398514398422622662e+01 7.830180215074894479e-02 -9.002281247569232647e-02 1.835964829944619278e-02 6.310586058510736507e-02 1.201942187734551283e-02 1.000000000000000000e+00 3.280398199999999775e+01 1.888643674704151149e-02 5.542637019999999666e+02 3.398532180346383313e+01 7.830141074051580330e-02
4.525000000000000000e+03 4.010000000000000000e+03 -6.540000000000000000e+04 3.398572062525724391e+01 8.824233071564019371e-02 -5.227791479058829793e-03 1.461182659008595543e-02 7.918172763176167805e-02 1.155902571901469035e-02 1.000000000000000000e+00 3.280903899999999851e+01 1.525884746630622874e-02 6.303260530000000017e+02 3.398581326809511438e+01 8.824209431165612461e-02
4.525000000000000000e+03 4.010000000000000000e+03 -6.540000000000000000e+04 3.399435061291183047e+01 8.066641578160531345e-02 -8.941666752962174058e-02 1.740467489948810051e-02 6.348782858072210544e-02 1.342133017224102220e-02 1.000000000000000000e+00 3.282807199999999881e+01 1.827129073163688902e-02 1.149438744000000042e+03 3.399452749544239083e+01 8.066601293784553262e-02
4.525000000000000000e+03 4.010000000000000000e+03 -5.880000000000000000e+04 3.399994255731544968e+01 7.390079870045900001e-02 9.721737170992827970e-02 1.523195307152990820e-02 7.102357405918491295e-02 1.638686034788080711e-02 1.000000000000000000e+00 3.282713900000000251e+01 1.771671961735580419e-02 6.288459699999999941e+01 3.400015572708726097e+01 7.390035612866616144e-02
4.525000000000000000e+03 4.010000000000000000e+03 -5.880000000000000000e+04 3.399220843440648565e+01 1.100591860611080247e-01 6.977087201108567172e-03 1.794421482320799829e-02 6.794820178965155222e-02 1.640513096396893980e-02 1.000000000000000000e+00 3.282207199999999858e+01 2.045173647884208218e-02 5.265701179999999795e+02 3.399227706238591651e+01 1.100589688064927824e-01
4.525000000000000000e+03 4.010000000000000000e+03 -5.880000000000000000e+04 3.399315608993507709e+01 1.108985279664980728e-01 1.476714526870548383e-02 1.505310290346516082e-02 3.255780506536165575e-02 1.675837121684374542e-02 1.000000000000000000e+00 3.281952900000000284e+01 2.013246040602091960e-02 6.580186360000000150e+02 3.399317488899706063e+01 1.108984679912253107e-01
4.525000000000000000e+03 4.010000000000000000e+03 -5.880000000000000000e+04 3.399971720262801966e+01 1.150574397227645679e-01 -1.968377422617084704e-02 2.209341344660323975e-02 5.326654899608174176e-02 1.761064662980476106e-02 1.000000000000000000e+00 3.281781600000000054e+01 2.009483577937376531e-02 1.121748160000000098e+03 3.399976462616894679e+01 1.150572832573321380e-01
4.525000000000000000e+03 4.010000000000000000e+03 -5.220000000000000000e+04 3.398736877093377728e+01 5.893770907738705989e-02 6.836772455300899054e-02 1.155741007836825346e-02 5.567487506059132230e-02 1.019336867721946406e-02 1.000000000000000000e+00 3.281961799999999840e+01 1.896145387358258091e-02 9.051017699999999877e+01 3.398748313436754387e+01 5.893751771030545511e-02
4.525000000000000000e+03 4.010000000000000000e+03 -5.220000000000000000e+04 3.398968198066097557e+01 8.074840539661702621e-02 1.019815274487605450e-01 1.158529949328122345e-02 2.587735038749894301e-02 1.258426150215299910e-02 1.000000000000000000e+00 3.280789099999999792e+01 1.975655030616428262e-02 4.988775340000000256e+02 3.398984482188280509e+01 8.074802659082902512e-02
4.525000000000000000e+03 4.010000000000000000e+03 -5.220000000000000000e+04 3.399572377702644843e+01 8.327175550437763973e-02 1.382077156283756381e-02 1.128435731788603874e-02 6.854322836160298138e-02 1.123509537749578860e-02 1.000000000000000000e+00 3.281256100000000231e+01 1.737001784685323486e-02 6.857052200000000539e+02 3.399579568581624756e+01 8.327158257326450208e-02
4.525000000000000000e+03 4.010000000000000000e+03 -5.220000000000000000e+04 3.399856280258928365e+01 7.936032247586222166e-02 4.058537990156896313e-02 1.719788555435276811e-02 4.475381833680547317e-02 1.245781557844483772e-02 1.000000000000000000e+00 3.282072600000000051e+01 1.480226752899703457e-02 1.094053576000000021e+03 3.399861648242359280e+01 7.936020152492516411e-02
4.525000000000000000e+03 4.010000000000000000e+03 -4.560000000000000000e+04 3.398738684081433803e+01 7.542294670431348713e-02 1.066018732578202233e-01 1.744416149917019099e-02 4.663271518046530062e-02 1.331318812415562339e-02 1.000000000000000000e+00 3.283156999999999925e+01 1.832920371974734730e-02 1.182067610000000002e+02 3.398758601072848506e+01 7.542252677721070220e-02
4.525000000000000000e+03 4.010000000000000000e+03 -4.560000000000000000e+04 3.398680269390604280e+01 9.355844592595471965e-02 8.741719761173438741e-02 1.764132818502409106e-02 5.149597568592545471e-02 1.446593881462529541e-02 1.000000000000000000e+00 3.281845599999999763e+01 2.139478032137745456e-02 4.711889509999999746e+02 3.398695412884845979e+01 9.355804263030137458e-02
4.525000000000000000e+03 4.010000000000000000e+03 -4.560000000000000000e+04 3.398228789939695105e+01 1.061675971495524284e-01 7.597751154418297403e-03 1.992138704052478712e-02 7.278113778980221937e-02 1.244270922556507154e-02 1.000000000000000000e+00 3.283718700000000013e+01 1.816027876988676737e-02 7.133858030000000099e+02 3.398236668770056212e+01 1.061673544373876316e-01
4.525000000000000000e+03 4.010000000000000000e+03 -4.560000000000000000e+04 3.398064894373437994e+01 7.838915660594879264e-02 8.801026151856650159e-02 1.877562492755531845e-02 5.098035176563309179e-02 1.461127914276503549e-02 1.000000000000000000e+00 3.283389900000000239e+01 1.730652203650404064e-02 1.066360991999999897e+03 3.398080115947408331e+01 7.838882361319732262e-02
4.525000000000000000e+03 4.010000000000000000e+03 -3.900000000000000000e+04 3.397012834741727971e+01 6.130091847429851998e-02 4.818425478945798091e-02 1.218089342848365300e-02 3.904792677548485358e-02 1.184069683301331583e-02 1.000000000000000000e+00 3.284066899999999833e+01 1.494312263216761652e-02 1.458963449999999966e+02 3.397018496274340293e+01 6.130082025492928494e-02
4.525000000000000000e+03 4.010000000000000000e+03 -3.900000000000000000e+04 3.397646568568119108e+01 7.944462569060777024e-02 8.696653642669360806e-02 1.464678426396416773e-02 2.755127440451987653e-02 1.165255931562314898e-02 1.000000000000000000e+00 3.280571100000000229e+01 2.090749937223483623e-02 4.434963670000000207e+02 3.397658815627977447e+01 7.944434873551371734e-02
4.525000000000000000e+03 4.010000000000000000e+03 -3.900000000000000000e+04 3.397602406077211867e+01 7.728163626379218332e-02 2.169534833854491751e-02 1.236110293515340318e-02 9.150982491186798740e-02 1.225241272637608674e-02 1.000000000000000000e+00 3.283338299999999776e+01 1.720520005695952079e-02 7.410733870000000252e+02 3.397615422195926982e+01 7.728134764997021677e-02
4.525000000000000000e+03 4.010000000000000000e+03 -3.900000000000000000e+04 3.397021732498992463e+01 8.518047628186994902e-02 6.315654116140745344e-02 1.617079958859885327e-02 5.640062618473784539e-02 1.162652532183043770e-02 1.000000000000000000e+00 3.284232800000000196e+01 1.341724800396862372e-02 1.038674408999999969e+03 3.397032285519775741e+01 8.518021915803071498e-02
4.525000000000000000e+03 4.010000000000000000e+03 -3.240000000000000000e+04 3.395696758607787302e+01 7.756831401853646335e-02 1.105668601213771751e-02 1.702975110180604892e-02 3.441660432367399380e-02 1.403174589038221065e-02 1.000000000000000000e+00 3.281338600000000127e+01 2.065491236970033381e-02 1.735869280000000003e+02 3.395698682738063923e+01 7.756827156734333317e-02
4.525000000000000000e+03 4.010000000000000000e+03 -3.240000000000000000e+04 3.395044640567004990e+01 9.936176053906686789e-02 5.462520793780178963e-02 2.245544204157490925e-02 5.253995840898584291e-02 1.430061265451966143e-02 1.000000000000000000e+00 3.281308700000000300e+01 2.038349795790702843e-02 4.158087830000000054e+02 3.395053100475522712e+01 9.936152197949642273e-02
4.525000000000000000e+03 4.010000000000000000e+03 -3.240000000000000000e+04 3.395409608410771796e+01 1.168847150851298478e-01 -9.559794075912009248e-03 1.828140225011695014e-02 6.034369961440022578e-02 1.438173279676142544e-02 1.000000000000000000e+00 3.282598699999999781e+01 1.871800857463207929e-02 7.687549699999999575e+02 3.395415105168387271e+01 1.168845287711051811e-01
4.525000000000000000e+03 4.010000000000000000e+03 -3.240000000000000000e+04 3.395790785603433903e+01 8.676381005131121593e-02 -4.503193813994776917e-03 1.884015418829386099e-02 6.160233004886395136e-02 1.777357677962710519e-02 1.000000000000000000e+00 3.281246099999999899e+01 2.024646025852420289e-02 1.010984825000000001e+03 3.395796403032344557e+01 8.676367255087863439e-02
4.525000000000000000e+03 4.010000000000000000e+03 -2.580000000000000000e+04 3.392219385916703800e+01 6.237446081334328818e-02 4.016361642760024608e-02 1.069704490251400381e-02 8.362211403061436954e-02 1.073175622152787792e-02 1.000000000000000000e+00 3.280962500000000404e+01 1.935895379404579605e-02 2.012785120000000063e+02 3.392232070470635819e+01 6.237423447290964956e-02
4.525000000000000000e+03 4.010000000000000000e+03 -2.580000000000000000e+04 3.392509451443252289e+01 8.394637427278087149e-02 4.806533557774717025e-02 1.596072173266627203e-02 7.130134853073499812e-02 1.222387840362436189e-02 1.000000000000000000e+00 3.285769599999999713e+01 1.765054857504434749e-02 3.881181990000000042e+02 3.392520349197578611e+01 8.394611158986439725e-02
4.525000000000000000e+03 4.010000000000000000e+03 -2.580000000000000000e+04 3.393165799557471729e+01 8.177590673644716257e-02 -5.152460631900535049e-02 1.658840397104114489e-02 6.501203940353628141e-02 1.355108372512857547e-02 1.000000000000000000e+00 3.282469999999999999e+01 2.144415001812848692e-02 7.964465539999999919e+02 3.393175939557177401e+01 8.177567036245073084e-02
4.525000000000000000e+03 4.010000000000000000e+03 -2.580000000000000000e+04 3.393235874209106839e+01 6.928814709256679583e-02 2.004600108452159191e-03 1.695838229541906522e-02 5.200949736106563748e-02 1.122424694138745085e-02 1.000000000000000000e+00 3.282686499999999796e+01 1.740046588456757234e-02 9.832932409999999663e+02 3.393239865980891068e+01 6.928806772576802386e-02
4.525000000000000000e+03 4.010000000000000000e+03 -1.920000000000000000e+04 3.390562005471272755e+01 9.258671240348241571e-02 7.630602144330644876e-03 1.796851992702688458e-02 4.792651531655867103e-02 1.459786217043004646e-02 1.000000000000000000e+00 3.284455799999999925e+01 2.029267515632179886e-02 2.289760970000000100e+02 3.390565478606035299e+01 9.258661994971344178e-02
4.525000000000000000e+03 4.010000000000000000e+03 -1.920000000000000000e+04 3.390734205850647243e+01 1.275644804657554421e-01 -7.119888756338177416e-03 2.044549304830070233e-02 6.704312474719875681e-02 1.446528439104430123e-02 1.000000000000000000e+00 3.281875499999999590e+01 2.020929019040500554e-02 3.604266150000000266e+02 3.390740908630374406e+01 1.275642315762964552e-01
4.525000000000000000e+03 4.010000000000000000e+03 -1.920000000000000000e+04 3.390915027118744263e+01 9.766200985418782565e-02 -2.788633229097481347e-02 2.217389220652046106e-02 5.536841379475609948e-02 1.868682845359621175e-02 1.000000000000000000e+00 3.286644799999999833e+01 2.846518197728586247e-02 8.241411379999999554e+02 3.390920694181369299e+01 9.766185310596428581e-02
4.525000000000000000e+03 4.010000000000000000e+03 -1.920000000000000000e+04 3.390332834139272933e+01 9.253867615924298018e-02 -5.088991185925983984e-03 1.838556756560627212e-02 7.513248263205474231e-02 1.727250760559338391e-02 1.000000000000000000e+00 3.278488899999999973e+01 1.940694414378523261e-02 9.556006569999999556e+02 3.390341197301624732e+01 9.253845584596241680e-02
4.525000000000000000e+03 4.010000000000000000e+03 -1.260000000000000000e+04 3.387600099133690890e+01 6.827545658524761252e-02 -5.474957270146241228e-03 1.474786753403961245e-02 9.182464372965704058e-02 1.276056720033993085e-02 1.000000000000000000e+00 3.282515800000000183e+01 1.934085747840565486e-02 2.566686809999999923e+02 3.387612588395273150e+01 6.827521367418758202e-02
4.525000000000000000e+03 4.010000000000000000e+03 -1.260000000000000000e+04 3.386901426030486562e+01 8.555417214632760059e-02 8.370772827343664346e-03 1.695952878806929881e-02 9.354935632991523420e-02 9.780655276779477020e-03 1.000000000000000000e+00 3.281570500000000123e+01 1.356353866068881094e-02 3.327360320000000229e+02 3.386914449047453957e+01 8.555384755005686348e-02
4.525000000000000000e+03 4.010000000000000000e+03 -1.260000000000000000e+04 3.387140930536808270e+01 8.132998674698964370e-02 -3.034037247444132390e-02 1.451718850932185410e-02 1.062726565923901578e-01 1.514763115207471041e-02 1.000000000000000000e+00 3.282302599999999870e+01 1.709532439001962972e-02 8.518337219999999661e+02 3.387158961057949114e+01 8.132956873704985656e-02
4.525000000000000000e+03 4.010000000000000000e+03 -1.260000000000000000e+04 3.386635507403997281e+01 7.504542603822614288e-02 -1.609785991807921590e-02 1.472597484803840270e-02 7.660081757348558007e-02 1.653840958242570533e-02 1.000000000000000000e+00 3.282782399999999967e+01 1.831340716524371831e-02 9.279090730000000349e+02 3.386644552986480505e+01 7.504523524469038087e-02
4.525000000000000000e+03 4.010000000000000000e+03 -6.000000000000000000e+03 3.383369300827327208e+01 9.283414193801353687e-02 8.647351866084562744e-03 1.850642592291524766e-02 1.783735917402948790e-01 1.430477868379690515e-02 1.000000000000000000e+00 3.282442199999999843e+01 2.535984073293836780e-02 2.843522639999999910e+02 3.383416430906790140e+01 9.283287953629922040e-02
4.525000000000000000e+03 4.010000000000000000e+03 -6.000000000000000000e+03 3.384862201386995650e+01 1.028798334416341914e-01 3.625194665299247276e-02 1.768051297214543599e-02 1.180490146630823745e-01 1.537810993143838567e-02 1.000000000000000000e+00 3.284889400000000137e+01 1.941758810975245664e-02 3.050424479999999789e+02 3.384884727743828137e+01 1.028791644998341831e-01
4.525000000000000000e+03 4.010000000000000000e+03 -6.000000000000000000e+03 3.383993294845247135e+01 9.644941596355166569e-02 -8.536723158632852915e-03 2.378089860220709492e-02 1.562279771381915872e-01 1.968551601968636031e-02 1.000000000000000000e+00 3.282556399999999996e+01 1.991481320525000792e-02 8.795253060000000005e+02 3.384029465019833083e+01 9.644842806839912241e-02
4.525000000000000000e+03 4.010000000000000000e+03 -6.000000000000000000e+03 3.385031165415915666e+01 1.014930952545646387e-01 -7.037591991856828599e-03 2.169901259354668072e-02 1.516610566660485659e-01 1.500390786138655445e-02 1.000000000000000000e+00 3.281694699999999898e+01 2.558342127237871882e-02 9.002194899999999507e+02 3.385065213090455671e+01 1.014920967784473799e-01
