4.525000000000000000e+03 4.050000000000000000e+03 -7.000000000000000000e+04 3.397047299999999836e+01 6.324708760093226967e-02 -2.419909999999996231e-01 1.328596326955633171e-02 -6.782910000000001993e-01 1.340733683473343575e-02 1.000000000000000000e+00 3.270728900000000294e+01 2.502051933913443035e-02 2.595948500000000081e+01 3.397810580607004027e+01 6.323351706449968634e-02
4.525000000000000000e+03 4.050000000000000000e+03 -7.000000000000000000e+04 3.396883900000000267e+01 9.169206716504978150e-02 -3.192099999999999937e-01 1.884581014443263355e-02 -6.869770000000001708e-01 1.843922951210272276e-02 1.000000000000000000e+00 3.269848199999999849e+01 2.455395228878642228e-02 5.384637979999999970e+02 3.397728440341502676e+01 9.167020525812133447e-02
4.525000000000000000e+03 4.050000000000000000e+03 -7.000000000000000000e+04 3.398485399999999856e+01 8.626608609413087547e-02 -3.148580000000000823e-01 1.433053875470144400e-02 -6.640500000000000291e-01 1.606548464877421631e-02 1.000000000000000000e+00 3.268232000000000426e+01 2.745732122767987823e-02 5.591589820000000373e+02 3.399279922813035881e+01 8.624659604570868165e-02
4.525000000000000000e+03 4.050000000000000000e+03 -6.650000000000000000e+04 3.398569200000000023e+01 7.622271288795748334e-02 -1.822200000000000486e-01 1.297065619003140609e-02 -2.613399999999996837e-01 1.233932838528904730e-02 1.000000000000000000e+00 3.271243400000000179e+01 2.668533014598095665e-02 5.064389700000000261e+01 3.398718528273361272e+01 7.621945469884683355e-02
4.525000000000000000e+03 4.050000000000000000e+03 -6.650000000000000000e+04 3.398026699999999778e+01 9.334780438767695254e-02 -2.985850000000001003e-01 1.327927080076312001e-02 -2.851949999999998653e-01 1.634812701810210364e-02 1.000000000000000000e+00 3.272508100000000297e+01 1.786621563174473765e-02 5.138773919999999862e+02 3.398277555735462840e+01 9.334108734848702016e-02
4.525000000000000000e+03 4.050000000000000000e+03 -6.650000000000000000e+04 3.398392199999999974e+01 6.849712353814574328e-02 -2.561980000000003699e-01 1.056466270166729095e-02 -2.926949999999997054e-01 1.402610783503392342e-02 1.000000000000000000e+00 3.272513099999999753e+01 2.482353659332207224e-02 5.837503890000000411e+02 3.398614809419144933e+01 6.849278979282648339e-02
4.525000000000000000e+03 4.050000000000000000e+03 -6.300000000000000000e+04 3.398637999999999693e+01 6.751676230389014322e-02 -1.891380000000006945e-01 1.125720471520350388e-02 -2.698899999999997412e-01 1.221112578757585325e-02 1.000000000000000000e+00 3.270710599999999602e+01 1.814497751445286536e-02 7.522530199999999923e+01 3.398797786423228473e+01 6.751368685936194602e-02
4.525000000000000000e+03 4.050000000000000000e+03 -6.300000000000000000e+04 3.398409999999999798e+01 5.985600563017882958e-02 -2.545300000000008112e-01 1.573619445736484240e-02 -2.585110000000003794e-01 9.907899323267268382e-03 1.000000000000000000e+00 3.270459600000000222e+01 2.432345775172600755e-02 4.892859849999999824e+02 3.398603634241599281e+01 5.985275883015698378e-02
4.525000000000000000e+03 4.050000000000000000e+03 -6.300000000000000000e+04 3.398630400000000407e+01 6.426900747638787659e-02 -2.246309999999995810e-01 1.487043714892067291e-02 -2.547169999999998602e-01 1.148766730019632788e-02 1.000000000000000000e+00 3.270890800000000098e+01 1.499341498792053015e-02 6.083387950000000046e+02 3.398800081523869920e+01 6.426593172880738780e-02
4.525000000000000000e+03 4.050000000000000000e+03 -5.950000000000000000e+04 3.398681500000000000e+01 6.081342267953678687e-02 -1.844140000000002999e-01 1.144098334934545713e-02 -2.321800000000000530e-01 1.250243888207417005e-02 1.000000000000000000e+00 3.272450500000000062e+01 2.074255897906523982e-02 9.980370899999999779e+01 3.398810836042543571e+01 6.081120018654313092e-02
4.525000000000000000e+03 4.050000000000000000e+03 -5.950000000000000000e+04 3.398394899999999552e+01 6.978153916330594175e-02 -2.262089999999998824e-01 1.078013288415314436e-02 -2.795770000000001865e-01 1.175411868240235254e-02 1.000000000000000000e+00 3.272657600000000144e+01 3.296169869712421013e-02 4.646935789999999997e+02 3.398585181285310597e+01 6.977773609389052722e-02
4.525000000000000000e+03 4.050000000000000000e+03 -5.950000000000000000e+04 3.398672799999999938e+01 6.079157392270741200e-02 -1.977160000000006690e-01 1.336547885412265983e-02 -2.744869999999997034e-01 1.140718133458042301e-02 1.000000000000000000e+00 3.271712399999999832e+01 2.064244270913691975e-02 6.329282009999999445e+02 3.398841147914696137e+01 6.078868238261234819e-02
4.525000000000000000e+03 4.050000000000000000e+03 -5.600000000000000000e+04 3.398884199999999822e+01 8.840896607245218863e-02 -1.905369999999999564e-01 1.316701613882203734e-02 -2.543969999999999843e-01 1.347885443945441401e-02 1.000000000000000000e+00 3.271290599999999671e+01 2.104366719466927924e-02 1.243831140000000062e+02 3.399032807554145563e+01 8.840518915505914121e-02
4.525000000000000000e+03 4.050000000000000000e+03 -5.600000000000000000e+04 3.398555600000000254e+01 8.236201457589537034e-02 -2.190289999999999182e-01 1.680561096776906835e-02 -2.666049999999997588e-01 1.234599809654934356e-02 1.000000000000000000e+00 3.267469499999999982e+01 2.722210252717449305e-02 4.401041720000000055e+02 3.398730746261024649e+01 8.235789837785904843e-02
4.525000000000000000e+03 4.050000000000000000e+03 -5.600000000000000000e+04 3.398306700000000546e+01 8.243762721597462650e-02 -2.113559999999994332e-01 1.739447397882442486e-02 -2.778629999999999711e-01 1.681242365038426029e-02 1.000000000000000000e+00 3.268982400000000155e+01 3.226032400643242398e-02 6.575196079999999483e+02 3.398486018703025735e+01 8.243346304382166700e-02
4.525000000000000000e+03 4.050000000000000000e+03 -5.250000000000000000e+04 3.398180399999999679e+01 7.749638507698278223e-02 -1.835860000000000269e-01 1.292500015473887695e-02 -2.538930000000001463e-01 1.273766670155880576e-02 1.000000000000000000e+00 3.271206800000000214e+01 2.075348168380428474e-02 1.489595199999999977e+02 3.398324835222878448e+01 7.749318122426993027e-02
4.525000000000000000e+03 4.050000000000000000e+03 -5.250000000000000000e+04 3.398050100000000384e+01 8.610966089818261615e-02 -1.882239999999999469e-01 1.132969695093385964e-02 -2.809400000000001896e-01 1.488965829023621359e-02 1.000000000000000000e+00 3.269869599999999821e+01 3.197456059119499483e-02 4.155127659999999992e+02 3.398218362272761794e+01 8.610550804899645694e-02
4.525000000000000000e+03 4.050000000000000000e+03 -5.250000000000000000e+04 3.398677700000000357e+01 6.715477062726073199e-02 -2.092279999999995255e-01 1.144700240237591510e-02 -2.577910000000001034e-01 1.236562412496837807e-02 1.000000000000000000e+00 3.270642500000000297e+01 2.163298835112708110e-02 6.821120140000000447e+02 3.398839865900413315e+01 6.715166899884036922e-02
4.525000000000000000e+03 4.050000000000000000e+03 -4.900000000000000000e+04 3.397831000000000046e+01 5.499788570481595890e-02 -2.053099999999998815e-01 1.055265672709957900e-02 -2.918959999999999333e-01 1.265046813363047105e-02 1.000000000000000000e+00 3.269881000000000171e+01 1.761330269994812806e-02 1.735419259999999895e+02 3.398018401843957292e+01 5.499499687947446286e-02
4.525000000000000000e+03 4.050000000000000000e+03 -4.900000000000000000e+04 3.397862599999999844e+01 7.472712447966936566e-02 -1.958729999999997418e-01 1.341395102123158801e-02 -2.753349999999998854e-01 1.133880452252352712e-02 1.000000000000000000e+00 3.270451299999999861e+01 3.372800659689214470e-02 3.909233590000000049e+02 3.398030606751843408e+01 7.472352628044606759e-02
4.525000000000000000e+03 4.050000000000000000e+03 -4.900000000000000000e+04 3.397941300000000098e+01 6.271777244131045148e-02 -1.971080000000000609e-01 1.223052333303853434e-02 -2.617510000000002890e-01 1.370554606719484245e-02 1.000000000000000000e+00 3.270278900000000277e+01 2.149503626421691085e-02 7.067014209999999821e+02 3.398099281913690817e+01 6.271498559705307452e-02
4.525000000000000000e+03 4.050000000000000000e+03 -4.550000000000000000e+04 3.397550100000000128e+01 6.677843544139080989e-02 -1.767229999999999634e-01 1.315100034217929828e-02 -2.553879999999999484e-01 1.018439639841262241e-02 1.000000000000000000e+00 3.271984600000000398e+01 2.524762503682276976e-02 1.981213319999999953e+02 3.397692043505817594e+01 6.677572458819236445e-02
4.525000000000000000e+03 4.050000000000000000e+03 -4.550000000000000000e+04 3.397665500000000094e+01 6.050800308223697882e-02 -1.957619999999993254e-01 1.369472325386679630e-02 -2.661320000000000352e-01 1.365068628311412111e-02 1.000000000000000000e+00 3.272387400000000213e+01 1.955949411411245925e-02 3.663319529999999986e+02 3.397826119728749461e+01 6.050528869996950332e-02
4.525000000000000000e+03 4.050000000000000000e+03 -4.550000000000000000e+04 3.397496900000000153e+01 8.389360492910052924e-02 -1.965719999999997469e-01 1.080718672920940975e-02 -2.933519999999998351e-01 1.245701830294874274e-02 1.000000000000000000e+00 3.272061099999999811e+01 1.817137201754451953e-02 7.312878269999999929e+02 3.397680406539215880e+01 8.388916613541150258e-02
4.525000000000000000e+03 4.050000000000000000e+03 -4.200000000000000000e+04 3.396946499999999958e+01 8.372983834332894948e-02 -2.269879999999995235e-01 1.584796393862631173e-02 -2.476519999999997612e-01 1.274735250944289237e-02 1.000000000000000000e+00 3.273003299999999882e+01 2.689033822769806500e-02 2.226987379999999916e+02 3.397112608453645777e+01 8.372586274579574273e-02
4.525000000000000000e+03 4.050000000000000000e+03 -4.200000000000000000e+04 3.396332100000000054e+01 9.630304867967576232e-02 -2.104759999999998854e-01 1.621648177010044309e-02 -2.722339999999998650e-01 1.285438543844084208e-02 1.000000000000000000e+00 3.269993800000000306e+01 2.275050656578881531e-02 3.417405459999999948e+02 3.396506418139635031e+01 9.629821368853627717e-02
4.525000000000000000e+03 4.050000000000000000e+03 -4.200000000000000000e+04 3.396707299999999918e+01 6.934508792985988324e-02 -2.596199999999999619e-01 1.594302747284843599e-02 -2.775229999999997421e-01 1.477542990914308511e-02 1.000000000000000000e+00 3.266947499999999849e+01 2.393903216506465190e-02 7.558752339999999776e+02 3.396919883876064716e+01 6.934096035229932176e-02
4.525000000000000000e+03 4.050000000000000000e+03 -3.850000000000000000e+04 3.395703100000000063e+01 6.491695206954804787e-02 -2.140050000000002228e-01 1.357104122755509179e-02 -2.974410000000002885e-01 1.281470444450436702e-02 1.000000000000000000e+00 3.271161000000000030e+01 1.537347810353922525e-02 2.472841430000000003e+02 3.395900798939019438e+01 6.491332618025975887e-02
4.525000000000000000e+03 4.050000000000000000e+03 -3.850000000000000000e+04 3.395954600000000312e+01 6.140049678137791955e-02 -2.101980000000001070e-01 1.315168255395483474e-02 -2.461919999999999664e-01 1.158387089879717169e-02 1.000000000000000000e+00 3.271166999999999803e+01 2.146735391239451562e-02 3.171521399999999744e+02 3.396108888457766284e+01 6.139781868478277893e-02
4.525000000000000000e+03 4.050000000000000000e+03 -3.850000000000000000e+04 3.395630799999999994e+01 7.350238211786064291e-02 -2.282540000000006231e-01 1.150275836484449497e-02 -2.749459999999999127e-01 1.272465767712436385e-02 1.000000000000000000e+00 3.271895599999999860e+01 3.513095468386818326e-02 7.804656400000000076e+02 3.395818823468496106e+01 7.349842523233632297e-02
4.525000000000000000e+03 4.050000000000000000e+03 -3.500000000000000000e+04 3.395175299999999652e+01 7.072849793400111384e-02 -2.393700000000000827e-01 1.023897221404570373e-02 -2.789129999999999665e-01 1.105737699456792525e-02 1.000000000000000000e+00 3.271600600000000014e+01 2.540551650724700433e-02 2.718735500000000229e+02 3.395374238918999765e+01 7.072444903228865265e-02
4.525000000000000000e+03 4.050000000000000000e+03 -3.500000000000000000e+04 3.395953800000000200e+01 5.492202008302315974e-02 -2.136230000000001183e-01 1.146035200157482017e-02 -2.579409999999999759e-01 1.369460568983276762e-02 1.000000000000000000e+00 3.269570999999999827e+01 2.469609928713439526e-02 2.925627339999999776e+02 3.396118945972084191e+01 5.491949515087940492e-02
4.525000000000000000e+03 4.050000000000000000e+03 -3.500000000000000000e+04 3.394803000000000281e+01 7.314425298682049326e-02 -2.555380000000004870e-01 1.284552918333845863e-02 -2.771950000000000802e-01 1.255517602425390046e-02 1.000000000000000000e+00 3.271812700000000262e+01 1.725126157705574731e-02 8.050560460000000376e+02 3.395012338148963238e+01 7.313987862008718144e-02
