4.525000000000000000e+03 4.000000000000000000e+03 -7.000000000000000000e+04 3.397391499999999809e+01 9.121131853558527014e-02 1.039899999999960301e-02 1.510498229062185935e-02 -4.212410000000001986e-01 1.903056029127886753e-02 1.000000000000000000e+00 3.376220700000000363e+01 3.337215541435704230e-02 2.586448000000000036e+01 3.397652796485401439e+01 9.120460922940554216e-02
4.525000000000000000e+03 4.000000000000000000e+03 -7.000000000000000000e+04 3.397366500000000400e+01 8.256865682569870801e-02 -3.065300000000004133e-02 1.571674282413502988e-02 -4.443489999999998830e-01 1.851683795900369023e-02 1.000000000000000000e+00 3.377362099999999856e+01 2.399347728029432858e-02 5.385468029999999544e+02 3.397658457191415948e+01 8.256191815770838605e-02
4.525000000000000000e+03 4.000000000000000000e+03 -7.000000000000000000e+04 3.396705599999999947e+01 8.057816588878155550e-02 -3.901799999999955304e-02 1.524421470591384720e-02 -4.426280000000000214e-01 2.023339857759936383e-02 1.000000000000000000e+00 3.373564300000000316e+01 3.817097988000832387e-02 5.592389869999999519e+02 3.396996224987369573e+01 8.057170537978015912e-02
4.525000000000000000e+03 4.000000000000000000e+03 -6.650000000000000000e+04 3.398068500000000114e+01 7.571639877860013301e-02 8.609299999999997510e-02 1.805688359047595906e-02 -5.181300000000010897e-02 1.778183994979147184e-02 1.000000000000000000e+00 3.375470099999999718e+01 2.369728170065081574e-02 5.056289199999999795e+01 3.398083356336102412e+01 7.571608642374785814e-02
4.525000000000000000e+03 4.000000000000000000e+03 -6.650000000000000000e+04 3.397728399999999738e+01 7.547951902999912310e-02 6.898000000000514831e-03 1.331254483560524900e-02 -2.324999999999999289e-02 1.754101621913622261e-02 1.000000000000000000e+00 3.377137100000000203e+01 2.952461130988856888e-02 5.140354009999999789e+02 3.397729265497120110e+01 7.547950080600659972e-02
4.525000000000000000e+03 4.000000000000000000e+03 -6.650000000000000000e+04 3.396789600000000320e+01 8.259936740677860378e-02 8.700300000000016354e-02 1.504489232264558454e-02 -9.770199999999995555e-02 1.850655970190029712e-02 1.000000000000000000e+00 3.376618500000000012e+01 2.387058744564113377e-02 5.838263930000000528e+02 3.396814793110788600e+01 8.259878093375780383e-02
4.525000000000000000e+03 4.000000000000000000e+03 -6.300000000000000000e+04 3.397895400000000166e+01 7.262732158079354683e-02 1.563889999999998892e-01 1.519084280084551444e-02 -2.470799999999950813e-02 1.347953163132903538e-02 1.000000000000000000e+00 3.377419199999999933e+01 2.494885498374624713e-02 7.514729800000000637e+01 3.397932287345792446e+01 7.262656746578256828e-02
4.525000000000000000e+03 4.000000000000000000e+03 -6.300000000000000000e+04 3.397784800000000160e+01 6.518481692081370960e-02 1.155280000000002971e-01 1.238757256285508146e-02 -5.494200000000049045e-02 1.606709858686377820e-02 1.000000000000000000e+00 3.376402999999999821e+01 3.282586397949031898e-02 4.894549959999999942e+02 3.397808882284658694e+01 6.518437370221982774e-02
4.525000000000000000e+03 4.000000000000000000e+03 -6.300000000000000000e+04 3.397750700000000279e+01 6.493195917266011974e-02 1.083800000000003649e-01 1.143731874173313338e-02 -4.511299999999973664e-02 1.437668699666233910e-02 1.000000000000000000e+00 3.376877799999999752e+01 2.562537792892038632e-02 6.084148000000000138e+02 3.397770980131265617e+01 6.493158467056088512e-02
4.525000000000000000e+03 4.000000000000000000e+03 -5.950000000000000000e+04 3.397819199999999995e+01 7.260288778003254340e-02 1.613220000000001875e-01 1.303319339225809080e-02 -5.594999999999572537e-03 1.583925367559974387e-02 1.000000000000000000e+00 3.376281300000000130e+01 3.031133175893134524e-02 9.974670600000000320e+01 3.397857542158842392e+01 7.260209492955575772e-02
4.525000000000000000e+03 4.000000000000000000e+03 -5.950000000000000000e+04 3.397794199999999876e+01 7.085456883645542547e-02 1.359900000000004994e-01 1.551176076401386376e-02 -2.584099999999978081e-02 1.574739349860795196e-02 1.000000000000000000e+00 3.375678700000000276e+01 2.850132067115487139e-02 4.648635889999999904e+02 3.397822396171914505e+01 7.085400907387905123e-02
4.525000000000000000e+03 4.000000000000000000e+03 -5.950000000000000000e+04 3.397995199999999727e+01 6.937955745751049619e-02 1.597549999999996473e-01 1.265749663243091738e-02 -1.505199999999984328e-02 1.456385337058842960e-02 1.000000000000000000e+00 3.378130000000000166e+01 3.073004733156133733e-02 6.330032059999999774e+02 3.398033087162384902e+01 6.937880971459109425e-02
4.525000000000000000e+03 4.000000000000000000e+03 -5.600000000000000000e+04 3.397275799999999890e+01 8.880816598714331989e-02 2.109880000000003974e-01 1.611866325102674288e-02 -5.841999999999991644e-02 1.815857378760787899e-02 1.000000000000000000e+00 3.376326399999999950e+01 2.940019838368441996e-02 1.244981209999999976e+02 3.397346339364163725e+01 8.880638396412712798e-02
4.525000000000000000e+03 4.000000000000000000e+03 -5.600000000000000000e+04 3.397460099999999983e+01 8.780888194824029713e-02 1.732110000000002259e-01 1.495379423424035223e-02 -1.981099999999980099e-02 1.674613247887403802e-02 1.000000000000000000e+00 3.376194399999999973e+01 2.932235080957868931e-02 4.402741819999999962e+02 3.397504830953803179e+01 8.780775951046060346e-02
4.525000000000000000e+03 4.000000000000000000e+03 -5.600000000000000000e+04 3.397713799999999651e+01 8.493306984325951769e-02 2.099900000000003431e-01 1.294283933300572134e-02 -3.808599999999984220e-02 1.681456443087361169e-02 1.000000000000000000e+00 3.377313900000000046e+01 3.333005444039958270e-02 6.575916120000000546e+02 3.397780824324222948e+01 8.493143421985545338e-02
4.525000000000000000e+03 4.000000000000000000e+03 -5.250000000000000000e+04 3.397565099999999916e+01 7.331459918051792812e-02 1.853489999999995419e-01 1.171083519651779613e-02 -4.580800000000007088e-02 1.754358828746274343e-02 1.000000000000000000e+00 3.375556100000000015e+01 3.297895518357123190e-02 1.490895280000000014e+02 3.397618744795340007e+01 7.331347327145282256e-02
4.525000000000000000e+03 4.000000000000000000e+03 -5.250000000000000000e+04 3.397069899999999620e+01 8.816302450007032498e-02 1.842639999999997613e-01 1.392319636434105612e-02 -5.804800000000032156e-02 1.443041846240087495e-02 1.000000000000000000e+00 3.376824600000000487e+01 2.450114201420007520e-02 4.156917760000000044e+02 3.397124833356291163e+01 8.816163465069799809e-02
4.525000000000000000e+03 4.000000000000000000e+03 -5.250000000000000000e+04 3.397735699999999781e+01 7.380421198007604267e-02 1.933030000000002246e-01 1.536950529457600974e-02 -3.658499999999964558e-02 1.914477317703189643e-02 1.000000000000000000e+00 3.377420200000000250e+01 2.976686752078559067e-02 6.821800180000000182e+02 3.397792655853918831e+01 7.380302950440874310e-02
4.525000000000000000e+03 4.000000000000000000e+03 -4.900000000000000000e+04 3.396720499999999987e+01 6.808835771995093433e-02 1.982690000000006947e-01 1.169525664532420489e-02 -3.197800000000050602e-02 1.619024833039938230e-02 1.000000000000000000e+00 3.377152900000000102e+01 2.279928536160728131e-02 1.736749340000000075e+02 3.396779870260759537e+01 6.808720357222580732e-02
4.525000000000000000e+03 4.000000000000000000e+03 -4.900000000000000000e+04 3.397202000000000055e+01 5.819803279321389411e-02 2.172320000000000917e-01 1.383605944624407939e-02 -4.346800000000072828e-02 1.263785998498163400e-02 1.000000000000000000e+00 3.376694499999999977e+01 3.103397754075361628e-02 3.911063700000000267e+02 3.397274233984133218e+01 5.819686486195958103e-02
4.525000000000000000e+03 4.000000000000000000e+03 -4.900000000000000000e+04 3.397472900000000351e+01 6.433872135813703541e-02 1.718929999999998515e-01 1.066262186331298246e-02 -4.723100000000002296e-02 1.702976385626060393e-02 1.000000000000000000e+00 3.377558299999999747e+01 2.819640617170918878e-02 7.067714250000000220e+02 3.397519666748451783e+01 6.433786270976900312e-02
4.525000000000000000e+03 4.000000000000000000e+03 -4.550000000000000000e+04 3.396093199999999968e+01 8.428698350872451672e-02 1.928099999999997038e-01 1.519958436931747106e-02 -5.154200000000042081e-02 1.579725704038520764e-02 1.000000000000000000e+00 3.376771999999999707e+01 3.151629603871622387e-02 1.982643400000000042e+02 3.396151843752701893e+01 8.428557564948810366e-02
4.525000000000000000e+03 4.000000000000000000e+03 -4.550000000000000000e+04 3.396222199999999702e+01 6.913989658655847470e-02 1.973199999999994958e-01 1.035006096600401757e-02 -4.436199999999956844e-02 1.672148525101762803e-02 1.000000000000000000e+00 3.376961699999999666e+01 2.733438086000851419e-02 3.665209639999999922e+02 3.396282418095891842e+01 6.913870029511208493e-02
4.525000000000000000e+03 4.000000000000000000e+03 -4.550000000000000000e+04 3.396690600000000160e+01 7.844833569298968745e-02 1.699729999999997077e-01 1.301452561563424745e-02 -2.884099999999989450e-02 1.647747972233618019e-02 1.000000000000000000e+00 3.376909600000000466e+01 3.021878812924171445e-02 7.313698319999999740e+02 3.396734352045867666e+01 7.844735350977773136e-02
4.525000000000000000e+03 4.000000000000000000e+03 -4.200000000000000000e+04 3.396016799999999591e+01 9.134910891738354244e-02 1.603389999999995652e-01 1.750922299818013020e-02 -1.282600000000044815e-02 1.844990864476027739e-02 1.000000000000000000e+00 3.376389600000000257e+01 2.207802828605851669e-02 2.228547470000000033e+02 3.396054893092013316e+01 9.134812193774984046e-02
4.525000000000000000e+03 4.000000000000000000e+03 -4.200000000000000000e+04 3.396181500000000142e+01 7.202994905593089470e-02 2.019720000000004845e-01 1.298120518287882233e-02 -1.433900000000054575e-02 1.767731339881713909e-02 1.000000000000000000e+00 3.378493600000000185e+01 3.051920959002706393e-02 3.419005559999999946e+02 3.396241858863897534e+01 7.202871067767906144e-02
4.525000000000000000e+03 4.000000000000000000e+03 -4.200000000000000000e+04 3.396057799999999816e+01 7.472360465073937807e-02 1.890480000000005489e-01 1.615778214978776106e-02 -2.127899999999982583e-02 1.740531657281763067e-02 1.000000000000000000e+00 3.375914699999999868e+01 3.141082007843794266e-02 7.559562379999999848e+02 3.396111084808959646e+01 7.472248717012236474e-02
4.525000000000000000e+03 4.000000000000000000e+03 -3.850000000000000000e+04 3.395267100000000227e+01 8.619622860659276187e-02 1.616359999999996688e-01 1.323844949380402307e-02 -3.509600000000023812e-02 1.602392739000024421e-02 1.000000000000000000e+00 3.375464600000000104e+01 3.385233300675154211e-02 2.474461530000000096e+02 3.395307388087201161e+01 8.619523044937292544e-02
4.525000000000000000e+03 4.000000000000000000e+03 -3.850000000000000000e+04 3.395657200000000131e+01 8.715716813320634193e-02 1.596410000000005880e-01 1.645220280084098638e-02 -8.195000000000618456e-03 1.422668889798325495e-02 1.000000000000000000e+00 3.378254599999999641e+01 2.562543472801973379e-02 3.173161499999999933e+02 3.395694824918885502e+01 8.715623680380900351e-02
4.525000000000000000e+03 4.000000000000000000e+03 -3.850000000000000000e+04 3.394983100000000320e+01 7.961237869829038138e-02 1.390500000000001180e-01 1.204475558074965744e-02 -1.743999999999967798e-02 1.567210927093095479e-02 1.000000000000000000e+00 3.375997100000000017e+01 3.036621058018270161e-02 7.805456450000000359e+02 3.395012023520183675e+01 7.961171613876738551e-02
4.525000000000000000e+03 4.000000000000000000e+03 -3.500000000000000000e+04 3.394200099999999765e+01 7.393844432363991248e-02 1.638509999999993028e-01 1.344611070161182143e-02 -2.242600000000027904e-02 1.486420485596185413e-02 1.000000000000000000e+00 3.377125699999999853e+01 2.400264662490367990e-02 2.720405600000000277e+02 3.394240389188246354e+01 7.393759582746732562e-02
4.525000000000000000e+03 4.000000000000000000e+03 -3.500000000000000000e+04 3.393903499999999696e+01 6.600713476587208306e-02 1.590840000000000032e-01 1.087032777794671480e-02 -3.360099999999999199e-02 2.043859214818867856e-02 1.000000000000000000e+00 3.370817999999999870e+01 4.557966459946804355e-02 2.927277429999999754e+02 3.393942447180685207e+01 6.600640006855944264e-02
4.525000000000000000e+03 4.000000000000000000e+03 -3.500000000000000000e+04 3.394311299999999676e+01 7.519019559756444371e-02 1.340840000000005361e-01 1.336606696077795482e-02 -4.413300000000042189e-02 1.669246536614648821e-02 1.000000000000000000e+00 3.378545199999999937e+01 2.785390092967230877e-02 8.051460520000000542e+02 3.394340652279193193e+01 7.518956706692736525e-02
