6.400000000000000000e+03 4.150000000000000000e+03 -7.400000000000000000e+04 3.377425211439711461e+01 6.839099350292787705e-02 -1.747351589477446510e+00 1.707554535530022427e-02 -1.345324527998988717e+00 2.134611169514393295e-02 1.000000000000000000e+00 3.285062800000000038e+01 7.729645083702098296e-02 1.626992999999999867e+01 3.384617026414868945e+01 6.825663970143473758e-02
6.400000000000000000e+03 4.150000000000000000e+03 -7.331000000000000000e+04 3.390175800000000095e+01 1.140396450713522802e-01 -2.322205999999999548e+00 2.126750001763253947e-02 -1.419598000000000138e+00 2.309452822640029393e-02 1.000000000000000000e+00 3.281724499999999978e+01 8.519650509850741626e-02 3.325090200000000351e+01 3.401083790027237796e+01 1.136872572653432056e-01
6.400000000000000000e+03 4.150000000000000000e+03 -7.262000000000000000e+04 3.391264199999999818e+01 6.382863085637979772e-02 -2.272081000000000017e+00 1.765380780455027068e-02 -1.255727000000000260e+00 1.976391056952039524e-02 1.000000000000000000e+00 3.280611000000000388e+01 7.483280590756970219e-02 4.894379899999999850e+01 3.401185807610713141e+01 6.365754415594390703e-02
6.400000000000000000e+03 4.150000000000000000e+03 -7.193000000000000000e+04 3.392732900000000029e+01 9.040927231761132499e-02 -2.219183000000000128e+00 1.962086501660923257e-02 -1.050562000000000218e+00 2.716069117309056688e-02 1.000000000000000000e+00 3.281971000000000060e+01 8.153711084530773645e-02 6.463369699999999796e+01 3.401605660239843587e+01 9.018643460684055979e-02
6.400000000000000000e+03 4.150000000000000000e+03 -7.124000000000000000e+04 3.393350699999999875e+01 6.139788465411491480e-02 -2.153840999999999894e+00 1.281288121384101600e-02 -8.149150000000000560e-01 1.962593307335985110e-02 1.000000000000000000e+00 3.281966200000000100e+01 8.255176628031650476e-02 8.032459400000000471e+01 3.401155707740466028e+01 6.126416640636343086e-02
6.400000000000000000e+03 4.150000000000000000e+03 -7.055000000000000000e+04 3.394088399999999695e+01 7.247488526379326779e-02 -2.124103999999999992e+00 2.164202201736242781e-02 -6.544550000000000090e-01 2.392880592507699508e-02 1.000000000000000000e+00 3.281825500000000062e+01 7.389864897953142553e-02 9.601749200000000428e+01 3.401358163809417334e+01 7.233407659147783608e-02
6.400000000000000000e+03 4.150000000000000000e+03 -6.986000000000000000e+04 3.394694799999999901e+01 7.426838962842806369e-02 -2.086445999999999579e+00 1.699494398343225077e-02 -5.453969999999999096e-01 2.297447875360831768e-02 1.000000000000000000e+00 3.280662099999999981e+01 7.627695773954280833e-02 1.116993889999999965e+02 3.401537877656559061e+01 7.412722506047625393e-02
6.400000000000000000e+03 4.150000000000000000e+03 -6.917000000000000000e+04 3.395651200000000358e+01 7.924182114262645626e-02 -2.002889999999999837e+00 2.057685896826821209e-02 -4.453339999999998966e-01 2.363292322164145878e-02 1.000000000000000000e+00 3.280649199999999865e+01 8.069849081612369412e-02 1.273842860000000030e+02 3.401844496636788051e+01 7.910743818458093601e-02
6.400000000000000000e+03 4.150000000000000000e+03 -6.848000000000000000e+04 3.396018600000000021e+01 7.921955107800095208e-02 -1.945464999999999556e+00 1.520705734190543577e-02 -3.325269999999997950e-01 2.224387540425453932e-02 1.000000000000000000e+00 3.282138799999999890e+01 8.643111037699330312e-02 1.430761829999999861e+02 3.401749022821275048e+01 7.909118230050715681e-02
6.400000000000000000e+03 4.150000000000000000e+03 -6.779000000000000000e+04 3.396349800000000130e+01 9.632664047915301397e-02 -1.926055000000000739e+00 1.846659180791084681e-02 -2.401320000000000121e-01 2.325682439629279952e-02 1.000000000000000000e+00 3.281818900000000383e+01 7.675809375564247861e-02 1.587630809999999997e+02 3.401891455699980327e+01 9.617554835752312181e-02
6.400000000000000000e+03 4.150000000000000000e+03 -6.710000000000000000e+04 3.397287699999999688e+01 6.418820415777340416e-02 -1.820174999999999876e+00 1.508516072171589562e-02 -2.038929999999998799e-01 2.073259945110597982e-02 1.000000000000000000e+00 3.282285199999999747e+01 7.950452583972814069e-02 1.744609790000000089e+02 3.402221305328627210e+01 6.410032519038788568e-02
6.400000000000000000e+03 4.150000000000000000e+03 -6.641000000000000000e+04 3.397343399999999747e+01 9.950263848763006569e-02 -1.766958999999999946e+00 2.534927732697719524e-02 -1.400300000000003209e-01 2.317246590244551388e-02 1.000000000000000000e+00 3.281206199999999740e+01 7.817509363601683747e-02 1.901728769999999997e+02 3.401964094844237252e+01 9.937625777720411613e-02
6.400000000000000000e+03 4.150000000000000000e+03 -6.572000000000000000e+04 3.397672899999999885e+01 4.704545480702679305e-02 -1.707021000000000122e+00 1.670584263064871580e-02 -1.066650000000000098e-01 1.972776289902126653e-02 1.000000000000000000e+00 3.281282900000000069e+01 7.018336293595511810e-02 2.058557739999999967e+02 3.401975031736868260e+01 4.699347877928142236e-02
6.400000000000000000e+03 4.150000000000000000e+03 -6.503000000000000000e+04 3.397794400000000081e+01 8.149490296944957024e-02 -1.621366000000000085e+00 2.028339530256214121e-02 -1.346560000000001089e-01 2.402028661361058776e-02 1.000000000000000000e+00 3.280664000000000158e+01 6.891453632579994104e-02 2.215366710000000126e+02 3.401687284880001982e+01 8.140743672698744215e-02
6.400000000000000000e+03 4.150000000000000000e+03 -6.434000000000000000e+04 3.398240599999999745e+01 7.660774475860779309e-02 -1.556632000000000460e+00 1.476827427291354210e-02 -1.250900000000001455e-01 2.060070972078389268e-02 1.000000000000000000e+00 3.281816899999999748e+01 8.106829235280584023e-02 2.372305690000000027e+02 3.401826962442916624e+01 7.653000253293400224e-02
6.400000000000000000e+03 4.150000000000000000e+03 -6.365000000000000000e+04 3.398482599999999820e+01 1.060717681996486833e-01 -1.528056000000000303e+00 1.478488180541190355e-02 -1.162770000000001858e-01 2.366948839751294512e-02 1.000000000000000000e+00 3.282008600000000342e+01 8.334925800509564164e-02 2.529564680000000010e+02 3.401936027808490337e+01 1.059662027947105983e-01
6.400000000000000000e+03 4.150000000000000000e+03 -6.296000000000000000e+04 3.398446599999999762e+01 8.249104230763483481e-02 -1.460300999999999405e+00 1.648609966001661487e-02 -1.380399999999997185e-01 2.038878949324849157e-02 1.000000000000000000e+00 3.282554600000000278e+01 7.658538453255947509e-02 2.686413660000000050e+02 3.401610594052994685e+01 8.241739399689536338e-02
6.400000000000000000e+03 4.150000000000000000e+03 -6.227000000000000000e+04 3.399247700000000094e+01 8.681815593526506780e-02 -1.445319999999999716e+00 2.225640233730510203e-02 -1.292759999999999465e-01 2.445294571212229193e-02 1.000000000000000000e+00 3.282463599999999815e+01 7.852384058997623206e-02 2.843302630000000022e+02 3.402343537595968570e+01 8.674436126596485330e-02
6.400000000000000000e+03 4.150000000000000000e+03 -6.158000000000000000e+04 3.399458599999999819e+01 5.475846053351025172e-02 -1.345595000000000319e+00 1.277216070208952482e-02 -1.457049999999999734e-01 2.073902312067759865e-02 1.000000000000000000e+00 3.282430200000000298e+01 7.789459185976906064e-02 3.000171599999999899e+02 3.402151867807264551e+01 5.471751568768748464e-02
6.400000000000000000e+03 4.150000000000000000e+03 -6.089000000000000000e+04 3.399463000000000079e+01 9.634838573115794835e-02 -1.240198999999999607e+00 2.247789992414771926e-02 -1.205869999999999997e-01 2.392329651197760976e-02 1.000000000000000000e+00 3.280867099999999681e+01 8.192939169797368304e-02 3.157080569999999966e+02 3.401745880604649130e+01 9.628725193847312291e-02
6.400000000000000000e+03 4.150000000000000000e+03 -6.020000000000000000e+04 3.400047800000000109e+01 5.628114997048301593e-02 -1.151357999999999215e+00 1.204887156542055505e-02 -1.235740000000000727e-01 1.715063068811173430e-02 1.000000000000000000e+00 3.282867399999999947e+01 7.734310778602060399e-02 3.314029550000000199e+02 3.402019106363343326e+01 5.625005031338382172e-02
6.400000000000000000e+03 4.150000000000000000e+03 -5.951000000000000000e+04 3.399953999999999610e+01 9.590126449635583139e-02 -1.016572000000000031e+00 1.695282174152728041e-02 -1.328070000000001194e-01 2.196573233470716646e-02 1.000000000000000000e+00 3.282725800000000049e+01 7.964561009873676045e-02 3.470958529999999769e+02 3.401499340793751713e+01 9.585907273365384951e-02
6.400000000000000000e+03 4.150000000000000000e+03 -5.882000000000000000e+04 3.400780400000000014e+01 7.674582053115334979e-02 -9.373450000000005389e-01 1.315740225120445167e-02 -1.545600000000000307e-01 2.442432281558692617e-02 1.000000000000000000e+00 3.280382600000000082e+01 8.184866359324384499e-02 3.627877500000000168e+02 3.402107049087434376e+01 7.671683029837461643e-02
6.400000000000000000e+03 4.150000000000000000e+03 -5.813000000000000000e+04 3.400212700000000154e+01 8.543802344389761494e-02 -8.545059999999997657e-01 2.193713244706335663e-02 -1.103130000000001054e-01 2.151670518457693415e-02 1.000000000000000000e+00 3.282485100000000244e+01 8.339163703873428424e-02 3.784626470000000040e+02 3.401304146920904259e+01 8.541241376887648284e-02
6.400000000000000000e+03 4.150000000000000000e+03 -5.744000000000000000e+04 3.401303899999999913e+01 8.581207211109635746e-02 -8.248520000000008068e-01 1.603506813206604514e-02 -1.210539999999999949e-01 2.190204419683240353e-02 1.000000000000000000e+00 3.281410699999999991e+01 8.581812333650742919e-02 3.941695450000000278e+02 3.402325464896533447e+01 8.578722283869198717e-02
6.400000000000000000e+03 4.150000000000000000e+03 -5.675000000000000000e+04 3.400281400000000076e+01 8.340932574358816964e-02 -7.655479999999998952e-01 2.078340150216032717e-02 -1.238109999999998934e-01 2.360178851273776052e-02 1.000000000000000000e+00 3.280378400000000028e+01 8.056759499947854786e-02 4.098574419999999918e+02 3.401165613172373980e+01 8.338899794550157230e-02
6.400000000000000000e+03 4.150000000000000000e+03 -5.606000000000000000e+04 3.401288100000000014e+01 5.805366228757666280e-02 -7.651839999999996422e-01 1.262121329349916339e-02 -1.333280000000001131e-01 1.916831494941587111e-02 1.000000000000000000e+00 3.282822600000000079e+01 7.908253799670317274e-02 4.255473400000000197e+02 3.402174829178537152e+01 5.803927420589583691e-02
6.400000000000000000e+03 4.150000000000000000e+03 -5.537000000000000000e+04 3.400751700000000000e+01 1.150094682189253537e-01 -7.683390000000001052e-01 1.989030417062544534e-02 -1.382539999999998770e-01 2.914423725198516876e-02 1.000000000000000000e+00 3.281020600000000087e+01 8.081959490123667711e-02 4.412422379999999862e+02 3.401647647086226556e+01 1.149801150511119002e-01
6.400000000000000000e+03 4.150000000000000000e+03 -5.468000000000000000e+04 3.400997800000000382e+01 6.404713517402632617e-02 -7.323599999999999000e-01 1.304657491451300527e-02 -1.307269999999998156e-01 1.922028930583512263e-02 1.000000000000000000e+00 3.282329500000000166e+01 7.557182906348106077e-02 4.569241349999999784e+02 3.401811347324559165e+01 6.403247684141710749e-02
6.400000000000000000e+03 4.150000000000000000e+03 -5.399000000000000000e+04 3.400550799999999896e+01 8.724197763118395066e-02 -7.721439999999999415e-01 1.717224111757111385e-02 -1.306480000000000974e-01 2.034114610831946196e-02 1.000000000000000000e+00 3.281523200000000173e+01 7.667253776939955690e-02 4.726160320000000183e+02 3.401452409772483776e+01 8.721975885480660884e-02
6.400000000000000000e+03 4.150000000000000000e+03 -5.330000000000000000e+04 3.400313799999999986e+01 6.808772668403607897e-02 -7.423339999999996053e-01 1.326663337097999489e-02 -1.173299999999999343e-01 2.142778033301629553e-02 1.000000000000000000e+00 3.282623800000000358e+01 8.219579125478383708e-02 4.883069300000000226e+02 3.401144248548567361e+01 6.807175786656992356e-02
6.400000000000000000e+03 4.150000000000000000e+03 -5.261000000000000000e+04 3.401016100000000364e+01 9.097278507333937669e-02 -7.311750000000003524e-01 1.811331604096831291e-02 -1.264040000000001829e-01 2.104203583306520423e-02 1.000000000000000000e+00 3.281482199999999949e+01 7.731089421937893669e-02 5.039968269999999961e+02 3.401825460098977771e+01 9.095200774286628376e-02
6.400000000000000000e+03 4.150000000000000000e+03 -5.192000000000000000e+04 3.400824099999999817e+01 7.583469815987929630e-02 -6.865809999999994417e-01 1.987363932449212958e-02 -1.133169999999998900e-01 2.360148406350753153e-02 1.000000000000000000e+00 3.282803099999999574e+01 8.140246606215317815e-02 5.196887249999999767e+02 3.401535962070856556e+01 7.581992964785050360e-02
6.400000000000000000e+03 4.150000000000000000e+03 -5.123000000000000000e+04 3.400082199999999943e+01 8.015170871541042741e-02 -6.867350000000005394e-01 1.991857891517364101e-02 -1.123089999999999922e-01 2.792214943373808392e-02 1.000000000000000000e+00 3.280134699999999981e+01 7.785952510772205237e-02 5.353766219999999976e+02 3.400794193930867237e+01 8.013599055859961517e-02
6.400000000000000000e+03 4.150000000000000000e+03 -5.054000000000000000e+04 3.399975299999999834e+01 6.220256854021383869e-02 -6.385389999999997457e-01 1.713696720543048807e-02 -1.613790000000001612e-01 2.119113493893142255e-02 1.000000000000000000e+00 3.280087000000000330e+01 8.274847926699317735e-02 5.510675189999999475e+02 3.400613149561664983e+01 6.219181504391008142e-02
6.400000000000000000e+03 4.150000000000000000e+03 -4.985000000000000000e+04 3.400856500000000437e+01 1.010940014293627565e-01 -6.840909999999995605e-01 2.444170028864604133e-02 -1.213150000000000617e-01 2.471561287931173245e-02 1.000000000000000000e+00 3.281940900000000028e+01 8.906386505199512249e-02 5.667564170000000559e+02 3.401566096939365735e+01 1.010741460264282521e-01
6.400000000000000000e+03 4.150000000000000000e+03 -4.916000000000000000e+04 3.400825199999999882e+01 6.008774937539265032e-02 -6.299710000000002807e-01 2.034131011021659760e-02 -1.137379999999998947e-01 2.049204003997649737e-02 1.000000000000000000e+00 3.283331900000000303e+01 8.070435983885877740e-02 5.824483139999999821e+02 3.401427647163744439e+01 6.007832717794593658e-02
6.400000000000000000e+03 4.150000000000000000e+03 -4.847000000000000000e+04 3.400885900000000106e+01 7.735867160829482114e-02 -6.638399999999995416e-01 1.496822781761421479e-02 -1.343460000000000765e-01 2.498002147717251487e-02 1.000000000000000000e+00 3.280326800000000276e+01 8.760843292742999389e-02 5.981352110000000266e+02 3.401560263871856193e+01 7.734394971445621159e-02
6.400000000000000000e+03 4.150000000000000000e+03 -4.778000000000000000e+04 3.400234400000000079e+01 7.606519005432117730e-02 -6.225309999999995014e-01 1.589232047247978244e-02 -1.299560000000001825e-01 2.113828247516812836e-02 1.000000000000000000e+00 3.283669000000000437e+01 7.607648638705653832e-02 6.138271089999999504e+02 3.400829062011545290e+01 7.605248874484164812e-02
6.400000000000000000e+03 4.150000000000000000e+03 -4.709000000000000000e+04 3.400277400000000227e+01 8.058293943509382828e-02 -5.979580000000002116e-01 1.860954639425690255e-02 -1.090269999999999850e-01 2.327641828117031977e-02 1.000000000000000000e+00 3.280636799999999909e+01 7.735115645547906149e-02 6.295210070000000542e+02 3.400820607370475557e+01 8.057076702936170898e-02
6.400000000000000000e+03 4.150000000000000000e+03 -4.640000000000000000e+04 3.400261700000000076e+01 7.487611318037282193e-02 -6.579189999999996985e-01 1.637625457789417677e-02 -1.252429999999999932e-01 2.156201588442045389e-02 1.000000000000000000e+00 3.281366400000000283e+01 8.104138639608778061e-02 6.452109040000000277e+02 3.400921207655800771e+01 7.486230562540784061e-02
6.400000000000000000e+03 4.150000000000000000e+03 -4.571000000000000000e+04 3.400650900000000121e+01 1.034964408131989894e-01 -6.423640000000006012e-01 1.821501328574865602e-02 -1.070919999999999650e-01 2.503912220905517294e-02 1.000000000000000000e+00 3.281684800000000024e+01 7.509526888559624191e-02 6.609058019999999942e+02 3.401274400238888518e+01 1.034780703510424227e-01
6.400000000000000000e+03 4.150000000000000000e+03 -4.502000000000000000e+04 3.400206299999999970e+01 5.910418060509763788e-02 -6.397870000000001056e-01 1.356552195825873851e-02 -1.352530000000000676e-01 2.006956773326221827e-02 1.000000000000000000e+00 3.280737899999999740e+01 8.653193335410923337e-02 6.765936990000000151e+02 3.400835057798815342e+01 5.909385819546458807e-02
6.400000000000000000e+03 4.150000000000000000e+03 -4.433000000000000000e+04 3.400370599999999399e+01 9.940519842543446560e-02 -6.392499999999996518e-01 2.066538593881081867e-02 -1.294319999999999915e-01 2.213308629631213428e-02 1.000000000000000000e+00 3.283188299999999771e+01 8.336252175288365318e-02 6.922855960000000550e+02 3.400996052540431691e+01 9.938771225323191072e-02
6.400000000000000000e+03 4.150000000000000000e+03 -4.364000000000000000e+04 3.397991000000000383e+01 6.170232006172863409e-02 -6.178739999999995902e-01 1.165133370048253292e-02 -9.460200000000007492e-02 2.104523425861541674e-02 1.000000000000000000e+00 3.280165200000000425e+01 7.964324615433501786e-02 7.079754940000000261e+02 3.398565876110657769e+01 6.169227443410442435e-02
6.400000000000000000e+03 4.150000000000000000e+03 -4.295000000000000000e+04 3.400993700000000075e+01 9.024767991477675166e-02 -6.572320000000004825e-01 1.654669997310641988e-02 -1.258869999999998601e-01 2.433199494492796489e-02 1.000000000000000000e+00 3.283699999999999619e+01 7.140568521483425801e-02 7.236693920000000162e+02 3.401651975412185180e+01 9.023082680705175884e-02
6.400000000000000000e+03 4.150000000000000000e+03 -4.226000000000000000e+04 3.399275399999999792e+01 6.902107145647624897e-02 -6.424240000000001061e-01 1.604366918756429394e-02 -1.152060000000001416e-01 2.286393115804891477e-02 1.000000000000000000e+00 3.281225200000000086e+01 8.158934652269252130e-02 7.393612890000000561e+02 3.399901918471660878e+01 6.900906191877274887e-02
6.400000000000000000e+03 4.150000000000000000e+03 -4.157000000000000000e+04 3.399271399999999943e+01 8.319705932904118695e-02 -6.284920000000004947e-01 1.843996729932024722e-02 -1.199329999999998453e-01 2.452919136457620483e-02 1.000000000000000000e+00 3.280749300000000090e+01 8.502221001597171091e-02 7.550521860000000061e+02 3.399873514124237062e+01 8.318306866282335066e-02
6.400000000000000000e+03 4.150000000000000000e+03 -4.088000000000000000e+04 3.399224000000000245e+01 7.251725601537885313e-02 -6.661700000000001509e-01 1.733875846189686029e-02 -9.887100000000015321e-02 2.266625143247114060e-02 1.000000000000000000e+00 3.280415999999999599e+01 8.369932296619848888e-02 7.707460839999999962e+02 3.399891083786569368e+01 7.250385350889745895e-02
6.400000000000000000e+03 4.150000000000000000e+03 -4.019000000000000000e+04 3.398983700000000141e+01 7.837719448921350029e-02 -6.609669999999994161e-01 2.211557010343617735e-02 -1.076619999999999244e-01 2.370313991858462657e-02 1.000000000000000000e+00 3.278669800000000123e+01 8.848675657407722994e-02 7.864409819999999627e+02 3.399643345658338234e+01 7.836320226059348415e-02
6.400000000000000000e+03 4.150000000000000000e+03 -3.950000000000000000e+04 3.399167200000000122e+01 5.424613627715802605e-02 -6.282959999999997436e-01 1.410276299169776169e-02 -1.250159999999997940e-01 2.140369017249128467e-02 1.000000000000000000e+00 3.281684400000000323e+01 8.246731635017595652e-02 8.021308790000000499e+02 3.399770801420966393e+01 5.423718862732385126e-02
6.400000000000000000e+03 4.150000000000000000e+03 -3.881000000000000000e+04 3.399363900000000172e+01 1.151474640841039232e-01 -6.347979999999999734e-01 1.977955029822468097e-02 -1.062199999999999811e-01 2.848760244387021218e-02 1.000000000000000000e+00 3.281227200000000011e+01 7.567704091070157069e-02 8.178217769999999973e+02 3.399973152322713332e+01 1.151274571382902567e-01
6.400000000000000000e+03 4.150000000000000000e+03 -3.812000000000000000e+04 3.398729000000000156e+01 5.986905495328951471e-02 -6.691110000000000113e-01 1.537395736302140346e-02 -1.085430000000000561e-01 2.030794061444931436e-02 1.000000000000000000e+00 3.281374900000000139e+01 8.162392243699147232e-02 8.335076739999999518e+02 3.399404907711451074e+01 5.985795115476742756e-02
6.400000000000000000e+03 4.150000000000000000e+03 -3.743000000000000000e+04 3.399117900000000247e+01 9.944127743547948040e-02 -6.532059999999999533e-01 1.892372532034852783e-02 -8.099900000000004319e-02 2.392952329236835984e-02 1.000000000000000000e+00 3.280852800000000258e+01 7.522647433583472265e-02 8.491945709999999963e+02 3.399755121661673485e+01 9.942332015653691790e-02
6.400000000000000000e+03 4.150000000000000000e+03 -3.674000000000000000e+04 3.399036399999999958e+01 6.878231822205471691e-02 -6.565669999999999007e-01 1.976411561390997371e-02 -9.742900000000020988e-02 2.243809004795194184e-02 1.000000000000000000e+00 3.281215199999999754e+01 8.198317747562605673e-02 8.648884689999999864e+02 3.399684422836958220e+01 6.877029678003546143e-02
6.400000000000000000e+03 4.150000000000000000e+03 -3.605000000000000000e+04 3.398584499999999764e+01 8.637134978683613795e-02 -6.570210000000002992e-01 1.774416952128219510e-02 -1.301030000000000797e-01 2.620376478676298901e-02 1.000000000000000000e+00 3.281815499999999730e+01 8.053514394349835237e-02 8.805793660000000500e+02 3.399244421557641971e+01 8.635532115368486916e-02
6.400000000000000000e+03 4.150000000000000000e+03 -3.536000000000000000e+04 3.397498300000000171e+01 7.933501135060105902e-02 -6.525749999999996831e-01 1.671124842733181376e-02 -1.121220000000000550e-01 2.261030183345635880e-02 1.000000000000000000e+00 3.282015300000000479e+01 8.477913540488603295e-02 8.962682630000000472e+02 3.398143456836097442e+01 7.932063343471588979e-02
6.400000000000000000e+03 4.150000000000000000e+03 -3.467000000000000000e+04 3.398183199999999715e+01 9.641027051097823819e-02 -6.820089999999998653e-01 1.852816269898340668e-02 -1.121589999999998977e-01 2.310233516335524068e-02 1.000000000000000000e+00 3.281437900000000241e+01 7.338194653319030092e-02 9.119551609999999755e+02 3.398886026323309295e+01 9.639108178877656141e-02
6.400000000000000000e+03 4.150000000000000000e+03 -3.398000000000000000e+04 3.389002500000000140e+01 7.951848175738769620e-02 -6.629460000000007014e-01 1.492332898518289493e-02 -1.249519999999999520e-01 2.217907847499530488e-02 1.000000000000000000e+00 3.272257299999999702e+01 8.019750672558342841e-02 9.276450579999999491e+02 3.389673885349216675e+01 7.950330948766889949e-02
6.400000000000000000e+03 4.150000000000000000e+03 -3.329000000000000000e+04 3.397577100000000172e+01 1.001434551530952510e-01 -6.549510000000005050e-01 1.992963883265324102e-02 -9.798600000000012855e-02 2.482737219280365185e-02 1.000000000000000000e+00 3.281057799999999958e+01 9.524441101188037273e-02 9.433369559999999865e+02 3.398222442856026504e+01 1.001251996875622691e-01
6.400000000000000000e+03 4.150000000000000000e+03 -3.260000000000000000e+04 3.398530399999999929e+01 6.555831426295218034e-02 -6.677689999999998349e-01 1.284339845990927799e-02 -1.129739999999999078e-01 2.132280537359003414e-02 1.000000000000000000e+00 3.281958999999999804e+01 8.037347484089511773e-02 9.590248530000000073e+02 3.399205151994290475e+01 6.554582466596850510e-02
6.400000000000000000e+03 4.150000000000000000e+03 -3.191000000000000000e+04 3.396839800000000054e+01 8.131104849895860742e-02 -6.645320000000003446e-01 1.680852432547247713e-02 -1.038740000000000219e-01 2.397452733632093880e-02 1.000000000000000000e+00 3.280109900000000067e+01 6.715070204398461418e-02 9.747157509999999547e+02 3.397505636894961611e+01 8.129581112825041977e-02
6.400000000000000000e+03 4.150000000000000000e+03 -3.122000000000000000e+04 3.405753500000000145e+01 7.356152780496066912e-02 -6.496209999999997819e-01 1.381195340999961420e-02 -1.435720000000000329e-01 3.142090351979076601e-02 1.000000000000000000e+00 3.291125300000000209e+01 9.287785934764000717e-02 9.904056480000000420e+02 3.406403250701610830e+01 7.354808729116604771e-02
6.400000000000000000e+03 4.150000000000000000e+03 -3.053000000000000000e+04 3.396839500000000100e+01 9.324031725600250009e-02 -6.851499999999992596e-01 1.655798142890612182e-02 -1.325229999999999464e-01 3.284396133233626752e-02 1.000000000000000000e+00 3.281159399999999948e+01 7.388186359317150398e-02 1.006104546000000028e+03 3.397556256699886035e+01 9.322133309077683394e-02
6.400000000000000000e+03 4.150000000000000000e+03 -2.984000000000000000e+04 3.396767700000000190e+01 7.354764888832272807e-02 -6.670879999999996812e-01 1.660792389192580765e-02 -1.182870000000000310e-01 2.388319628944166398e-02 1.000000000000000000e+00 3.281443600000000060e+01 8.717484373946420007e-02 1.021793443000000025e+03 3.397443272507198486e+01 7.353379421623737477e-02
6.400000000000000000e+03 4.150000000000000000e+03 -2.915000000000000000e+04 3.396276999999999902e+01 1.069302354996003873e-01 -6.413160000000006633e-01 1.746711515963640660e-02 -1.028199999999999115e-01 1.902982506488170439e-02 1.000000000000000000e+00 3.280494199999999694e+01 8.423655807901934967e-02 1.037486341000000039e+03 3.396898002939087036e+01 1.069112111878687821e-01
6.400000000000000000e+03 4.150000000000000000e+03 -2.846000000000000000e+04 3.396781699999999660e+01 5.930944745148111763e-02 -6.459019999999995321e-01 1.248647652462455196e-02 -1.133569999999999300e-01 2.006744759554637478e-02 1.000000000000000000e+00 3.283108699999999658e+01 7.700192886545115245e-02 1.053178237999999965e+03 3.397414650802198111e+01 5.929891084689716679e-02
6.400000000000000000e+03 4.150000000000000000e+03 -2.777000000000000000e+04 3.396177600000000041e+01 9.217702587955417526e-02 -6.577859999999997598e-01 2.608442349372513958e-02 -9.998499999999999055e-02 2.442443483481245362e-02 1.000000000000000000e+00 3.282137799999999572e+01 7.817816961914623997e-02 1.068869136000000026e+03 3.396829269327790257e+01 9.216075433476426937e-02
6.400000000000000000e+03 4.150000000000000000e+03 -2.708000000000000000e+04 3.395369800000000282e+01 5.387204054980653661e-02 -6.705130000000005808e-01 1.058862757868081830e-02 -1.090519999999999268e-01 1.905395103384072489e-02 1.000000000000000000e+00 3.282050999999999874e+01 8.245252802067380704e-02 1.084561032999999952e+03 3.396049304555334913e+01 5.386170194935926275e-02
6.400000000000000000e+03 4.150000000000000000e+03 -2.639000000000000000e+04 3.395343100000000192e+01 7.438315578139986783e-02 -6.793219999999999814e-01 1.530007388871047237e-02 -1.032170000000001142e-01 2.400600445721861459e-02 1.000000000000000000e+00 3.282861300000000426e+01 6.973996834670918854e-02 1.100249931000000061e+03 3.396038293071110559e+01 7.436859457530251016e-02
6.400000000000000000e+03 4.150000000000000000e+03 -2.570000000000000000e+04 3.394971900000000176e+01 6.327882998286235572e-02 -6.525449999999999307e-01 1.467600490596810900e-02 -1.038910000000001776e-01 2.238521040776699986e-02 1.000000000000000000e+00 3.281399300000000352e+01 8.701336520902981653e-02 1.115943827999999939e+03 3.395614861105227789e+01 6.326751380510488298e-02
6.400000000000000000e+03 4.150000000000000000e+03 -2.501000000000000000e+04 3.395351499999999589e+01 1.043489104495106817e-01 -6.794409999999997396e-01 1.853527342663172095e-02 -1.061440000000000161e-01 2.566516473744129279e-02 1.000000000000000000e+00 3.280117500000000064e+01 8.482678648280859990e-02 1.131634726000000001e+03 3.396047831636712999e+01 1.043282044618930038e-01
6.400000000000000000e+03 4.150000000000000000e+03 -2.432000000000000000e+04 3.394666800000000251e+01 8.467105990242473901e-02 -6.631019999999994141e-01 1.764388551311756731e-02 -1.129869999999999486e-01 1.932070042726194772e-02 1.000000000000000000e+00 3.282173699999999883e+01 8.721638725033271922e-02 1.147328623000000107e+03 3.395333177505261091e+01 8.465516783859196315e-02
6.400000000000000000e+03 4.150000000000000000e+03 -2.363000000000000000e+04 3.393818699999999922e+01 1.105511795188093005e-01 -6.575590000000000046e-01 2.093439070047179579e-02 -9.740199999999998859e-02 2.720056780657345227e-02 1.000000000000000000e+00 3.282572799999999802e+01 7.531044647324830477e-02 1.163020520999999917e+03 3.394469631378448327e+01 1.105307514596049340e-01
6.400000000000000000e+03 4.150000000000000000e+03 -2.294000000000000000e+04 3.394210900000000208e+01 5.874454774700372389e-02 -6.713580000000005654e-01 1.307532504376086174e-02 -1.041609999999999481e-01 1.993916189311877724e-02 1.000000000000000000e+00 3.282082100000000224e+01 7.980634050625300124e-02 1.178707417999999961e+03 3.394890770622769338e+01 5.873338443442354534e-02
6.400000000000000000e+03 4.150000000000000000e+03 -2.225000000000000000e+04 3.393730200000000252e+01 1.054251655915227903e-01 -6.707930000000006387e-01 1.966509455863357791e-02 -9.759200000000012309e-02 2.619055259058120783e-02 1.000000000000000000e+00 3.281141300000000172e+01 8.249130393562706387e-02 1.194398316000000023e+03 3.394407097692492670e+01 1.054048854609837549e-01
6.400000000000000000e+03 4.150000000000000000e+03 -2.156000000000000000e+04 3.393522300000000058e+01 4.796895426210582430e-02 -6.690269999999998163e-01 1.358076676774916045e-02 -8.764799999999994817e-02 2.189203622324794110e-02 1.000000000000000000e+00 3.282989500000000049e+01 7.766826310018784540e-02 1.210088212999999996e+03 3.394193040117727378e+01 4.796025530103684154e-02
6.400000000000000000e+03 4.150000000000000000e+03 -2.087000000000000000e+04 3.394046000000000163e+01 8.524001712810715115e-02 -6.630820000000001713e-01 2.262118405389072426e-02 -1.035639999999999894e-01 2.881222553014605239e-02 1.000000000000000000e+00 3.281554200000000066e+01 8.952478392601681545e-02 1.225780109999999922e+03 3.394709454802310944e+01 8.522454875830751120e-02
6.400000000000000000e+03 4.150000000000000000e+03 -2.018000000000000000e+04 3.392849300000000312e+01 5.919947366320075371e-02 -6.606000000000005201e-01 1.744705803280312273e-02 -1.231670000000000265e-01 1.878467782529154653e-02 1.000000000000000000e+00 3.282707700000000273e+01 8.608029693838190055e-02 1.241474007999999912e+03 3.393514696772268024e+01 5.918887960156810762e-02
6.400000000000000000e+03 4.150000000000000000e+03 -1.949000000000000000e+04 3.392153400000000119e+01 7.542796715410007846e-02 -6.718149999999996069e-01 1.573973633832536495e-02 -1.035809999999999231e-01 2.337578084257294075e-02 1.000000000000000000e+00 3.282728699999999833e+01 7.425017775736297843e-02 1.257162906000000021e+03 3.392834409945380969e+01 7.541350502318575066e-02
6.400000000000000000e+03 4.150000000000000000e+03 -1.880000000000000000e+04 3.392347999999999786e+01 8.095942127387027731e-02 -7.065889999999992455e-01 1.762476530340191180e-02 -1.021350000000000868e-01 1.879460999861396267e-02 1.000000000000000000e+00 3.282662400000000247e+01 8.767784382613431904e-02 1.272852802999999994e+03 3.393099165782729898e+01 8.094235032808877461e-02
6.400000000000000000e+03 4.150000000000000000e+03 -1.811000000000000000e+04 3.392293899999999951e+01 1.020074665943625919e-01 -6.639270000000001559e-01 2.269502258205529852e-02 -1.033869999999998956e-01 2.515690414180568601e-02 1.000000000000000000e+00 3.282370999999999839e+01 8.209875431454487227e-02 1.288542699999999968e+03 3.392959295851954238e+01 1.019884575042774993e-01
6.400000000000000000e+03 4.150000000000000000e+03 -1.742000000000000000e+04 3.391322300000000212e+01 6.665096537185338788e-02 -6.894860000000004874e-01 1.131886182440619906e-02 -8.552599999999999092e-02 2.126055511975169510e-02 1.000000000000000000e+00 3.281906200000000240e+01 8.470023285091959897e-02 1.304236597999999958e+03 3.392033902968248782e+01 6.663740164146571276e-02
6.400000000000000000e+03 4.150000000000000000e+03 -1.673000000000000000e+04 3.392037600000000452e+01 1.164115031987818655e-01 -6.670280000000001763e-01 2.336661903228620663e-02 -9.865000000000012648e-02 2.429174234179179090e-02 1.000000000000000000e+00 3.280776900000000040e+01 7.946688171810946388e-02 1.319928495000000112e+03 3.392707718263777394e+01 1.163894380141527324e-01
6.400000000000000000e+03 4.150000000000000000e+03 -1.604000000000000000e+04 3.390998499999999893e+01 5.355918912754375344e-02 -6.714169999999999305e-01 1.299191633285867384e-02 -1.029700000000000060e-01 2.299993434773238768e-02 1.000000000000000000e+00 3.282620400000000416e+01 7.519360795307004908e-02 1.335619392999999945e+03 3.391678767673928263e+01 5.354910992980548012e-02
6.400000000000000000e+03 4.150000000000000000e+03 -1.535000000000000000e+04 3.389827900000000227e+01 9.230905927914118125e-02 -6.713540000000000063e-01 2.170767894087251293e-02 -1.066179999999998795e-01 2.169025928844558679e-02 1.000000000000000000e+00 3.282094000000000023e+01 7.037664989184977404e-02 1.351309289999999919e+03 3.390509405315197711e+01 9.229153095633657600e-02
6.400000000000000000e+03 4.150000000000000000e+03 -1.466000000000000000e+04 3.389963099999999940e+01 7.673802625165700164e-02 -7.106940000000001589e-01 1.446778386623189840e-02 -9.411100000000005572e-02 2.013301229324613445e-02 1.000000000000000000e+00 3.281982399999999700e+01 8.433657408858863391e-02 1.366999188000000004e+03 3.390721051307697564e+01 7.672149211455059348e-02
6.400000000000000000e+03 4.150000000000000000e+03 -1.397000000000000000e+04 3.389890299999999712e+01 1.081157123548654175e-01 -6.717250000000003496e-01 1.901548474270377265e-02 -9.143400000000001526e-02 3.077682096968431188e-02 1.000000000000000000e+00 3.281537499999999596e+01 8.067043763981945892e-02 1.382692084999999906e+03 3.390568092894448426e+01 1.080947877792449857e-01
6.400000000000000000e+03 4.150000000000000000e+03 -1.328000000000000000e+04 3.388993800000000078e+01 6.968255616723600943e-02 -7.483420000000000627e-01 1.870236041252547332e-02 -9.270500000000003737e-02 2.382073183174690176e-02 1.000000000000000000e+00 3.281785500000000155e+01 7.830153338217585302e-02 1.398381982999999991e+03 3.389832602961144659e+01 6.966656735538785672e-02
6.400000000000000000e+03 4.150000000000000000e+03 -1.259000000000000000e+04 3.388355299999999914e+01 1.012612422005576690e-01 -7.124769999999998049e-01 2.575199666045334054e-02 -8.107699999999984364e-02 2.587368922283793740e-02 1.000000000000000000e+00 3.282150199999999529e+01 7.385081623110199833e-02 1.414072879999999941e+03 3.389113985777503046e+01 1.012400402969213520e-01
6.400000000000000000e+03 4.150000000000000000e+03 -1.190000000000000000e+04 3.388044200000000217e+01 6.801885650317858467e-02 -7.467559999999995313e-01 1.625066010966939173e-02 -9.684800000000004516e-02 2.176825381145671909e-02 1.000000000000000000e+00 3.280506599999999651e+01 7.776520170358976192e-02 1.429764777999999978e+03 3.388880898134374320e+01 6.800303426124675032e-02
6.400000000000000000e+03 4.150000000000000000e+03 -1.121000000000000000e+04 3.388286099999999834e+01 1.120676557129665352e-01 -7.468859999999999388e-01 2.405033232618626615e-02 -4.373599999999999710e-02 2.629288287731111617e-02 1.000000000000000000e+00 3.280062199999999706e+01 8.724060396971126952e-02 1.445449675000000070e+03 3.389112009184725594e+01 1.120416041766227749e-01
6.400000000000000000e+03 4.150000000000000000e+03 -1.052000000000000000e+04 3.387544199999999961e+01 8.163026087181150803e-02 -7.203800000000004644e-01 1.341760966044250325e-02 -6.827300000000002811e-02 2.028515528656361921e-02 1.000000000000000000e+00 3.282530799999999971e+01 7.955064764035550684e-02 1.461137572000000091e+03 3.388316955720483747e+01 8.161215268598377703e-02
6.400000000000000000e+03 4.150000000000000000e+03 -9.830000000000000000e+03 3.387156299999999476e+01 8.864161556515089135e-02 -7.412049999999998917e-01 2.533491602512232682e-02 -5.300599999999999756e-02 2.548343340289922418e-02 1.000000000000000000e+00 3.282798300000000324e+01 7.681754503367052567e-02 1.476828469999999925e+03 3.387971331860749302e+01 8.862203362467918621e-02
6.400000000000000000e+03 4.150000000000000000e+03 -9.140000000000000000e+03 3.387464699999999596e+01 8.822808947835150684e-02 -7.132309999999995043e-01 1.802733374628649743e-02 -5.263099999999998335e-02 2.449654124565343871e-02 1.000000000000000000e+00 3.281388700000000114e+01 8.130111055207056570e-02 1.492519367000000102e+03 3.388219558789145225e+01 8.820925769684133388e-02
6.400000000000000000e+03 4.150000000000000000e+03 -8.450000000000000000e+03 3.386340599999999768e+01 1.146773627399932799e-01 -7.139410000000001588e-01 2.638960115272680554e-02 -4.845500000000002583e-02 2.672848345866259481e-02 1.000000000000000000e+00 3.282397699999999929e+01 7.694193791424804030e-02 1.508214265000000069e+03 3.387096581970082809e+01 1.146531230790751171e-01
6.400000000000000000e+03 4.150000000000000000e+03 -7.760000000000000000e+03 3.386180600000000140e+01 9.584174845024479028e-02 -6.980469999999998620e-01 2.017190999880775007e-02 -3.410999999999997367e-02 2.231467808416693135e-02 1.000000000000000000e+00 3.280826600000000326e+01 8.969447466260115076e-02 1.523907163000000082e+03 3.386901738592285938e+01 9.582224638685785112e-02
6.400000000000000000e+03 4.150000000000000000e+03 -7.070000000000000000e+03 3.386455999999999733e+01 9.726619417865592365e-02 -7.194659999999997169e-01 3.194181373998664780e-02 -3.120999999999929386e-03 2.677277589268621180e-02 1.000000000000000000e+00 3.283036699999999541e+01 9.025478403940702388e-02 1.539601059999999961e+03 3.387220195173907911e+01 9.724661661354336295e-02
6.400000000000000000e+03 4.150000000000000000e+03 -6.380000000000000000e+03 3.386028500000000463e+01 9.147284076161622812e-02 -7.027200000000002333e-01 1.823167907791270817e-02 -2.983999999999986663e-03 2.617473228134339566e-02 1.000000000000000000e+00 3.281851799999999741e+01 8.050522710979704510e-02 1.555290956999999935e+03 3.386757630217848458e+01 9.145393011598294819e-02
6.400000000000000000e+03 4.150000000000000000e+03 -5.690000000000000000e+03 3.386815899999999857e+01 1.651095943547800093e-01 -6.417269999999994923e-01 3.480821354220868524e-02 4.458400000000006802e-02 3.784012448446753829e-02 1.000000000000000000e+00 3.283007100000000378e+01 8.774385909566549679e-02 1.570981854999999996e+03 3.387426745074888856e+01 1.650811451605143088e-01
6.400000000000000000e+03 4.150000000000000000e+03 -5.000000000000000000e+03 3.385661899999999491e+01 7.903446484920359505e-02 -6.425709999999993371e-01 2.061770312134695443e-02 3.840200000000004721e-02 2.594044953349883623e-02 1.000000000000000000e+00 3.281964299999999923e+01 8.128863156063090289e-02 1.586673751999999922e+03 3.386273796246850054e+01 7.902115739581003218e-02
