0.000000000000000000e+00 4.000000000000000000e+03 -7.000000000000000000e+04 3.382799846726079096e+01 9.902515883525840612e-02 -8.829344579342013333e-02 1.358890170989712071e-02 -2.607517126626499593e-01 2.542537582751914355e-02 1.000000000000000000e+00 3.253833000000000197e+01 4.925709704194919381e-02 1.335976400000000019e+01 3.382911863305375988e+01 9.902208014941514536e-02
0.000000000000000000e+00 4.000000000000000000e+03 -7.000000000000000000e+04 3.381556420079033387e+01 9.545263804882314629e-02 -8.145433636580534653e-02 1.955650491943738967e-02 -2.333159924319226919e-01 2.725105050922580971e-02 1.000000000000000000e+00 3.250220000000000198e+01 4.746205258941083721e-02 4.957473550000000273e+02 3.381646719246423771e+01 9.545028600671431884e-02
0.000000000000000000e+00 4.000000000000000000e+03 -7.000000000000000000e+04 3.376959519290118550e+01 9.539898404192902193e-02 -9.384730636361915401e-02 2.254151040293852701e-02 -2.514817306861636403e-01 3.343751564518491343e-02 1.000000000000000000e+00 3.243908799999999815e+01 6.637042986903127217e-02 5.164365390000000389e+02 3.377066196967710709e+01 9.539631603178644337e-02
0.000000000000000000e+00 4.000000000000000000e+03 -7.000000000000000000e+04 3.380948241894017769e+01 1.033448761933176002e-01 -1.200797240581534808e-01 1.392979345874421904e-02 -2.540436498524528686e-01 2.738223237401549506e-02 1.000000000000000000e+00 3.249781300000000073e+01 4.892782676555336441e-02 9.989331359999999904e+02 3.381065007882553175e+01 1.033415237981654133e-01
0.000000000000000000e+00 4.000000000000000000e+03 -7.000000000000000000e+04 3.378191685005796785e+01 8.552071337654341965e-02 -9.315083256264156120e-02 1.431854671353700870e-02 -2.706749082541286544e-01 3.275681020153464740e-02 1.000000000000000000e+00 3.241285700000000247e+01 7.093419590719274304e-02 1.019632319000000052e+03 3.378312963666623148e+01 8.551805509545580553e-02
0.000000000000000000e+00 4.000000000000000000e+03 -6.650000000000000000e+04 3.382035743528200555e+01 8.730385601278800589e-02 1.083446107811525394e-02 1.441088737635290787e-02 4.203346895390025484e-02 2.838245633000166870e-02 1.000000000000000000e+00 3.251106000000000051e+01 5.357903251272833067e-02 3.643508400000000336e+01 3.382038529124548631e+01 8.730379135393660783e-02
0.000000000000000000e+00 4.000000000000000000e+03 -6.650000000000000000e+04 3.381519680641353887e+01 8.584143011283774938e-02 -5.229540213237893198e-02 1.583397780902250779e-02 5.348333575846631049e-03 2.782218355784053798e-02 1.000000000000000000e+00 3.251094100000000253e+01 5.430566568047941189e-02 4.726580339999999865e+02 3.381523766691928046e+01 8.584132999213762993e-02
0.000000000000000000e+00 4.000000000000000000e+03 -6.650000000000000000e+04 3.381787932683411668e+01 7.103375553635991879e-02 -5.650221140961697586e-03 1.632028717510035712e-02 2.870370752855710972e-02 2.661448956720587414e-02 1.000000000000000000e+00 3.250274999999999892e+01 5.095907730718836348e-02 5.395268589999999449e+02 3.381789198031330557e+01 7.103373260223745655e-02
0.000000000000000000e+00 4.000000000000000000e+03 -6.650000000000000000e+04 3.382234346180982953e+01 8.071711365325104359e-02 -3.952538174952024974e-02 1.480507723821927919e-02 3.166978476798809616e-03 2.506230800342450216e-02 1.000000000000000000e+00 3.251480499999999552e+01 4.722995249838814191e-02 9.758528159999999616e+02 3.382236670509893628e+01 8.071706007148901629e-02
0.000000000000000000e+00 4.000000000000000000e+03 -6.650000000000000000e+04 3.382085462248922880e+01 7.507865754784531775e-02 -1.102890668332179303e-02 1.474977409797926901e-02 -1.327291347172121494e-02 2.366562432880120123e-02 1.000000000000000000e+00 3.250927800000000190e+01 4.797916736459690440e-02 1.042737640999999940e+03 3.382085902520167053e+01 7.507864850282013058e-02
0.000000000000000000e+00 4.000000000000000000e+03 -6.300000000000000000e+04 3.381576427681834929e+01 7.797312781523337011e-02 4.158658406052762047e-02 1.194238500914934949e-02 2.778815262177714018e-02 2.340994237503631753e-02 1.000000000000000000e+00 3.252037399999999678e+01 4.233299296057390498e-02 5.950840399999999875e+01 3.381580126583937584e+01 7.797304628144782757e-02
0.000000000000000000e+00 4.000000000000000000e+03 -6.300000000000000000e+04 3.381769738051947627e+01 7.285932775470786715e-02 6.474472359236926877e-04 1.259557634937766291e-02 1.220768856780873879e-02 2.734387555850580423e-02 1.000000000000000000e+00 3.251646499999999662e+01 4.596409494377105831e-02 4.495727140000000190e+02 3.381769959011467108e+01 7.285932366322006581e-02
0.000000000000000000e+00 4.000000000000000000e+03 -6.300000000000000000e+04 3.381517893541771969e+01 7.072789844312547813e-02 -7.649747448759569579e-03 1.431574711948407908e-02 2.588628197626707816e-02 2.882273313254505101e-02 1.000000000000000000e+00 3.251420399999999944e+01 5.262595900313836450e-02 5.626181800000000521e+02 3.381518970895400855e+01 7.072787942496577829e-02
0.000000000000000000e+00 4.000000000000000000e+03 -6.300000000000000000e+04 3.382133777491820581e+01 6.694434561957710028e-02 -3.728135525312925580e-02 1.340432865009518089e-02 4.021732827217161521e-02 2.512343328462178851e-02 1.000000000000000000e+00 3.250052500000000322e+01 4.871369747822474477e-02 9.527644950000000108e+02 3.382138223399587673e+01 6.694426591600459442e-02
0.000000000000000000e+00 4.000000000000000000e+03 -6.300000000000000000e+04 3.382142342833452631e+01 5.624873950505746012e-02 7.856622148072034406e-03 1.438315548355293197e-02 4.041156941364232313e-02 2.380888591320743514e-02 1.000000000000000000e+00 3.251969799999999822e+01 4.859149881409298433e-02 1.065839962000000014e+03 3.382144848376766078e+01 5.624870512825674157e-02
0.000000000000000000e+00 4.000000000000000000e+03 -5.950000000000000000e+04 3.381979037547474576e+01 7.240260925434370554e-02 6.766903856819972418e-02 1.318012078154116168e-02 2.811889491448438250e-02 2.527881993580414696e-02 1.000000000000000000e+00 3.251153300000000002e+01 4.389000552517623166e-02 8.258672400000000380e+01 3.381986976338149731e+01 7.240244715164360911e-02
0.000000000000000000e+00 4.000000000000000000e+03 -5.950000000000000000e+04 3.381423721530882887e+01 7.780867144980212202e-02 -8.091593336199132125e-03 1.235520405552588928e-02 4.476633590755285663e-02 2.780650015667313069e-02 1.000000000000000000e+00 3.251906699999999972e+01 5.299405500619857462e-02 4.264823930000000018e+02 3.381426781629154021e+01 7.780860979966014446e-02
0.000000000000000000e+00 4.000000000000000000e+03 -5.950000000000000000e+04 3.381348357219447820e+01 5.907348332010208675e-02 2.524548964993300615e-02 1.319735790153262617e-02 3.312631296805934600e-02 2.568487249040716375e-02 1.000000000000000000e+00 3.252165099999999853e+01 4.651859440051902411e-02 5.857055010000000266e+02 3.381350922300766371e+01 5.907344468808580634e-02
0.000000000000000000e+00 4.000000000000000000e+03 -5.950000000000000000e+04 3.381536892742649059e+01 6.377559072501017001e-02 -1.414122281028529216e-02 1.166081394127010083e-02 3.649849671529725725e-02 2.806575338206826822e-02 1.000000000000000000e+00 3.249650199999999955e+01 4.676664371108964213e-02 9.296731740000000173e+02 3.381539158153290003e+01 6.377555538028510662e-02
0.000000000000000000e+00 4.000000000000000000e+03 -5.950000000000000000e+04 3.382144463049587557e+01 6.690371774947641292e-02 4.841610820243058555e-02 1.244737533409271020e-02 4.174842336031858725e-02 2.384258972072063332e-02 1.000000000000000000e+00 3.252813700000000097e+01 5.417667510100634271e-02 1.088945283999999901e+03 3.382150505143265917e+01 6.690360707441016241e-02
0.000000000000000000e+00 4.000000000000000000e+03 -5.600000000000000000e+04 3.381328729058233051e+01 7.843307079372342783e-02 4.951820490935610053e-02 1.360749552682457078e-02 2.189430702683820007e-02 2.666017903830010180e-02 1.000000000000000000e+00 3.250873500000000149e+01 3.920543718669643879e-02 1.056690439999999995e+02 3.381333063761619684e+01 7.843297467758474084e-02
0.000000000000000000e+00 4.000000000000000000e+03 -5.600000000000000000e+04 3.381965867750967902e+01 6.985784565282868175e-02 -1.856795044243852999e-04 1.519283190378405493e-02 4.856557926502541589e-02 2.788332362701631192e-02 1.000000000000000000e+00 3.249027799999999644e+01 5.336970332501389525e-02 4.033940729999999917e+02 3.381969354848180842e+01 6.985778509876429399e-02
0.000000000000000000e+00 4.000000000000000000e+03 -5.600000000000000000e+04 3.382139162212719441e+01 8.948915521839213849e-02 4.730826334909288278e-03 1.638830702057287453e-02 3.425057331726438781e-02 2.635887940140778721e-02 1.000000000000000000e+00 3.250061499999999626e+01 5.513567580070094509e-02 6.087988209999999754e+02 3.382140929558946851e+01 8.948911246609639325e-02
0.000000000000000000e+00 4.000000000000000000e+03 -5.600000000000000000e+04 3.381700739548806212e+01 8.780053524820016775e-02 1.700705403189495257e-02 1.525678898713177072e-02 1.043584316325002481e-02 2.897418324874215939e-02 1.000000000000000000e+00 3.250093199999999882e+01 4.607512667372710979e-02 9.065818530000000237e+02 3.381701328226967718e+01 8.780052075464660211e-02
0.000000000000000000e+00 4.000000000000000000e+03 -5.600000000000000000e+04 3.382111369758010255e+01 7.784363482829885494e-02 -1.933721478447214537e-02 1.624046107400472366e-02 2.767011530722546242e-02 2.874811553514756285e-02 1.000000000000000000e+00 3.251112499999999983e+01 6.385698340040814325e-02 1.112039604999999938e+03 3.382113054449536094e+01 7.784360015991698134e-02
0.000000000000000000e+00 4.000000000000000000e+03 -5.250000000000000000e+04 3.382410311037366313e+01 1.016498722993537246e-01 1.921443152471624671e-02 1.481885514467317158e-02 3.650134789395798052e-02 3.098422896775502797e-02 1.000000000000000000e+00 3.249619899999999717e+01 5.228700029644079567e-02 1.287473640000000046e+02 3.382412826317872856e+01 1.016498025568520341e-01
0.000000000000000000e+00 4.000000000000000000e+03 -5.250000000000000000e+04 3.381612476026827352e+01 8.449126542197028800e-02 4.346892709293648238e-02 1.689874915061291213e-02 2.840406283493951412e-02 2.966225219936651294e-02 1.000000000000000000e+00 3.250659100000000024e+01 4.884983120748730145e-02 3.803067520000000172e+02 3.381616462788819888e+01 8.449117227674955710e-02
0.000000000000000000e+00 4.000000000000000000e+03 -5.250000000000000000e+04 3.381482387816421209e+01 8.559088084939338315e-02 2.242491522191247810e-02 1.716917270988086580e-02 2.258053476996146891e-02 2.295706503199445095e-02 1.000000000000000000e+00 3.250287900000000008e+01 5.344367010226749176e-02 6.318891419999999925e+02 3.381483885321114258e+01 8.559084507530848041e-02
0.000000000000000000e+00 4.000000000000000000e+03 -5.250000000000000000e+04 3.381641761752189268e+01 6.709971158932082069e-02 8.416656267869804253e-03 1.237897832869423037e-02 3.249656935724543061e-02 2.962469748651760590e-02 1.000000000000000000e+00 3.250353499999999940e+01 4.687801728955694192e-02 8.834895330000000513e+02 3.381643427905679999e+01 6.709968463884027901e-02
0.000000000000000000e+00 4.000000000000000000e+03 -5.250000000000000000e+04 3.381716276594666937e+01 7.216724579990542454e-02 3.146807168377208086e-02 1.406669284987006538e-02 2.125167241914505123e-02 2.714740396287362856e-02 1.000000000000000000e+00 3.251047499999999957e+01 4.619798023723548086e-02 1.135150926999999911e+03 3.381718408459884984e+01 7.216720350861298428e-02
0.000000000000000000e+00 4.000000000000000000e+03 -4.900000000000000000e+04 3.381061829677098274e+01 6.718090543454645347e-02 4.377095103206762872e-02 1.249849051446494386e-02 1.600549314754265429e-02 2.603216419843644089e-02 1.000000000000000000e+00 3.250731499999999841e+01 5.096981778464584889e-02 1.518256839999999954e+02 3.381065041790692760e+01 6.718084468943655296e-02
0.000000000000000000e+00 4.000000000000000000e+03 -4.900000000000000000e+04 3.381085692315889446e+01 7.170971480662624575e-02 3.970598073647124693e-02 1.450181371879621581e-02 1.016844535410121875e-02 2.447796489125806177e-02 1.000000000000000000e+00 3.250878600000000063e+01 5.606578062419179109e-02 3.572154320000000212e+02 3.381088176668140477e+01 7.170966451596254287e-02
0.000000000000000000e+00 4.000000000000000000e+03 -4.900000000000000000e+04 3.380774188186789075e+01 6.297933932002647284e-02 6.754094572347213443e-03 1.509712524415994864e-02 2.250969249456147292e-02 2.424937715025098778e-02 1.000000000000000000e+00 3.251668800000000203e+01 5.383870567723558764e-02 6.549794630000000097e+02 3.380775005017420654e+01 6.297932624534791080e-02
0.000000000000000000e+00 4.000000000000000000e+03 -4.900000000000000000e+04 3.380926718944665055e+01 6.188899697590354715e-02 3.628109886712316268e-02 1.309891773551652774e-02 -1.632906911245149417e-02 2.774592736735919524e-02 1.000000000000000000e+00 3.251941500000000218e+01 4.958713447054588497e-02 8.603972119999999677e+02 3.380929059953827220e+01 6.188895717007785596e-02
0.000000000000000000e+00 4.000000000000000000e+03 -4.900000000000000000e+04 3.381468444245393812e+01 7.248786886765835880e-02 1.638285906744130216e-02 1.064721375919361508e-02 2.209005835980373811e-02 2.369755188181267222e-02 1.000000000000000000e+00 3.250654500000000269e+01 4.506357757657507290e-02 1.158260248999999931e+03 3.381469562648000249e+01 7.248784672931990469e-02
0.000000000000000000e+00 4.000000000000000000e+03 -4.550000000000000000e+04 3.380763427169598856e+01 6.177166709568431002e-02 3.361832201611658633e-02 1.358440466496112047e-02 2.679786190589598938e-02 2.801148523585519218e-02 1.000000000000000000e+00 3.250610799999999756e+01 4.994040773762264962e-02 1.749090040000000101e+02 3.380766160747783999e+01 6.177162261658721704e-02
0.000000000000000000e+00 4.000000000000000000e+03 -4.550000000000000000e+04 3.381137340740733066e+01 6.966952533136026859e-02 9.115270600072555851e-03 1.298126630631759627e-02 2.851708743933294155e-02 2.807263140832029838e-02 1.000000000000000000e+00 3.251276399999999711e+01 4.486107302550843001e-02 3.341261109999999803e+02 3.381138666200435239e+01 6.966950213096265165e-02
0.000000000000000000e+00 4.000000000000000000e+03 -4.550000000000000000e+04 3.380753597057354654e+01 6.683307107833214022e-02 4.246947482229401771e-02 1.213566818854172440e-02 4.125592401293542294e-02 2.398812086963501150e-02 1.000000000000000000e+00 3.252608999999999639e+01 5.891342856259513400e-02 6.780697830000000295e+02 3.380758781855313089e+01 6.683297673140829731e-02
0.000000000000000000e+00 4.000000000000000000e+03 -4.550000000000000000e+04 3.380747987893579420e+01 7.959422281209253824e-02 1.777565856129292854e-02 1.156042058771636349e-02 6.569705807410491927e-02 2.570078224050909368e-02 1.000000000000000000e+00 3.250417099999999948e+01 4.812443858373830624e-02 8.373048909999999978e+02 3.380754838556214281e+01 7.959407742596884272e-02
0.000000000000000000e+00 4.000000000000000000e+03 -4.550000000000000000e+04 3.380551837726536490e+01 6.590705929665112428e-02 -2.123634752271286175e-04 1.037914220299747045e-02 2.653980000602138012e-02 2.450760875723431362e-02 1.000000000000000000e+00 3.249499199999999632e+01 4.530110556046066522e-02 1.181354569000000083e+03 3.380552879577109593e+01 6.590704179323216005e-02
0.000000000000000000e+00 4.000000000000000000e+03 -4.200000000000000000e+04 3.380011564020372816e+01 8.343588519981168239e-02 -3.265320477503053098e-03 1.511386868864407658e-02 2.250721488168415385e-02 2.445817019292867781e-02 1.000000000000000000e+00 3.250925699999999807e+01 5.125932383479126636e-02 1.979903239999999869e+02 3.380012329161218076e+01 8.343586791456432394e-02
0.000000000000000000e+00 4.000000000000000000e+03 -4.200000000000000000e+04 3.380478254080057354e+01 7.237026227795759215e-02 2.932128709363990282e-02 1.375942081457665056e-02 1.850897279002773621e-02 2.700896996679105766e-02 1.000000000000000000e+00 3.250581100000000134e+01 4.952688216514340713e-02 3.110397909999999797e+02 3.380480032407773194e+01 7.237022670197010288e-02
0.000000000000000000e+00 4.000000000000000000e+03 -4.200000000000000000e+04 3.380138499171220445e+01 8.553007692985381549e-02 2.187691925847801144e-02 1.453894249288026179e-02 2.713402402042372485e-02 2.632540538267182095e-02 1.000000000000000000e+00 3.250275599999999798e+01 5.870337347205865225e-02 7.011611040000000230e+02 3.380140296219674667e+01 8.553003458621921684e-02
0.000000000000000000e+00 4.000000000000000000e+03 -4.200000000000000000e+04 3.379888901001666568e+01 9.266207577425723818e-02 2.486600019426088437e-02 1.658504425907537244e-02 1.951341718534468916e-02 2.629725970762574611e-02 1.000000000000000000e+00 3.250583500000000470e+01 4.930134004263981434e-02 8.142095699999999852e+02 3.379890378995806088e+01 9.266203730116284731e-02
0.000000000000000000e+00 4.000000000000000000e+03 -4.200000000000000000e+04 3.380506620279587082e+01 8.204053764022709028e-02 1.676434165513818186e-02 2.154015868160054359e-02 2.704992760356628861e-02 3.002017084684811127e-02 1.000000000000000000e+00 3.250970000000000226e+01 4.671878341737935314e-02 1.204446889999999939e+03 3.380508118193397138e+01 8.204050549993578689e-02
0.000000000000000000e+00 4.000000000000000000e+03 -3.850000000000000000e+04 3.378800294546720551e+01 7.406839444993428001e-02 2.923232646415563352e-02 1.660822141532629706e-02 -8.576166907872911915e-03 2.668997545949489472e-02 1.000000000000000000e+00 3.251300200000000018e+01 5.757073723689840050e-02 2.210756450000000086e+02 3.378801667932656017e+01 7.406836604681642233e-02
0.000000000000000000e+00 4.000000000000000000e+03 -3.850000000000000000e+04 3.378912094479949246e+01 8.505253919579197630e-02 -2.808585652021822199e-02 1.872562838552808626e-02 4.450925920761722443e-02 2.917832381949609505e-02 1.000000000000000000e+00 3.250844299999999976e+01 5.410179314033870118e-02 2.879454690000000028e+02 3.378916193266384482e+01 8.505244613182461055e-02
0.000000000000000000e+00 4.000000000000000000e+03 -3.850000000000000000e+04 3.379288170491525278e+01 6.937462650121876961e-02 -1.053149468635172781e-02 1.515404071478607638e-02 5.812886006019202245e-03 2.517195548285827700e-02 1.000000000000000000e+00 3.249077499999999930e+01 4.432253927743760868e-02 7.242494249999999738e+02 3.379288384592857142e+01 6.937462240173251915e-02
0.000000000000000000e+00 4.000000000000000000e+03 -3.850000000000000000e+04 3.379384244689562422e+01 7.007808208604109079e-02 8.711992981829119742e-03 1.522533868450171891e-02 1.600758866042303885e-02 2.649613905995177113e-02 1.000000000000000000e+00 3.250166300000000064e+01 4.931072687559979323e-02 7.911222500000000082e+02 3.379384736112952226e+01 7.007807312925233567e-02
0.000000000000000000e+00 4.000000000000000000e+03 -3.850000000000000000e+04 3.379617708774495810e+01 7.522579946368067316e-02 -2.918822289179878737e-02 1.172772077536849561e-02 3.456819643163827616e-02 2.685421563675037190e-02 1.000000000000000000e+00 3.250838300000000203e+01 4.132651576167533508e-02 1.227537211000000070e+03 3.379620737092813698e+01 7.522573775399500617e-02
0.000000000000000000e+00 4.000000000000000000e+03 -3.500000000000000000e+04 3.377973495421758798e+01 5.633349222397616984e-02 1.224352985576704356e-02 1.086096624320564107e-02 2.712745914740605224e-02 2.515525555654648041e-02 1.000000000000000000e+00 3.250023199999999690e+01 4.351965354871290687e-02 2.441689660000000117e+02 3.377974806567172550e+01 5.633347411808306560e-02
0.000000000000000000e+00 4.000000000000000000e+03 -3.500000000000000000e+04 3.374295014383638858e+01 6.595056052669931446e-02 -1.667974259737992071e-02 1.184387615221964632e-02 5.691574701058699226e-02 3.578559630500866701e-02 1.000000000000000000e+00 3.241107399999999927e+01 7.037000071053005346e-02 2.648581490000000258e+02 3.374300226751465459e+01 6.595048653374431524e-02
0.000000000000000000e+00 4.000000000000000000e+03 -3.500000000000000000e+04 3.378613963707731926e+01 6.828228654755467975e-02 -1.681603458668146089e-02 1.339562571459208644e-02 1.000010471417661639e-02 2.729294270598520838e-02 1.000000000000000000e+00 3.250205499999999859e+01 5.027859793192328286e-02 7.473377450000000408e+02 3.378614530184230347e+01 6.828227590234145494e-02
0.000000000000000000e+00 4.000000000000000000e+03 -3.500000000000000000e+04 3.374596201766957648e+01 5.281110145207630613e-02 6.319360359598569232e-03 1.317471332155153128e-02 5.272080136639600845e-03 3.594649472915871502e-02 1.000000000000000000e+00 3.241719799999999907e+01 7.083795746631886547e-02 7.680289289999999482e+02 3.374596302118435887e+01 5.281110023783477936e-02
0.000000000000000000e+00 4.000000000000000000e+03 -3.500000000000000000e+04 3.378801327657279785e+01 6.116520656506166387e-02 -1.654545343459279394e-02 1.361250421324369450e-02 3.981531484057215797e-02 2.531563791212378817e-02 1.000000000000000000e+00 3.249434600000000017e+01 4.551188434903569169e-02 1.250636531999999988e+03 3.378804078648516196e+01 6.116516440288290862e-02
