4.525000000000000000e+03 4.050000000000000000e+03 -7.000000000000000000e+04 3.396545219436723784e+01 7.750047498660503353e-02 -9.398103243669719831e-02 1.430533289332158557e-02 -3.281024521656616955e-01 1.701117205432532697e-02 1.000000000000000000e+00 3.267688100000000162e+01 3.320403386638436788e-02 2.586347900000000166e+01 3.396716688835589792e+01 7.749674700157664631e-02
4.525000000000000000e+03 4.050000000000000000e+03 -7.000000000000000000e+04 3.396116730946641837e+01 1.004731172837821929e-01 -1.247065567918577145e-01 1.826352474690123157e-02 -3.348180363909678547e-01 1.931476619321797691e-02 1.000000000000000000e+00 3.270857000000000170e+01 4.792814573922091204e-02 5.382627870000000030e+02 3.396304668112639291e+01 1.004677603440580769e-01
4.525000000000000000e+03 4.050000000000000000e+03 -7.000000000000000000e+04 3.394774907410666032e+01 9.245856215305704728e-02 -1.263486949783354518e-01 1.708626978311047692e-02 -3.426591681974526793e-01 2.698839358850495251e-02 1.000000000000000000e+00 3.262906199999999757e+01 5.394479516134990937e-02 5.589479700000000548e+02 3.394971349653457793e+01 9.245363540375950429e-02
4.525000000000000000e+03 4.050000000000000000e+03 -6.650000000000000000e+04 3.396771992917189209e+01 8.717747775253813225e-02 -1.125019778529612324e-02 1.631103096488662266e-02 3.764527133338990694e-02 2.069144807808844314e-02 1.000000000000000000e+00 3.265738000000000341e+01 3.766708634869440214e-02 5.054889099999999758e+01 3.396774265270016002e+01 8.717742261650558711e-02
4.525000000000000000e+03 4.050000000000000000e+03 -6.650000000000000000e+04 3.397640576709707716e+01 7.322490167406199568e-02 -8.850787864201592470e-02 2.158871657053582430e-02 2.408524960853863917e-02 2.283835947832122890e-02 1.000000000000000000e+00 3.267655799999999999e+01 3.703884020862424631e-02 5.136803810000000112e+02 3.397652958432126269e+01 7.322465821364347593e-02
4.525000000000000000e+03 4.050000000000000000e+03 -6.650000000000000000e+04 3.397248881446012092e+01 9.035381508183362720e-02 -3.033846592380307072e-02 1.822225811568261439e-02 2.228967865254105618e-02 2.001666361617877518e-02 1.000000000000000000e+00 3.268098899999999674e+01 2.946210097735733197e-02 5.835293759999999565e+02 3.397250967327711635e+01 9.035376202527674316e-02
4.525000000000000000e+03 4.050000000000000000e+03 -6.300000000000000000e+04 3.397188839551495931e+01 6.834198183553114037e-02 -2.642752379361290593e-03 1.325795854871819439e-02 4.846750922259612793e-02 1.974831774892235256e-02 1.000000000000000000e+00 3.266490000000000293e+01 4.499165274803760411e-02 7.515129899999999452e+01 3.397192307245667564e+01 6.834191789073233714e-02
4.525000000000000000e+03 4.050000000000000000e+03 -6.300000000000000000e+04 3.397017404892079639e+01 5.737840252585773432e-02 -3.514426015446137086e-02 1.512086229044890678e-02 2.680488754145660124e-02 1.791646229516092106e-02 1.000000000000000000e+00 3.267729800000000040e+01 3.869124610296235944e-02 4.890969749999999863e+02 3.397020280385429203e+01 5.737835783059581918e-02
4.525000000000000000e+03 4.050000000000000000e+03 -6.300000000000000000e+04 3.397095207693551089e+01 7.553723660162491027e-02 2.577123528975988620e-02 1.186380069733031749e-02 3.728987310144837863e-02 1.688098772596450733e-02 1.000000000000000000e+00 3.265292900000000031e+01 4.331219599604711756e-02 6.081087820000000193e+02 3.397098231880634245e+01 7.553717216540024870e-02
4.525000000000000000e+03 4.050000000000000000e+03 -5.950000000000000000e+04 3.397476562708456527e+01 7.735715134323258024e-02 4.743831445201429631e-02 1.381010534836202806e-02 4.550144102951225733e-02 1.719827721974954635e-02 1.000000000000000000e+00 3.268068999999999846e+01 3.845629449127931782e-02 9.973170399999999347e+01 3.397482921502535902e+01 7.735701239247552707e-02
4.525000000000000000e+03 4.050000000000000000e+03 -5.950000000000000000e+04 3.396917390965943184e+01 6.798974118223785612e-02 -1.742189085250256397e-02 1.688361752888215689e-02 3.155055596463984813e-02 1.918562834808210799e-02 1.000000000000000000e+00 3.267892200000000003e+01 4.001427366578081540e-02 4.645185690000000136e+02 3.396919302933982721e+01 6.798970580057726865e-02
4.525000000000000000e+03 4.050000000000000000e+03 -5.950000000000000000e+04 3.397191439428648607e+01 8.312888087143513460e-02 5.387015072283674044e-03 1.653707633307242852e-02 1.866815217019723860e-02 1.956715545031737988e-02 1.000000000000000000e+00 3.269094199999999972e+01 3.538840336890038130e-02 6.326941880000000538e+02 3.397191995063814574e+01 8.312886801187241437e-02
4.525000000000000000e+03 4.050000000000000000e+03 -5.600000000000000000e+04 3.397843977992888398e+01 7.887273873907578448e-02 3.705707698054627741e-02 1.418614833500776891e-02 4.696471114730282892e-02 2.051531357826756261e-02 1.000000000000000000e+00 3.266744299999999868e+01 3.964317975389965859e-02 1.242831089999999961e+02 3.397849244432867266e+01 7.887262310624938710e-02
4.525000000000000000e+03 4.050000000000000000e+03 -5.600000000000000000e+04 3.397424058390429025e+01 1.079179476573183805e-01 -2.506488033846565600e-04 1.813539120105964880e-02 3.104666253643362239e-02 2.027683598140547425e-02 1.000000000000000000e+00 3.265829800000000205e+01 2.447908709490613163e-02 4.399341630000000123e+02 3.397425477050362730e+01 1.079179041849679388e-01
4.525000000000000000e+03 4.050000000000000000e+03 -5.600000000000000000e+04 3.397658008538627428e+01 7.587697565412093725e-02 3.158355941740875750e-02 1.654331692282055497e-02 8.733227463115333933e-03 2.458265316793648361e-02 1.000000000000000000e+00 3.267347300000000132e+01 2.796478346063133863e-02 6.572775940000000219e+02 3.397659588730387270e+01 7.587694218652502043e-02
4.525000000000000000e+03 4.050000000000000000e+03 -5.250000000000000000e+04 3.397042439006328607e+01 9.034801617900815873e-02 3.566848487869211937e-02 1.402948338033017592e-02 3.156057993917826821e-02 1.917250379055174259e-02 1.000000000000000000e+00 3.268139599999999945e+01 3.288874374311065441e-02 1.488725149999999928e+02 3.397045777660387245e+01 9.034793034075432050e-02
4.525000000000000000e+03 4.050000000000000000e+03 -5.250000000000000000e+04 3.397467319831883970e+01 8.536746116800390805e-02 5.415232215874166144e-02 1.807427887774101100e-02 3.143851105609307695e-02 1.781577606446020992e-02 1.000000000000000000e+00 3.267180899999999610e+01 3.487125546922565517e-02 4.153497570000000110e+02 3.397473090087009240e+01 8.536732263304434853e-02
4.525000000000000000e+03 4.050000000000000000e+03 -5.250000000000000000e+04 3.397405969536100656e+01 7.401796300516984284e-02 -1.889549507794896499e-02 1.934093831634489322e-02 3.211766941444960111e-02 2.135169762826014811e-02 1.000000000000000000e+00 3.267263900000000376e+01 3.565812137508088397e-02 6.818559999999999945e+02 3.397408013130563376e+01 7.401792201611030741e-02
4.525000000000000000e+03 4.050000000000000000e+03 -4.900000000000000000e+04 3.395042509062053426e+01 6.902172350291578551e-02 4.713860932831170913e-02 1.493759501091316243e-02 3.733277440137516834e-02 2.180274434508160455e-02 1.000000000000000000e+00 3.265038100000000298e+01 3.617683785241601613e-02 1.734489210000000128e+02 3.395047834152517652e+01 6.902162252313119584e-02
4.525000000000000000e+03 4.050000000000000000e+03 -4.900000000000000000e+04 3.396805553151587986e+01 7.293485287470551082e-02 7.945821105286299257e-04 1.288311039248003949e-02 2.744857508765186083e-02 2.067847334210715787e-02 1.000000000000000000e+00 3.266560499999999934e+01 3.126547002685230864e-02 3.907643499999999790e+02 3.396806663099596335e+01 7.293483095709871189e-02
4.525000000000000000e+03 4.050000000000000000e+03 -4.900000000000000000e+04 3.396578612263785146e+01 6.509031915237020738e-02 3.448164804843756315e-02 1.552356748503167308e-02 3.168406122732925212e-02 1.887634268549537656e-02 1.000000000000000000e+00 3.267540600000000239e+01 2.770976479510426846e-02 7.064394059999999627e+02 3.396581840310293643e+01 6.509026158125783001e-02
4.525000000000000000e+03 4.050000000000000000e+03 -4.550000000000000000e+04 3.397113303756500358e+01 5.999665288148122583e-02 2.795880162400088409e-02 1.250576020289038276e-02 3.575342239157652813e-02 1.788529965549513767e-02 1.000000000000000000e+00 3.268172400000000266e+01 4.466510102977491042e-02 1.980293259999999975e+02 3.397116335743805138e+01 5.999660316913711655e-02
4.525000000000000000e+03 4.050000000000000000e+03 -4.550000000000000000e+04 3.396164930527429249e+01 8.029044784932903855e-02 4.959793405485335427e-02 1.468387169914789001e-02 3.334271534217148059e-02 2.130403912588267959e-02 1.000000000000000000e+00 3.265796100000000024e+01 3.396134327437594358e-02 3.661819439999999872e+02 3.396170188942490142e+01 8.029032912072901762e-02
4.525000000000000000e+03 4.050000000000000000e+03 -4.550000000000000000e+04 3.395769653820326539e+01 6.791145661793294985e-02 8.658043372740564791e-03 1.645593290159209215e-02 3.960165689956429702e-02 1.971506374245107773e-02 1.000000000000000000e+00 3.269070899999999824e+01 3.572912453447466691e-02 7.310018109999999751e+02 3.395772073378374500e+01 6.791141225122411529e-02
4.525000000000000000e+03 4.050000000000000000e+03 -4.200000000000000000e+04 3.395992237681835491e+01 8.007176293635201447e-02 2.535342608549928656e-02 1.463825087145768054e-02 3.956127702732104012e-02 2.209112388922107248e-02 1.000000000000000000e+00 3.267088499999999840e+01 2.919811509327271612e-02 2.226097330000000056e+02 3.395995488410405017e+01 8.007169117105832068e-02
4.525000000000000000e+03 4.050000000000000000e+03 -4.200000000000000000e+04 3.396051288901884391e+01 9.742069937195314833e-02 3.253684602536566217e-02 1.671674798085072411e-02 2.613840001422751413e-02 1.874550764381301832e-02 1.000000000000000000e+00 3.268603999999999843e+01 3.604926447238556569e-02 3.416005379999999718e+02 3.396053853441549819e+01 9.742062818931919443e-02
4.525000000000000000e+03 4.050000000000000000e+03 -4.200000000000000000e+04 3.395289017199927173e+01 9.104879190416791113e-02 -7.122118674123711912e-03 2.094128072464690113e-02 4.178561287160587057e-02 1.956070247723887962e-02 1.000000000000000000e+00 3.266905699999999513e+01 3.339741596291546238e-02 7.555832169999999905e+02 3.395291663162183227e+01 9.104872423797380487e-02
4.525000000000000000e+03 4.050000000000000000e+03 -3.850000000000000000e+04 3.394823779638042538e+01 7.479158633274124446e-02 1.483177377308653178e-02 1.549994099963004392e-02 3.768701487747794232e-02 1.956354287546356596e-02 1.000000000000000000e+00 3.266655399999999787e+01 2.201583947979272524e-02 2.471891380000000140e+02 3.394826195510156452e+01 7.479153656837934927e-02
4.525000000000000000e+03 4.050000000000000000e+03 -3.850000000000000000e+04 3.395973494773443235e+01 9.013462207989984820e-02 2.333365191648084647e-02 1.698770516827417115e-02 4.112013194188524068e-02 2.017840837701091045e-02 1.000000000000000000e+00 3.269113099999999861e+01 5.000879823591045104e-02 3.170141320000000178e+02 3.395976785911438611e+01 9.013453879518289191e-02
4.525000000000000000e+03 4.050000000000000000e+03 -3.850000000000000000e+04 3.395399934479839743e+01 9.141920190107503952e-02 1.462535338320236633e-02 2.187962026717538491e-02 3.085146929208448796e-02 2.260973833848333586e-02 1.000000000000000000e+00 3.266522799999999904e+01 2.864187139486524397e-02 7.801036199999999781e+02 3.395401651087377815e+01 9.141915847651078952e-02
4.525000000000000000e+03 4.050000000000000000e+03 -3.500000000000000000e+04 3.394004685518031295e+01 8.335847241501549709e-02 3.255236698247809812e-02 1.349832761018496599e-02 3.802907417593193173e-02 1.684679893520488539e-02 1.000000000000000000e+00 3.269259600000000177e+01 3.911233407762824965e-02 2.717505429999999933e+02 3.394008377124184506e+01 8.335838489003416507e-02
4.525000000000000000e+03 4.050000000000000000e+03 -3.500000000000000000e+04 3.392561344799737810e+01 8.248675910486495677e-02 1.490677652754701654e-02 1.398112041351897220e-02 3.701042576340451973e-02 2.146465763432213805e-02 1.000000000000000000e+00 3.262235199999999935e+01 5.964557433707885076e-02 2.924327260000000024e+02 3.392563691084578892e+01 8.248670560981291588e-02
4.525000000000000000e+03 4.050000000000000000e+03 -3.500000000000000000e+04 3.393616458016306581e+01 5.652136632152578860e-02 -7.144859555393345829e-03 1.636025009180605908e-02 3.419708254085218613e-02 1.836271853733672729e-02 1.000000000000000000e+00 3.267175399999999996e+01 3.541814523658742137e-02 8.046790250000000242e+02 3.393618256229457586e+01 5.652133950578417526e-02
