0.000000000000000000e+00 4.000000000000000000e+03 -7.000000000000000000e+04 3.292118000000000322e+00 8.334334863082955291e-02 -1.052500000000033964e-02 1.879236254439552861e-02 -5.459100000000005615e-02 1.442155778686893437e-02 1.000000000000000000e+00 3.149539000000000755e+00 1.689991008851822463e-02 1.916209599999999824e+01 3.292587413999816803e+00 8.333183132480878608e-02
0.000000000000000000e+00 4.000000000000000000e+03 -7.000000000000000000e+04 3.560416000000000025e+00 8.252434940064659608e-02 1.991999999999993776e-02 1.511074405845059566e-02 -4.930299999999998573e-02 1.712323944234851736e-02 1.000000000000000000e+00 3.417799999999999727e+00 2.019525572999757851e-02 3.984227800000000030e+01 3.560813065195223004e+00 8.251553104370755454e-02
0.000000000000000000e+00 4.000000000000000000e+03 -7.000000000000000000e+04 3.964577999999999491e+00 7.493898768998684401e-02 -9.399999999981645260e-05 1.425804618452331841e-02 -2.975200000000000067e-02 1.784527346386151694e-02 1.000000000000000000e+00 3.829866000000002657e+00 1.646686894949977997e-02 6.051946099999999973e+01 3.964689635825734637e+00 7.493699725072511253e-02
0.000000000000000000e+00 4.000000000000000000e+03 -7.000000000000000000e+04 4.636660000000000892e+00 8.603422287671341762e-02 6.821000000000410068e-03 1.852161423850523861e-02 -3.192500000000009219e-02 1.340141473875053335e-02 1.000000000000000000e+00 4.440029000000002668e+00 1.090174453929278198e-02 8.119764399999999682e+01 4.636774923075952515e+00 8.603214430292521753e-02
0.000000000000000000e+00 4.000000000000000000e+03 -7.000000000000000000e+04 3.299034000000000688e+00 8.233835002597514330e-02 -1.032000000000010687e-02 1.639406737207091055e-02 2.219999999999999751e-02 1.240949753213239568e-02 1.000000000000000000e+00 3.182223000000000468e+00 1.515497251729609578e-02 1.834695938999999953e+03 3.299124834794222139e+00 8.233614131924943402e-02
0.000000000000000000e+00 4.000000000000000000e+03 -7.000000000000000000e+04 3.558427000000000007e+00 8.327047425108134726e-02 -2.037999999999762224e-03 1.444717218004963090e-02 -2.937000000000000721e-02 1.199774453803713857e-02 1.000000000000000000e+00 3.436257000000001227e+00 1.135448898013468461e-02 1.855390122000000019e+03 3.558548786327510705e+00 8.326768372554292641e-02
0.000000000000000000e+00 4.000000000000000000e+03 -7.000000000000000000e+04 3.968294999999999462e+00 8.642754297676175090e-02 2.348999999999978883e-02 1.356128327261104001e-02 -4.118699999999997363e-02 1.246750965509953006e-02 1.000000000000000000e+00 3.801138000000001682e+00 1.889751901705618090e-02 1.876082304999999906e+03 3.968578253744531548e+00 8.642150842826938628e-02
0.000000000000000000e+00 4.000000000000000000e+03 -7.000000000000000000e+04 4.640387000000000484e+00 7.765491794471229836e-02 2.759700000000009368e-02 1.567374122537436645e-02 -4.479299999999997173e-02 9.988202891411447973e-03 1.000000000000000000e+00 4.455347999999997199e+00 1.873507048292052599e-02 1.896771488999999974e+03 4.640685242184283688e+00 7.765004309915338188e-02
0.000000000000000000e+00 4.000000000000000000e+03 -7.000000000000000000e+04 3.284281000000000006e+00 6.751025508024688371e-02 7.690000000000196678e-04 1.870532009883819208e-02 -6.115300000000001290e-02 1.442338951148446242e-02 1.000000000000000000e+00 3.166328000000000031e+00 1.956906058041622126e-02 1.917458671999999979e+03 3.284850372198252710e+00 6.749908757111869329e-02
0.000000000000000000e+00 4.000000000000000000e+03 -7.000000000000000000e+04 3.558635999999999910e+00 8.932643153065054908e-02 -8.211999999999441968e-03 1.247836030895085185e-02 -1.416899999999998716e-02 1.423028379899712349e-02 1.000000000000000000e+00 3.439173000000000258e+00 1.111288153450759944e-02 1.938144855000000007e+03 3.558673682427345053e+00 8.932550827251412029e-02
0.000000000000000000e+00 4.000000000000000000e+03 -7.000000000000000000e+04 3.955976000000001491e+00 7.515589510477538315e-02 -1.842800000000011096e-02 1.761655630365934963e-02 -7.723299999999999610e-02 1.575763211907169753e-02 1.000000000000000000e+00 3.842780000000001195e+00 2.130219866586545441e-02 1.958833039000000099e+03 3.956772755674630826e+00 7.514143563160410877e-02
0.000000000000000000e+00 4.000000000000000000e+03 -7.000000000000000000e+04 4.640852999999999895e+00 1.054309278769754443e-01 3.999000000000307864e-03 1.307102096241911753e-02 -5.117699999999991700e-02 1.368607412664420847e-02 1.000000000000000000e+00 4.462968000000000046e+00 1.442805627934684760e-02 1.979524222000000009e+03 4.641136891424233468e+00 1.054245874416190193e-01
0.000000000000000000e+00 4.000000000000000000e+03 -6.650000000000000000e+04 3.292736999999998915e+00 6.625963247709724946e-02 -2.072599999999980014e-02 1.449471110439942527e-02 -3.357999999999972118e-03 1.386270139619259073e-02 1.000000000000000000e+00 3.174682000000000670e+00 2.252186468745428008e-02 1.057830500000000029e+02 3.292803941082583563e+00 6.625834977235811607e-02
0.000000000000000000e+00 4.000000000000000000e+03 -6.650000000000000000e+04 3.565247999999998640e+00 6.229834332468239810e-02 3.486999999999795818e-03 1.290969558122886246e-02 1.822299999999998921e-02 1.422365360939305268e-02 1.000000000000000000e+00 3.392254999999998688e+00 1.187913401725900278e-02 1.264612329999999929e+02 3.565296276384613439e+00 6.229754346484828176e-02
0.000000000000000000e+00 4.000000000000000000e+03 -6.650000000000000000e+04 3.966531999999999059e+00 7.768203669446366311e-02 -8.759999999998768772e-04 1.533329188400194866e-02 -3.619000000000038852e-03 1.391434242068233761e-02 1.000000000000000000e+00 3.799949999999999051e+00 2.022194117783948294e-02 1.471354159999999922e+02 3.966533747689661826e+00 7.768200357824418811e-02
0.000000000000000000e+00 4.000000000000000000e+03 -6.650000000000000000e+04 4.634741000000000000e+00 7.244668619750664618e-02 2.552399999999988012e-02 1.630475985717054488e-02 -1.585899999999995647e-02 1.374160139867257324e-02 1.000000000000000000e+00 4.458636000000002042e+00 2.759542275450767648e-02 1.678155979999999943e+02 4.634838413530508738e+00 7.244523443914217820e-02
0.000000000000000000e+00 4.000000000000000000e+03 -6.650000000000000000e+04 3.293216999999998507e+00 9.283536731763385175e-02 -1.761099999999959920e-02 1.487904728132819626e-02 -1.819000000000015049e-03 1.331652454659247760e-02 1.000000000000000000e+00 3.159914999999998031e+00 1.501002891402944579e-02 1.748034981999999900e+03 3.293264590823365978e+00 9.283406014706735432e-02
0.000000000000000000e+00 4.000000000000000000e+03 -6.650000000000000000e+04 3.562588999999999118e+00 8.172035248333184287e-02 -7.479000000000013415e-03 1.619552061528125100e-02 -6.118999999999985562e-03 1.266535530492532251e-02 1.000000000000000000e+00 3.405332999999998833e+00 1.378362579294722598e-02 1.768728164999999990e+03 3.562602105276842845e+00 8.172006183742726304e-02
0.000000000000000000e+00 4.000000000000000000e+03 -6.650000000000000000e+04 3.969758999999999816e+00 8.026175234817639614e-02 -1.915999999999584702e-03 1.525502513927787761e-02 1.412700000000000067e-02 1.528724965453236682e-02 1.000000000000000000e+00 3.811424000000002366e+00 1.736636234218323638e-02 1.789416347999999971e+03 3.969784598849917412e+00 8.026125356110679065e-02
0.000000000000000000e+00 4.000000000000000000e+03 -6.650000000000000000e+04 4.639917999999999765e+00 6.734734904953572354e-02 -5.385999999999668830e-03 1.485766970288409684e-02 -1.390000000000002345e-04 1.552533014141728278e-02 1.000000000000000000e+00 4.445662000000002223e+00 1.997905115364590964e-02 1.810105532000000039e+03 4.639921128105627623e+00 6.734730585575769701e-02
0.000000000000000000e+00 4.000000000000000000e+03 -6.650000000000000000e+04 3.299717999999998597e+00 7.662110232174945690e-02 -7.059999999992072617e-04 1.378218941242645955e-02 -2.917200000000008675e-02 1.331095578837222272e-02 1.000000000000000000e+00 3.167847999999999331e+00 1.673036822667092402e-02 2.004113628000000062e+03 3.299847024264002116e+00 7.661819685297517613e-02
0.000000000000000000e+00 4.000000000000000000e+03 -6.650000000000000000e+04 3.561062000000001504e+00 8.558540228917546622e-02 2.746799999999982589e-02 1.360306583090738555e-02 6.884000000000001229e-03 1.213805672255653841e-02 1.000000000000000000e+00 3.389707000000001358e+00 1.868693792465742770e-02 2.024802811999999903e+03 3.561174588295835441e+00 8.558276399769555731e-02
0.000000000000000000e+00 4.000000000000000000e+03 -6.650000000000000000e+04 3.962178999999999007e+00 1.037064306251063717e-01 -1.446999999999754039e-03 1.353824722776179879e-02 4.325000000000023270e-03 1.518856708185469320e-02 1.000000000000000000e+00 3.797113999999996992e+00 1.373814026715406734e-02 2.045495996000000105e+03 3.962181624746017761e+00 1.037063633679322083e-01
0.000000000000000000e+00 4.000000000000000000e+03 -6.650000000000000000e+04 4.648433000000000703e+00 7.056803019073155936e-02 -1.306199999999968497e-02 2.098131788043830145e-02 1.558700000000001751e-02 1.552162894157697696e-02 1.000000000000000000e+00 4.457220000000003068e+00 2.615380647248120860e-02 2.066190179000000171e+03 4.648477484714969243e+00 7.056739869419870193e-02
0.000000000000000000e+00 4.000000000000000000e+03 -6.300000000000000000e+04 3.292558999999998903e+00 4.502174742277336578e-02 1.300400000000045964e-02 1.180582860285545738e-02 -6.498000000000003773e-03 9.861713644189838007e-03 1.000000000000000000e+00 3.132855000000002832e+00 1.699137528277213857e-02 1.923940039999999954e+02 3.292591091602629305e+00 4.502133696479673763e-02
0.000000000000000000e+00 4.000000000000000000e+03 -6.300000000000000000e+04 3.560207000000000122e+00 7.326882672733336932e-02 3.526700000000015933e-02 1.151651231927444327e-02 9.039999999999603908e-04 1.220699676415128686e-02 1.000000000000000000e+00 3.410080999999998141e+00 1.726489238309929231e-02 2.130761870000000044e+02 3.560381785897967610e+00 7.326531869629678007e-02
0.000000000000000000e+00 4.000000000000000000e+03 -6.300000000000000000e+04 3.962094999999999700e+00 6.110958239098022299e-02 1.240299999999994185e-02 1.149339932308975250e-02 -6.352000000000024293e-03 1.009481257874558086e-02 1.000000000000000000e+00 3.772968999999999795e+00 1.577694587047822825e-02 2.337543699999999944e+02 3.962119504928895530e+00 6.110921717479370074e-02
0.000000000000000000e+00 4.000000000000000000e+03 -6.300000000000000000e+04 4.638526999999999845e+00 5.996318688161929311e-02 2.164400000000021862e-02 1.186634674194210481e-02 5.087000000000008182e-03 1.237783260510498355e-02 1.000000000000000000e+00 4.454185999999999979e+00 2.365918248798973278e-02 2.544315520000000106e+02 4.638580286039468703e+00 5.996252515052655913e-02
0.000000000000000000e+00 4.000000000000000000e+03 -6.300000000000000000e+04 3.288703999999999184e+00 5.930675999411871846e-02 3.859999999997754117e-04 1.203333141735903576e-02 -5.285000000000039666e-03 1.009560087364788812e-02 1.000000000000000000e+00 3.155912000000000717e+00 1.161645333137442671e-02 1.661380024999999932e+03 3.288708269189742683e+00 5.930668524177627049e-02
0.000000000000000000e+00 4.000000000000000000e+03 -6.300000000000000000e+04 3.559320000000001372e+00 6.742140438317789641e-02 8.500999999999869772e-03 9.980911631709801085e-03 -2.773999999999998689e-03 1.157573634806875057e-02 1.000000000000000000e+00 3.407482999999999151e+00 1.327965650911197212e-02 1.682072208999999930e+03 3.559331232756655083e+00 6.742119642837560156e-02
0.000000000000000000e+00 4.000000000000000000e+03 -6.300000000000000000e+04 3.960725000000000051e+00 5.027719771427201917e-02 -1.828999999999858517e-03 9.363068941324740810e-03 -1.041699999999995407e-02 1.159033239385307695e-02 1.000000000000000000e+00 3.800378000000002032e+00 1.565801446544229023e-02 1.702757391999999982e+03 3.960739121017061048e+00 5.027702789063951544e-02
0.000000000000000000e+00 4.000000000000000000e+03 -6.300000000000000000e+04 4.648742000000000374e+00 7.296378664789815449e-02 6.832999999999422869e-03 1.144444896008540991e-02 -5.236000000000018417e-03 9.965165427628385614e-03 1.000000000000000000e+00 4.460627999999999815e+00 1.818035260934176833e-02 1.723447576000000026e+03 4.648749970491960148e+00 7.296366435059817301e-02
0.000000000000000000e+00 4.000000000000000000e+03 -6.300000000000000000e+04 3.285949000000000453e+00 6.652228422115404050e-02 -9.714999999999918145e-03 1.119290833519152872e-02 -9.978999999999960124e-03 9.255912974958223349e-03 1.000000000000000000e+00 3.159866000000000952e+00 1.280934522136084781e-02 2.090782585999999810e+03 3.285978513664841838e+00 6.652170090772958899e-02
0.000000000000000000e+00 4.000000000000000000e+03 -6.300000000000000000e+04 3.558310999999999780e+00 6.894934013462349076e-02 3.154000000000323212e-03 1.298456083200352079e-02 2.232200000000000850e-02 1.227252691991343771e-02 1.000000000000000000e+00 3.410805999999997340e+00 1.479300121679167669e-02 2.111476768999999877e+03 3.558382412293681352e+00 6.894800034906736763e-02
0.000000000000000000e+00 4.000000000000000000e+03 -6.300000000000000000e+04 3.961758999999998920e+00 6.277770990566634846e-02 1.218999999999947903e-02 1.040183926043851230e-02 -5.513999999999963375e-03 1.174663815736230223e-02 1.000000000000000000e+00 3.808974999999996669e+00 1.520896400153541085e-02 2.132168952999999874e+03 3.961781590948318943e+00 6.277736222080293471e-02
0.000000000000000000e+00 4.000000000000000000e+03 -6.300000000000000000e+04 4.633885000000001142e+00 6.284099201158428738e-02 -2.771000000000078956e-03 1.144680671628555205e-02 2.134500000000000286e-02 1.099243944718368733e-02 1.000000000000000000e+00 4.454424000000003048e+00 1.141843991095105836e-02 2.152855136000000130e+03 4.633934988828717572e+00 6.284033488287824043e-02
0.000000000000000000e+00 4.000000000000000000e+03 -5.950000000000000000e+04 3.291722000000000037e+00 6.116609846965882780e-02 2.246799999999993247e-02 1.342807692858512085e-02 -1.148100000000001897e-02 9.026070019670798597e-03 1.000000000000000000e+00 3.163576000000002608e+00 1.524788018053657192e-02 2.790119589999999903e+02 3.291818699392328185e+00 6.116437844395102019e-02
0.000000000000000000e+00 4.000000000000000000e+03 -5.950000000000000000e+04 3.557843000000000089e+00 5.979021767814531041e-02 1.556299999999932737e-02 1.152084024713475457e-02 -8.591000000000015291e-03 1.118625214269730259e-02 1.000000000000000000e+00 3.422125999999998669e+00 2.287088045965874131e-02 2.996891410000000064e+02 3.557887410374167558e+00 5.978949870214328444e-02
0.000000000000000000e+00 4.000000000000000000e+03 -5.950000000000000000e+04 3.966059000000001333e+00 6.136854139540877384e-02 2.697100000000052233e-02 1.234366825542553177e-02 1.727000000000000757e-02 1.294178167796072865e-02 1.000000000000000000e+00 3.797491000000000838e+00 1.497160929893643667e-02 3.203703239999999823e+02 3.966188306071966263e+00 6.136662393426685347e-02
0.000000000000000000e+00 4.000000000000000000e+03 -5.950000000000000000e+04 4.639078999999998842e+00 6.731758225753507741e-02 1.184899999999977638e-02 1.255315330902956848e-02 4.081599999999999118e-02 1.291580059462052801e-02 1.000000000000000000e+00 4.471536000000000399e+00 2.235089819224274355e-02 3.410505069999999819e+02 4.639273683767534351e+00 6.731486086897550680e-02
0.000000000000000000e+00 4.000000000000000000e+03 -5.950000000000000000e+04 3.297781999999999769e+00 6.905064300931598731e-02 1.314900000000029934e-02 1.320689293513050387e-02 -4.237999999999991774e-03 1.328508976258722940e-02 1.000000000000000000e+00 3.181636000000001019e+00 9.746604742165345531e-03 1.574722068999999919e+03 3.297810937026105282e+00 6.905005930596799790e-02
0.000000000000000000e+00 4.000000000000000000e+03 -5.950000000000000000e+04 3.561576000000000519e+00 6.765644947822786748e-02 1.111599999999945965e-02 1.332513463346618465e-02 1.341999999999954341e-03 1.133595240815697854e-02 1.000000000000000000e+00 3.393163000000001261e+00 1.864521820735815308e-02 1.595408251999999948e+03 3.561593599808378308e+00 6.765612806749853048e-02
0.000000000000000000e+00 4.000000000000000000e+03 -5.950000000000000000e+04 3.962440000000000850e+00 6.845713550828723404e-02 1.270799999999994156e-02 1.477886413091344421e-02 -1.569099999999998274e-02 1.348816874153048288e-02 1.000000000000000000e+00 3.817826000000000164e+00 1.447904002342696728e-02 1.616098435000000109e+03 3.962491445333984341e+00 6.845628396864547605e-02
0.000000000000000000e+00 4.000000000000000000e+03 -5.950000000000000000e+04 4.643084999999999241e+00 7.358243975297368289e-02 1.921300000000059072e-02 1.415111161711333533e-02 2.297999999999994492e-03 1.441918922824719611e-02 1.000000000000000000e+00 4.451429000000000968e+00 1.514583906556516910e-02 1.636789618999999902e+03 4.643125320018618218e+00 7.358182442279878610e-02
0.000000000000000000e+00 4.000000000000000000e+03 -5.950000000000000000e+04 3.286245000000000971e+00 7.403763696931446592e-02 -2.680699999999980321e-02 1.152625524617601101e-02 -4.249200000000000199e-02 1.443251014203696982e-02 1.000000000000000000e+00 3.152781999999998419e+00 1.213615017210977094e-02 2.177443541999999979e+03 3.286629030684480313e+00 7.402928079535488204e-02
0.000000000000000000e+00 4.000000000000000000e+03 -5.950000000000000000e+04 3.560534000000000532e+00 7.965574878186758301e-02 2.620200000000050267e-02 1.466060084034757384e-02 3.970299999999998830e-02 1.456311319739017965e-02 1.000000000000000000e+00 3.413539000000000101e+00 1.642468486760096172e-02 2.198128725999999915e+03 3.560851757398642903e+00 7.964887916523950839e-02
0.000000000000000000e+00 4.000000000000000000e+03 -5.950000000000000000e+04 3.962506000000001194e+00 7.411314188455378482e-02 -3.856000000000747718e-03 1.189144907065577128e-02 -2.091399999999998816e-02 1.429561978369598210e-02 1.000000000000000000e+00 3.806542000000000314e+00 1.114530596260147541e-02 2.218817908999999872e+03 3.962563067531923888e+00 7.411211384166146998e-02
0.000000000000000000e+00 4.000000000000000000e+03 -5.950000000000000000e+04 4.637688999999999950e+00 5.157740408357133072e-02 -9.513000000000104706e-03 1.416578031737044871e-02 1.075100000000001055e-02 1.413543193538846325e-02 1.000000000000000000e+00 4.435679000000000372e+00 1.820815037284127802e-02 2.239508092000000033e+03 4.637711218035358129e+00 5.157717558434227884e-02
0.000000000000000000e+00 4.000000000000000000e+03 -5.600000000000000000e+04 3.282636000000000109e+00 8.709098444730085931e-02 4.050699999999984868e-02 1.727339390507840952e-02 4.199999999999995404e-03 1.365617036361219290e-02 1.000000000000000000e+00 3.157843999999997209e+00 1.319465441002529507e-02 3.656279129999999782e+02 3.282888600843013815e+00 8.708454582627014884e-02
0.000000000000000000e+00 4.000000000000000000e+03 -5.600000000000000000e+04 3.558604000000000767e+00 7.908376805640965346e-02 -1.746099999999994878e-02 1.632453123369856374e-02 -5.069999999999991180e-03 1.195930102472548412e-02 1.000000000000000000e+00 3.423362999999998380e+00 1.355775427569035074e-02 3.863070950000000039e+02 3.558650449290714946e+00 7.908277821452691647e-02
0.000000000000000000e+00 4.000000000000000000e+03 -5.600000000000000000e+04 3.966758000000000450e+00 8.282844396703345491e-02 1.048299999999979804e-02 1.471913890144392958e-02 -1.327999999999995850e-03 1.623415313467259369e-02 1.000000000000000000e+00 3.802592999999998113e+00 1.862769899907125090e-02 4.070382809999999836e+02 3.966772074046731156e+00 8.282815940513041375e-02
0.000000000000000000e+00 4.000000000000000000e+03 -5.600000000000000000e+04 4.645337999999998857e+00 8.889305678735544280e-02 -5.475999999999814349e-03 1.268950314236140693e-02 8.432000000000022810e-03 1.564439899772439302e-02 1.000000000000000000e+00 4.476442999999999728e+00 2.284490352354327791e-02 4.277144640000000209e+02 4.645348880271964020e+00 8.889285437756304364e-02
0.000000000000000000e+00 4.000000000000000000e+03 -5.600000000000000000e+04 3.291989000000000942e+00 8.234277311944260269e-02 1.900100000000026768e-02 1.181477050136819223e-02 -2.364000000000004986e-03 1.228186573774522374e-02 1.000000000000000000e+00 3.167062999999998851e+00 1.591578376957917748e-02 1.488072112999999945e+03 3.292044684176994362e+00 8.234140902008781071e-02
0.000000000000000000e+00 4.000000000000000000e+03 -5.600000000000000000e+04 3.559924999999999784e+00 7.561432913145496593e-02 1.433000000000461682e-03 1.501659765059981839e-02 2.687000000000000499e-02 1.353407141254988309e-02 1.000000000000000000e+00 3.428941000000001793e+00 1.844880898594811885e-02 1.508760295999999926e+03 3.560026693160319056e+00 7.561223843090174312e-02
0.000000000000000000e+00 4.000000000000000000e+03 -5.600000000000000000e+04 3.977045999999999637e+00 9.405497780553669085e-02 2.225300000000007827e-02 1.441423341700834304e-02 -2.917499999999997873e-02 1.460177311150943728e-02 1.000000000000000000e+00 3.804565000000000197e+00 1.389705472393341391e-02 1.529445478999999978e+03 3.977215264824120577e+00 9.405107052660320599e-02
0.000000000000000000e+00 4.000000000000000000e+03 -5.600000000000000000e+04 4.639556000000000680e+00 6.952109303657416639e-02 1.438100000000019918e-02 1.401459817476048871e-02 1.096300000000000052e-02 1.521931039830648827e-02 1.000000000000000000e+00 4.454090999999998246e+00 1.511862427603781825e-02 1.550133661999999958e+03 4.639591240364392633e+00 6.952058785700609977e-02
0.000000000000000000e+00 4.000000000000000000e+03 -5.600000000000000000e+04 3.289030000000000342e+00 8.824929181018961732e-02 9.109999999999729425e-03 1.549500577605571541e-02 -4.043999999999992045e-03 1.205524516548709540e-02 1.000000000000000000e+00 3.144031000000001796e+00 1.408166598808535848e-02 2.264097498999999971e+03 3.289045102599841286e+00 8.824889826905908674e-02
0.000000000000000000e+00 4.000000000000000000e+03 -5.600000000000000000e+04 3.566117999999999455e+00 7.512285549019019626e-02 -1.156400000000079586e-02 1.525059608671083984e-02 4.783199999999998564e-02 1.560920151705397045e-02 1.000000000000000000e+00 3.437936000000000547e+00 1.308975206029510709e-02 2.284786681999999928e+03 3.566457516394103244e+00 7.511601200649516141e-02
0.000000000000000000e+00 4.000000000000000000e+03 -5.600000000000000000e+04 3.958980000000000388e+00 9.393215158293777289e-02 8.243999999999473971e-03 1.788814137913718322e-02 -5.331000000000002403e-03 1.155036263499982160e-02 1.000000000000000000e+00 3.789096999999998161e+00 1.470709658634225536e-02 2.305473865999999816e+03 3.958992172699638434e+00 9.393187144346210049e-02
0.000000000000000000e+00 4.000000000000000000e+03 -5.600000000000000000e+04 4.642421000000000575e+00 8.607916581844878012e-02 1.642200000000038074e-02 1.651305089921302136e-02 -1.764499999999999402e-02 1.418339624349541916e-02 1.000000000000000000e+00 4.464552000000001186e+00 1.697368321844142450e-02 2.326159048999999868e+03 4.642483577714627607e+00 8.607804222566375896e-02
0.000000000000000000e+00 4.000000000000000000e+03 -5.250000000000000000e+04 3.291358999999999924e+00 6.557094602032213781e-02 2.420299999999997453e-02 1.470718627066374025e-02 4.540999999999999898e-03 1.210092909656114088e-02 1.000000000000000000e+00 3.162349999999999994e+00 1.756725968954748335e-02 4.522918690000000197e+02 3.291451119608340470e+00 6.556920216173341143e-02
0.000000000000000000e+00 4.000000000000000000e+03 -5.250000000000000000e+04 3.558872000000000924e+00 7.918862595095332857e-02 2.649100000000004229e-02 1.390202722627171400e-02 -4.647999999999999354e-02 1.169621648226468191e-02 1.000000000000000000e+00 3.436014000000000124e+00 2.613436928643964735e-02 4.729670520000000238e+02 3.559274093950198559e+00 7.917989487465987297e-02
0.000000000000000000e+00 4.000000000000000000e+03 -5.250000000000000000e+04 3.967400999999998845e+00 7.735521200927575336e-02 2.212299999999967071e-02 1.519772417173045030e-02 3.111999999999996713e-03 1.142141291609755256e-02 1.000000000000000000e+00 3.788142999999998040e+00 1.992681956560052661e-02 4.936472350000000233e+02 3.967463901092735945e+00 7.735403254071347712e-02
0.000000000000000000e+00 4.000000000000000000e+03 -5.250000000000000000e+04 4.641701000000001187e+00 7.746818175870658074e-02 9.460999999999941679e-03 1.531998945822091694e-02 1.734300000000000425e-02 1.463385123608956090e-02 1.000000000000000000e+00 4.449108999999999980e+00 1.536270321265108610e-02 5.143234169999999494e+02 4.641743041527719882e+00 7.746750569706306599e-02
0.000000000000000000e+00 4.000000000000000000e+03 -5.250000000000000000e+04 3.291526000000001062e+00 7.034438289586454618e-02 -2.000299999999999301e-02 1.091418604386053086e-02 -3.164399999999999852e-02 1.304038442684877196e-02 1.000000000000000000e+00 3.167574999999999363e+00 1.587923515160601096e-02 1.401417155999999977e+03 3.291738882630426133e+00 7.033997657349887189e-02
0.000000000000000000e+00 4.000000000000000000e+03 -5.250000000000000000e+04 3.557765999999999096e+00 8.132724700246528327e-02 4.858000000000473051e-03 1.501895578926844103e-02 -3.577400000000000024e-02 1.384743503324713243e-02 1.000000000000000000e+00 3.413736999999997579e+00 1.371061577756447873e-02 1.422108339999999998e+03 3.557949169113577170e+00 8.132318191403749286e-02
0.000000000000000000e+00 4.000000000000000000e+03 -5.250000000000000000e+04 3.961911000000000627e+00 6.475501710292416724e-02 8.070000000000021600e-04 1.559001196279207434e-02 -5.207400000000000223e-02 1.522027125251058065e-02 1.000000000000000000e+00 3.806520999999996491e+00 1.616274459985060988e-02 1.442795523000000003e+03 3.962253288804995943e+00 6.474973214595411419e-02
0.000000000000000000e+00 4.000000000000000000e+03 -5.250000000000000000e+04 4.647890000000000299e+00 8.874237488933908735e-02 2.558000000000060226e-02 1.488888326907025078e-02 -1.026000000000000870e-03 1.533714843117846283e-02 1.000000000000000000e+00 4.451369999999997162e+00 1.838245883988319854e-02 1.463484705999999960e+03 4.647960503401034948e+00 8.874106668053538538e-02
0.000000000000000000e+00 4.000000000000000000e+03 -5.250000000000000000e+04 3.292474999999999596e+00 9.120572022631037723e-02 3.729299999999913240e-02 1.756141053560334245e-02 6.804000000000000152e-03 1.429737780154109218e-02 1.000000000000000000e+00 3.170004000000002264e+00 1.904573372175511620e-02 2.350744455000000016e+03 3.292693227115152332e+00 9.119989713909741613e-02
0.000000000000000000e+00 4.000000000000000000e+03 -5.250000000000000000e+04 3.556566000000000116e+00 8.040831402286706397e-02 2.840000000000042490e-02 1.584049494176239387e-02 -1.843799999999999953e-02 1.592776220942540219e-02 1.000000000000000000e+00 3.407260000000000844e+00 1.546126091235769905e-02 2.371434638000000177e+03 3.556727179894460633e+00 8.040481204815888572e-02
0.000000000000000000e+00 4.000000000000000000e+03 -5.250000000000000000e+04 3.963535000000000252e+00 7.203911227937223605e-02 2.851800000000004331e-02 1.788552042854777910e-02 3.681999999999999943e-03 1.697457124642622744e-02 1.000000000000000000e+00 3.803937999999998709e+00 1.334520456943242249e-02 2.392127821999999924e+03 3.963639303679511006e+00 7.203733322520231019e-02
0.000000000000000000e+00 4.000000000000000000e+03 -5.250000000000000000e+04 4.636113999999999180e+00 7.500554534832741538e-02 -1.950599999999980128e-02 2.014009644962009432e-02 3.967999999999999305e-03 1.631750327102771125e-02 1.000000000000000000e+00 4.448384000000000782e+00 2.294552304917018073e-02 2.412812005000000227e+03 4.636156732688832882e+00 7.500490316812778724e-02
0.000000000000000000e+00 4.000000000000000000e+03 -4.900000000000000000e+04 3.287330000000000751e+00 5.338315993831762446e-02 1.961999999999974875e-02 1.282778410326584732e-02 2.443599999999998551e-02 1.082718435236049680e-02 1.000000000000000000e+00 3.175307999999997577e+00 1.180383810461665094e-02 5.389018230000000358e+02 3.287479367447954548e+00 5.338085002622708353e-02
0.000000000000000000e+00 4.000000000000000000e+03 -4.900000000000000000e+04 3.557320999999999955e+00 5.873154189189996183e-02 -1.315000000000843272e-03 9.775736545140729580e-03 -1.805599999999998873e-02 1.176178154022595318e-02 1.000000000000000000e+00 3.423840000000001993e+00 1.454966838110064928e-02 5.595830059999999548e+02 3.557367066441415204e+00 5.873081179517506550e-02
0.000000000000000000e+00 4.000000000000000000e+03 -4.900000000000000000e+04 3.965506000000001308e+00 5.240929788692078733e-02 2.299700000000015621e-02 1.181533139611411903e-02 -2.660600000000001852e-02 1.173072857924860497e-02 1.000000000000000000e+00 3.779892999999997727e+00 1.686055521031262078e-02 5.802611889999999448e+02 3.965661934315759307e+00 5.240734097974134031e-02
0.000000000000000000e+00 4.000000000000000000e+03 -4.900000000000000000e+04 4.636768000000000001e+00 5.372975417773656615e-02 2.620500000000003382e-02 1.432302118967922200e-02 -2.170000000000002482e-02 1.106697921747393579e-02 1.000000000000000000e+00 4.443755000000003008e+00 1.410119019799392637e-02 6.009373709999999846e+02 4.636892825788515360e+00 5.372839370276689258e-02
0.000000000000000000e+00 4.000000000000000000e+03 -4.900000000000000000e+04 3.289225000000000065e+00 5.526487472165299286e-02 9.725000000000427747e-03 1.026351348223404451e-02 -7.364000000000009427e-03 9.470860203804087538e-03 1.000000000000000000e+00 3.167092999999997716e+00 1.401024071884562558e-02 1.314765200000000050e+03 3.289247619858681304e+00 5.526450706878400371e-02
0.000000000000000000e+00 4.000000000000000000e+03 -4.900000000000000000e+04 3.560929999999999040e+00 6.411720131134857059e-02 9.171999999999513875e-03 1.125875055234815993e-02 -2.396000000000009234e-03 9.344605395628003200e-03 1.000000000000000000e+00 3.416633000000000919e+00 1.200643594077776231e-02 1.335449382999999898e+03 3.560942618366658152e+00 6.411698097540186048e-02
0.000000000000000000e+00 4.000000000000000000e+03 -4.900000000000000000e+04 3.966796000000000433e+00 6.766645669015040887e-02 3.266899999999939297e-02 1.059560937369814423e-02 -2.134899999999997910e-02 1.160884305174292482e-02 1.000000000000000000e+00 3.820741999999999194e+00 2.296944337592881497e-02 1.356137566999999990e+03 3.966987969351306376e+00 6.766326729897968739e-02
0.000000000000000000e+00 4.000000000000000000e+03 -4.900000000000000000e+04 4.639823999999999060e+00 6.064044713720372765e-02 1.211800000000007316e-02 1.295248254196854597e-02 -3.344800000000000550e-02 1.190341198984560048e-02 1.000000000000000000e+00 4.442402999999998769e+00 1.074838392503728833e-02 1.376826749999999947e+03 4.639960384055449083e+00 6.063873485774629729e-02
0.000000000000000000e+00 4.000000000000000000e+03 -4.900000000000000000e+04 3.289335999999998705e+00 6.433036848176761080e-02 7.255999999999929173e-03 1.362183100761421226e-02 -1.358400000000001273e-02 9.790415108666230756e-03 1.000000000000000000e+00 3.159682000000000102e+00 1.222096992877406627e-02 2.437407412000000022e+03 3.289372051849408951e+00 6.432968313765123625e-02
0.000000000000000000e+00 4.000000000000000000e+03 -4.900000000000000000e+04 3.557866999999999891e+00 4.953375822608254569e-02 1.557000000000030582e-02 1.083121313611730072e-02 5.390000000000116920e-04 1.139220896051332081e-02 1.000000000000000000e+00 3.412843000000002291e+00 1.137886483793528435e-02 2.458097595000000183e+03 3.557901109518081917e+00 4.953330605573241091e-02
0.000000000000000000e+00 4.000000000000000000e+03 -4.900000000000000000e+04 3.965434000000000125e+00 6.114876132841939871e-02 3.046000000000326224e-03 1.130843685042278411e-02 -5.149000000000014676e-03 9.967835321673407939e-03 1.000000000000000000e+00 3.808800999999998993e+00 1.620978679687058721e-02 2.478785777999999937e+03 3.965438512784305036e+00 6.114869372609393894e-02
0.000000000000000000e+00 4.000000000000000000e+03 -4.900000000000000000e+04 4.637313000000000685e+00 6.294182921555425969e-02 8.414000000000143586e-03 1.254106933239745696e-02 2.306000000000002492e-03 1.261045796154921551e-02 1.000000000000000000e+00 4.456893000000000882e+00 1.531604299419402938e-02 2.499473961000000145e+03 4.637321206580476307e+00 6.294172225407210219e-02
0.000000000000000000e+00 4.000000000000000000e+03 -4.550000000000000000e+04 3.291290000000000049e+00 6.579647499676559430e-02 4.717999999999555882e-03 1.089696517384542221e-02 8.135999999999976584e-03 9.418293529084768509e-03 1.000000000000000000e+00 3.163497000000003112e+00 1.755547139782922400e-02 6.255157769999999573e+02 3.291303437563908307e+00 6.579621233960122884e-02
0.000000000000000000e+00 4.000000000000000000e+03 -4.550000000000000000e+04 3.562196000000000140e+00 7.144496225767076047e-02 -3.510000000002122533e-04 1.151640291063142640e-02 -3.933000000000019813e-03 1.185816891429701363e-02 1.000000000000000000e+00 3.426631000000000427e+00 1.911148463620762281e-02 6.461979599999999664e+02 3.562198188493447937e+00 7.144491957295234785e-02
0.000000000000000000e+00 4.000000000000000000e+03 -4.550000000000000000e+04 3.963497000000000270e+00 7.125813573901579323e-02 8.634000000000696673e-03 1.173516876742725090e-02 -1.003799999999999137e-02 1.121954098882837515e-02 1.000000000000000000e+00 3.799502999999997854e+00 1.659209359906096970e-02 6.668761429999999564e+02 3.963519115181482366e+00 7.125774839187086485e-02
0.000000000000000000e+00 4.000000000000000000e+03 -4.550000000000000000e+04 4.641739999999998645e+00 6.804625779570835920e-02 5.403000000000268699e-03 1.609397020626048003e-02 7.829999999999781579e-04 1.167027270461148958e-02 1.000000000000000000e+00 4.441430000000000433e+00 1.562176334477001320e-02 6.875573259999999891e+02 4.641743210594268199e+00 6.804621333674330808e-02
0.000000000000000000e+00 4.000000000000000000e+03 -4.550000000000000000e+04 3.289301000000000030e+00 7.904686129126191341e-02 3.818699999999974892e-02 1.117261442098491098e-02 1.353600000000004799e-02 1.024324880103963907e-02 1.000000000000000000e+00 3.165348999999999080e+00 1.594247465106970324e-02 1.228096242999999959e+03 3.289550507115827749e+00 7.904098336303180816e-02
0.000000000000000000e+00 4.000000000000000000e+03 -4.550000000000000000e+04 3.560857000000000383e+00 5.997304527869165569e-02 -1.400000000018053470e-05 1.227810229636485707e-02 -1.670699999999997187e-02 1.403114991723771778e-02 1.000000000000000000e+00 3.412043000000000603e+00 1.623091768816538674e-02 1.248790426000000025e+03 3.560896193164580392e+00 5.997242131396727377e-02
0.000000000000000000e+00 4.000000000000000000e+03 -4.550000000000000000e+04 3.957790999999998505e+00 8.314069137311766444e-02 1.478700000000010562e-02 1.174322996453701362e-02 2.916900000000000048e-02 1.151292703876820311e-02 1.000000000000000000e+00 3.808552999999999855e+00 1.494064750939530159e-02 1.269482610000000022e+03 3.957926109165125439e+00 8.313790812566085320e-02
0.000000000000000000e+00 4.000000000000000000e+03 -4.550000000000000000e+04 4.636210999999999416e+00 7.354704758180304058e-02 1.719999999999988205e-02 1.278291958044014236e-02 1.564700000000002200e-02 1.394426910956612399e-02 1.000000000000000000e+00 4.479721000000001396e+00 1.858008810528087931e-02 1.290174794000000020e+03 4.636269308951971979e+00 7.354615294887152654e-02
0.000000000000000000e+00 4.000000000000000000e+03 -4.550000000000000000e+04 3.289690000000000225e+00 6.911511893211209900e-02 6.380000000000052296e-03 1.284639319030832054e-02 -1.135599999999997722e-02 9.883946782535809814e-03 1.000000000000000000e+00 3.171920000000000073e+00 1.247008953456229217e-02 2.524063368000000082e+03 3.289715786999843683e+00 6.911459007346501537e-02
0.000000000000000000e+00 4.000000000000000000e+03 -4.550000000000000000e+04 3.547871000000000663e+00 6.798777820314472198e-02 -1.706999999999680995e-03 1.405281366844376816e-02 -2.375000000000015987e-03 1.440977140693078425e-02 1.000000000000000000e+00 3.412897999999998433e+00 1.135299453888708593e-02 2.544754550999999992e+03 3.547872205578296523e+00 6.798775612117741174e-02
0.000000000000000000e+00 4.000000000000000000e+03 -4.550000000000000000e+04 3.966563000000000727e+00 6.185074183063610925e-02 -6.946000000000118746e-03 1.481633179974044777e-02 -6.595999999999990759e-03 1.378160933998638649e-02 1.000000000000000000e+00 3.794397000000000020e+00 1.925706428820343416e-02 2.565445734999999786e+03 3.966574565932298846e+00 6.185057117082631839e-02
0.000000000000000000e+00 4.000000000000000000e+03 -4.550000000000000000e+04 4.642414000000000485e+00 6.424177398702499153e-02 1.569199999999959516e-02 1.408437492400710020e-02 -1.520399999999999530e-02 1.373275489477621125e-02 1.000000000000000000e+00 4.460170999999998998e+00 1.931332651305828207e-02 2.586133917999999994e+03 4.642465416982231474e+00 6.424109586899998114e-02
0.000000000000000000e+00 4.000000000000000000e+03 -4.200000000000000000e+04 3.291078000000000614e+00 8.060184968721251231e-02 -4.626699999999939195e-02 1.187290735245584081e-02 -9.635000000000004672e-03 1.085229745261343318e-02 1.000000000000000000e+00 3.165870999999999214e+00 1.404613256380559880e-02 7.121327310000000352e+02 3.291417304232024055e+00 8.059371970554944642e-02
0.000000000000000000e+00 4.000000000000000000e+03 -4.200000000000000000e+04 3.555951000000000306e+00 6.725536163013325075e-02 -1.876800000000056201e-02 1.211035940837430248e-02 2.885000000000026432e-03 1.437253592794257052e-02 1.000000000000000000e+00 3.428459000000000145e+00 1.746496710560887372e-02 7.328089139999999588e+02 3.556001697897514191e+00 6.725443415377371781e-02
0.000000000000000000e+00 4.000000000000000000e+03 -4.200000000000000000e+04 3.964045999999999736e+00 9.347433838760239866e-02 2.949000000000090438e-03 1.511949470055133811e-02 -3.117100000000000426e-02 1.736358848279928591e-02 1.000000000000000000e+00 3.811156000000000432e+00 1.784948380205993515e-02 7.534880970000000389e+02 3.964169650501602415e+00 9.347152312635755023e-02
0.000000000000000000e+00 4.000000000000000000e+03 -4.200000000000000000e+04 4.637389999999999901e+00 7.280574440248516188e-02 2.743999999999946482e-02 1.413510074247792576e-02 3.804799999999997073e-02 1.323535945866223876e-02 1.000000000000000000e+00 4.459122999999998171e+00 2.401207548297314837e-02 7.741662800000000288e+02 4.637627261434881909e+00 7.280214867215757668e-02
0.000000000000000000e+00 4.000000000000000000e+03 -4.200000000000000000e+04 3.290776000000001034e+00 9.012283120275350889e-02 3.327100000000005053e-02 1.562047928201948724e-02 -3.895000000000037321e-03 1.040008480734652511e-02 1.000000000000000000e+00 3.180161000000001792e+00 1.760980048155004127e-02 1.141440286000000015e+03 3.290946491914143124e+00 9.011830147691034243e-02
0.000000000000000000e+00 4.000000000000000000e+03 -4.200000000000000000e+04 3.558979000000000781e+00 8.193365706472524601e-02 2.715000000000244995e-03 1.440542068111861675e-02 -2.682499999999998774e-02 1.385766708360393513e-02 1.000000000000000000e+00 3.413100999999997498e+00 1.494353535814065687e-02 1.162131470000000036e+03 3.559081127804057942e+00 8.193137328992927682e-02
0.000000000000000000e+00 4.000000000000000000e+03 -4.200000000000000000e+04 3.963483000000000089e+00 8.044333558474560386e-02 -2.012400000000003075e-02 1.309043513409695499e-02 -1.811800000000002298e-02 1.134702996382753841e-02 1.000000000000000000e+00 3.805427999999999145e+00 1.940878360433749561e-02 1.182822652999999946e+03 3.963575498030660782e+00 8.044150245665458721e-02
0.000000000000000000e+00 4.000000000000000000e+03 -4.200000000000000000e+04 4.638155000000001138e+00 8.755228547559452956e-02 2.303800000000055803e-02 1.533945038128811146e-02 -2.339700000000000113e-02 1.453038309887251349e-02 1.000000000000000000e+00 4.445865999999998763e+00 1.731571959232419342e-02 1.203509837000000061e+03 4.638271226769518307e+00 8.755015540557921361e-02
0.000000000000000000e+00 4.000000000000000000e+03 -4.200000000000000000e+04 3.292066000000000159e+00 6.888015638774348803e-02 5.701100000000014489e-02 1.382477920257679967e-02 -5.184000000000021924e-03 1.330222240830456100e-02 1.000000000000000000e+00 3.161419999999999675e+00 1.356416049742850856e-02 2.610727324999999837e+03 3.292563693587870155e+00 6.887016387590198796e-02
0.000000000000000000e+00 4.000000000000000000e+03 -4.200000000000000000e+04 3.557428999999999064e+00 7.988166924269923808e-02 1.992599999999988825e-02 1.526505712403330647e-02 -1.706999999999958550e-03 1.607574548815699639e-02 1.000000000000000000e+00 3.432020000000001403e+00 1.809057224081095719e-02 2.631415508000000045e+03 3.557485214216074887e+00 7.988045311058572517e-02
0.000000000000000000e+00 4.000000000000000000e+03 -4.200000000000000000e+04 3.961473000000001576e+00 7.987699048537069690e-02 -1.313999999999815316e-03 1.643137075839991995e-02 -4.182000000000019035e-03 1.237232253863436958e-02 1.000000000000000000e+00 3.805657999999997543e+00 2.941684775770510643e-02 2.652103692000000137e+03 3.961475425324384236e+00 7.987694283625429437e-02
0.000000000000000000e+00 4.000000000000000000e+03 -4.200000000000000000e+04 4.638377000000000194e+00 8.705893546902580826e-02 3.675000000000316902e-03 1.627427350145007473e-02 -1.578600000000002224e-02 1.418001558532288806e-02 1.000000000000000000e+00 4.472782000000002256e+00 2.213940834801146965e-02 2.672789874999999938e+03 4.638405318377211373e+00 8.705841828774500690e-02
0.000000000000000000e+00 4.000000000000000000e+03 -3.850000000000000000e+04 3.288796999999998860e+00 5.407970588862331951e-02 1.151899999999983493e-02 1.161731728928843549e-02 -9.350000000000191491e-04 1.026097855957218245e-02 1.000000000000000000e+00 3.157267999999998409e+00 1.757972155638421949e-02 7.987426850000000513e+02 3.288817305475479458e+00 5.407938738133032108e-02
0.000000000000000000e+00 4.000000000000000000e+03 -3.850000000000000000e+04 3.558096000000000814e+00 6.490775007655094631e-02 1.837199999999938882e-02 1.269101989597368717e-02 -3.369999999999206963e-04 1.268693477558704985e-02 1.000000000000000000e+00 3.410239999999998162e+00 1.490388771428448507e-02 8.194188679999999749e+02 3.558143446963458967e+00 6.490691763678500814e-02
0.000000000000000000e+00 4.000000000000000000e+03 -3.850000000000000000e+04 3.959588999999999359e+00 7.218385892289218286e-02 2.205800000000035510e-02 1.528059684698212378e-02 -9.429000000000020698e-03 1.172603637210800978e-02 1.000000000000000000e+00 3.830149000000002246e+00 1.407280107157064808e-02 8.400960499999999911e+02 3.959661666143459158e+00 7.218258982604701390e-02
0.000000000000000000e+00 4.000000000000000000e+03 -3.850000000000000000e+04 4.635320999999999358e+00 6.947524842704774772e-02 1.154000000000010573e-02 1.476378501604517363e-02 1.934999999999997833e-02 1.370665655803777680e-02 1.000000000000000000e+00 4.431112999999999857e+00 2.601510309416435809e-02 8.607762330000000475e+02 4.635375752529776960e+00 6.947446107727102416e-02
0.000000000000000000e+00 4.000000000000000000e+03 -3.850000000000000000e+04 3.286200000000000898e+00 7.120688599426322485e-02 2.910900000000005150e-02 1.353165658742491034e-02 -7.704999999999961879e-03 1.077221110079077532e-02 1.000000000000000000e+00 3.153960000000001429e+00 1.022438051913170803e-02 1.054768328999999994e+03 3.286337952935760587e+00 7.120400224989030524e-02
0.000000000000000000e+00 4.000000000000000000e+03 -3.850000000000000000e+04 3.562481000000000009e+00 7.828849739904324145e-02 2.190000000000580371e-03 1.528968256701230578e-02 2.220000000000554863e-04 2.138940684077050500e-02 1.000000000000000000e+00 3.418927000000000049e+00 2.320951606561412126e-02 1.075458511999999928e+03 3.562481680057457023e+00 7.828848302978640150e-02
0.000000000000000000e+00 4.000000000000000000e+03 -3.850000000000000000e+04 3.962047000000000097e+00 8.051297039607967221e-02 4.148700000000005161e-02 1.458634772655581328e-02 -4.179000000000043791e-03 1.550897665869672981e-02 1.000000000000000000e+00 3.807813000000003001e+00 2.435779234659824280e-02 1.096150695999999925e+03 3.962266405154883042e+00 8.050865862375561344e-02
0.000000000000000000e+00 4.000000000000000000e+03 -3.850000000000000000e+04 4.636267000000000138e+00 9.190003495646778542e-02 1.627000000000045077e-03 1.452438308500570915e-02 -1.048700000000002408e-02 1.349235057356574889e-02 1.000000000000000000e+00 4.440064999999997042e+00 1.514246522201718667e-02 1.116847880000000032e+03 4.636279145994879336e+00 9.189979940816846160e-02
0.000000000000000000e+00 4.000000000000000000e+03 -3.850000000000000000e+04 3.290625999999999607e+00 7.242132217793320614e-02 2.597300000000046794e-02 1.490260893266679050e-02 -1.267399999999996307e-02 1.288721304239206014e-02 1.000000000000000000e+00 3.177181000000000921e+00 1.538372051878218391e-02 2.697377281000000039e+03 3.290752907600477339e+00 7.241864178563810206e-02
0.000000000000000000e+00 4.000000000000000000e+03 -3.850000000000000000e+04 3.548290999999998974e+00 7.804152039779850558e-02 1.335899999999945464e-02 1.504737385725495903e-02 -7.905999999999968608e-03 1.748929255287360110e-02 1.000000000000000000e+00 3.426160000000002981e+00 1.983203267443859469e-02 2.718069465000000037e+03 3.548324955299047900e+00 7.804080387926412565e-02
0.000000000000000000e+00 4.000000000000000000e+03 -3.850000000000000000e+04 3.963934999999999320e+00 8.182587931088794453e-02 2.031000000000560135e-03 1.675603920978940842e-02 -9.947999999999956877e-03 1.665129928864411690e-02 1.000000000000000000e+00 3.808106000000002211e+00 1.716411993083245824e-02 2.738760647999999946e+03 3.963948003176882562e+00 8.182562201361966159e-02
0.000000000000000000e+00 4.000000000000000000e+03 -3.850000000000000000e+04 4.636068999999999107e+00 7.798437506321378998e-02 -8.032000000000039108e-03 1.807675936112444065e-02 1.537100000000002353e-02 1.445076399364407342e-02 1.000000000000000000e+00 4.449108999999999980e+00 1.761869816416638743e-02 2.759449830999999904e+03 4.636101439078527342e+00 7.798385040828530179e-02
0.000000000000000000e+00 4.000000000000000000e+03 -3.500000000000000000e+04 3.291401999999999717e+00 6.228291439070589991e-02 2.439100000000049562e-02 1.019347502081601256e-02 -1.290599999999997305e-02 9.690485488354027774e-03 1.000000000000000000e+00 3.166580999999997204e+00 1.280886708495329943e-02 8.853526389999999537e+02 3.291517675984894087e+00 6.228078293794345188e-02
0.000000000000000000e+00 4.000000000000000000e+03 -3.500000000000000000e+04 3.553340000000000387e+00 6.584474120990983781e-02 -9.506000000000014438e-03 1.227102155486657110e-02 -3.991999999999995552e-03 1.071013972831353842e-02 1.000000000000000000e+00 3.416959999999999553e+00 1.670438337682657662e-02 9.060398219999999583e+02 3.553354957740642472e+00 6.584447332116759311e-02
0.000000000000000000e+00 4.000000000000000000e+03 -3.500000000000000000e+04 3.962875000000000369e+00 7.267989292782427169e-02 1.050099999999964950e-02 1.313887457128653895e-02 -7.492999999999971905e-03 1.117161662428495586e-02 1.000000000000000000e+00 3.801772999999997182e+00 1.160739049054523679e-02 9.267300060000000030e+02 3.962895996827951350e+00 7.267951925247398415e-02
0.000000000000000000e+00 4.000000000000000000e+03 -3.500000000000000000e+04 4.628628000000000853e+00 7.342702849768605045e-02 -3.209000000000017394e-03 1.009551727253239772e-02 -1.198900000000002741e-02 1.096317983068781018e-02 1.000000000000000000e+00 4.449625999999998527e+00 1.706211077211726435e-02 9.474201890000000503e+02 4.628644639220644841e+00 7.342677036405088897e-02
0.000000000000000000e+00 4.000000000000000000e+03 -3.500000000000000000e+04 3.282097000000000264e+00 5.779666340715526596e-02 1.973800000000025534e-02 1.174562595181712771e-02 2.168899999999995831e-02 1.073384017954431835e-02 1.000000000000000000e+00 3.154571000000000680e+00 1.282008814322272913e-02 9.681153729999999769e+02 3.282228011393175660e+00 5.779444311821727714e-02
0.000000000000000000e+00 4.000000000000000000e+03 -3.500000000000000000e+04 3.555892000000000053e+00 5.596468315822041711e-02 1.974199999999992627e-02 1.145388427565077229e-02 1.694000000000084327e-03 9.811770992027891297e-03 1.000000000000000000e+00 3.427361000000001212e+00 1.014628611857560508e-02 9.888035559999999577e+02 3.555947206000674043e+00 5.596385063062518650e-02
0.000000000000000000e+00 4.000000000000000000e+03 -3.500000000000000000e+04 3.958876000000000062e+00 6.476048073478145317e-02 -1.402999999999998693e-02 1.144105143769575013e-02 -1.371599999999995045e-02 1.146538725905060785e-02 1.000000000000000000e+00 3.798812000000001632e+00 1.211054226696723843e-02 1.009491739000000052e+03 3.958924620769129987e+00 6.475971026693151666e-02
0.000000000000000000e+00 4.000000000000000000e+03 -3.500000000000000000e+04 4.631586999999999676e+00 5.927117620732694908e-02 8.681999999999412410e-03 1.041616685734248447e-02 -3.052399999999999558e-02 1.114035641261086444e-02 1.000000000000000000e+00 4.449819000000001523e+00 1.105079074093795292e-02 1.030179922999999917e+03 4.631695718661686278e+00 5.926983363677474498e-02
0.000000000000000000e+00 4.000000000000000000e+03 -3.500000000000000000e+04 3.289409000000000916e+00 6.684864337441710769e-02 2.310099999999959408e-02 1.249867981028396531e-02 -2.656700000000000728e-02 1.009235715777042838e-02 1.000000000000000000e+00 3.150715999999999184e+00 1.476818841293677312e-02 2.784040238000000045e+03 3.289597396486537484e+00 6.684492224374427582e-02
0.000000000000000000e+00 4.000000000000000000e+03 -3.500000000000000000e+04 3.551597999999998478e+00 7.486219091771226242e-02 4.098999999999985988e-02 1.155137957128931150e-02 7.585999999999981647e-03 1.312650090465848456e-02 1.000000000000000000e+00 3.418524999999998926e+00 1.524177161618688048e-02 2.804729421000000002e+03 3.551842631803947103e+00 7.485715876350895748e-02
0.000000000000000000e+00 4.000000000000000000e+03 -3.500000000000000000e+04 3.962020000000000763e+00 5.449115947564339008e-02 1.578199999999974068e-02 1.271190973064236472e-02 1.269799999999998708e-02 1.393322708492185542e-02 1.000000000000000000e+00 3.803671000000001357e+00 1.379514639284411433e-02 2.825419605000000047e+03 3.962071780158456846e+00 5.449048915593349141e-02
0.000000000000000000e+00 4.000000000000000000e+03 -3.500000000000000000e+04 4.633305000000000007e+00 6.121912175129597816e-02 4.894800000000021356e-02 1.153281028197377343e-02 -3.027999999999919645e-03 1.185725001844862951e-02 1.000000000000000000e+00 4.453117999999999910e+00 1.663559752458564425e-02 2.846107787999999800e+03 4.633564534838486182e+00 6.121581447305676771e-02
