4.525000000000000000e+03 4.160000000000000000e+03 -7.000000000000000000e+04 3.398021094845064738e+01 7.172056477747509873e-02 -1.378437457309633629e-02 1.910558876350058888e-02 -3.381272327968494196e-01 1.622066216280950920e-02 1.000000000000000000e+00 3.271985499999999547e+01 2.004837941081523064e-02 2.596948499999999882e+01 3.398189600560490931e+01 7.171719040925107758e-02
4.525000000000000000e+03 4.160000000000000000e+03 -7.000000000000000000e+04 3.397418811331527166e+01 7.670346339638126065e-02 -2.698538956784872767e-01 1.571089838296970201e-02 -3.468010169069115634e-01 1.576420001141827856e-02 1.000000000000000000e+00 3.268456499999999920e+01 1.400745358728702067e-02 5.386768100000000459e+02 3.397702974112470997e+01 7.669731867933023139e-02
4.525000000000000000e+03 4.160000000000000000e+03 -7.000000000000000000e+04 3.398595689087226646e+01 8.422507278120927587e-02 -2.567454459860867289e-01 1.485572943345428443e-02 -3.462281299410205904e-01 1.592892777308002258e-02 1.000000000000000000e+00 3.268464900000000029e+01 3.411346528865105004e-02 5.593659940000000006e+02 3.398869014731555183e+01 8.421853075837702762e-02
4.525000000000000000e+03 4.160000000000000000e+03 -6.650000000000000000e+04 3.398416531340681246e+01 6.531448981657897446e-02 8.361151152669421549e-02 1.313928826078490479e-02 4.338785713936754718e-03 1.413026811493681492e-02 1.000000000000000000e+00 3.270314199999999971e+01 2.176405977753231510e-02 5.076190299999999667e+01 3.398426844525101842e+01 6.531429963187240784e-02
4.525000000000000000e+03 4.160000000000000000e+03 -6.650000000000000000e+04 3.398712685462236038e+01 7.414445242228173694e-02 -1.866738698539691654e-01 1.210175809541737604e-02 1.305157536695400466e-02 1.300133243171637358e-02 1.000000000000000000e+00 3.271526599999999974e+01 2.501737160454711034e-02 5.140874039999999923e+02 3.398764200866983032e+01 7.414335856896697718e-02
4.525000000000000000e+03 4.160000000000000000e+03 -6.650000000000000000e+04 3.398430048750331167e+01 6.127333074021681925e-02 -1.490822881973841163e-01 1.223942470053229238e-02 2.026261901295223211e-02 1.449227552870839021e-02 1.000000000000000000e+00 3.271440199999999976e+01 3.029660840754291179e-02 5.839554000000000542e+02 3.398463352351031830e+01 6.127275441902093472e-02
4.525000000000000000e+03 4.160000000000000000e+03 -6.300000000000000000e+04 3.397947644715107884e+01 5.559577110716246162e-02 6.483479346598919335e-02 1.478111294862467437e-02 6.785202516922383964e-02 1.370086135978318756e-02 1.000000000000000000e+00 3.271747600000000489e+01 2.642696586821877136e-02 7.535030999999999324e+01 3.397960604642523208e+01 5.559557294828865182e-02
4.525000000000000000e+03 4.160000000000000000e+03 -6.300000000000000000e+04 3.398753659789647941e+01 4.605720540805748747e-02 -8.959072744244522823e-02 1.387084799138106096e-02 3.627454789315276429e-02 1.384469302657159034e-02 1.000000000000000000e+00 3.270986200000000110e+01 2.553283803261987422e-02 4.895009979999999814e+02 3.398767403537083709e+01 4.605703604797866529e-02
4.525000000000000000e+03 4.160000000000000000e+03 -6.300000000000000000e+04 3.398575376577675655e+01 5.799860692292531372e-02 -1.087332164703846971e-01 1.066827071272565854e-02 4.252071731513229480e-02 1.136070618403627226e-02 1.000000000000000000e+00 3.271063099999999935e+01 1.860206977731241815e-02 6.085468069999999443e+02 3.398595430397348593e+01 5.799827647998929275e-02
4.525000000000000000e+03 4.160000000000000000e+03 -5.950000000000000000e+04 3.398249164775009490e+01 7.469171887163932044e-02 9.508325433791320336e-02 1.146532380702786763e-02 3.799862341620130479e-02 1.162678222897461922e-02 1.000000000000000000e+00 3.269781700000000058e+01 2.936330369696162068e-02 9.994171599999999955e+01 3.398264591390790912e+01 7.469138782493983664e-02
4.525000000000000000e+03 4.160000000000000000e+03 -5.950000000000000000e+04 3.398450095604761145e+01 5.592285873415270975e-02 -1.999628144577769717e-03 1.123091064874082168e-02 3.871429446949870012e-02 1.134801343848340638e-02 1.000000000000000000e+00 3.270458699999999652e+01 2.471092869561967650e-02 4.649005910000000199e+02 3.398452306604743001e+01 5.592282384936282658e-02
4.525000000000000000e+03 4.160000000000000000e+03 -5.950000000000000000e+04 3.398448640503052331e+01 7.413228426266116333e-02 -5.835706801009088451e-03 1.367277777190867814e-02 4.802730224408868764e-02 1.392327163421011420e-02 1.000000000000000000e+00 3.271296600000000154e+01 2.652924147049817022e-02 6.331372129999999743e+02 3.398452084245030846e+01 7.413221179094089952e-02
4.525000000000000000e+03 4.160000000000000000e+03 -5.600000000000000000e+04 3.398445553747535541e+01 7.750217778230493459e-02 7.632564542466546698e-02 1.403447298618654832e-02 3.705673860120262120e-02 1.651587179049292600e-02 1.000000000000000000e+00 3.270851599999999593e+01 2.935073486303196519e-02 1.245311229999999938e+02 3.398456145052728061e+01 7.750194474827130919e-02
4.525000000000000000e+03 4.160000000000000000e+03 -5.600000000000000000e+04 3.398886488799144701e+01 9.270356332417864498e-02 6.414979797742947909e-02 1.674314456725498057e-02 1.850460999104441839e-02 1.478329225849235595e-02 1.000000000000000000e+00 3.271359700000000004e+01 2.292370672469877871e-02 4.403101839999999925e+02 3.398893046259780704e+01 9.270339020719509104e-02
4.525000000000000000e+03 4.160000000000000000e+03 -5.600000000000000000e+04 3.398046526015677671e+01 9.750733622656297672e-02 -1.185325026821271166e-02 1.184355098777389523e-02 2.293658016351241002e-02 1.564610766293009908e-02 1.000000000000000000e+00 3.269572100000000603e+01 1.878007127249521277e-02 6.577296199999999544e+02 3.398047506852977051e+01 9.750730874078432364e-02
4.525000000000000000e+03 4.160000000000000000e+03 -5.250000000000000000e+04 3.398048455081737984e+01 6.254759027332706944e-02 9.399341080238610147e-02 1.405166531056016750e-02 5.773734356140680646e-02 1.351438274580086044e-02 1.000000000000000000e+00 3.271636300000000119e+01 2.370170428471336799e-02 1.491225289999999859e+02 3.398066359961874383e+01 6.254727699321473156e-02
4.525000000000000000e+03 4.160000000000000000e+03 -5.250000000000000000e+04 3.398142410725382234e+01 7.157298015312761608e-02 7.373525231180710904e-02 1.218301850938428160e-02 2.749373304160629417e-02 1.445098986228971101e-02 1.000000000000000000e+00 3.268822000000000116e+01 2.276450087306989417e-02 4.157207779999999957e+02 3.398151522739740216e+01 7.157279406987623882e-02
4.525000000000000000e+03 4.160000000000000000e+03 -5.250000000000000000e+04 3.398015291207470767e+01 7.200251790736210411e-02 -5.139706215918415921e-03 1.085851776256777958e-02 2.696356413834299914e-02 1.426778066133622611e-02 1.000000000000000000e+00 3.269126500000000135e+01 2.599471023112202503e-02 6.823230270000000246e+02 3.398016399869709403e+01 7.200249532411477638e-02
4.525000000000000000e+03 4.160000000000000000e+03 -4.900000000000000000e+04 3.397925257403724686e+01 6.677094326876024943e-02 1.066770372573531134e-01 1.275451688618584913e-02 5.809887801905633253e-02 1.277083681674775692e-02 1.000000000000000000e+00 3.270672299999999666e+01 2.585029827680910761e-02 1.737139359999999897e+02 3.397946969804151962e+01 6.677053218900826093e-02
4.525000000000000000e+03 4.160000000000000000e+03 -4.900000000000000000e+04 3.397911965100596632e+01 5.824766304325006833e-02 9.627639442483459931e-02 1.316891890019829953e-02 6.391166310471430023e-03 1.197870781845855083e-02 1.000000000000000000e+00 3.269360400000000055e+01 2.122845507803146695e-02 3.911323709999999778e+02 3.397925664649699229e+01 5.824744019848666909e-02
4.525000000000000000e+03 4.160000000000000000e+03 -4.900000000000000000e+04 3.397979310719452428e+01 7.400398000783471597e-02 -1.386430075713818155e-03 1.314120375003751361e-02 3.461753498121744599e-02 1.305323182204315251e-02 1.000000000000000000e+00 3.271145599999999831e+01 2.279798703833301257e-02 7.069124329999999645e+02 3.397981076909730547e+01 7.400394273907445752e-02
4.525000000000000000e+03 4.160000000000000000e+03 -4.550000000000000000e+04 3.396722489688552571e+01 5.397776527423121112e-02 8.184650187673447874e-02 1.350904589525107891e-02 3.360825938567790772e-02 1.313394171602721809e-02 1.000000000000000000e+00 3.271046700000000129e+01 1.778308648688410251e-02 1.983063429999999983e+02 3.396734013078692982e+01 5.397759353425951590e-02
4.525000000000000000e+03 4.160000000000000000e+03 -4.550000000000000000e+04 3.397592684921369965e+01 6.762871912139102604e-02 6.998159430198214181e-02 1.073178200486759812e-02 5.129288024451295058e-02 1.407513360504972222e-02 1.000000000000000000e+00 3.269935200000000464e+01 1.958946298396155652e-02 3.665369640000000118e+02 3.397603763899235219e+01 6.762850554693858318e-02
4.525000000000000000e+03 4.160000000000000000e+03 -4.550000000000000000e+04 3.396452820996857014e+01 5.909052310650160511e-02 -3.534915334109278717e-02 9.775800990200240667e-03 2.064858254804047277e-02 1.401005446099336249e-02 1.000000000000000000e+00 3.271044299999999794e+01 2.367712926011090319e-02 7.315028399999999920e+02 3.396455288167877740e+01 5.909048167315682221e-02
4.525000000000000000e+03 4.160000000000000000e+03 -4.200000000000000000e+04 3.396738305474789144e+01 9.507870244171405527e-02 6.454653828894407752e-02 1.747866324980260067e-02 4.808016250695690275e-02 1.656941112411663281e-02 1.000000000000000000e+00 3.270462200000000053e+01 2.705059646292480580e-02 2.228957489999999950e+02 3.396747841017354119e+01 9.507844422540991103e-02
4.525000000000000000e+03 4.160000000000000000e+03 -4.200000000000000000e+04 3.396597225858039337e+01 9.649109389472169951e-02 8.272771029540315624e-02 1.628262785916327615e-02 1.745233124770440014e-02 1.612786300165027983e-02 1.000000000000000000e+00 3.270286899999999974e+01 2.366056332803595855e-02 3.419475580000000150e+02 3.396607748811407390e+01 9.649080346344364456e-02
4.525000000000000000e+03 4.160000000000000000e+03 -4.200000000000000000e+04 3.396785441882832401e+01 6.648442278458917276e-02 -4.191849296994387686e-02 1.540079218741685456e-02 5.386902042086338938e-02 1.502733675672439373e-02 1.000000000000000000e+00 3.270759200000000533e+01 2.251986520829998145e-02 7.560942459999999983e+02 3.396792299876648258e+01 6.648429554283694087e-02
4.525000000000000000e+03 4.160000000000000000e+03 -3.850000000000000000e+04 3.395141240079652079e+01 7.618934447808302368e-02 6.317041833727721212e-02 1.246961138127407678e-02 5.622754799214346733e-02 1.281044374719314538e-02 1.000000000000000000e+00 3.269518399999999758e+01 2.442301373704727774e-02 2.474881550000000061e+02 3.395151772819392022e+01 7.618911460317777384e-02
4.525000000000000000e+03 4.160000000000000000e+03 -3.850000000000000000e+04 3.395849015404706961e+01 5.996267400641835943e-02 3.000348254427631645e-02 1.417355414142832358e-02 1.865183481158938505e-02 1.284986634171733297e-02 1.000000000000000000e+00 3.267841099999999699e+01 2.650379084206634997e-02 3.173531510000000253e+02 3.395850853088837340e+01 5.996264328029553281e-02
4.525000000000000000e+03 4.160000000000000000e+03 -3.850000000000000000e+04 3.396578536576096496e+01 7.994594104768545928e-02 -1.797372109131956108e-02 1.254841476043886718e-02 3.738525167445683195e-02 1.279414717751831999e-02 1.000000000000000000e+00 3.268979500000000371e+01 2.631344981183577139e-02 7.806846520000000282e+02 3.396581069582521195e+01 7.994588294388582650e-02
4.525000000000000000e+03 4.160000000000000000e+03 -3.500000000000000000e+04 3.394665214916113172e+01 6.558991023777971385e-02 5.108899803431654618e-02 1.158926645651052467e-02 3.227762252606147797e-02 1.145013838344323236e-02 1.000000000000000000e+00 3.269126099999999724e+01 2.227238085611863566e-02 2.720785619999999767e+02 3.394670593837908967e+01 6.558980953188230101e-02
4.525000000000000000e+03 4.160000000000000000e+03 -3.500000000000000000e+04 3.395806402900657162e+01 5.835297988106519923e-02 3.773705151197948027e-02 1.260295473291878597e-02 3.864760490107599367e-02 1.302657729413217620e-02 1.000000000000000000e+00 3.268785299999999694e+01 3.656059519482690590e-02 2.927657449999999812e+02 3.395810698965022567e+01 5.835290962236611839e-02
4.525000000000000000e+03 4.160000000000000000e+03 -3.500000000000000000e+04 3.394443232513925324e+01 5.854039940075570631e-02 -3.992984611610950196e-02 1.184273300382981606e-02 2.417005761219481741e-02 1.261844511023446115e-02 1.000000000000000000e+00 3.271604500000000115e+01 1.803940256771271317e-02 8.052740589999999656e+02 3.394446441557525418e+01 5.854034640490225760e-02
