4.525000000000000000e+03 4.050000000000000000e+03 -7.000000000000000000e+04 3.402438895958520249e+01 9.457453799748051504e-02 -5.445743410833703280e-02 1.936975057736799871e-02 -3.340032011978921744e-01 1.558977745619432274e-02 1.000000000000000000e+00 3.282544500000000198e+01 1.506038528723618007e-02 2.578047499999999914e+01 3.402607188353782419e+01 9.456998925269936851e-02
4.525000000000000000e+03 4.050000000000000000e+03 -7.000000000000000000e+04 3.401634949484945025e+01 7.962113488606062384e-02 -1.136684602835424940e-01 1.517960269288852818e-02 -3.653245504670659116e-01 1.612944876744993108e-02 1.000000000000000000e+00 3.279979500000000314e+01 1.486587911964845805e-02 5.385648049999999785e+02 3.401850107664624545e+01 7.961630363582232472e-02
4.525000000000000000e+03 4.050000000000000000e+03 -7.000000000000000000e+04 3.401306073711326405e+01 9.554372895703432123e-02 -1.225774320825223640e-01 1.853869597517243326e-02 -3.540160216044023755e-01 1.256617079801500281e-02 1.000000000000000000e+00 3.278093499999999949e+01 2.233826369707368406e-02 5.592559880000000021e+02 3.401512389036624029e+01 9.553804672173110690e-02
4.525000000000000000e+03 4.050000000000000000e+03 -7.000000000000000000e+04 3.401341738063730702e+01 8.548508115494579673e-02 -1.464245895428737398e-01 1.840886656538165411e-02 -3.499199118087563676e-01 1.526203363612808200e-02 1.000000000000000000e+00 3.278987599999999958e+01 1.584139277336434407e-02 1.071776301999999987e+03 3.401553242291737433e+01 8.547994671598919958e-02
4.525000000000000000e+03 4.050000000000000000e+03 -6.650000000000000000e+04 3.402488252760496579e+01 1.021415625752690876e-01 2.160031154246500051e-02 1.735939348032228269e-02 2.909896988089322178e-02 1.173049456236747480e-02 1.000000000000000000e+00 3.278421300000000116e+01 2.134481332783212670e-02 5.065689799999999821e+01 3.402490182705637523e+01 1.021415057261844117e-01
4.525000000000000000e+03 4.050000000000000000e+03 -6.650000000000000000e+04 3.402467803024481441e+01 8.438341586886344281e-02 -7.266181530826099078e-02 1.471458047956512687e-02 3.449090862380010947e-02 1.032299663919560885e-02 1.000000000000000000e+00 3.281182499999999891e+01 1.432163398498928313e-02 5.139743979999999510e+02 3.402477309878797485e+01 8.438318659322228965e-02
4.525000000000000000e+03 4.050000000000000000e+03 -6.650000000000000000e+04 3.401757445935305668e+01 8.700255132709404371e-02 -5.602600523861589465e-02 1.688319266024614074e-02 -4.216877090607695777e-03 1.487370391574930478e-02 1.000000000000000000e+00 3.281106599999999673e+01 1.937525434671761790e-02 5.838483939999999848e+02 3.401762085732841001e+01 8.700243712385671846e-02
4.525000000000000000e+03 4.050000000000000000e+03 -6.650000000000000000e+04 3.402508926865225902e+01 8.239718720373574723e-02 -1.277604232835809484e-01 1.768072382967989312e-02 1.974420583456115708e-02 1.629453073184729262e-02 1.000000000000000000e+00 3.281031500000000278e+01 1.303681161174004288e-02 1.047182896000000028e+03 3.402533485947164849e+01 8.239661975853558584e-02
4.525000000000000000e+03 4.050000000000000000e+03 -6.300000000000000000e+04 3.402756001853326495e+01 6.637361635774363666e-02 2.859401205573686156e-02 1.572391801526166338e-02 3.652566938064172319e-02 1.206824974237756878e-02 1.000000000000000000e+00 3.280675899999999956e+01 1.748888038154529714e-02 7.525130400000000463e+01 3.402759163615510118e+01 6.637355726429526592e-02
4.525000000000000000e+03 4.050000000000000000e+03 -6.300000000000000000e+04 3.402202122173310528e+01 7.526039059769880357e-02 -2.980959423507201222e-02 1.512475704488379195e-02 2.836036128879815266e-02 1.378238670967580487e-02 1.000000000000000000e+00 3.281409000000000020e+01 1.256961876907967263e-02 4.893869920000000207e+02 3.402204610152156761e+01 7.526033760460100475e-02
4.525000000000000000e+03 4.050000000000000000e+03 -6.300000000000000000e+04 3.401527323792363688e+01 6.199044461516348137e-02 4.487901466925237060e-03 1.591265581795929182e-02 4.078486643301326708e-02 1.151106955211002314e-02 1.000000000000000000e+00 3.279646300000000281e+01 1.176709284402906348e-02 6.084368009999999458e+02 3.401529798483608147e+01 6.199040108771853436e-02
4.525000000000000000e+03 4.050000000000000000e+03 -6.300000000000000000e+04 3.402069804983608492e+01 7.072452884199945111e-02 -6.599731836262812124e-02 1.626895865393066312e-02 3.946200200532601343e-02 1.377013694172580550e-02 1.000000000000000000e+00 3.281568500000000199e+01 1.033834672469442773e-02 1.022593488999999977e+03 3.402078495116997914e+01 7.072435703152958608e-02
4.525000000000000000e+03 4.050000000000000000e+03 -5.950000000000000000e+04 3.401463951510194761e+01 8.379497641449393242e-02 3.356258880335971639e-02 1.295207963629411117e-02 4.004156388764235075e-02 1.359610642020359431e-02 1.000000000000000000e+00 3.278076599999999985e+01 1.228887041188082493e-02 9.983971099999999410e+01 3.401467964153918899e+01 8.379488006631800878e-02
4.525000000000000000e+03 4.050000000000000000e+03 -5.950000000000000000e+04 3.402167921141428053e+01 9.034637858958265155e-02 -2.941829109366000949e-02 1.479726421106833389e-02 4.516064175649647794e-02 1.131808418486265032e-02 1.000000000000000000e+00 3.282723400000000424e+01 1.794273816896406817e-02 4.647995849999999791e+02 3.402172190356910164e+01 9.034626737361832471e-02
4.525000000000000000e+03 4.050000000000000000e+03 -5.950000000000000000e+04 3.402603893144305403e+01 7.646122970612634351e-02 4.808627287050981636e-02 1.487492069426202615e-02 4.360812766805244323e-02 1.031868524408012522e-02 1.000000000000000000e+00 3.281522300000000314e+01 1.463517724525398474e-02 6.330212070000000040e+02 3.402610085394028516e+01 7.646109459130273622e-02
4.525000000000000000e+03 4.050000000000000000e+03 -5.950000000000000000e+04 3.402462877817544040e+01 9.853245529836207606e-02 -9.117302591959308700e-03 1.524220281354104513e-02 9.529544260413747025e-03 1.505235397760622783e-02 1.000000000000000000e+00 3.280472199999999816e+01 1.461985348763796509e-02 9.980040830000000369e+02 3.402463133422704544e+01 9.853244807109344527e-02
4.525000000000000000e+03 4.050000000000000000e+03 -5.600000000000000000e+04 3.402317565332282356e+01 9.797332953827919688e-02 4.102774285249211061e-02 1.728306510738841437e-02 3.935365597453577280e-02 1.531219937427420394e-02 1.000000000000000000e+00 3.281804400000000044e+01 1.022785906238446278e-02 1.244321170000000052e+02 3.402322315011881670e+01 9.797319658400965858e-02
4.525000000000000000e+03 4.050000000000000000e+03 -5.600000000000000000e+04 3.401768736205867327e+01 8.680383015021476967e-02 2.226202252846398721e-02 1.619472391393256272e-02 6.087083556946204510e-02 1.326561282429740418e-02 1.000000000000000000e+00 3.281556100000000242e+01 1.312598891512559672e-02 4.402121789999999919e+02 3.401774910717985989e+01 8.680367648642747791e-02
4.525000000000000000e+03 4.050000000000000000e+03 -5.600000000000000000e+04 3.402646746634499664e+01 1.033255532961875611e-01 3.603624240215896890e-02 1.476938399611429573e-02 3.097524262346951218e-02 1.486873819165650257e-02 1.000000000000000000e+00 3.282533100000000559e+01 1.909864720340160443e-02 6.576126140000000078e+02 3.402650064750497449e+01 1.033254546081137787e-01
4.525000000000000000e+03 4.050000000000000000e+03 -5.600000000000000000e+04 3.402297380417670070e+01 1.078941792189415383e-01 -1.766400681077318069e-02 1.714411047336775878e-02 5.346808459870544539e-02 1.873331240725675806e-02 1.000000000000000000e+00 3.282616099999999904e+01 1.346340673826650763e-02 9.734116760000000568e+02 3.402302040285226070e+01 1.078940358283249912e-01
4.525000000000000000e+03 4.050000000000000000e+03 -5.250000000000000000e+04 3.402485342667718982e+01 1.053222663790040203e-01 1.253127037965651169e-02 1.533910585067792438e-02 4.646542819925114642e-02 9.955602618215392968e-03 1.000000000000000000e+00 3.277524800000000482e+01 1.170765804932822653e-02 1.490245240000000138e+02 3.402488746161582611e+01 1.053221620546463122e-01
4.525000000000000000e+03 4.050000000000000000e+03 -5.250000000000000000e+04 3.402202833678499871e+01 8.672513356754825431e-02 4.279574652183004702e-02 1.441342961940641695e-02 2.435437539887930214e-02 1.288125061076501876e-02 1.000000000000000000e+00 3.282164500000000373e+01 1.212443565696977137e-02 4.156197720000000118e+02 3.402206396973180347e+01 8.672504512147291567e-02
4.525000000000000000e+03 4.050000000000000000e+03 -5.250000000000000000e+04 3.402515356895663956e+01 7.158768990687590372e-02 1.441428566735414307e-02 1.658410963363913387e-02 3.680941219686273413e-02 1.301768429700216056e-02 1.000000000000000000e+00 3.282677100000000081e+01 1.796027998111388024e-02 6.822030200000000377e+02 3.402517653290780686e+01 7.158764332154805843e-02
4.525000000000000000e+03 4.050000000000000000e+03 -5.250000000000000000e+04 3.402219488531792280e+01 9.069163161022397723e-02 1.410259022773985293e-02 1.416454883042309564e-02 1.620521111846917606e-02 1.473639115611368594e-02 1.000000000000000000e+00 3.280086800000000125e+01 1.632677390055977881e-02 9.488182699999999841e+02 3.402220166753573949e+01 9.069161399281620850e-02
4.525000000000000000e+03 4.050000000000000000e+03 -4.900000000000000000e+04 3.401699057367829937e+01 6.843252428432407275e-02 6.610783977386525123e-02 1.215974594460500491e-02 3.281596745293224870e-02 1.011893441218274237e-02 1.000000000000000000e+00 3.282104900000000214e+01 1.156652692038539175e-02 1.736119300000000010e+02 3.401707063848851931e+01 6.843236799336455123e-02
4.525000000000000000e+03 4.050000000000000000e+03 -4.900000000000000000e+04 3.401472298842337949e+01 7.033417090028415419e-02 3.784450839586739335e-02 1.361565259113814257e-02 1.141684474827098228e-02 9.568223935875114217e-03 1.000000000000000000e+00 3.278349399999999747e+01 1.216230261915892188e-02 3.910283660000000054e+02 3.401474595716301508e+01 7.033412511124023658e-02
4.525000000000000000e+03 4.050000000000000000e+03 -4.900000000000000000e+04 3.401777922520027175e+01 8.319981956198857498e-02 -7.451962105421650051e-03 1.251928445380967939e-02 3.957380299822199632e-02 1.252250508553075237e-02 1.000000000000000000e+00 3.281354000000000326e+01 1.091465803403844637e-02 7.067934269999999515e+02 3.401780306004622645e+01 8.319976258793065904e-02
4.525000000000000000e+03 4.050000000000000000e+03 -4.900000000000000000e+04 3.401531047091837223e+01 7.339677636180075293e-02 -8.697907305383445475e-03 1.609583774473562212e-02 2.215401844575781709e-02 1.075729701137556442e-02 1.000000000000000000e+00 3.281611200000000395e+01 1.054394888075620325e-02 9.242288630000000467e+02 3.401531879737559905e+01 7.339675884512354698e-02
4.525000000000000000e+03 4.050000000000000000e+03 -4.550000000000000000e+04 3.401025762563008925e+01 7.865095898376694983e-02 4.900162208866642999e-02 1.605585631094088792e-02 2.954919824058555022e-02 1.218548037855821282e-02 1.000000000000000000e+00 3.282864399999999705e+01 1.611362913809300662e-02 1.982013369999999952e+02 3.401030576275099548e+01 7.865085177821844187e-02
4.525000000000000000e+03 4.050000000000000000e+03 -4.550000000000000000e+04 3.401281253042517960e+01 9.417140485857532217e-02 4.909265909394200378e-02 1.475025830934487310e-02 1.191863166569229193e-02 1.250841224016444042e-02 1.000000000000000000e+00 3.281074800000000380e+01 1.364821867497733113e-02 3.664409590000000208e+02 3.401285004778056020e+01 9.417130349281482848e-02
4.525000000000000000e+03 4.050000000000000000e+03 -4.550000000000000000e+04 3.401328186129046571e+01 8.746056068129942629e-02 2.205857274112954514e-02 1.417099214563033623e-02 5.645490076860992801e-02 1.229514375358110520e-02 1.000000000000000000e+00 3.282272400000000090e+01 1.127710751921785944e-02 7.313868330000000242e+02 3.401333586568719625e+01 8.746042468020219507e-02
4.525000000000000000e+03 4.050000000000000000e+03 -4.550000000000000000e+04 3.401197420498422730e+01 7.131011869165575223e-02 2.900458188552956784e-02 1.650813226084403562e-02 3.623776934620703827e-02 1.267384331765419696e-02 1.000000000000000000e+00 3.282078599999999824e+01 1.314410057782577912e-02 8.996394569999999931e+02 3.401200587678135889e+01 7.131005495611845990e-02
4.525000000000000000e+03 4.050000000000000000e+03 -4.200000000000000000e+04 3.400435370782153655e+01 8.051762228924083664e-02 2.618774919970334736e-02 1.917752943211452343e-02 1.200746801474794623e-02 1.525254800902223033e-02 1.000000000000000000e+00 3.280956100000000220e+01 1.684265967714125567e-02 2.227887430000000109e+02 3.400436591180803703e+01 8.051759492656718198e-02
4.525000000000000000e+03 4.050000000000000000e+03 -4.200000000000000000e+04 3.399988296223541084e+01 9.068516187019588781e-02 2.620359069395927776e-02 1.388885619516506791e-02 3.582963317560583505e-02 1.438126938647602687e-02 1.000000000000000000e+00 3.279965599999999881e+01 1.639386266259419342e-02 3.418515530000000240e+02 3.399991193865778882e+01 9.068508648186747456e-02
4.525000000000000000e+03 4.050000000000000000e+03 -4.200000000000000000e+04 3.400419563104399856e+01 8.878435639278560443e-02 2.067673141778314516e-02 2.001883983108102005e-02 1.417132169274104569e-02 1.513106105784896814e-02 1.000000000000000000e+00 3.278059700000000021e+01 1.960927969100343879e-02 7.559752399999999852e+02 3.400420487039642836e+01 8.878433332741220152e-02
4.525000000000000000e+03 4.050000000000000000e+03 -4.200000000000000000e+04 3.400545610671314023e+01 1.005768167220379844e-01 2.685766317117632695e-02 2.084986754288395416e-02 5.440786893212878894e-02 1.598902034227792437e-02 1.000000000000000000e+00 3.282247499999999718e+01 1.560856498849269580e-02 8.750490499999999656e+02 3.400551023842851350e+01 1.005766612202164956e-01
4.525000000000000000e+03 4.050000000000000000e+03 -3.850000000000000000e+04 3.400019810135634657e+01 9.119411013295281032e-02 6.576065563723876295e-02 1.646917164501888672e-02 2.504497256863214005e-02 1.495498884606002478e-02 1.000000000000000000e+00 3.278021999999999991e+01 1.371085890817931238e-02 2.473841500000000053e+02 3.400027092018468977e+01 9.119392104975716784e-02
4.525000000000000000e+03 4.050000000000000000e+03 -3.850000000000000000e+04 3.400034027683782512e+01 9.370577982514530224e-02 3.006737114309920855e-02 1.521352287415803257e-02 5.390215812358345460e-02 1.446476685324935701e-02 1.000000000000000000e+00 3.282168999999999670e+01 1.271607966316663264e-02 3.172621459999999729e+02 3.400039629813479536e+01 9.370562920101306592e-02
4.525000000000000000e+03 4.050000000000000000e+03 -3.850000000000000000e+04 3.399821294241770175e+01 8.837140753920155745e-02 2.313528984979029701e-02 1.732524079921073448e-02 3.587525924418821788e-02 1.617702518356541747e-02 1.000000000000000000e+00 3.283910000000000196e+01 1.404062249332272208e-02 7.805666459999999915e+02 3.399823974199019005e+01 8.837134031433081793e-02
4.525000000000000000e+03 4.050000000000000000e+03 -3.850000000000000000e+04 3.400039408398762930e+01 6.595990880867692863e-02 -2.535996100048887314e-02 1.534720740906615061e-02 2.462404933501805004e-02 1.238132394754806048e-02 1.000000000000000000e+00 3.281081700000000012e+01 1.150219213889248221e-02 8.504556440000000066e+02 3.400041245834950843e+01 6.595987476569206698e-02
4.525000000000000000e+03 4.050000000000000000e+03 -3.500000000000000000e+04 3.398643936936907295e+01 6.380662038724235763e-02 5.047488708100900112e-03 1.550975648016392205e-02 5.491273493103143721e-02 1.164771890476238095e-02 1.000000000000000000e+00 3.283618400000000292e+01 9.565024673256206089e-03 2.719745560000000069e+02 3.398648410608841175e+01 6.380653921494830461e-02
4.525000000000000000e+03 4.050000000000000000e+03 -3.500000000000000000e+04 3.397972192608857966e+01 7.976090867069329793e-02 5.227805971903176641e-02 1.440838199950090527e-02 6.785418526531383776e-02 9.730526151333230428e-03 1.000000000000000000e+00 3.280873499999999865e+01 1.249478875371648826e-02 2.926697399999999902e+02 3.397982989010232302e+01 7.976066069381791690e-02
4.525000000000000000e+03 4.050000000000000000e+03 -3.500000000000000000e+04 3.398645800455876298e+01 7.936264670888942829e-02 1.200834138338446877e-02 1.501082611243753639e-02 7.036958444063934337e-02 8.430316291940914350e-03 1.000000000000000000e+00 3.280527399999999716e+01 9.370168888552649761e-03 8.051590529999999717e+02 3.398653297667053863e+01 7.936247373674995553e-02
4.525000000000000000e+03 4.050000000000000000e+03 -3.500000000000000000e+04 3.398220293406096459e+01 5.782939926092398042e-02 2.621126342305668544e-02 1.122696732893098751e-02 4.319344563112847979e-02 1.321512321984781232e-02 1.000000000000000000e+00 3.279543999999999926e+01 1.276136281907226319e-02 8.258652369999999792e+02 3.398224049346625009e+01 5.782933843190769807e-02
