0.000000000000000000e+00 -3.950000000000000000e+03 -5.865400000000000000e+04 3.394984499999999628e+01 9.808034773592516631e-02 -2.054609000000000130e+00 1.605817340172909988e-02 9.994499999999995055e-02 2.873815799594678366e-02 1.000000000000000000e+00 3.264886200000000116e+01 3.905198668441850485e-02 2.122658409000000120e+03 3.401210641330423101e+01 9.790564728374018255e-02
0.000000000000000000e+00 -3.950000000000000000e+03 -5.865400000000000000e+04 3.379055499999999768e+01 9.012840145592287966e-02 -1.978398000000000323e+00 1.960944428075410764e-02 1.431490000000000262e-01 3.321173045777651295e-02 1.000000000000000000e+00 3.251773099999999772e+01 3.923148935485371025e-02 2.494830695999999989e+03 3.384872460655837045e+01 8.998092369312001015e-02
0.000000000000000000e+00 -3.950000000000000000e+03 -5.865400000000000000e+04 3.376568500000000483e+01 9.225285286103622473e-02 -1.975913000000000252e+00 2.258576206374272866e-02 1.642719999999999736e-01 5.932563146735144594e-02 1.000000000000000000e+00 3.243171699999999902e+01 7.193033886337529825e-02 2.515521879999999783e+03 3.382384811036110506e+01 9.210411748601883553e-02
0.000000000000000000e+00 5.000000000000000000e+01 -5.865400000000000000e+04 3.382827699999999993e+01 1.146886150626992285e-01 -7.011409999999997922e-01 2.179464881570703297e-02 1.028874000000000066e+00 1.845233960775706158e-02 1.000000000000000000e+00 3.253230899999999792e+01 5.424721751389650903e-02 2.746646099000000049e+03 3.385118174005873470e+01 1.146132744601536246e-01
0.000000000000000000e+00 5.000000000000000000e+01 -5.865400000000000000e+04 3.391032599999999775e+01 1.100593464499948770e-01 -1.315474999999999284e+00 1.758718354370591291e-02 1.071358999999999950e+00 1.592164529814679708e-02 1.000000000000000000e+00 3.266868999999999801e+01 6.108425153016119186e-02 3.118708380000000034e+03 3.395273912379944647e+01 1.099251224413517053e-01
0.000000000000000000e+00 5.000000000000000000e+01 -5.865400000000000000e+04 3.384940999999999889e+01 1.208251126628897415e-01 -1.304185000000000372e+00 1.861265429754713902e-02 1.060093999999999870e+00 1.791205404190150327e-02 1.000000000000000000e+00 3.253506200000000348e+01 7.395776278390253644e-02 3.139397562999999991e+03 3.389110879199972004e+01 1.206798785315985334e-01
0.000000000000000000e+00 4.050000000000000000e+03 -5.865400000000000000e+04 3.396396500000000174e+01 9.756432569848468017e-02 -2.836549999999995464e-01 1.704816638234153345e-02 -1.118849999999999567e-01 3.007730727641688348e-02 1.000000000000000000e+00 3.265642199999999917e+01 8.069209971862177644e-02 8.432622320000000400e+02 3.396533375271727095e+01 9.756054819633624975e-02
0.000000000000000000e+00 4.050000000000000000e+03 -5.865400000000000000e+04 3.396682299999999799e+01 1.164453833219677298e-01 -1.185390000000001720e-01 1.745165232864785004e-02 -1.449890000000000345e-01 3.146405345787475077e-02 1.000000000000000000e+00 3.265968500000000319e+01 5.443451847862714604e-02 1.215365514999999959e+03 3.396733928375861211e+01 1.164437067983751656e-01
0.000000000000000000e+00 4.050000000000000000e+03 -5.865400000000000000e+04 3.387292399999999759e+01 1.009136226482827137e-01 -1.393070000000005138e-01 1.720065033654251049e-02 -1.251869999999999927e-01 4.910994125429189033e-02 1.000000000000000000e+00 3.248819699999999955e+01 8.409445554256236854e-02 1.236057698999999957e+03 3.387344178755672175e+01 1.009122680989326809e-01
0.000000000000000000e+00 8.050000000000000000e+03 -5.865400000000000000e+04 3.383451800000000276e+01 9.268940655759966285e-02 1.048856999999999928e+00 1.508573683980997913e-02 -9.530700000000000838e-01 1.940230965632699922e-02 1.000000000000000000e+00 3.255657399999999768e+01 7.498050208554220275e-02 1.467082912000000078e+03 3.386418538402589462e+01 9.261099273506541441e-02
0.000000000000000000e+00 8.050000000000000000e+03 -5.865400000000000000e+04 3.389246099999999728e+01 1.011089412465584064e-01 9.981489999999997309e-01 1.843555968773391909e-02 -1.010718000000000005e+00 1.983525230492418079e-02 1.000000000000000000e+00 3.266894899999999780e+01 4.471045990593252445e-02 1.839039187000000084e+03 3.392221639189052240e+01 1.010234371280195748e-01
0.000000000000000000e+00 8.050000000000000000e+03 -5.865400000000000000e+04 3.374334199999999839e+01 1.076258775806264861e-01 1.001333000000000695e+00 1.768144465251637876e-02 -1.016852000000000089e+00 1.545810340889204951e-02 1.000000000000000000e+00 3.240360299999999683e+01 6.855777668507052891e-02 1.859731371000000081e+03 3.377350714829238854e+01 1.075320354770084447e-01
4.000000000000000000e+03 -3.950000000000000000e+03 -5.865400000000000000e+04 3.390633400000000108e+01 8.725953143353452901e-02 -2.045895999999999937e+00 1.941385858092100139e-02 5.005229999999999402e-01 2.689728330147861043e-02 1.000000000000000000e+00 3.266013199999999728e+01 5.659003072980257898e-02 2.147948855999999978e+03 3.397168967001643125e+01 8.710040816797801067e-02
4.000000000000000000e+03 -3.950000000000000000e+03 -5.865400000000000000e+04 3.381416000000000111e+01 9.885511147128407672e-02 -2.054064000000000334e+00 1.899807140211869083e-02 4.950780000000000181e-01 6.151088164707119860e-02 1.000000000000000000e+00 3.254019300000000214e+01 7.346375860245647760e-02 2.469734261000000060e+03 3.388010769829075031e+01 9.867350666969139372e-02
4.000000000000000000e+03 -3.950000000000000000e+03 -5.865400000000000000e+04 3.386943699999999779e+01 9.839935797554778818e-02 -1.969226000000000809e+00 2.057662997188801010e-02 5.359209999999999807e-01 4.572344523327173671e-02 1.000000000000000000e+00 3.260801700000000380e+01 7.149683797903233495e-02 2.540613315000000057e+03 3.393086832154882870e+01 9.823112149840096397e-02
4.000000000000000000e+03 5.000000000000000000e+01 -5.865400000000000000e+04 3.396163099999999702e+01 1.221485165689702446e-01 -1.032517999999999603e+00 1.982515593885707944e-02 8.454129999999999701e-01 1.769593636968668643e-02 1.000000000000000000e+00 3.267702400000000296e+01 4.712995154888237337e-02 2.771839539999999943e+03 3.398783895367656527e+01 1.220566077006655786e-01
4.000000000000000000e+03 5.000000000000000000e+01 -5.865400000000000000e+04 3.379750599999999849e+01 1.188024786946804412e-01 -1.407509000000000121e+00 2.042448601556474952e-02 8.703779999999999850e-01 2.008103346444101850e-02 1.000000000000000000e+00 3.253436599999999856e+01 5.547856880814428654e-02 3.093613945000000058e+03 3.383799715213654480e+01 1.186644829551821850e-01
4.000000000000000000e+03 5.000000000000000000e+01 -5.865400000000000000e+04 3.378610899999999617e+01 1.090962642165165947e-01 -1.401278999999999719e+00 1.958494345153950073e-02 8.569989999999999553e-01 1.857146553183135554e-02 1.000000000000000000e+00 3.254843300000000283e+01 5.720241045620368114e-02 3.164487998000000061e+03 3.382601353221692619e+01 1.089715995712374624e-01
4.000000000000000000e+03 4.050000000000000000e+03 -5.865400000000000000e+04 3.392866999999999678e+01 1.055035516985091681e-01 -2.291129999999999001e-01 1.682880774148899639e-02 -3.108799999999999897e-01 4.530067916709417525e-02 1.000000000000000000e+00 3.257685899999999890e+01 9.132187142191075524e-02 8.683636669999999640e+02 3.393086776240874514e+01 1.054975957046071083e-01
4.000000000000000000e+03 4.050000000000000000e+03 -5.865400000000000000e+04 3.394108599999999853e+01 1.260081953088766360e-01 -2.426349999999999341e-01 1.718771218050849092e-02 -3.392730000000000468e-01 4.013878305330145779e-02 1.000000000000000000e+00 3.260804300000000211e+01 4.819992514517008886e-02 1.190271079999999984e+03 3.394364884291536555e+01 1.259993799520088276e-01
4.000000000000000000e+03 4.050000000000000000e+03 -5.865400000000000000e+04 3.396587599999999441e+01 1.114932943678676874e-01 -2.339560000000000528e-01 1.514233112833027368e-02 -4.053999999999999826e-01 2.863057683666188347e-02 1.000000000000000000e+00 3.268344199999999944e+01 5.763552582392217349e-02 1.261150133999999980e+03 3.396910091564555501e+01 1.114832819644512862e-01
4.000000000000000000e+03 8.050000000000000000e+03 -5.865400000000000000e+04 3.384332899999999711e+01 9.671876534054804631e-02 9.350149999999999295e-01 1.992678283115465604e-02 -7.380600000000000493e-01 1.663455223322828080e-02 1.000000000000000000e+00 3.255537700000000001e+01 5.500360367285038465e-02 1.492173346999999922e+03 3.386428654816259609e+01 9.666115487232686265e-02
4.000000000000000000e+03 8.050000000000000000e+03 -5.865400000000000000e+04 3.392702899999999744e+01 1.011167480687546610e-01 8.851770000000005467e-01 2.094233043383663187e-02 -7.538629999999999498e-01 1.825438711652626125e-02 1.000000000000000000e+00 3.256348799999999954e+01 8.503436746398482238e-02 1.813946752000000060e+03 3.394694602627662761e+01 1.010597102526889363e-01
4.000000000000000000e+03 8.050000000000000000e+03 -5.865400000000000000e+04 3.381205299999999880e+01 1.059783199904584250e-01 9.217810000000001835e-01 1.488834016940773601e-02 -7.603509999999999991e-01 1.815603222072487838e-02 1.000000000000000000e+00 3.251553100000000285e+01 3.682365611940237315e-02 1.884820805999999948e+03 3.383316038932767356e+01 1.059137663472237006e-01
8.000000000000000000e+03 -3.950000000000000000e+03 -5.865400000000000000e+04 3.390160199999999691e+01 9.373331757704941869e-02 -2.113782999999999745e+00 1.651185622514924831e-02 4.351320000000000743e-01 3.141899616474084361e-02 1.000000000000000000e+00 3.269219900000000223e+01 4.244246506742981734e-02 2.173036290999999892e+03 3.397022279283604007e+01 9.355048166049606539e-02
8.000000000000000000e+03 -3.950000000000000000e+03 -5.865400000000000000e+04 3.383823499999999740e+01 9.094295200838821425e-02 -2.086864999999999526e+00 1.966475031623844336e-02 3.583080000000000709e-01 5.912874520062133543e-02 1.000000000000000000e+00 3.259455699999999467e+01 7.211527558707656049e-02 2.444639826000000085e+03 3.390441767773506143e+01 9.077564899906767626e-02
8.000000000000000000e+03 -3.950000000000000000e+03 -5.865400000000000000e+04 3.390360499999999888e+01 9.999494477222335698e-02 -2.137086000000000041e+00 2.219006881467473075e-02 4.359560000000000102e-01 3.260449600898624595e-02 1.000000000000000000e+00 3.267647300000000143e+01 5.846192525909491705e-02 2.565804755999999998e+03 3.397369020582481625e+01 9.979930171259075722e-02
8.000000000000000000e+03 5.000000000000000000e+01 -5.865400000000000000e+04 3.392558900000000222e+01 9.660930602172856929e-02 -1.171909000000000312e+00 2.206665248740732888e-02 8.820060000000000677e-01 1.591864997416552255e-02 1.000000000000000000e+00 3.262073300000000131e+01 5.845491700447448535e-02 2.796929975999999897e+03 3.395728043123062179e+01 9.652303300855470669e-02
8.000000000000000000e+03 5.000000000000000000e+01 -5.865400000000000000e+04 3.377383500000000538e+01 1.104257696373450726e-01 -1.454149000000000136e+00 2.089181162561064287e-02 8.190349999999999575e-01 1.649320529794011739e-02 1.000000000000000000e+00 3.255422899999999942e+01 4.958819006578078087e-02 3.068523509999999987e+03 3.381504544212015873e+01 1.102955761318283601e-01
8.000000000000000000e+03 5.000000000000000000e+01 -5.865400000000000000e+04 3.386341499999999627e+01 1.341371609212003713e-01 -1.411379000000000161e+00 2.112761266683957362e-02 8.217839999999999590e-01 1.943135520235271529e-02 1.000000000000000000e+00 3.262337600000000037e+01 7.259233872110748553e-02 3.189585434000000078e+03 3.390277562510954112e+01 1.339851444661626367e-01
8.000000000000000000e+03 4.050000000000000000e+03 -5.865400000000000000e+04 3.396715300000000326e+01 1.084758482704790972e-01 -3.112139999999996576e-01 1.754333904933721641e-02 -3.766779999999999573e-01 2.951439670736977910e-02 1.000000000000000000e+00 3.264021400000000028e+01 4.717347188833995869e-02 8.934641030000000228e+02 3.397066710258850719e+01 1.084652397578923649e-01
8.000000000000000000e+03 4.050000000000000000e+03 -5.865400000000000000e+04 3.395139199999999846e+01 1.059007253469021331e-01 -3.151840000000003528e-01 1.632926517023959578e-02 -3.276110000000000966e-01 3.934324035968567862e-02 1.000000000000000000e+00 3.261735500000000343e+01 6.077755751920276006e-02 1.165184645000000046e+03 3.395443547842963028e+01 1.058920219205681384e-01
8.000000000000000000e+03 4.050000000000000000e+03 -5.865400000000000000e+04 3.397535500000000042e+01 1.084441213390564540e-01 -2.972879999999999967e-01 1.885444809587382212e-02 -3.737079999999999846e-01 2.815000507992849663e-02 1.000000000000000000e+00 3.264640800000000098e+01 5.646222788732304515e-02 1.286243568999999979e+03 3.397871076424519998e+01 1.084339787834296687e-01
8.000000000000000000e+03 8.050000000000000000e+03 -5.865400000000000000e+04 3.378650100000000123e+01 1.033146704393911319e-01 9.227340000000001652e-01 2.064737930101541788e-02 -7.430220000000000713e-01 1.640482520479873835e-02 1.000000000000000000e+00 3.252954300000000387e+01 4.908786524182937039e-02 1.517262782999999899e+03 3.380726504096776353e+01 1.032533831530599716e-01
8.000000000000000000e+03 8.050000000000000000e+03 -5.865400000000000000e+04 3.392001199999999983e+01 9.558725911438196998e-02 8.682960000000008449e-01 1.976971749924616439e-02 -7.724459999999999660e-01 1.752011073024368690e-02 1.000000000000000000e+00 3.266102599999999967e+01 4.668595340142471517e-02 1.788856316999999990e+03 3.393991492102883711e+01 9.553337620451674006e-02
8.000000000000000000e+03 8.050000000000000000e+03 -5.865400000000000000e+04 3.378091799999999978e+01 1.071311183036936371e-01 8.613070000000000448e-01 2.092315561764047233e-02 -7.544189999999999507e-01 1.602115158158114172e-02 1.000000000000000000e+00 3.252994999999999948e+01 5.172903568596654011e-02 1.909914240999999947e+03 3.380031684316781337e+01 1.070715577028649029e-01
1.200000000000000000e+04 -3.950000000000000000e+03 -5.865400000000000000e+04 3.391028000000000020e+01 1.095151934710430902e-01 -2.178987000000000229e+00 2.035102400372030412e-02 3.381560000000001232e-01 3.094370352753529271e-02 1.000000000000000000e+00 3.265589500000000100e+01 6.011839333348821535e-02 2.198122725000000173e+03 3.398189846822724292e+01 1.092926095790051066e-01
1.200000000000000000e+04 -3.950000000000000000e+03 -5.865400000000000000e+04 3.391384099999999790e+01 1.108868574944749802e-01 -2.268356999999999957e+00 1.854944465475988347e-02 3.092109999999999026e-01 2.940376446987698345e-02 1.000000000000000000e+00 3.263030400000000242e+01 3.822498901242484676e-02 2.419549390000000130e+03 3.399102331933022469e+01 1.106423186095245592e-01
1.200000000000000000e+04 -3.950000000000000000e+03 -5.865400000000000000e+04 3.377828600000000137e+01 1.093236718830830345e-01 -2.189267000000000074e+00 1.798335555451206769e-02 4.260399999999999743e-01 3.069807423927435955e-02 1.000000000000000000e+00 3.251646900000000073e+01 6.382647310481756597e-02 2.590895191000000068e+03 3.385183902207803186e+01 1.090930179325695221e-01
1.200000000000000000e+04 5.000000000000000000e+01 -5.865400000000000000e+04 3.391983600000000365e+01 1.159146032301366092e-01 -1.335453999999999475e+00 2.105928583784360056e-02 8.233070000000000110e-01 1.814699209235514157e-02 1.000000000000000000e+00 3.263741800000000381e+01 5.092253403946037094e-02 2.822018410000000131e+03 3.395609733272157627e+01 1.157946173868681650e-01
1.200000000000000000e+04 5.000000000000000000e+01 -5.865400000000000000e+04 3.389313200000000137e+01 1.150222512255780760e-01 -1.624982000000000149e+00 2.109442580398907321e-02 8.108880000000000532e-01 1.413064166978980456e-02 1.000000000000000000e+00 3.266126400000000274e+01 4.450720222615660998e-02 3.043433074000000033e+03 3.394175161387951078e+01 1.148624243736067196e-01
1.200000000000000000e+04 5.000000000000000000e+01 -5.865400000000000000e+04 3.389595899999999773e+01 1.482532327741961919e-01 -1.582785000000000331e+00 2.210471519834625656e-02 8.386370000000000768e-01 1.732084351294705185e-02 1.000000000000000000e+00 3.267083600000000132e+01 5.586466633749816169e-02 3.214673869000000195e+03 3.394325495446296515e+01 1.480508659076245903e-01
1.200000000000000000e+04 4.050000000000000000e+03 -5.865400000000000000e+04 3.398721499999999907e+01 8.807313134549037137e-02 -3.825010000000004240e-01 2.128396450382306210e-02 -2.798549999999999649e-01 3.216503096532008499e-02 1.000000000000000000e+00 3.264365600000000001e+01 5.881682755810619528e-02 9.185655389999999443e+02 3.399051940309608000e+01 8.806529316623121217e-02
1.200000000000000000e+04 4.050000000000000000e+03 -5.865400000000000000e+04 3.396190599999999904e+01 1.185103654032000631e-01 -4.306009999999993454e-01 1.709817887963510641e-02 -2.423109999999999431e-01 4.121526615224024165e-02 1.000000000000000000e+00 3.261200999999999794e+01 7.644667527106721594e-02 1.140079208999999992e+03 3.396550001096344573e+01 1.184983884483536420e-01
1.200000000000000000e+04 4.050000000000000000e+03 -5.865400000000000000e+04 3.398972799999999950e+01 1.019384364898736350e-01 -3.960340000000002192e-01 1.970237148162626295e-02 -3.090409999999998991e-01 2.508470007793595427e-02 1.000000000000000000e+00 3.265549200000000241e+01 5.816136466762106272e-02 1.311335004000000026e+03 3.399343993747648085e+01 1.019278188252628198e-01
1.200000000000000000e+04 8.050000000000000000e+03 -5.865400000000000000e+04 3.399117499999999836e+01 1.175937977020897196e-01 8.464780000000002858e-01 1.583286104909658806e-02 -7.909719999999998974e-01 1.838738874881368224e-02 1.000000000000000000e+00 3.265115600000000029e+01 4.857257038699928225e-02 1.542354217999999946e+03 3.401091206642205123e+01 1.175269947560855788e-01
1.200000000000000000e+04 8.050000000000000000e+03 -5.865400000000000000e+04 3.393095399999999984e+01 1.086685516467390811e-01 6.174309999999998411e-01 1.847879660583989433e-02 -8.046150000000000801e-01 1.755410553118557510e-02 1.000000000000000000e+00 3.263367199999999713e+01 6.427273743197811640e-02 1.763764881999999943e+03 3.394610825541128207e+01 1.086213566351419552e-01
1.200000000000000000e+04 8.050000000000000000e+03 -5.865400000000000000e+04 3.378740600000000427e+01 1.140706669832345643e-01 8.309399999999991238e-01 1.686012209327085454e-02 -8.295179999999999776e-01 1.786359706218207388e-02 1.000000000000000000e+00 3.251559100000000058e+01 5.612448581501659761e-02 1.935005675999999994e+03 3.380780036625808549e+01 1.140034502220886453e-01
1.600000000000000000e+04 -3.950000000000000000e+03 -5.865400000000000000e+04 3.393114500000000078e+01 8.557111611402530571e-02 -2.259581999999999979e+00 2.048035038762765006e-02 3.332289999999997754e-01 2.918275334851049008e-02 1.000000000000000000e+00 3.268704400000000021e+01 5.090571544532106890e-02 2.223210160999999971e+03 3.400793074258105975e+01 8.538922925487002491e-02
1.600000000000000000e+04 -3.950000000000000000e+03 -5.865400000000000000e+04 3.391850999999999772e+01 1.218596755986162961e-01 -2.446696999999999456e+00 2.454415775698974914e-02 2.515909999999998981e-01 2.983948746208620745e-02 1.000000000000000000e+00 3.265159299999999831e+01 6.070255039946839681e-02 2.394456955000000107e+03 3.400757187541018567e+01 1.215535669238674427e-01
1.600000000000000000e+04 -3.950000000000000000e+03 -5.865400000000000000e+04 3.378689099999999712e+01 1.047145606159907427e-01 -2.283966000000000385e+00 2.338644070823946153e-02 3.194059999999998567e-01 2.549104846804069874e-02 1.000000000000000000e+00 3.252614100000000263e+01 5.728210130573074127e-02 2.615985626000000138e+03 3.386550640885018737e+01 1.044836580646259644e-01
1.600000000000000000e+04 5.000000000000000000e+01 -5.865400000000000000e+04 3.382085700000000372e+01 1.018582431077622724e-01 -1.477897000000000460e+00 1.769431719507707015e-02 8.556850000000000289e-01 1.721046501405467527e-02 1.000000000000000000e+00 3.251328499999999622e+01 5.333802373541787073e-02 2.847105845000000045e+03 3.386394461040065096e+01 1.017325017084943911e-01
1.600000000000000000e+04 5.000000000000000000e+01 -5.865400000000000000e+04 3.379174499999999881e+01 1.049375290208417327e-01 -1.774486000000000452e+00 1.940735625993401589e-02 8.609910000000000618e-01 1.506368776229778314e-02 1.000000000000000000e+00 3.253172800000000109e+01 4.955745615949228716e-02 3.018342638999999963e+03 3.384925606584732805e+01 1.047648774068002386e-01
1.600000000000000000e+04 5.000000000000000000e+01 -5.865400000000000000e+04 3.392701900000000137e+01 1.110825213343665518e-01 -1.645430000000000170e+00 1.863151569250338577e-02 8.723220000000000418e-01 1.750320567781799355e-02 1.000000000000000000e+00 3.268052600000000041e+01 6.553313348986145037e-02 3.239762303999999858e+03 3.397809594110513132e+01 1.109201185058742573e-01
1.600000000000000000e+04 4.050000000000000000e+03 -5.865400000000000000e+04 3.390073300000000245e+01 1.018137819207203393e-01 -4.489880000000008309e-01 1.632986028721617605e-02 -2.660620000000000207e-01 4.546887182457906573e-02 1.000000000000000000e+00 3.253374000000000166e+01 6.231743532110416151e-02 9.436739750000000413e+02 3.390475006764210519e+01 1.018025739034261468e-01
1.600000000000000000e+04 4.050000000000000000e+03 -5.865400000000000000e+04 3.397272300000000200e+01 1.131919933785071331e-01 -6.523159999999998959e-01 1.812006959147784493e-02 -1.872810000000000308e-01 4.165006003597113843e-02 1.000000000000000000e+00 3.259276400000000251e+01 6.558868506838660961e-02 1.114975772999999890e+03 3.397950114953935241e+01 1.131701815478796391e-01
1.600000000000000000e+04 4.050000000000000000e+03 -5.865400000000000000e+04 3.402103800000000433e+01 1.156117195616430532e-01 -4.742300000000003735e-01 1.879740442188761532e-02 -2.518899999999999473e-01 3.047240961919486790e-02 1.000000000000000000e+00 3.260567300000000301e+01 3.976176278788454144e-02 1.336426439000000073e+03 3.402527544726778785e+01 1.155978384881026222e-01
1.600000000000000000e+04 8.050000000000000000e+03 -5.865400000000000000e+04 3.393328800000000456e+01 1.054850051950513012e-01 7.777000000000002800e-01 1.944305351533035311e-02 -8.239749999999999019e-01 1.957723537683500256e-02 1.000000000000000000e+00 3.266239199999999698e+01 5.723739607110023275e-02 1.567445652999999993e+03 3.395219855298871892e+01 1.054282638262114408e-01
1.600000000000000000e+04 8.050000000000000000e+03 -5.865400000000000000e+04 3.391669199999999762e+01 1.065762208093343905e-01 4.784580000000007161e-01 1.856534839425320188e-02 -8.267879999999998564e-01 2.142199526187978445e-02 1.000000000000000000e+00 3.255839600000000189e+01 7.013082261744831014e-02 1.738672446999999920e+03 3.393014141847292819e+01 1.065355760339382063e-01
1.600000000000000000e+04 8.050000000000000000e+03 -5.865400000000000000e+04 3.398784700000000214e+01 1.122582256095293884e-01 7.433940000000003323e-01 1.707095688589248261e-02 -7.709939999999999571e-01 1.217194421610615258e-02 1.000000000000000000e+00 3.264949200000000218e+01 7.041971197044191721e-02 1.960098111999999901e+03 3.400471746806141482e+01 1.122034919409620884e-01
2.000000000000000000e+04 -3.950000000000000000e+03 -5.865400000000000000e+04 3.382327000000000083e+01 1.024726455596809555e-01 -2.205556999999999768e+00 1.777376496412619994e-02 2.711100000000001842e-01 3.222619451626269893e-02 1.000000000000000000e+00 3.254346999999999923e+01 6.381202248009382183e-02 2.248302595999999994e+03 3.389618821940379689e+01 1.022590690055785595e-01
2.000000000000000000e+04 -3.950000000000000000e+03 -5.865400000000000000e+04 3.395777900000000216e+01 1.022350748911546453e-01 -2.391553000000000040e+00 1.833519069985365540e-02 1.994270000000000209e-01 3.319249211794739890e-02 1.000000000000000000e+00 3.268559199999999976e+01 5.891962175710227512e-02 2.369368519999999990e+03 3.404247422695623015e+01 1.019890410994451352e-01
2.000000000000000000e+04 -3.950000000000000000e+03 -5.865400000000000000e+04 3.396325500000000375e+01 1.106438728534029636e-01 -2.242750000000000021e+00 2.093132360841043482e-02 2.861479999999998469e-01 2.783872707219207585e-02 1.000000000000000000e+00 3.263657299999999850e+01 4.596776968703179811e-02 2.641073061000000052e+03 3.403842679142837824e+01 1.104083845790003460e-01
2.000000000000000000e+04 5.000000000000000000e+01 -5.865400000000000000e+04 3.380494999999999806e+01 1.203439584233458731e-01 -1.445425999999999433e+00 2.161221344517955806e-02 9.084300000000000708e-01 1.612765004580642494e-02 1.000000000000000000e+00 3.254760799999999676e+01 5.417435061908910943e-02 2.872196280000000115e+03 3.384803016260880781e+01 1.201951130911019933e-01
2.000000000000000000e+04 5.000000000000000000e+01 -5.865400000000000000e+04 3.392392800000000364e+01 1.046740109530536755e-01 -1.696812000000000431e+00 2.085547892041801285e-02 9.006070000000000464e-01 1.714603825960971106e-02 1.000000000000000000e+00 3.261185199999999895e+01 4.741915634002780849e-02 2.993248203999999987e+03 3.397827474844738305e+01 1.045127670359935618e-01
2.000000000000000000e+04 5.000000000000000000e+01 -5.865400000000000000e+04 3.393733100000000036e+01 1.064615423756391094e-01 -1.597871999999999737e+00 1.863722310324153475e-02 9.056800000000000406e-01 1.695131856228299441e-02 1.000000000000000000e+00 3.263177000000000305e+01 4.661598339625583343e-02 3.264851739000000180e+03 3.398699584538688612e+01 1.063105418915092915e-01
2.000000000000000000e+04 4.050000000000000000e+03 -5.865400000000000000e+04 3.406077600000000416e+01 9.966017853686595651e-02 -3.842850000000002098e-01 1.542473134287920128e-02 -1.539660000000000473e-01 2.940706719480879958e-02 1.000000000000000000e+00 3.266241099999999875e+01 5.621860085416569702e-02 9.687784110000000055e+02 3.406329171135046607e+01 9.965305880904862246e-02
2.000000000000000000e+04 4.050000000000000000e+03 -5.865400000000000000e+04 3.393873200000000168e+01 1.025207133900266909e-01 -6.016069999999995588e-01 1.873896373869163648e-02 -8.543900000000004269e-02 5.396743584792591808e-02 1.000000000000000000e+00 3.252690599999999677e+01 5.516917078405293717e-02 1.089872337000000016e+03 3.394417123119953317e+01 1.025049134633255477e-01
2.000000000000000000e+04 4.050000000000000000e+03 -5.865400000000000000e+04 3.404594699999999818e+01 1.196545450745603728e-01 -4.520790000000003417e-01 2.291110484022976929e-02 -1.807910000000001460e-01 3.098951450087593720e-02 1.000000000000000000e+00 3.267594199999999915e+01 6.206152006678535005e-02 1.361512874000000011e+03 3.404942830554913513e+01 1.196428111288018598e-01
2.000000000000000000e+04 8.050000000000000000e+03 -5.865400000000000000e+04 3.398820299999999861e+01 1.048794239591350902e-01 7.818100000000001160e-01 1.910246018187186298e-02 -8.633929999999999660e-01 1.664089123214258434e-02 1.000000000000000000e+00 3.267412399999999906e+01 3.756585036971744201e-02 1.592539087999999992e+03 3.400815516192782439e+01 1.048196638183087476e-01
2.000000000000000000e+04 8.050000000000000000e+03 -5.865400000000000000e+04 3.401528799999999819e+01 1.202425357350717233e-01 4.895430000000002835e-01 2.263583824381151452e-02 -8.561090000000000089e-01 1.849940996356370243e-02 1.000000000000000000e+00 3.262219799999999736e+01 5.013910172709519497e-02 1.713584012000000030e+03 3.402958114187821792e+01 1.201933735081402027e-01
2.000000000000000000e+04 8.050000000000000000e+03 -5.865400000000000000e+04 3.394543900000000036e+01 1.129126724951632771e-01 8.027310000000005275e-01 1.772575104191639189e-02 -8.871860000000000301e-01 1.443414746356708016e-02 1.000000000000000000e+00 3.264187299999999681e+01 6.781055352229474475e-02 1.985191546000000017e+03 3.396651740993883806e+01 1.128440102907550535e-01
2.400000000000000000e+04 -3.950000000000000000e+03 -5.865400000000000000e+04 3.398750299999999669e+01 8.304219621975324206e-02 -2.208825000000000038e+00 2.055214482724370198e-02 1.697509999999997632e-01 3.515239053037502726e-02 1.000000000000000000e+00 3.264007399999999848e+01 5.344334982951573498e-02 2.273394030999999814e+03 3.405962541569761726e+01 8.287725489800785994e-02
2.400000000000000000e+04 -3.950000000000000000e+03 -5.865400000000000000e+04 3.399197399999999902e+01 9.473188654830010103e-02 -2.272909000000000290e+00 1.986160079147700555e-02 1.049970000000000070e-01 3.430730152606002031e-02 1.000000000000000000e+00 3.269014800000000065e+01 4.721287943983081686e-02 2.344278084999999919e+03 3.406804127197462151e+01 9.452971589552310039e-02
2.400000000000000000e+04 -3.950000000000000000e+03 -5.865400000000000000e+04 3.396014699999999920e+01 1.018654397624631086e-01 -2.202570999999999835e+00 2.282190318531738746e-02 1.735690000000005284e-01 4.495421146010682850e-02 1.000000000000000000e+00 3.262013699999999972e+01 6.977617589120230224e-02 2.666163496000000123e+03 3.403194131208813644e+01 1.016615320728408017e-01
2.400000000000000000e+04 5.000000000000000000e+01 -5.865400000000000000e+04 3.383954900000000521e+01 1.110779145014885450e-01 -1.424844999999999473e+00 1.634851705813099298e-02 9.467010000000000147e-01 1.778427828167339353e-02 1.000000000000000000e+00 3.253284099999999768e+01 5.275261249454855222e-02 2.897283715000000029e+03 3.388276114163111430e+01 1.109394951181596062e-01
2.400000000000000000e+04 5.000000000000000000e+01 -5.865400000000000000e+04 3.377475300000000402e+01 1.068702524793499337e-01 -1.595858999999999916e+00 1.967498742058047811e-02 9.422530000000000072e-01 1.802836778524334257e-02 1.000000000000000000e+00 3.253634699999999924e+01 5.443724790986407408e-02 2.968154769000000215e+03 3.382556055522065463e+01 1.067149473658578623e-01
2.400000000000000000e+04 5.000000000000000000e+01 -5.865400000000000000e+04 3.380102800000000229e+01 1.208368025437614734e-01 -1.586106000000000016e+00 1.833498568311412585e-02 9.273309999999999054e-01 1.584158555827035880e-02 1.000000000000000000e+00 3.254726500000000300e+01 4.088027656462221021e-02 3.289937174000000141e+03 3.385092567247727402e+01 1.206625228565826602e-01
2.400000000000000000e+04 4.050000000000000000e+03 -5.865400000000000000e+04 3.398851799999999912e+01 9.424459920865492502e-02 -3.685029999999995809e-01 1.905734034433976404e-02 -7.730999999999976779e-02 5.832207305128993963e-02 1.000000000000000000e+00 3.251430400000000276e+01 6.399796754585257430e-02 9.938798470000000407e+02 3.399060351234489019e+01 9.423913661775437656e-02
2.400000000000000000e+04 4.050000000000000000e+03 -5.865400000000000000e+04 3.408801799999999815e+01 1.086007691040906109e-01 -4.799499999999996547e-01 1.380083392407864540e-02 -3.917800000000015714e-02 3.333410963262705556e-02 1.000000000000000000e+00 3.267610499999999973e+01 6.423053203111429854e-02 1.064767900999999938e+03 3.409141912690799359e+01 1.085901151336759324e-01
2.400000000000000000e+04 4.050000000000000000e+03 -5.865400000000000000e+04 3.395717799999999897e+01 1.090094721618263679e-01 -4.474960000000001159e-01 1.693294091408813901e-02 -7.529999999999992255e-02 2.688715860778152084e-02 1.000000000000000000e+00 3.254161299999999812e+01 5.614601700031801590e-02 1.386609310000000050e+03 3.396020995935831621e+01 1.089999844998915668e-01
2.400000000000000000e+04 8.050000000000000000e+03 -5.865400000000000000e+04 3.395875900000000058e+01 1.019272012467721950e-01 7.900790000000004198e-01 1.943230794321662569e-02 -9.377439999999999110e-01 1.842722347506536504e-02 1.000000000000000000e+00 3.266121900000000267e+01 4.519391584051994648e-02 1.617630523000000039e+03 3.398089023930742059e+01 1.018630889651653409e-01
2.400000000000000000e+04 8.050000000000000000e+03 -5.865400000000000000e+04 3.382290199999999913e+01 9.370309387634966070e-02 6.018299999999996430e-01 2.104889206110383340e-02 -8.752400000000000180e-01 1.588168722145100187e-02 1.000000000000000000e+00 3.252985600000000233e+01 5.441875284311466221e-02 1.688495576999999912e+03 3.383957659469314194e+01 9.365857021054477261e-02
2.400000000000000000e+04 8.050000000000000000e+03 -5.865400000000000000e+04 3.389778799999999848e+01 1.318994351769559314e-01 8.130990000000002382e-01 1.841212516251179362e-02 -9.383319999999999439e-01 1.627337856746410155e-02 1.000000000000000000e+00 3.256555399999999878e+01 7.323814637195565080e-02 2.010282981999999947e+03 3.392051927991328597e+01 1.318125525365584083e-01
2.800000000000000000e+04 -3.950000000000000000e+03 -5.865400000000000000e+04 3.394008500000000339e+01 9.373127888810650621e-02 -2.062717000000000134e+00 2.032884445806007814e-02 2.093499999999970385e-02 5.397344436850403521e-02 1.000000000000000000e+00 3.253097799999999751e+01 6.882488213575087277e-02 2.298487466000000040e+03 3.400271473726089511e+01 9.356676804033642325e-02
2.800000000000000000e+04 -3.950000000000000000e+03 -5.865400000000000000e+04 3.400146300000000110e+01 9.508872818583705144e-02 -1.964209000000000316e+00 2.125462933104221505e-02 -2.099999999999546674e-03 3.742596414255750653e-02 1.000000000000000000e+00 3.257458400000000154e+01 6.599301432727558425e-02 2.319183649999999943e+03 3.405815038351392587e+01 9.493837357733646287e-02
2.800000000000000000e+04 -3.950000000000000000e+03 -5.865400000000000000e+04 3.402610099999999704e+01 8.766426220530233737e-02 -2.030923999999999729e+00 2.386330153185011252e-02 2.938299999999927081e-02 3.825784192815898793e-02 1.000000000000000000e+00 3.262148799999999937e+01 6.664817789707382090e-02 2.691253931000000193e+03 3.408666990066154767e+01 8.752004671954886905e-02
2.800000000000000000e+04 5.000000000000000000e+01 -5.865400000000000000e+04 3.383971199999999868e+01 1.081863802518598094e-01 -1.336646000000000001e+00 1.803145676311262297e-02 9.855030000000000179e-01 1.460565770514974000e-02 1.000000000000000000e+00 3.254140999999999906e+01 5.369754982305989521e-02 2.922372150000000147e+03 3.388043604995763758e+01 1.080595177223331038e-01
2.800000000000000000e+04 5.000000000000000000e+01 -5.865400000000000000e+04 3.377877900000000011e+01 1.059632038256677206e-01 -1.335435999999999623e+00 2.182988140141856048e-02 9.936629999999999630e-01 2.131886624565199756e-02 1.000000000000000000e+00 3.242097199999999901e+01 6.960115430795670022e-02 2.943065333999999893e+03 3.381976738829683171e+01 1.058401438532246830e-01
2.800000000000000000e+04 5.000000000000000000e+01 -5.865400000000000000e+04 3.395877699999999777e+01 1.060860218973263130e-01 -1.510583000000000453e+00 1.944361399020253997e-02 1.043539999999999912e+00 1.538679086099502442e-02 1.000000000000000000e+00 3.260527600000000348e+01 6.558858147574164743e-02 3.315024609000000055e+03 3.400837208787297783e+01 1.059358872144927077e-01
2.800000000000000000e+04 4.050000000000000000e+03 -5.865400000000000000e+04 3.415223299999999540e+01 9.907673099673808270e-02 -3.131750000000002032e-01 2.133710076369327302e-02 1.966199999999984627e-02 3.077374939782281590e-02 1.000000000000000000e+00 3.265216399999999908e+01 4.830773690621410071e-02 1.018976281999999969e+03 3.415367453234216555e+01 9.907274401613341830e-02
2.800000000000000000e+04 4.050000000000000000e+03 -5.865400000000000000e+04 3.409874800000000050e+01 1.097981649436819973e-01 -3.283899999999997377e-01 1.695291980751398309e-02 1.947800000000032838e-02 3.941705765274724355e-02 1.000000000000000000e+00 3.255525699999999745e+01 6.407773479922647397e-02 1.039672465999999986e+03 3.410033481583558057e+01 1.097931793136580486e-01
2.800000000000000000e+04 4.050000000000000000e+03 -5.865400000000000000e+04 3.412857999999999947e+01 1.047440279252234846e-01 -3.019089999999993168e-01 1.870990136264753453e-02 1.596600000000014674e-02 2.941222473734348558e-02 1.000000000000000000e+00 3.258901300000000134e+01 5.952634065688903325e-02 1.411696744000000081e+03 3.412991908536902486e+01 1.047400499653311501e-01
2.800000000000000000e+04 8.050000000000000000e+03 -5.865400000000000000e+04 3.397883199999999704e+01 9.942416697161711447e-02 8.867720000000005598e-01 2.012085167183536374e-02 -9.716650000000001119e-01 1.900390583538026298e-02 1.000000000000000000e+00 3.265266100000000193e+01 6.102865803046958471e-02 1.642719957999999906e+03 3.400428681117180219e+01 9.935261005014728308e-02
2.800000000000000000e+04 8.050000000000000000e+03 -5.865400000000000000e+04 3.391479700000000008e+01 1.279982557732721460e-01 8.954230000000000800e-01 1.828036720090709874e-02 -9.600620000000000820e-01 1.642671327441980883e-02 1.000000000000000000e+00 3.255928000000000111e+01 6.824571049523918409e-02 1.663409141999999974e+03 3.394019677232266474e+01 1.279042192053043980e-01
2.800000000000000000e+04 8.050000000000000000e+03 -5.865400000000000000e+04 3.395647499999999752e+01 1.116205263739604436e-01 8.701040000000004326e-01 1.720185190611754969e-02 -9.355430000000000135e-01 1.439719990136971092e-02 1.000000000000000000e+00 3.263333399999999784e+01 6.787358028717802028e-02 2.035372417000000041e+03 3.398050199895948964e+01 1.115431754982715989e-01
