2.525000000000000000e+03 -4.000000000000000000e+03 -5.203200000000000000e+04 3.399884479216461841e+01 1.089296140647741107e-01 -3.974181511885976903e-02 2.121375456304029974e-02 4.075635711888114798e-02 2.356033306297806301e-02 1.000000000000000000e+00 3.377503600000000006e+01 3.364354523530479341e-02 2.263856484999999793e+03 3.399889244805209643e+01 1.089294678631458069e-01
2.525000000000000000e+03 -4.000000000000000000e+03 -5.203200000000000000e+04 3.399627488159117661e+01 9.130991449043014685e-02 2.860807174301793765e-02 2.004093312076452721e-02 -1.252075592802448512e-02 2.151923089702275846e-02 1.000000000000000000e+00 3.376404999999999745e+01 3.511602312335495440e-02 2.681274359999999888e+03 3.399628922420511401e+01 9.130987786927083349e-02
2.525000000000000000e+03 -4.000000000000000000e+03 -5.203200000000000000e+04 3.398282107244480699e+01 8.999239174623047122e-02 1.113405268219569422e-02 2.165205674624870111e-02 -2.823687231582550083e-02 2.625765706323050785e-02 1.000000000000000000e+00 3.372261000000000308e+01 4.036162510355597449e-02 2.702094551000000138e+03 3.398283462764526774e+01 8.999235877412072038e-02
2.525000000000000000e+03 0.000000000000000000e+00 -5.203200000000000000e+04 3.396170934607987846e+01 1.241005444055567758e-01 2.051947441926573745e-01 1.864255997504617526e-02 -2.669932812046660331e-02 1.822899524990973658e-02 1.000000000000000000e+00 3.377344200000000285e+01 3.736908584645870501e-02 2.957968186000000060e+03 3.396233972276903756e+01 1.240982929120759692e-01
2.525000000000000000e+03 0.000000000000000000e+00 -5.203200000000000000e+04 3.396934624383855805e+01 9.484909506741996676e-02 -1.034781760483012292e-01 2.088209285080859859e-02 1.539113584161277970e-02 1.472547174326638980e-02 1.000000000000000000e+00 3.378407200000000188e+01 2.577373719505962613e-02 3.376549128000000110e+03 3.396950733899108599e+01 9.484866682560609552e-02
2.525000000000000000e+03 0.000000000000000000e+00 -5.203200000000000000e+04 3.398640575097070382e+01 9.348249838174460535e-02 -1.017271508669379543e-01 1.974675975139174311e-02 1.131293768277252809e-02 1.795846122661770572e-02 1.000000000000000000e+00 3.374802100000000138e+01 5.792531337852217799e-02 3.397417320999999902e+03 3.398655987688952251e+01 9.348209332332939325e-02
2.525000000000000000e+03 4.000000000000000000e+03 -5.203200000000000000e+04 3.396925335725406825e+01 1.177936446911097834e-01 1.649402788818044030e-02 2.162363216968831922e-02 -2.411802869944068561e-02 2.191028081003537978e-02 1.000000000000000000e+00 3.376574300000000051e+01 3.665141952230499545e-02 8.433462369999999737e+02 3.396926592350180840e+01 1.177936026108539341e-01
2.525000000000000000e+03 4.000000000000000000e+03 -5.203200000000000000e+04 3.398666681774120946e+01 1.121355422724770734e-01 -2.222969470152591498e-02 2.033227302821986882e-02 2.999964473224014938e-02 1.972102344614575647e-02 1.000000000000000000e+00 3.378345000000000198e+01 3.444895008559767380e-02 1.261628161000000091e+03 3.398668732780766533e+01 1.121354767413692000e-01
2.525000000000000000e+03 4.000000000000000000e+03 -5.203200000000000000e+04 3.397422230056037051e+01 1.082373942346446238e-01 5.734141039487994362e-03 1.994214487861511315e-02 -5.885340021625218299e-03 2.141488225357410582e-02 1.000000000000000000e+00 3.371868999999999517e+01 2.750679890499801300e-02 1.282417349999999942e+03 3.397422329421961251e+01 1.082373911848824866e-01
2.525000000000000000e+03 8.000000000000000000e+03 -5.203200000000000000e+04 3.398013362254575043e+01 1.022950670477298790e-01 1.578242166463983409e-02 1.823859911385877081e-02 3.890741011516318792e-03 1.872983299616943001e-02 1.000000000000000000e+00 3.377334700000000112e+01 2.997320131384033359e-02 1.537279927999999927e+03 3.398013751044517505e+01 1.022950557166813212e-01
2.525000000000000000e+03 8.000000000000000000e+03 -5.203200000000000000e+04 3.396482604186182641e+01 7.569970444745410809e-02 -6.755852373241388875e-03 1.955712054700181612e-02 -1.375833916277802160e-02 1.919520225155590606e-02 1.000000000000000000e+00 3.375900799999999435e+01 3.652912680314162469e-02 1.955906872000000021e+03 3.396482950034304338e+01 7.569969723858720190e-02
2.525000000000000000e+03 8.000000000000000000e+03 -5.203200000000000000e+04 3.393812666305021253e+01 9.592216668056775808e-02 -9.030111837136978181e-03 2.471288758657545770e-02 9.867011183083640447e-03 1.502701921335912461e-02 1.000000000000000000e+00 3.373454999999999870e+01 5.587059259574754522e-02 1.976694060999999920e+03 3.393812929874110296e+01 9.592215955596403165e-02
4.525000000000000000e+03 -4.000000000000000000e+03 -5.203200000000000000e+04 3.399809185117024413e+01 9.978636671381578560e-02 1.169586796579924481e-02 2.040905911334464987e-02 4.977167630979550950e-04 2.303071868535336991e-02 1.000000000000000000e+00 3.380345799999999912e+01 3.756052631420385424e-02 2.287049812000000202e+03 3.399809386659284627e+01 9.978636104600584200e-02
4.525000000000000000e+03 -4.000000000000000000e+03 -5.203200000000000000e+04 3.398631760126545487e+01 9.319331883130056726e-02 -1.134147967462073581e-02 2.302239122082305051e-02 -6.693017682974478078e-03 1.860414616914538022e-02 1.000000000000000000e+00 3.374971000000000032e+01 4.611986227212739459e-02 2.658188040000000001e+03 3.398632015266926487e+01 9.319331222383438196e-02
4.525000000000000000e+03 -4.000000000000000000e+03 -5.203200000000000000e+04 3.398831505099042261e+01 9.557036563783075089e-02 -3.867793165124311372e-04 1.839720702421093063e-02 6.207030985936334844e-03 2.245464242778469691e-02 1.000000000000000000e+00 3.376052699999999618e+01 2.998042943321526169e-02 2.725177870999999868e+03 3.398831561996289707e+01 9.557036412616612409e-02
4.525000000000000000e+03 0.000000000000000000e+00 -5.203200000000000000e+04 3.401795843540833886e+01 1.158980172612226467e-01 1.740879882171784132e-01 1.969388458049600027e-02 -1.493942362629940845e-02 1.612731264183345226e-02 1.000000000000000000e+00 3.376646800000000326e+01 3.615161299306021009e-02 2.981161513000000014e+03 3.401840716328718628e+01 1.158965325172748029e-01
4.525000000000000000e+03 0.000000000000000000e+00 -5.203200000000000000e+04 3.399522206404086688e+01 1.064307939470989506e-01 -1.073226515128284930e-01 2.328374386105022675e-02 -2.783738923290979272e-02 1.830823625047403591e-02 1.000000000000000000e+00 3.374596400000000074e+01 3.516490160657356756e-02 3.353397804000000178e+03 3.399540286943542355e+01 1.064302543317445088e-01
4.525000000000000000e+03 0.000000000000000000e+00 -5.203200000000000000e+04 3.395659953881449411e+01 1.039189812357676074e-01 -6.675705512164320510e-02 1.976907281045173215e-02 4.272507472326037004e-02 1.331689600226850130e-02 1.000000000000000000e+00 3.379784999999999684e+01 3.397993532954411006e-02 3.420524643000000196e+03 3.395669203818056303e+01 1.039187067748148369e-01
4.525000000000000000e+03 4.000000000000000000e+03 -5.203200000000000000e+04 3.398472133999477762e+01 1.016723538004909028e-01 2.831286886782624634e-02 2.045396444374335265e-02 -2.336475537375637401e-02 1.814027177861152543e-02 1.000000000000000000e+00 3.376818200000000303e+01 3.744604145967902337e-02 8.664275569999999789e+02 3.398474116552064572e+01 1.016722966812351053e-01
4.525000000000000000e+03 4.000000000000000000e+03 -5.203200000000000000e+04 3.396787666956997498e+01 1.052283869868271549e-01 -3.885808222719511207e-02 2.045163330732387846e-02 1.123145557874050127e-02 2.178273805593106127e-02 1.000000000000000000e+00 3.378926699999999528e+01 4.153076587302478168e-02 1.238538841000000048e+03 3.396790075255262309e+01 1.052283152280620998e-01
4.525000000000000000e+03 4.000000000000000000e+03 -5.203200000000000000e+04 3.398384679970713051e+01 1.022755717230450223e-01 1.054136285687334862e-02 2.070996482423423032e-02 1.213375252992854314e-02 2.121006649455055293e-02 1.000000000000000000e+00 3.377306000000000097e+01 3.318271176380857557e-02 1.305500669999999900e+03 3.398385060075220565e+01 1.022755607657820226e-01
4.525000000000000000e+03 8.000000000000000000e+03 -5.203200000000000000e+04 3.398075585972583212e+01 9.305300459074580810e-02 4.793918806857622172e-02 1.734449993310690705e-02 -4.087948721552159270e-03 1.868629951876745951e-02 1.000000000000000000e+00 3.376478000000000179e+01 2.393122556410347962e-02 1.560469254000000092e+03 3.398078992129772047e+01 9.305291456088125857e-02
4.525000000000000000e+03 8.000000000000000000e+03 -5.203200000000000000e+04 3.396602707297945756e+01 1.036330749213297819e-01 -6.597484419928534294e-02 2.090657967078618854e-02 1.923131589928939178e-02 1.768223970030710288e-02 1.000000000000000000e+00 3.378243799999999908e+01 3.477315591084594038e-02 1.932809551000000056e+03 3.396609659124744951e+01 1.036328712557021137e-01
4.525000000000000000e+03 8.000000000000000000e+03 -5.203200000000000000e+04 3.399437460130447164e+01 8.917674808134325171e-02 1.802686564740163533e-02 2.215861351668773835e-02 -1.515863470689104986e-02 1.954373522780904551e-02 1.000000000000000000e+00 3.377753500000000031e+01 3.654231143482852828e-02 1.999780381000000034e+03 3.399438276077248844e+01 8.917672787677413671e-02
8.525000000000000000e+03 -4.000000000000000000e+03 -5.203200000000000000e+04 3.397092682203718539e+01 9.776036251948057310e-02 -7.731985612632996663e-03 1.831551593462642583e-02 7.840548064018015850e-03 2.247821314313444216e-02 1.000000000000000000e+00 3.377693899999999871e+01 4.046373907586890695e-02 2.312136246999999912e+03 3.397092860676612247e+01 9.776035760999153557e-02
8.525000000000000000e+03 -4.000000000000000000e+03 -5.203200000000000000e+04 3.397452433528015092e+01 9.970955604583868481e-02 -4.045435694829446760e-02 2.341036439297340330e-02 -2.356162921141535804e-02 1.673844554102801169e-02 1.000000000000000000e+00 3.375914199999999710e+01 3.056301393841909589e-02 2.633094603999999890e+03 3.397455659039438558e+01 9.970946595475901897e-02
8.525000000000000000e+03 -4.000000000000000000e+03 -5.203200000000000000e+04 3.396875853248992172e+01 1.015550734505362152e-01 4.818258925007601334e-02 2.539251005710809264e-02 1.571017145790953862e-02 1.755055533183678615e-02 1.000000000000000000e+00 3.374132000000000176e+01 3.098376816980142820e-02 2.750266305999999986e+03 3.396879633737410842e+01 1.015549671382980912e-01
8.525000000000000000e+03 0.000000000000000000e+00 -5.203200000000000000e+04 3.393530707100145349e+01 1.008393672759439336e-01 1.403715485161773913e-01 1.813005004206528700e-02 -1.800265443100634855e-02 1.273299402573861185e-02 1.000000000000000000e+00 3.376824100000000328e+01 4.189101106442764955e-02 3.006252947999999833e+03 3.393560216454631728e+01 1.008385185202589074e-01
8.525000000000000000e+03 0.000000000000000000e+00 -5.203200000000000000e+04 3.399826216420570546e+01 1.219485018488686429e-01 -1.060620728432306592e-01 1.697327056090923436e-02 1.113715564614192743e-02 1.614790225641249757e-02 1.000000000000000000e+00 3.378141399999999805e+01 3.624839108153629641e-02 3.328308368999999857e+03 3.399842942527776302e+01 1.219479135126765312e-01
8.525000000000000000e+03 0.000000000000000000e+00 -5.203200000000000000e+04 3.396611620805178688e+01 1.045953564014683451e-01 -3.431763000806409281e-02 1.858989492757894338e-02 6.865315384385617392e-03 1.606726755958797631e-02 1.000000000000000000e+00 3.378998699999999644e+01 3.852025992902955581e-02 3.445615077999999812e+03 3.396613423825506572e+01 1.045953026160285071e-01
8.525000000000000000e+03 4.000000000000000000e+03 -5.203200000000000000e+04 3.397178058702842662e+01 8.244390661221254191e-02 2.610265053610749675e-02 2.018323387210826589e-02 9.363873286303281418e-03 2.028715771074297500e-02 1.000000000000000000e+00 3.377066100000000404e+01 2.969291716891420477e-02 8.915799960000000510e+02 3.397179190569271867e+01 8.244388079189378382e-02
8.525000000000000000e+03 4.000000000000000000e+03 -5.203200000000000000e+04 3.397769928047553378e+01 1.137507795294872975e-01 -1.620407739011842096e-02 1.889666941531496433e-02 -2.232506582238613646e-03 1.990292557495684789e-02 1.000000000000000000e+00 3.377347199999999816e+01 3.211772906044261383e-02 1.213445404999999937e+03 3.397770321770789081e+01 1.137507667128942052e-01
8.525000000000000000e+03 4.000000000000000000e+03 -5.203200000000000000e+04 3.398090877945078603e+01 9.782130296879633369e-02 -9.938280987806358269e-03 1.662128728227118060e-02 -7.111927118796934622e-03 1.786245729364152601e-02 1.000000000000000000e+00 3.378349000000000046e+01 3.789227195616541588e-02 1.330521101000000044e+03 3.398091097699253993e+01 9.782129683492704619e-02
8.525000000000000000e+03 8.000000000000000000e+03 -5.203200000000000000e+04 3.398213973254349440e+01 9.440765985256285853e-02 2.876038123199542440e-02 2.372038229193829464e-02 -1.751581836445037510e-02 1.863057095440415201e-02 1.000000000000000000e+00 3.377915000000000134e+01 3.349141969221370446e-02 1.585555689000000029e+03 3.398215641723657399e+01 9.440761612280462733e-02
8.525000000000000000e+03 8.000000000000000000e+03 -5.203200000000000000e+04 3.398939255623674427e+01 9.278724053948830819e-02 -3.302111328121792866e-02 1.853129992276548316e-02 -5.527427013296559721e-03 1.782168974142596049e-02 1.000000000000000000e+00 3.378479699999999752e+01 3.251978474713508593e-02 1.907719115000000102e+03 3.398940904588270939e+01 9.278719731646903335e-02
8.525000000000000000e+03 8.000000000000000000e+03 -5.203200000000000000e+04 3.394574138855629286e+01 1.070035929427125276e-01 4.262737132405547413e-03 1.934431188009384447e-02 2.303844758328388309e-02 1.720425898537725554e-02 1.000000000000000000e+00 3.377998300000000143e+01 3.861574665858476252e-02 2.024865815999999995e+03 3.394574947412030497e+01 1.070035681200764838e-01
1.252500000000000000e+04 -4.000000000000000000e+03 -5.203200000000000000e+04 3.397717957939127587e+01 1.020714238862047152e-01 4.856164432257248365e-02 2.373170460932260209e-02 2.446488215960584967e-02 2.036140260833167737e-02 1.000000000000000000e+00 3.377988399999999558e+01 3.934684720533526692e-02 2.337231682000000092e+03 3.397722309038750410e+01 1.020712998626958773e-01
1.252500000000000000e+04 -4.000000000000000000e+03 -5.203200000000000000e+04 3.398740926003083729e+01 9.274816310821748511e-02 -1.436782250836872166e-01 2.108348497544118919e-02 -5.147325591788387555e-02 2.214920403404669128e-02 1.000000000000000000e+00 3.376995600000000053e+01 3.344466512016527893e-02 2.608009169999999813e+03 3.398775192826479952e+01 9.274727690145481707e-02
1.252500000000000000e+04 -4.000000000000000000e+03 -5.203200000000000000e+04 3.397249530642186244e+01 9.426938837292103690e-02 9.510113063089775665e-02 2.364991069278800026e-02 2.700802724107642661e-02 2.501609162156498076e-02 1.000000000000000000e+00 3.375497900000000584e+01 3.564075629107777560e-02 2.775349740999999995e+03 3.397263915275700441e+01 9.426901456431423243e-02
1.252500000000000000e+04 0.000000000000000000e+00 -5.203200000000000000e+04 3.394063869613971463e+01 9.182534605456073307e-02 1.245257771631838040e-01 1.952414803297189763e-02 2.290845743103275822e-02 1.887804421932442675e-02 1.000000000000000000e+00 3.379377200000000414e+01 3.685205690324489664e-02 3.031525392999999895e+03 3.394087486451250157e+01 9.182473593686994728e-02
1.252500000000000000e+04 0.000000000000000000e+00 -5.203200000000000000e+04 3.397326378541594494e+01 1.011289710831364402e-01 -9.290878383523892836e-02 2.197493061755528138e-02 -1.012006133898246674e-02 1.476950425775305775e-02 1.000000000000000000e+00 3.376567300000000671e+01 3.558375081410052737e-02 3.303227934000000005e+03 3.397339233416659710e+01 1.011286063824622106e-01
1.252500000000000000e+04 0.000000000000000000e+00 -5.203200000000000000e+04 3.397065309214462303e+01 7.863940971170946259e-02 -3.158881747285491315e-02 1.817501403161544266e-02 -1.278450348684945226e-02 1.454493341835834570e-02 1.000000000000000000e+00 3.375211900000000043e+01 3.413965427475797176e-02 3.470635509000000184e+03 3.397067018478961131e+01 7.863937215019117799e-02
1.252500000000000000e+04 4.000000000000000000e+03 -5.203200000000000000e+04 3.398601091507815397e+01 1.065603837468674930e-01 2.361237892118328574e-02 2.077234061376420637e-02 -5.982468379356120636e-03 2.083582468120948050e-02 1.000000000000000000e+00 3.377153900000000419e+01 3.422940199594494415e-02 9.167114330000000564e+02 3.398601964417395038e+01 1.065603574179116719e-01
1.252500000000000000e+04 4.000000000000000000e+03 -5.203200000000000000e+04 3.399847279283018509e+01 1.097007354523514139e-01 -6.499259027729475946e-02 2.328203048622180457e-02 5.241330453470105510e-02 1.932921735745779870e-02 1.000000000000000000e+00 3.376974599999999782e+01 2.993920955870411904e-02 1.188355970000000070e+03 3.399857531479955242e+01 1.097004177277056680e-01
1.252500000000000000e+04 4.000000000000000000e+03 -5.203200000000000000e+04 3.399116168807894667e+01 1.293486049207542288e-01 4.137742962861334917e-02 1.993546440679330040e-02 -4.643253398939961585e-02 1.913800172275325825e-02 1.000000000000000000e+00 3.376259899999999448e+01 3.597663582104363572e-02 1.355607535999999982e+03 3.399121858623225734e+01 1.293483933214806814e-01
1.252500000000000000e+04 8.000000000000000000e+03 -5.203200000000000000e+04 3.400136335290175538e+01 9.860532345296812995e-02 5.172891780910227055e-02 1.925653663635969182e-02 -1.398057493515469929e-02 1.678799724529600121e-02 1.000000000000000000e+00 3.377843400000000429e+01 4.336187837259820876e-02 1.610642123999999967e+03 3.400140557673261554e+01 9.860520559603207225e-02
1.252500000000000000e+04 8.000000000000000000e+03 -5.203200000000000000e+04 3.396221200369786430e+01 1.121982621048831508e-01 -7.647644502249839604e-02 2.125371722784015829e-02 4.169595404907866509e-02 1.762897018101026655e-02 1.000000000000000000e+00 3.378725000000000023e+01 3.181573517931025191e-02 1.882635680999999977e+03 3.396232370411875223e+01 1.121979053852288910e-01
1.252500000000000000e+04 8.000000000000000000e+03 -5.203200000000000000e+04 3.398462751668736104e+01 9.004618317460111321e-02 2.473502886149958613e-02 1.890157565047497282e-02 -2.773737306151424775e-02 1.822520830101955272e-02 1.000000000000000000e+00 3.377084399999999675e+01 5.330147844103388238e-02 2.050023255000000063e+03 3.398464783739123618e+01 9.004613161209906735e-02
1.652500000000000000e+04 -4.000000000000000000e+03 -5.203200000000000000e+04 3.399871699383965051e+01 8.264739942675847217e-02 9.872536901944783949e-02 1.962819989743220042e-02 2.790864074124010941e-02 1.879838747819301617e-02 1.000000000000000000e+00 3.371864599999999967e+01 2.064697936745227627e-02 2.362321116999999958e+03 3.399887178742725524e+01 8.264704423482602258e-02
1.652500000000000000e+04 -4.000000000000000000e+03 -5.203200000000000000e+04 3.400162450588365459e+01 1.087368880586462860e-01 -2.244914755914946269e-01 1.629784389870591460e-02 -6.253026860346366789e-02 2.354501262634704772e-02 1.000000000000000000e+00 3.376648300000000091e+01 3.349245773304789647e-02 2.582922735000000102e+03 3.400242308271886316e+01 1.087343961388678171e-01
1.652500000000000000e+04 -4.000000000000000000e+03 -5.203200000000000000e+04 3.399191576738608944e+01 9.379058481525315294e-02 1.257905967238412970e-01 1.918509042458885552e-02 3.461341725033140193e-02 2.315933320312041008e-02 1.000000000000000000e+00 3.372497900000000470e+01 2.784671838834874499e-02 2.800438176000000112e+03 3.399216614015571736e+01 9.378992382671871852e-02
1.652500000000000000e+04 0.000000000000000000e+00 -5.203200000000000000e+04 3.399008669699556151e+01 1.037135477434531633e-01 1.359225905885157459e-01 1.691110957588119051e-02 1.193253011185646528e-02 1.574340390065007839e-02 1.000000000000000000e+00 3.377693899999999871e+01 3.183607843312363794e-02 3.056613828999999896e+03 3.399036056009381923e+01 1.037127343094531445e-01
1.652500000000000000e+04 0.000000000000000000e+00 -5.203200000000000000e+04 3.395678763188966798e+01 1.034847312903300620e-01 -1.643220213882079506e-01 1.701907342802593676e-02 -8.150315379249484238e-03 2.109828183572416346e-02 1.000000000000000000e+00 3.379291800000000023e+01 4.146345625969933418e-02 3.278138499000000138e+03 3.395718619720440046e+01 1.034835495556949148e-01
1.652500000000000000e+04 0.000000000000000000e+00 -5.203200000000000000e+04 3.397329769831867452e+01 9.380383051648415182e-02 2.837009022002234815e-02 2.146158056340724887e-02 -3.790670958920827616e-03 1.708590922822364119e-02 1.000000000000000000e+00 3.378466699999999889e+01 2.708997940198552487e-02 3.495718944000000192e+03 3.397330975530336161e+01 9.380379895733063911e-02
1.652500000000000000e+04 4.000000000000000000e+03 -5.203200000000000000e+04 3.400727742949204924e+01 1.107060275673856786e-01 9.821618278488841725e-02 2.036379348371776185e-02 -6.672587688130970918e-02 2.359321551212840290e-02 1.000000000000000000e+00 3.376081599999999838e+01 2.810635844430935809e-02 9.418018680000000131e+02 3.400748471921506422e+01 1.107053780688631583e-01
1.652500000000000000e+04 4.000000000000000000e+03 -5.203200000000000000e+04 3.401245176202396436e+01 1.128686007790939139e-01 -1.840905067266991324e-01 2.150133944157049323e-02 6.600984104290752441e-02 2.429140927134291333e-02 1.000000000000000000e+00 3.376804800000000029e+01 3.266336946795293794e-02 1.163270535000000109e+03 3.401301400166983768e+01 1.128668048855340500e-01
1.652500000000000000e+04 4.000000000000000000e+03 -5.203200000000000000e+04 3.401416806580625973e+01 9.999239938923985827e-02 8.587134129094131652e-02 2.061866114605639608e-02 7.300488233639157443e-04 2.511906602417467160e-02 1.000000000000000000e+00 3.376723300000000449e+01 3.566220239973969669e-02 1.380722972999999911e+03 3.401427646781775849e+01 9.999209426804209211e-02
1.652500000000000000e+04 8.000000000000000000e+03 -5.203200000000000000e+04 3.396595154706596276e+01 1.087152319515845428e-01 5.018010540483341941e-02 1.850341037553784873e-02 7.911140563089169575e-03 1.783375908740540000e-02 1.000000000000000000e+00 3.377343700000000126e+01 3.248409187587056324e-02 1.635887568000000101e+03 3.396598953551561095e+01 1.087151138778133519e-01
1.652500000000000000e+04 8.000000000000000000e+03 -5.203200000000000000e+04 3.398433893386047089e+01 8.843670126715723334e-02 -1.173759215485503660e-01 1.755434438180707504e-02 1.745165063677944772e-02 1.944631361745746342e-02 1.000000000000000000e+00 3.379800400000000593e+01 3.860382806147596990e-02 1.857550246000000016e+03 3.398454611199881725e+01 8.843618348192447409e-02
1.652500000000000000e+04 8.000000000000000000e+03 -5.203200000000000000e+04 3.396490085397401515e+01 9.436730163316718600e-02 6.719722322891552579e-02 1.973250393708381872e-02 -2.535882807212264112e-02 1.803050165269440286e-02 1.000000000000000000e+00 3.377139600000000286e+01 3.307071420456473426e-02 2.075116689999999835e+03 3.396497679312111018e+01 9.436709968146196614e-02
2.052500000000000000e+04 -4.000000000000000000e+03 -5.203200000000000000e+04 3.402264410654399285e+01 1.016934862927795086e-01 1.246487129217310752e-01 2.065964275462654071e-02 1.352909605592111930e-02 2.402396336726044662e-02 1.000000000000000000e+00 3.375575899999999763e+01 3.822456898383551349e-02 2.387509558000000197e+03 3.402287513333677538e+01 1.016928243766212353e-01
2.052500000000000000e+04 -4.000000000000000000e+03 -5.203200000000000000e+04 3.401738615797621890e+01 9.172119867065786636e-02 -1.997559246461371174e-01 2.406284482267083066e-02 -6.110982079929039301e-02 2.096527501507608471e-02 1.000000000000000000e+00 3.377213100000000168e+01 4.131849155039423599e-02 2.557832300000000032e+03 3.401802754217977309e+01 9.171958590781205400e-02
2.052500000000000000e+04 -4.000000000000000000e+03 -5.203200000000000000e+04 3.402988427095137070e+01 1.033805819039265023e-01 7.510696607505096267e-02 2.161504191616481219e-02 4.758060453547985347e-02 2.265589438022657873e-02 1.000000000000000000e+00 3.377386899999999770e+01 3.464293902081634624e-02 2.825528611000000183e+03 3.403000041822838995e+01 1.033802449177740196e-01
2.052500000000000000e+04 0.000000000000000000e+00 -5.203200000000000000e+04 3.398651696357576668e+01 1.395928277854012189e-01 1.462001606042191426e-01 2.041838707686150986e-02 2.504329860315124279e-03 1.415758012708297209e-02 1.000000000000000000e+00 3.379293799999999948e+01 3.946015110209285387e-02 3.081701262999999926e+03 3.398683150977819878e+01 1.395915634985801235e-01
2.052500000000000000e+04 0.000000000000000000e+00 -5.203200000000000000e+04 3.397873983497982664e+01 1.162335050105909040e-01 -2.130626645516748852e-01 1.870522075352620828e-02 -1.660007017758058367e-02 2.062969523562553989e-02 1.000000000000000000e+00 3.376222099999999671e+01 4.187032935146318968e-02 3.253049063999999817e+03 3.397941188476634977e+01 1.162312657416300771e-01
2.052500000000000000e+04 0.000000000000000000e+00 -5.203200000000000000e+04 3.402797710112068330e+01 1.140345887640816791e-01 6.686051593586483932e-02 1.971008529129534420e-02 1.409561122412927858e-02 1.351085675361250911e-02 1.000000000000000000e+00 3.374385900000000049e+01 3.740649816542575279e-02 3.520804379000000154e+03 3.402804570658210537e+01 1.140343655674232043e-01
2.052500000000000000e+04 4.000000000000000000e+03 -5.203200000000000000e+04 3.404874430804107277e+01 1.120554885808791451e-01 1.267520817569156577e-01 1.879113114685607849e-02 -3.437642447781108501e-02 2.205450525679762686e-02 1.000000000000000000e+00 3.378051999999999566e+01 2.347457931465439518e-02 9.668843030000000454e+02 3.404899758852158698e+01 1.120546790800790865e-01
2.052500000000000000e+04 4.000000000000000000e+03 -5.203200000000000000e+04 3.404355059531873451e+01 1.197988097928311541e-01 -2.393015792391777197e-01 2.063803822554237388e-02 9.897742637590933867e-02 2.241768001872883331e-02 1.000000000000000000e+00 3.376698499999999825e+01 2.537484679756707440e-02 1.138190100999999913e+03 3.404453552205970368e+01 1.197954495120193280e-01
2.052500000000000000e+04 4.000000000000000000e+03 -5.203200000000000000e+04 3.404097081381384271e+01 1.097637415488908197e-01 1.125559359996106679e-01 2.010324303596939047e-02 -6.459456436325972106e-02 1.741720496018377834e-02 1.000000000000000000e+00 3.377015399999999801e+01 3.395827946171595807e-02 1.405811408000000029e+03 3.404121818095527630e+01 1.097629690316948431e-01
2.052500000000000000e+04 8.000000000000000000e+03 -5.203200000000000000e+04 3.399599404133799396e+01 9.216537128946623858e-02 8.657758589080088996e-02 1.767349576695568386e-02 -6.116328350530331193e-03 1.769693231750159301e-02 1.000000000000000000e+00 3.377217600000000175e+01 2.468961824330218047e-02 1.660973001999999951e+03 3.399610483491512980e+01 9.216508196686794274e-02
2.052500000000000000e+04 8.000000000000000000e+03 -5.203200000000000000e+04 3.392929955982720003e+01 8.790985187633632014e-02 -1.898456231125562610e-01 2.187547208800946427e-02 2.292271065376905170e-02 1.456682216570676265e-02 1.000000000000000000e+00 3.376388599999999940e+01 3.926203526308844061e-02 1.832459810999999945e+03 3.392983842330771438e+01 8.790854147958959697e-02
2.052500000000000000e+04 8.000000000000000000e+03 -5.203200000000000000e+04 3.397578336644114216e+01 1.009726436898996382e-01 1.032756722259824400e-01 1.867836407620537820e-02 -1.680243119285407261e-02 1.637460035265875247e-02 1.000000000000000000e+00 3.374172699999999736e+01 4.549610069005913943e-02 2.100207124999999905e+03 3.397594448355345520e+01 1.009721811553117021e-01
2.452500000000000000e+04 -4.000000000000000000e+03 -5.203200000000000000e+04 3.404832048159575209e+01 1.072927874027403555e-01 1.081080811271233344e-01 1.918533212473621033e-02 3.642134169135013977e-02 2.139594530778956769e-02 1.000000000000000000e+00 3.378073399999999538e+01 3.652769272757314806e-02 2.412593992999999955e+03 3.404851158991811388e+01 1.072922049208294287e-01
2.452500000000000000e+04 -4.000000000000000000e+03 -5.203200000000000000e+04 3.405457626719798725e+01 9.797337477522473359e-02 -2.104372529071882880e-01 1.936430512095744030e-02 -7.289017214624426977e-02 2.061673927506050760e-02 1.000000000000000000e+00 3.376554000000000144e+01 3.223445268652781054e-02 2.532733863999999812e+03 3.405530445544439289e+01 9.797136286701131624e-02
2.452500000000000000e+04 -4.000000000000000000e+03 -5.203200000000000000e+04 3.406195003798304555e+01 8.996741641364683351e-02 1.023248972899839515e-01 2.254456683309141729e-02 3.647317210333334003e-02 2.426762304309473470e-02 1.000000000000000000e+00 3.377671600000000041e+01 4.035074485062202509e-02 2.850720052000000123e+03 3.406212326128454748e+01 8.996698812725066607e-02
2.452500000000000000e+04 0.000000000000000000e+00 -5.203200000000000000e+04 3.400795824245365395e+01 1.110910113959948514e-01 1.413505958419234432e-01 1.836551441977797919e-02 2.000330113738346682e-02 1.758753772168991300e-02 1.000000000000000000e+00 3.375255099999999686e+01 3.221245079158057550e-02 3.106787698000000091e+03 3.400825787868988925e+01 1.110900593148586440e-01
2.452500000000000000e+04 0.000000000000000000e+00 -5.203200000000000000e+04 3.399993298458741720e+01 1.167231137524391976e-01 -1.831218583901170760e-01 2.228905272269267671e-02 -1.970003905983919168e-02 1.815789959384531138e-02 1.000000000000000000e+00 3.376645400000000308e+01 3.347519865512376541e-02 3.227961628999999903e+03 3.400043183053701767e+01 1.167214634263914891e-01
2.452500000000000000e+04 0.000000000000000000e+00 -5.203200000000000000e+04 3.400413711078973478e+01 1.015012256831034076e-01 4.177847004012669174e-02 1.775680916945123269e-02 -2.998905850475352963e-04 1.611395463402441955e-02 1.000000000000000000e+00 3.377258299999999736e+01 4.210500010687566463e-02 3.545888813000000027e+03 3.400416277722303704e+01 1.015011514144109478e-01
2.452500000000000000e+04 4.000000000000000000e+03 -5.203200000000000000e+04 3.408227985417801165e+01 1.059577358285703486e-01 1.107876571981840641e-01 1.824918556657507268e-02 -4.318641630950814658e-02 2.048659696581166603e-02 1.000000000000000000e+00 3.376257900000000234e+01 2.508428219024813957e-02 9.920707439999999906e+02 3.408248727763350416e+01 1.059571107629543596e-01
2.452500000000000000e+04 4.000000000000000000e+03 -5.203200000000000000e+04 3.408545018277281002e+01 9.892913756385630919e-02 -2.275257903834502216e-01 2.140961263856209010e-02 6.432548413891048256e-02 2.008544225398863070e-02 1.000000000000000000e+00 3.376224600000000464e+01 2.792107141568890560e-02 1.113105665999999928e+03 3.408627025527267307e+01 9.892686793843497028e-02
2.452500000000000000e+04 4.000000000000000000e+03 -5.203200000000000000e+04 3.407441440608067040e+01 1.200539580381538296e-01 1.167440448665866271e-01 1.770718826751593519e-02 -2.113459195932243517e-02 2.164869178569331712e-02 1.000000000000000000e+00 3.377894000000000574e+01 3.156403665566240302e-02 1.430902843000000075e+03 3.407462095108773070e+01 1.200532464046392134e-01
2.452500000000000000e+04 8.000000000000000000e+03 -5.203200000000000000e+04 3.397964955488305350e+01 8.268013576924344854e-02 1.363742729376520302e-01 2.109469294537654610e-02 -4.985231430084624549e-02 2.016390822037608666e-02 1.000000000000000000e+00 3.376868400000000037e+01 3.184452998554068714e-02 1.686059436999999889e+03 3.397995978614783752e+01 8.267942955089455093e-02
2.452500000000000000e+04 8.000000000000000000e+03 -5.203200000000000000e+04 3.394570079359792203e+01 1.162425121506238113e-01 -2.169262071354962629e-01 1.962478445873168387e-02 4.808733018129629500e-02 1.792483636913866016e-02 1.000000000000000000e+00 3.378905400000000014e+01 3.827073087883219038e-02 1.807366375000000062e+03 3.394642796730078516e+01 1.162400925169476129e-01
2.452500000000000000e+04 8.000000000000000000e+03 -5.203200000000000000e+04 3.399696846823070473e+01 1.191479414038327939e-01 8.054173760921834457e-02 1.710932976949545992e-02 1.755403855024262327e-03 1.518794123861013333e-02 1.000000000000000000e+00 3.376244499999999960e+01 3.114698927665401212e-02 2.125573575999999775e+03 3.399706391856232557e+01 1.191476137806520702e-01
2.852500000000000000e+04 -4.000000000000000000e+03 -5.203200000000000000e+04 3.410376391041319977e+01 1.113721377651591266e-01 2.329151027994313949e-02 2.230228723058171741e-02 -3.642315348662217289e-03 2.008506902908358677e-02 1.000000000000000000e+00 3.380421300000000429e+01 2.168676578007886976e-02 2.437680428000000120e+03 3.410377205849983540e+01 1.113721122182987633e-01
2.852500000000000000e+04 -4.000000000000000000e+03 -5.203200000000000000e+04 3.409159948472788670e+01 1.108606803167589139e-01 -8.322832382769451698e-02 1.837968925129738682e-02 -3.682432991118855803e-02 2.353842426185589337e-02 1.000000000000000000e+00 3.376478500000000338e+01 3.684371464714164546e-02 2.507640429000000040e+03 3.409172096583361622e+01 1.108602972763000072e-01
2.852500000000000000e+04 -4.000000000000000000e+03 -5.203200000000000000e+04 3.408879012451742341e+01 1.052548731977001883e-01 5.994634604349435847e-02 2.247134267989647424e-02 4.045404227976834299e-02 2.262522990598592187e-02 1.000000000000000000e+00 3.379564999999999486e+01 3.080043652288064551e-02 2.875800486999999976e+03 3.408886683724376354e+01 1.052546471774207237e-01
2.852500000000000000e+04 0.000000000000000000e+00 -5.203200000000000000e+04 3.399102268298989316e+01 1.099270575711859821e-01 7.917909736548356392e-02 2.158777709036797249e-02 6.911990539039258863e-02 1.458394082673627849e-02 1.000000000000000000e+00 3.377228399999999908e+01 3.564755018230565675e-02 3.131876133000000209e+03 3.399118517978321563e+01 1.099265475608798559e-01
2.852500000000000000e+04 0.000000000000000000e+00 -5.203200000000000000e+04 3.403146621994572740e+01 1.073893401482326065e-01 -8.508278864044083178e-02 2.022930402581336884e-02 -7.023461817909115723e-02 1.738145126732543524e-02 1.000000000000000000e+00 3.376418900000000178e+01 3.574268666454719773e-02 3.202879194000000098e+03 3.403164505371170634e+01 1.073887937259282860e-01
2.852500000000000000e+04 0.000000000000000000e+00 -5.203200000000000000e+04 3.402207965779786747e+01 1.017573591969105351e-01 5.924800829621545972e-03 1.919172923014781859e-02 1.110872616703062477e-03 1.765467004584393707e-02 1.000000000000000000e+00 3.376485900000000129e+01 2.077556689960589550e-02 3.570912244999999984e+03 3.402208019182317145e+01 1.017573576562013360e-01
2.852500000000000000e+04 4.000000000000000000e+03 -5.203200000000000000e+04 3.412953896585266733e+01 1.018598837565907606e-01 9.138950262764833354e-02 2.052789583725792358e-02 -3.943434471437434752e-02 2.211577942529953031e-02 1.000000000000000000e+00 3.377923799999999943e+01 3.756969418294484747e-02 1.017157178000000044e+03 3.412968410534134023e+01 1.018594686251985543e-01
2.852500000000000000e+04 4.000000000000000000e+03 -5.203200000000000000e+04 3.412680017263599552e+01 9.340077025580201253e-02 -1.385279214879506782e-01 1.843110837940951582e-02 4.858399700917637176e-02 1.916210777887830674e-02 1.000000000000000000e+00 3.377293600000000140e+01 2.964088738550180527e-02 1.088025231999999960e+03 3.412711591114645415e+01 9.339994007504956453e-02
2.852500000000000000e+04 4.000000000000000000e+03 -5.203200000000000000e+04 3.412374705606148950e+01 1.223828116096811885e-01 4.714033634001157935e-02 1.985943776128079943e-02 -9.149783469080574605e-03 1.910414133938231895e-02 1.000000000000000000e+00 3.375388699999999886e+01 3.052607464119813652e-02 1.455161231000000043e+03 3.412378084380323884e+01 1.223826936143268956e-01
2.852500000000000000e+04 8.000000000000000000e+03 -5.203200000000000000e+04 3.400634625543550982e+01 1.076702111589557948e-01 4.983506064431431071e-02 2.038292649625249656e-02 2.169781941843140771e-03 1.706742957900317728e-02 1.000000000000000000e+00 3.377043700000000115e+01 2.954222469618697847e-02 1.711326882000000069e+03 3.400638284036977410e+01 1.076700994735047962e-01
2.852500000000000000e+04 8.000000000000000000e+03 -5.203200000000000000e+04 3.401157468888526125e+01 1.220410973181836056e-01 -1.496195432279074922e-01 1.999505515832337987e-02 5.448008364081591282e-02 1.778257111863315587e-02 1.000000000000000000e+00 3.376017500000000382e+01 3.410649065793782547e-02 1.782277941000000055e+03 3.401194741417859291e+01 1.220397949333082571e-01
2.852500000000000000e+04 8.000000000000000000e+03 -5.203200000000000000e+04 3.400921088487926625e+01 9.598457736070052648e-02 9.978443763653999099e-02 1.873248660972166857e-02 -5.665766649201398053e-02 1.756424212154611766e-02 1.000000000000000000e+00 3.378435999999999950e+01 3.495865821223691911e-02 2.150659011000000191e+03 3.400940446460886335e+01 9.598405121753558755e-02
3.252500000000000000e+04 -4.000000000000000000e+03 -5.203200000000000000e+04 3.413763069858632804e+01 8.242619048472618615e-02 2.719914530717915113e-02 1.477451271099317065e-02 9.288152126339876968e-03 2.233110781686242080e-02 1.000000000000000000e+00 3.377947699999999998e+01 3.788983359688981312e-02 2.461804806999999983e+03 3.413764279759718789e+01 8.242616233586658181e-02
3.252500000000000000e+04 -4.000000000000000000e+03 -5.203200000000000000e+04 3.413523409141247811e+01 8.689120843274519834e-02 -4.034562160534171937e-02 1.907297634368450984e-02 1.230835539560992675e-02 2.379590049757477135e-02 1.000000000000000000e+00 3.374824499999999716e+01 3.386189401081989014e-02 2.482596997000000101e+03 3.413526015340038100e+01 8.689114543993640971e-02
3.252500000000000000e+04 -4.000000000000000000e+03 -5.203200000000000000e+04 3.414035494170450136e+01 8.528842811445939975e-02 1.314776103041737088e-02 1.789060938696911476e-02 -2.159571755250444536e-02 1.953231766912428419e-02 1.000000000000000000e+00 3.380519200000000524e+01 3.884386378824845887e-02 2.900914922999999817e+03 3.414036430362457963e+01 8.528840590000788535e-02
3.252500000000000000e+04 0.000000000000000000e+00 -5.203200000000000000e+04 3.400066101233804261e+01 9.539797738145880390e-02 2.016960581929261309e-02 2.350292800895421516e-02 -1.804249473201835485e-02 1.720334006908504770e-02 1.000000000000000000e+00 3.376531099999999697e+01 3.598354658729458616e-02 3.157059573999999884e+03 3.400067178190071360e+01 9.539794862017626775e-02
3.252500000000000000e+04 0.000000000000000000e+00 -5.203200000000000000e+04 3.401407867221422521e+01 9.935712342038549583e-02 2.387299279815024988e-02 1.756345455351042417e-02 -1.324578113501750920e-02 1.743500159945678488e-02 1.000000000000000000e+00 3.375567000000000206e+01 4.476243147998106714e-02 3.177750756999999794e+03 3.401408962900641342e+01 9.935709241163565020e-02
3.252500000000000000e+04 0.000000000000000000e+00 -5.203200000000000000e+04 3.399316119462160657e+01 1.121516481361433532e-01 -4.403188271083458005e-02 1.772295012572815825e-02 3.129954521097744191e-02 1.808899088361881971e-02 1.000000000000000000e+00 3.377896599999999694e+01 3.054681119200496758e-02 3.596101685999999972e+03 3.399320412187933016e+01 1.121515100952556881e-01
3.252500000000000000e+04 4.000000000000000000e+03 -5.203200000000000000e+04 3.418294192561278066e+01 1.018122678292080890e-01 -3.670858726969772334e-02 1.751249254127778404e-02 1.413367422481215385e-02 2.097212660807886223e-02 1.000000000000000000e+00 3.376579699999999917e+01 2.709592443523564306e-02 1.042250614000000041e+03 3.418296455796282629e+01 1.018122025260740499e-01
3.252500000000000000e+04 4.000000000000000000e+03 -5.203200000000000000e+04 3.418055401847675512e+01 1.068913522427582391e-01 3.630575121071277778e-02 2.124723410152827216e-02 1.777990978733257066e-02 2.382933766913040291e-02 1.000000000000000000e+00 3.374301400000000228e+01 4.125626474852031600e-02 1.062936797000000070e+03 3.418057792435304520e+01 1.068912805841702590e-01
3.252500000000000000e+04 4.000000000000000000e+03 -5.203200000000000000e+04 3.418035984150357365e+01 9.253034464718884466e-02 3.954232497358489695e-04 1.972519076438613780e-02 -3.186840332638674056e-02 2.340498997609335649e-02 1.000000000000000000e+00 3.377621800000000007e+01 4.234090859913140770e-02 1.480285667000000103e+03 3.418037470020129120e+01 9.253030699638448153e-02
3.252500000000000000e+04 8.000000000000000000e+03 -5.203200000000000000e+04 3.399549601383975528e+01 9.016061163473958195e-02 -4.106346111249159492e-03 2.051478137921384712e-02 1.488827833902561792e-02 1.686921066952227002e-02 1.000000000000000000e+00 3.376100900000000138e+01 3.277676044089775781e-02 1.736511322999999948e+03 3.399549952199415515e+01 9.016060266738144813e-02
3.252500000000000000e+04 8.000000000000000000e+03 -5.203200000000000000e+04 3.401795424530864409e+01 1.037136205409521228e-01 -3.096416677970559306e-03 2.324646308342404738e-02 4.985808403214164741e-03 1.833682751727770330e-02 1.000000000000000000e+00 3.373813599999999724e+01 3.687270216569434045e-02 1.757196505999999999e+03 3.401795475160130877e+01 1.037136190537774061e-01
3.252500000000000000e+04 8.000000000000000000e+03 -5.203200000000000000e+04 3.404634469380528117e+01 9.822405045208157381e-02 7.186140015961406391e-03 2.255590935325153118e-02 -1.987131775802541966e-02 1.658582961551303969e-02 1.000000000000000000e+00 3.379175500000000198e+01 4.341037784908120117e-02 2.175743445999999949e+03 3.404635125118814898e+01 9.822403212636948711e-02
