2.525000000000000000e+03 -4.050000000000000000e+03 -5.203200000000000000e+04 3.399302399999999835e+01 8.839067626169629099e-02 -5.853519999999994283e-01 2.139088247361477929e-02 -2.212790000000000035e-01 2.219264224917799275e-02 1.000000000000000000e+00 3.270917599999999936e+01 2.790933974496709671e-02 2.264365514000000076e+03 3.399878353741970471e+01 8.837658790310799761e-02
2.525000000000000000e+03 -4.050000000000000000e+03 -5.203200000000000000e+04 3.398109499999999628e+01 9.513589419877231668e-02 -5.531209999999999738e-01 1.963588577070054034e-02 -1.857590000000000074e-01 2.333494043275019872e-02 1.000000000000000000e+00 3.271416299999999922e+01 2.467684698254620987e-02 2.682703441999999995e+03 3.398610402275828335e+01 9.512249497265297393e-02
2.525000000000000000e+03 -4.050000000000000000e+03 -5.203200000000000000e+04 3.397804200000000208e+01 1.062346025454983384e-01 -5.057380000000000209e-01 2.496123043842190040e-02 -2.034919999999997842e-01 2.334535988156961547e-02 1.000000000000000000e+00 3.266135299999999830e+01 4.663897769033965163e-02 2.703495630999999776e+03 3.398241483580105893e+01 1.062216739152556239e-01
2.525000000000000000e+03 -5.000000000000000000e+01 -5.203200000000000000e+04 3.416890899999999931e+01 1.076232354884390230e-01 7.643969999999997711e-01 2.238942116268305763e-02 1.104063000000000017e+00 3.143376356722178688e-02 1.000000000000000000e+00 3.290475399999999695e+01 3.407249122092483734e-02 2.959404267999999774e+03 3.419528622678656404e+01 1.075461716215729002e-01
2.525000000000000000e+03 -5.000000000000000000e+01 -5.203200000000000000e+04 3.402903200000000083e+01 1.038188072990631067e-01 4.091240000000002652e-01 1.977314332623925433e-02 1.171738999999999642e+00 1.771140652235163315e-02 1.000000000000000000e+00 3.274403999999999826e+01 2.725225425538225013e-02 3.377748196000000007e+03 3.405165742792149075e+01 1.037518875546892122e-01
2.525000000000000000e+03 -5.000000000000000000e+01 -5.203200000000000000e+04 3.394406899999999894e+01 9.175082173473977920e-02 2.987239999999999895e-01 1.735296542381157409e-02 1.143658999999999537e+00 1.671658463921383772e-02 1.000000000000000000e+00 3.267918000000000234e+01 4.655824781926398703e-02 3.398539385000000038e+03 3.396464356081509095e+01 9.169709703607584195e-02
2.525000000000000000e+03 3.950000000000000000e+03 -5.203200000000000000e+04 3.396334500000000389e+01 8.091611770840220763e-02 7.100119999999998655e-01 1.462132976168720351e-02 1.028930000000003453e-01 2.044113149999285048e-02 1.000000000000000000e+00 3.267705999999999733e+01 3.443769836966460024e-02 8.431602259999999660e+02 3.397092150058072946e+01 8.089867195201744243e-02
2.525000000000000000e+03 3.950000000000000000e+03 -5.203200000000000000e+04 3.397491999999999734e+01 9.392387173663573063e-02 7.059569999999997236e-01 1.580908378116834337e-02 1.728110000000002699e-01 1.757411960810555118e-02 1.000000000000000000e+00 3.268964499999999873e+01 3.644019529311005173e-02 1.261498153000000002e+03 3.398269306476415608e+01 9.390300480432535457e-02
2.525000000000000000e+03 3.950000000000000000e+03 -5.203200000000000000e+04 3.395737299999999692e+01 9.306463648991490645e-02 6.591439999999995081e-01 1.780392788122890646e-02 1.992880000000001317e-01 2.386513561662702981e-02 1.000000000000000000e+00 3.265272600000000125e+01 4.620896402214617199e-02 1.282287342999999964e+03 3.396435436720104661e+01 9.304625397179616675e-02
2.525000000000000000e+03 7.950000000000000000e+03 -5.203200000000000000e+04 3.387428300000000547e+01 1.060878748443949277e-01 2.441102000000000771e+00 2.027668200174772076e-02 -1.017431999999999892e+00 1.525391192448678074e-02 1.000000000000000000e+00 3.269036099999999578e+01 3.198680681155904176e-02 1.538206979999999930e+03 3.397736298792355569e+01 1.057770453904705310e-01
2.525000000000000000e+03 7.950000000000000000e+03 -5.203200000000000000e+04 3.394636400000000265e+01 9.137716087732207504e-02 2.369126999999999761e+00 1.642280429768314468e-02 -9.540579999999998506e-01 1.722262755795410036e-02 1.000000000000000000e+00 3.271097900000000180e+01 3.094316869682224233e-02 1.956647913999999901e+03 3.404230630010236069e+01 9.112807619939569670e-02
2.525000000000000000e+03 7.950000000000000000e+03 -5.203200000000000000e+04 3.386861600000000294e+01 1.266962304451083599e-01 2.380540999999999130e+00 2.035011461884183095e-02 -9.683000000000001606e-01 1.422641434093636914e-02 1.000000000000000000e+00 3.263558400000000148e+01 3.820841734487310376e-02 1.977439102999999932e+03 3.396597900985833718e+01 1.263417591409665697e-01
4.525000000000000000e+03 -4.050000000000000000e+03 -5.203200000000000000e+04 3.398089000000000226e+01 9.646769351446110585e-02 -4.993860000000003296e-01 2.012360258502438395e-02 2.248200000000011300e-02 2.050796881702329766e-02 1.000000000000000000e+00 3.271293200000000212e+01 2.752281099379203996e-02 2.287554841000000124e+03 3.398456674741375139e+01 9.645771101816906501e-02
4.525000000000000000e+03 -4.050000000000000000e+03 -5.203200000000000000e+04 3.397114799999999946e+01 1.019959783226770250e-01 -5.201320000000002608e-01 2.134970006815084184e-02 1.184999999999991616e-03 1.934794588580400140e-02 1.000000000000000000e+00 3.268852300000000355e+01 3.023492698850122756e-02 2.659613120999999865e+03 3.397512965596383339e+01 1.019845488358242791e-01
4.525000000000000000e+03 -4.050000000000000000e+03 -5.203200000000000000e+04 3.398558400000000290e+01 9.072727847786463129e-02 -4.934680000000000177e-01 2.185454783334580750e-02 1.780599999999976646e-02 2.050134719963544322e-02 1.000000000000000000e+00 3.269999700000000331e+01 2.519650578949390526e-02 2.726586952000000110e+03 3.398917103345882396e+01 9.071825912438591377e-02
4.525000000000000000e+03 -5.000000000000000000e+01 -5.203200000000000000e+04 3.396232600000000446e+01 9.126309458373631223e-02 6.089759999999992957e-01 2.525720970336984769e-02 9.743949999999994560e-01 1.637018976676813189e-02 1.000000000000000000e+00 3.270570000000000022e+01 3.357910826689713968e-02 2.982600594999999885e+03 3.398175811689085180e+01 9.121323759550176158e-02
4.525000000000000000e+03 -5.000000000000000000e+01 -5.203200000000000000e+04 3.392473799999999784e+01 1.098322021312511110e-01 2.571680000000000632e-01 2.206267311546812604e-02 9.609010000000006713e-01 1.709819923266774760e-02 1.000000000000000000e+00 3.267768999999999835e+01 3.475249703258745382e-02 3.354659874999999829e+03 3.393931812044355922e+01 1.097862134563300923e-01
4.525000000000000000e+03 -5.000000000000000000e+01 -5.203200000000000000e+04 3.392868099999999743e+01 9.680343157657170239e-02 3.039880000000003690e-01 1.871064280028882434e-02 9.333840000000002135e-01 1.464628488730162700e-02 1.000000000000000000e+00 3.266221199999999669e+01 3.378153652514935545e-02 3.421632705999999871e+03 3.394287861680798812e+01 9.676392394133234709e-02
4.525000000000000000e+03 3.950000000000000000e+03 -5.203200000000000000e+04 3.397397099999999881e+01 8.359318683361700864e-02 7.296350000000000335e-01 1.432398216279257876e-02 -7.015800000000016468e-02 1.884125691136342290e-02 1.000000000000000000e+00 3.268936300000000017e+01 3.388759660996925466e-02 8.663475519999999506e+02 3.398187744794318377e+01 8.357431244767225820e-02
4.525000000000000000e+03 3.950000000000000000e+03 -5.203200000000000000e+04 3.396028499999999894e+01 8.788239683235773980e-02 6.890429999999998500e-01 1.964008556498672911e-02 -4.730400000000001270e-02 1.636949266165570530e-02 1.000000000000000000e+00 3.268393300000000323e+01 4.038147904671150062e-02 1.238403831999999966e+03 3.396730744709521588e+01 8.786513412416716018e-02
4.525000000000000000e+03 3.950000000000000000e+03 -5.203200000000000000e+04 3.397353900000000237e+01 1.127464295000067951e-01 8.144549999999997070e-01 2.177029868880994354e-02 -5.391000000000012449e-02 1.905684834908437722e-02 1.000000000000000000e+00 3.268798200000000520e+01 3.130542484937714337e-02 1.305379662999999937e+03 3.398334291119174111e+01 1.127151147429399924e-01
4.525000000000000000e+03 7.950000000000000000e+03 -5.203200000000000000e+04 3.392139999999999844e+01 1.049683783479577193e-01 2.441032999999999120e+00 2.385579235741290549e-02 -8.432819999999998650e-01 1.717398620006432841e-02 1.000000000000000000e+00 3.268705800000000039e+01 2.467521892506731318e-02 1.561395307000000003e+03 3.401957002371742078e+01 1.046803338605586803e-01
4.525000000000000000e+03 7.950000000000000000e+03 -5.203200000000000000e+04 3.389918600000000026e+01 9.504153165853336527e-02 2.408780000000001031e+00 1.921633643543950790e-02 -8.537439999999998363e-01 1.668009598293726872e-02 1.000000000000000000e+00 3.269888999999999868e+01 3.304569033928630301e-02 1.933555593000000044e+03 3.399538073574896657e+01 9.478330435786776198e-02
4.525000000000000000e+03 7.950000000000000000e+03 -5.203200000000000000e+04 3.387747199999999737e+01 1.148159380748160763e-01 2.449007999999999186e+00 1.970751514016924263e-02 -8.695339999999998071e-01 1.596177815908992118e-02 1.000000000000000000e+00 3.269386800000000193e+01 3.232835716518858010e-02 2.000530424000000039e+03 3.397700455708248057e+01 1.144891364255535143e-01
8.525000000000000000e+03 -4.050000000000000000e+03 -5.203200000000000000e+04 3.397488200000000091e+01 9.032293346099870557e-02 -5.415049999999999031e-01 2.196240319272916089e-02 -1.025000000000009237e-02 1.953562658324528925e-02 1.000000000000000000e+00 3.266644999999999754e+01 3.180398561501372734e-02 2.312642275000000154e+03 3.397919863153704512e+01 9.031213746558949818e-02
8.525000000000000000e+03 -4.050000000000000000e+03 -5.203200000000000000e+04 3.397618200000000144e+01 1.192447427143016603e-01 -6.463659999999995520e-01 1.945163296486955573e-02 -3.929599999999977555e-02 2.801055974092627951e-02 1.000000000000000000e+00 3.269550699999999921e+01 3.154553592824189262e-02 2.634521686000000045e+03 3.398235242708626913e+01 1.192236690421547840e-01
8.525000000000000000e+03 -4.050000000000000000e+03 -5.203200000000000000e+04 3.397670300000000054e+01 9.166212518265108578e-02 -5.921460000000005053e-01 1.911252516021888850e-02 1.597299999999979292e-02 2.042204739980788344e-02 1.000000000000000000e+00 3.268308400000000091e+01 3.746029367210033240e-02 2.751673386999999821e+03 3.398186632267648122e+01 9.164880334739496093e-02
8.525000000000000000e+03 -5.000000000000000000e+01 -5.203200000000000000e+04 3.399048999999999410e+01 1.140377592072029378e-01 3.437829999999992836e-01 1.723200571610861848e-02 9.659909999999998220e-01 1.688481060006300633e-02 1.000000000000000000e+00 3.269430499999999995e+01 2.306528061827993470e-02 3.007693029999999908e+03 3.400595147622353664e+01 1.139870519389562659e-01
8.525000000000000000e+03 -5.000000000000000000e+01 -5.203200000000000000e+04 3.393058999999999514e+01 8.539618133148577095e-02 1.484410000000000451e-01 1.754323302587068589e-02 8.797129999999997452e-01 1.590866308022141629e-02 1.000000000000000000e+00 3.268064499999999839e+01 2.409880968014810332e-02 3.329572440999999799e+03 3.394231676596265856e+01 8.536770793216759412e-02
8.525000000000000000e+03 -5.000000000000000000e+01 -5.203200000000000000e+04 3.397072400000000414e+01 1.003858823739673112e-01 1.659550000000002967e-01 1.784990994375041523e-02 9.335329999999997241e-01 1.358587833008966655e-02 1.000000000000000000e+00 3.269032099999999730e+01 3.187062253863266054e-02 3.446725141999999778e+03 3.398395377245400084e+01 1.003475345307829475e-01
8.525000000000000000e+03 3.950000000000000000e+03 -5.203200000000000000e+04 3.397072299999999956e+01 9.432938142487737321e-02 6.383349999999996527e-01 1.849661985336780237e-02 2.844800000000002882e-02 1.829082830273140101e-02 1.000000000000000000e+00 3.270810399999999873e+01 3.796662435613679804e-02 8.914379870000000210e+02 3.397673177343073547e+01 9.431334075158021024e-02
8.525000000000000000e+03 3.950000000000000000e+03 -5.203200000000000000e+04 3.397669400000000195e+01 8.074652250716435331e-02 5.920009999999997774e-01 1.771017292405695220e-02 1.537800000000011380e-02 1.665942847158929235e-02 1.000000000000000000e+00 3.269378400000000084e+01 2.756147341852390950e-02 1.213312396999999919e+03 3.398185452320872457e+01 8.073485013141629141e-02
8.525000000000000000e+03 3.950000000000000000e+03 -5.203200000000000000e+04 3.397360600000000375e+01 7.698972420394815941e-02 6.722349999999996939e-01 1.848516318564702443e-02 4.288800000000003720e-02 1.989428473205307260e-02 1.000000000000000000e+00 3.268361600000000067e+01 2.752695947612085817e-02 1.330471097999999984e+03 3.398028316419692629e+01 7.697546840143683344e-02
8.525000000000000000e+03 7.950000000000000000e+03 -5.203200000000000000e+04 3.389880999999999744e+01 9.919886312352577118e-02 2.350537999999999350e+00 1.614122733871250701e-02 -8.293159999999999421e-01 1.723734738873704958e-02 1.000000000000000000e+00 3.270190900000000056e+01 2.583289097255667133e-02 1.586587747999999920e+03 3.399032381919006696e+01 9.893897578427797435e-02
8.525000000000000000e+03 7.950000000000000000e+03 -5.203200000000000000e+04 3.391662300000000130e+01 1.017902132525519421e-01 2.270524000000000875e+00 2.087742977475915210e-02 -8.101300000000000168e-01 2.139907953627912668e-02 1.000000000000000000e+00 3.270593800000000329e+01 1.966554616582005810e-02 1.908463158000000021e+03 3.400218971736386919e+01 1.015449079374719926e-01
8.525000000000000000e+03 7.950000000000000000e+03 -5.203200000000000000e+04 3.388884900000000044e+01 1.114648098056063574e-01 2.333101000000000980e+00 1.765705368967314393e-02 -8.033630000000000493e-01 1.722237898781698445e-02 1.000000000000000000e+00 3.269038100000000213e+01 3.176475274577152813e-02 2.025620859000000110e+03 3.397856440361733377e+01 1.111778599509422177e-01
1.252500000000000000e+04 -4.050000000000000000e+03 -5.203200000000000000e+04 3.398155400000000270e+01 1.043547373960569125e-01 -6.390549999999999287e-01 2.164028987791060191e-02 -1.052430000000006416e-01 2.083921327689699371e-02 1.000000000000000000e+00 3.269269599999999798e+01 3.693661306887788265e-02 2.337734711000000061e+03 3.398772542605624380e+01 1.043366022195083009e-01
1.252500000000000000e+04 -4.050000000000000000e+03 -5.203200000000000000e+04 3.398068899999999815e+01 9.606190480101881035e-02 -7.807389999999996277e-01 2.248735922690790409e-02 -1.273739999999996542e-01 2.181074235325336161e-02 1.000000000000000000e+00 3.266679700000000253e+01 2.434600371724279441e-02 2.609432251000000178e+03 3.398989559320119014e+01 9.603730906337672180e-02
1.252500000000000000e+04 -4.050000000000000000e+03 -5.203200000000000000e+04 3.397546200000000027e+01 9.566667752671251246e-02 -6.615669999999997941e-01 2.322909210451411591e-02 -8.041799999999987847e-02 2.500802377238153448e-02 1.000000000000000000e+00 3.271806800000000237e+01 2.311157844025370917e-02 2.776762822000000142e+03 3.398199752903965276e+01 9.564936597321310741e-02
1.252500000000000000e+04 -5.000000000000000000e+01 -5.203200000000000000e+04 3.393148000000000053e+01 1.116447908054827298e-01 2.707530000000000214e-01 1.939983012812225571e-02 9.414949999999997488e-01 2.035105211039468787e-02 1.000000000000000000e+00 3.266413000000000011e+01 3.327801772942613062e-02 3.032785464999999931e+03 3.394561908424169872e+01 1.115998230279348635e-01
1.252500000000000000e+04 -5.000000000000000000e+01 -5.203200000000000000e+04 3.395859899999999953e+01 1.008157366932365406e-01 4.763399999999951007e-02 1.681544938442026960e-02 8.922829999999999373e-01 1.697085978965119993e-02 1.000000000000000000e+00 3.268346199999999868e+01 3.402536373060543323e-02 3.304481005000000096e+03 3.397035301542869945e+01 1.007818422269987774e-01
1.252500000000000000e+04 -5.000000000000000000e+01 -5.203200000000000000e+04 3.394842899999999730e+01 1.123857569490013253e-01 1.530020000000007485e-01 2.027820135021841594e-02 8.068960000000000576e-01 1.673923200149875223e-02 1.000000000000000000e+00 3.269687299999999652e+01 2.560363864766099923e-02 3.471818576000000121e+03 3.395836159673874022e+01 1.123536260448185359e-01
1.252500000000000000e+04 3.950000000000000000e+03 -5.203200000000000000e+04 3.398344200000000370e+01 8.945641495722930769e-02 6.348289999999998656e-01 1.722043721860742893e-02 1.324750000000001204e-01 1.949057785187499267e-02 1.000000000000000000e+00 3.267686100000000238e+01 2.094795168984309175e-02 9.165244219999999586e+02 3.398962911907439377e+01 8.944074178947697407e-02
1.252500000000000000e+04 3.950000000000000000e+03 -5.203200000000000000e+04 3.399292400000000214e+01 9.679299574349375934e-02 4.814229999999994902e-01 1.615421570364838216e-02 1.884219999999999784e-01 1.819432804475065030e-02 1.000000000000000000e+00 3.272289999999999566e+01 2.665010628496629341e-02 1.188220962000000100e+03 3.399685504608902420e+01 9.678212647996008167e-02
1.252500000000000000e+04 3.950000000000000000e+03 -5.203200000000000000e+04 3.398786799999999886e+01 9.432067667802218613e-02 5.891570000000001528e-01 1.765114143617913314e-02 1.384279999999999955e-01 1.645991181628868663e-02 1.000000000000000000e+00 3.269265099999999791e+01 3.333574107470838738e-02 1.355562533999999914e+03 3.399325579386677276e+01 9.430624724731537234e-02
1.252500000000000000e+04 7.950000000000000000e+03 -5.203200000000000000e+04 3.389540600000000126e+01 8.960915794716520222e-02 2.268968999999999347e+00 2.152354777911857225e-02 -8.238599999999998147e-01 1.699423964171389509e-02 1.000000000000000000e+00 3.268588100000000196e+01 2.837819439287848564e-02 1.611679182999999966e+03 3.398125238315087415e+01 8.939528200190062501e-02
1.252500000000000000e+04 7.950000000000000000e+03 -5.203200000000000000e+04 3.388870899999999864e+01 9.076683872428301103e-02 2.175143999999999522e+00 2.080951022970026557e-02 -8.598159999999999137e-01 2.026659542202389683e-02 1.000000000000000000e+00 3.268362499999999926e+01 3.489909289652096125e-02 1.883373722999999927e+03 3.396932634983026844e+01 9.056268353521788883e-02
1.252500000000000000e+04 7.950000000000000000e+03 -5.203200000000000000e+04 3.390921000000000163e+01 9.869103841788270937e-02 2.247020000000000017e+00 2.106989596557135372e-02 -8.453580000000000538e-01 1.909663897129544596e-02 1.000000000000000000e+00 3.270125399999999871e+01 1.952609190288727772e-02 2.050715294000000085e+03 3.399409142560900676e+01 9.845560866034169800e-02
1.652500000000000000e+04 -4.050000000000000000e+03 -5.203200000000000000e+04 3.398486400000000174e+01 9.770618384217040486e-02 -7.877770000000001716e-01 2.038417241390976659e-02 -1.040650000000002962e-01 2.454868407878516012e-02 1.000000000000000000e+00 3.268119699999999739e+01 2.711305445721673077e-02 2.362925150999999914e+03 3.399415248575040494e+01 9.768065794883513953e-02
1.652500000000000000e+04 -4.050000000000000000e+03 -5.203200000000000000e+04 3.397575799999999902e+01 1.057651613008745023e-01 -1.075527999999999373e+00 2.027057892611851264e-02 -2.098050000000002413e-01 2.335645291991059191e-02 1.000000000000000000e+00 3.270067799999999636e+01 3.222879597502829180e-02 2.584344815999999810e+03 3.399342451550553790e+01 1.057122385384910712e-01
1.652500000000000000e+04 -4.050000000000000000e+03 -5.203200000000000000e+04 3.398848399999999970e+01 9.427518939784740315e-02 -7.827669999999997685e-01 2.262537447203913019e-02 -1.369879999999996656e-01 2.071178826176050050e-02 1.000000000000000000e+00 3.266624699999999848e+01 2.362507551310683018e-02 2.801849256999999852e+03 3.399777249330739437e+01 9.425090913223514721e-02
1.652500000000000000e+04 -5.000000000000000000e+01 -5.203200000000000000e+04 3.401494300000000237e+01 1.298236158254729711e-01 1.503179999999995076e-01 1.877908584037039572e-02 8.739319999999999311e-01 1.673830875566584622e-02 1.000000000000000000e+00 3.269512499999999733e+01 2.381845406402354967e-02 3.057878901000000042e+03 3.402649996598235305e+01 1.297802603072654992e-01
1.652500000000000000e+04 -5.000000000000000000e+01 -5.203200000000000000e+04 3.390481900000000337e+01 1.169764742587157957e-01 -1.936070000000000846e-01 2.120411002612465276e-02 8.727840000000002263e-01 1.392820806852051660e-02 1.000000000000000000e+00 3.267884200000000305e+01 2.686447010458237195e-02 3.279388570000000072e+03 3.391660341195542117e+01 1.169364424113994438e-01
1.652500000000000000e+04 -5.000000000000000000e+01 -5.203200000000000000e+04 3.400135199999999713e+01 1.012595510359393242e-01 3.061800000000047817e-02 1.672979452952127327e-02 9.150640000000000995e-01 1.633604618627163343e-02 1.000000000000000000e+00 3.270008699999999635e+01 2.612233289735049410e-02 3.496909012000000075e+03 3.401367691699801554e+01 1.012238146431319180e-01
1.652500000000000000e+04 3.950000000000000000e+03 -5.203200000000000000e+04 3.401145300000000304e+01 1.037897700980207477e-01 4.824630000000000862e-01 2.181414009306807331e-02 1.633779999999999677e-01 2.036216118195708497e-02 1.000000000000000000e+00 3.271012000000000342e+01 2.526075755000233361e-02 9.416108570000000100e+02 3.401526713239897504e+01 1.037786394657119471e-01
1.652500000000000000e+04 3.950000000000000000e+03 -5.203200000000000000e+04 3.401451600000000042e+01 8.553656068021441017e-02 1.815280000000001337e-01 1.876328094976995389e-02 2.351179999999999937e-01 1.995877814396462488e-02 1.000000000000000000e+00 3.268603399999999937e+01 3.869221578043832016e-02 1.163128527000000076e+03 3.401581296401666066e+01 8.553346918326387716e-02
1.652500000000000000e+04 3.950000000000000000e+03 -5.203200000000000000e+04 3.401448800000000006e+01 9.556286446627684783e-02 4.916839999999993438e-01 2.115266876779381758e-02 1.595469999999999389e-01 1.833127447833346815e-02 1.000000000000000000e+00 3.269086300000000023e+01 3.092625541509996800e-02 1.380754973999999947e+03 3.401841563481769981e+01 9.555235893249797163e-02
1.652500000000000000e+04 7.950000000000000000e+03 -5.203200000000000000e+04 3.392332899999999540e+01 1.078268757036018460e-01 2.152738999999999514e+00 1.621348821197955356e-02 -8.870719999999998606e-01 1.842005399014888870e-02 1.000000000000000000e+00 3.267138200000000126e+01 3.838158549356709276e-02 1.636766618000000108e+03 3.400313856657272993e+01 1.075797632011848415e-01
1.652500000000000000e+04 7.950000000000000000e+03 -5.203200000000000000e+04 3.391778099999999796e+01 8.972871175381935682e-02 1.909138000000000446e+00 1.987798002816181311e-02 -8.765009999999997525e-01 2.171513338664996656e-02 1.000000000000000000e+00 3.268815099999999774e+01 4.657109933209651470e-02 1.858277286999999887e+03 3.398277401669860609e+01 8.956581661749141166e-02
1.652500000000000000e+04 7.950000000000000000e+03 -5.203200000000000000e+04 3.391903200000000140e+01 8.860403772402249134e-02 2.127100000000000435e+00 2.091406541062736449e-02 -7.991350000000001508e-01 1.584072665631220192e-02 1.000000000000000000e+00 3.269667899999999605e+01 3.346027054582793175e-02 2.075807729000000108e+03 3.399505703738779516e+01 8.841635643438319758e-02
2.052500000000000000e+04 -4.050000000000000000e+03 -5.203200000000000000e+04 3.401616700000000293e+01 9.780077374438303495e-02 -8.296740000000006887e-01 1.928331019301406102e-02 -2.252250000000000085e-01 1.875280611001991019e-02 1.000000000000000000e+00 3.269922700000000049e+01 2.838684612633111948e-02 2.388016587000000072e+03 3.402702900076334913e+01 9.777076344240306915e-02
2.052500000000000000e+04 -4.050000000000000000e+03 -5.203200000000000000e+04 3.400503400000000198e+01 1.111627935237325671e-01 -1.084775999999999740e+00 1.969702375994911853e-02 -3.168740000000003221e-01 2.473980699197146291e-02 1.000000000000000000e+00 3.267817699999999803e+01 2.981382015106416941e-02 2.559257380999999896e+03 3.402380762706032158e+01 1.111034699813057691e-01
2.052500000000000000e+04 -4.050000000000000000e+03 -5.203200000000000000e+04 3.402469599999999872e+01 9.928019470669867397e-02 -8.167010000000001213e-01 2.112786863363174186e-02 -1.832630000000001758e-01 2.132127944097164315e-02 1.000000000000000000e+00 3.267826200000000370e+01 2.793295696842710077e-02 2.826939691999999923e+03 3.403498969800028817e+01 9.925152920705543336e-02
2.052500000000000000e+04 -5.000000000000000000e+01 -5.203200000000000000e+04 3.395536299999999841e+01 9.622549776436598035e-02 6.123600000000006816e-02 1.964895376349590911e-02 9.864139999999999020e-01 1.512063503957423137e-02 1.000000000000000000e+00 3.268177299999999974e+01 2.790999048727892465e-02 3.083068341000000146e+03 3.396974299121000485e+01 9.618577249245940930e-02
2.052500000000000000e+04 -5.000000000000000000e+01 -5.203200000000000000e+04 3.397253800000000012e+01 1.013861915499344457e-01 -2.929219999999999047e-01 1.941787063506191999e-02 9.893139999999993606e-01 1.588995368149322129e-02 1.000000000000000000e+00 3.269708599999999876e+01 3.359548489008604838e-02 3.254304134999999860e+03 3.398820212441552968e+01 1.013406593989673588e-01
2.052500000000000000e+04 -5.000000000000000000e+01 -5.203200000000000000e+04 3.398094600000000298e+01 1.073998637336193301e-01 -2.694600000000058060e-02 1.859116634318568051e-02 1.001570000000000071e+00 1.618831878238132654e-02 1.000000000000000000e+00 3.267891199999999685e+01 2.563855660913850684e-02 3.521996446999999989e+03 3.399571384169969690e+01 1.073542693428174433e-01
2.052500000000000000e+04 3.950000000000000000e+03 -5.203200000000000000e+04 3.404535299999999864e+01 9.940132134433626865e-02 5.216859999999998720e-01 2.062156921769048995e-02 2.206120000000000303e-01 1.876409384969069186e-02 1.000000000000000000e+00 3.267880300000000204e+01 2.870590716211560492e-02 9.666982920000000377e+02 3.405006441743904588e+01 9.938814398553824647e-02
2.052500000000000000e+04 3.950000000000000000e+03 -5.203200000000000000e+04 3.404286600000000362e+01 8.090711638045197662e-02 7.901299999999977786e-02 1.646348981838297726e-02 3.707359999999999545e-01 2.240617077949733082e-02 1.000000000000000000e+00 3.269016200000000083e+01 2.789244808187334168e-02 1.138034092000000101e+03 3.404497633616185936e+01 8.090247816944673431e-02
2.052500000000000000e+04 3.950000000000000000e+03 -5.203200000000000000e+04 3.404315100000000172e+01 9.737003812261757485e-02 4.722030000000003724e-01 1.628580096280192110e-02 2.481419999999999737e-01 2.114432039579423536e-02 1.000000000000000000e+00 3.269415100000000507e+01 3.341043275685006558e-02 1.405846410000000105e+03 3.404733000007745147e+01 9.735847079980235186e-02
2.052500000000000000e+04 7.950000000000000000e+03 -5.203200000000000000e+04 3.392367000000000132e+01 1.063560148980771114e-01 2.148776000000000685e+00 2.038519585385433625e-02 -7.815499999999997449e-01 1.562745923046993807e-02 1.000000000000000000e+00 3.270135799999999904e+01 3.291423625120291213e-02 1.661859052999999903e+03 3.400063889060874800e+01 1.061236797359879774e-01
2.052500000000000000e+04 7.950000000000000000e+03 -5.203200000000000000e+04 3.394331900000000246e+01 9.850240080830516276e-02 1.756288000000000515e+00 1.917496109513654179e-02 -8.055260000000004084e-01 1.860494283785897596e-02 1.000000000000000000e+00 3.267658699999999783e+01 2.778695724616137355e-02 1.833186852000000044e+03 3.399826943259584766e+01 9.834917047060309780e-02
2.052500000000000000e+04 7.950000000000000000e+03 -5.203200000000000000e+04 3.391385799999999762e+01 9.220163873272535504e-02 2.111634999999999707e+00 2.155997878013797900e-02 -8.461370000000001390e-01 1.636605884139489403e-02 1.000000000000000000e+00 3.269611799999999846e+01 3.306118922543471034e-02 2.100897163999999975e+03 3.399006788225286613e+01 9.200556363564869888e-02
2.452500000000000000e+04 -4.050000000000000000e+03 -5.203200000000000000e+04 3.405167699999999797e+01 1.091435789224450836e-01 -8.348789999999999267e-01 1.814602838088820100e-02 -2.512880000000006220e-01 1.558940056576903904e-02 1.000000000000000000e+00 3.271326400000000234e+01 3.599038774450755845e-02 2.413109022000000095e+03 3.406283715599617778e+01 1.091087868319504384e-01
2.452500000000000000e+04 -4.050000000000000000e+03 -5.203200000000000000e+04 3.404546399999999551e+01 1.232257739679487735e-01 -1.073938999999999311e+00 1.943370397016482357e-02 -4.027060000000002304e-01 2.479413745222849852e-02 1.000000000000000000e+00 3.266920100000000105e+01 2.306452603024827103e-02 2.534169945999999982e+03 3.406477852670486328e+01 1.231577784358501709e-01
2.452500000000000000e+04 -4.050000000000000000e+03 -5.203200000000000000e+04 3.403855099999999823e+01 1.042286981593841116e-01 -8.857740000000005054e-01 2.291626972262283263e-02 -2.888120000000000687e-01 2.908433740005090737e-02 1.000000000000000000e+00 3.268961099999999931e+01 3.114230609636993441e-02 2.852133131999999932e+03 3.405129897860022226e+01 1.041916748214543609e-01
2.452500000000000000e+04 -5.000000000000000000e+01 -5.203200000000000000e+04 3.399777699999999925e+01 1.137959001458312691e-01 6.674399999999991451e-02 1.903076711538449761e-02 1.049610999999999628e+00 1.551471282363937193e-02 1.000000000000000000e+00 3.270389199999999619e+01 2.310289168048017608e-02 3.108159775999999965e+03 3.401404090893326781e+01 1.137425020215213911e-01
2.452500000000000000e+04 -5.000000000000000000e+01 -5.203200000000000000e+04 3.394165599999999472e+01 1.011371319545892600e-01 -2.459800000000003095e-01 2.042046838346270321e-02 9.644469999999998322e-01 1.881907216097541621e-02 1.000000000000000000e+00 3.269851699999999539e+01 3.551437213298300893e-02 3.229211699999999837e+03 3.395624649749357360e+01 1.010951960965534163e-01
2.452500000000000000e+04 -5.000000000000000000e+01 -5.203200000000000000e+04 3.394913900000000240e+01 1.191016919988964612e-01 -5.586999999999342492e-03 1.795374403850071715e-02 1.046731999999999552e+00 1.522694506458862826e-02 1.000000000000000000e+00 3.268616899999999958e+01 3.077851583491315879e-02 3.547084881000000223e+03 3.396527223408806861e+01 1.190460445544830881e-01
2.452500000000000000e+04 3.950000000000000000e+03 -5.203200000000000000e+04 3.408198500000000308e+01 9.792323171239805668e-02 4.883499999999996177e-01 1.852838128385747574e-02 3.519390000000000018e-01 1.611581536876120768e-02 1.000000000000000000e+00 3.269817000000000462e+01 2.390202740354884642e-02 9.918887330000000020e+02 3.408730039651785404e+01 9.790846329264271675e-02
2.452500000000000000e+04 3.950000000000000000e+03 -5.203200000000000000e+04 3.408159599999999756e+01 1.150456821658248918e-01 2.562229999999994234e-01 1.663389867108730491e-02 4.349339999999999318e-01 1.636529159532454022e-02 1.000000000000000000e+00 3.269758399999999909e+01 2.555704118242172265e-02 1.112941657000000077e+03 3.408533414413449947e+01 1.150333225866601028e-01
2.452500000000000000e+04 3.950000000000000000e+03 -5.203200000000000000e+04 3.407526500000000169e+01 8.745191836089132031e-02 4.223150000000002180e-01 2.028192717667628292e-02 3.576829999999999732e-01 1.774198988276117633e-02 1.000000000000000000e+00 3.268673499999999876e+01 3.266472990857264419e-02 1.430938844999999901e+03 3.407975897667029130e+01 8.744094586684585113e-02
2.452500000000000000e+04 7.950000000000000000e+03 -5.203200000000000000e+04 3.392830899999999872e+01 7.466513806322197522e-02 2.153521000000000463e+00 1.920020564994031481e-02 -9.392140000000002154e-01 1.719466487024391005e-02 1.000000000000000000e+00 3.267551999999999879e+01 1.961806629104917779e-02 1.687047493000000031e+03 3.400955641043731958e+01 7.449820086158986943e-02
2.452500000000000000e+04 7.950000000000000000e+03 -5.203200000000000000e+04 3.394064099999999939e+01 1.017848251803774584e-01 1.799509000000000469e+00 1.748553436415370074e-02 -8.992510000000000225e-01 1.920397026658810652e-02 1.000000000000000000e+00 3.268741500000000144e+01 3.410237132517326963e-02 1.808095416999999998e+03 3.400020583015583497e+01 1.016119926280197733e-01
2.452500000000000000e+04 7.950000000000000000e+03 -5.203200000000000000e+04 3.391293299999999533e+01 9.404196916802626260e-02 2.105978000000000350e+00 1.939641639581910285e-02 -9.257170000000001231e-01 1.625664036632415779e-02 1.000000000000000000e+00 3.269902899999999590e+01 3.626231963071308712e-02 2.125987599000000046e+03 3.399086818489727335e+01 9.383508746642808818e-02
2.852500000000000000e+04 -4.050000000000000000e+03 -5.203200000000000000e+04 3.408308099999999996e+01 9.777108685598211169e-02 -7.480489999999999640e-01 2.127300284398044375e-02 -3.836659999999998405e-01 1.706259350157530996e-02 1.000000000000000000e+00 3.269046000000000163e+01 2.719506708945576556e-02 2.438205457000000024e+03 3.409344786551395146e+01 9.774266045959788263e-02
2.852500000000000000e+04 -4.050000000000000000e+03 -5.203200000000000000e+04 3.408134600000000347e+01 1.031281881785964527e-01 -8.568009999999999238e-01 1.842260472897358850e-02 -4.388519999999997978e-01 2.088217644308178883e-02 1.000000000000000000e+00 3.269796099999999939e+01 2.042650251511501577e-02 2.509076511000000210e+03 3.409493868894944058e+01 1.030884638376209778e-01
2.852500000000000000e+04 -4.050000000000000000e+03 -5.203200000000000000e+04 3.408647399999999550e+01 8.876827722784756680e-02 -7.124630000000005126e-01 1.748966051700261148e-02 -4.139360000000005257e-01 2.271550879905620893e-02 1.000000000000000000e+00 3.267052799999999735e+01 2.459540617676398561e-02 2.877223567000000003e+03 3.409643172373233000e+01 8.874353379247569562e-02
2.852500000000000000e+04 -5.000000000000000000e+01 -5.203200000000000000e+04 3.400281299999999618e+01 9.870217848153099716e-02 1.254549999999996501e-01 2.098760396043340692e-02 1.100300999999999974e+00 1.552018289196361277e-02 1.000000000000000000e+00 3.266313200000000450e+01 2.687790998199078574e-02 3.133254211999999825e+03 3.402084204073430840e+01 9.865117952254962019e-02
2.852500000000000000e+04 -5.000000000000000000e+01 -5.203200000000000000e+04 3.401492900000000219e+01 8.893701315537867746e-02 7.193999999999256545e-03 1.902101706008382451e-02 1.008826000000000001e+00 1.963849551264047408e-02 1.000000000000000000e+00 3.271183399999999608e+01 3.069454109446824452e-02 3.204121265000000221e+03 3.402988651945452858e+01 8.889982815697103358e-02
2.852500000000000000e+04 -5.000000000000000000e+01 -5.203200000000000000e+04 3.398441900000000260e+01 1.046105904246792812e-01 5.635700000000021248e-02 1.639139505960368268e-02 1.064098999999999684e+00 1.754535271802764099e-02 1.000000000000000000e+00 3.269204500000000024e+01 3.041463677244888794e-02 3.572177317000000130e+03 3.400112082800817603e+01 1.045606495684964776e-01
2.852500000000000000e+04 3.950000000000000000e+03 -5.203200000000000000e+04 3.412579199999999702e+01 1.005840680674628534e-01 5.046809999999997132e-01 1.908512436427910533e-02 4.272500000000001297e-01 2.279798587594965634e-02 1.000000000000000000e+00 3.269009300000000451e+01 3.822924310001441645e-02 1.016979167999999959e+03 3.413219777719455550e+01 1.005659917315650659e-01
2.852500000000000000e+04 3.950000000000000000e+03 -5.203200000000000000e+04 3.412668099999999782e+01 9.532735553869098322e-02 4.200219999999994513e-01 1.822802792405146810e-02 4.952440000000000175e-01 2.339086766240192072e-02 1.000000000000000000e+00 3.269361899999999821e+01 2.958743412328956879e-02 1.087853221000000076e+03 3.413285867277718921e+01 9.531097052238522715e-02
2.852500000000000000e+04 3.950000000000000000e+03 -5.203200000000000000e+04 3.412140300000000082e+01 8.723420853082808346e-02 5.181019999999998404e-01 1.717519365247448943e-02 4.587860000000001381e-01 1.569950473741130517e-02 1.000000000000000000e+00 3.267949399999999827e+01 2.854566902351388102e-02 1.456027280000000019e+03 3.412842007718214177e+01 8.721691756176144783e-02
2.852500000000000000e+04 7.950000000000000000e+03 -5.203200000000000000e+04 3.395586600000000033e+01 1.057726803716347308e-01 2.162189000000000583e+00 2.325624118381988334e-02 -1.007786999999999988e+00 1.488274359787200053e-02 1.000000000000000000e+00 3.269090299999999871e+01 2.972022479726558336e-02 1.712141928999999891e+03 3.403955833613365201e+01 1.055238798034395936e-01
2.852500000000000000e+04 7.950000000000000000e+03 -5.203200000000000000e+04 3.391880300000000403e+01 1.003870647145338052e-01 1.975393999999999650e+00 1.734278354244208481e-02 -9.681740000000003121e-01 1.689961079433487806e-02 1.000000000000000000e+00 3.266251100000000207e+01 2.616476795234385505e-02 1.783005981999999904e+03 3.399006824503771185e+01 1.001828150426794101e-01
2.852500000000000000e+04 7.950000000000000000e+03 -5.203200000000000000e+04 3.391855200000000536e+01 9.735291334110141026e-02 2.152529999999999610e+00 2.301850953037576711e-02 -9.607709999999998196e-01 1.915405265211516522e-02 1.000000000000000000e+00 3.270950899999999706e+01 2.910396991820875245e-02 2.151081035000000156e+03 3.400036229354100925e+01 9.713110746310019139e-02
3.252500000000000000e+04 -4.050000000000000000e+03 -5.203200000000000000e+04 3.412594800000000106e+01 8.995206403968726561e-02 -6.546060000000002432e-01 2.210663144850431860e-02 -5.954600000000001003e-01 2.077827290705365829e-02 1.000000000000000000e+00 3.267698500000000195e+01 2.346744170121660075e-02 2.463295892000000094e+03 3.413741947666137833e+01 8.992356629674520818e-02
3.252500000000000000e+04 -4.050000000000000000e+03 -5.203200000000000000e+04 3.412610499999999547e+01 9.054625519589422356e-02 -6.245620000000000616e-01 2.061718673825311404e-02 -6.013709999999994338e-01 2.571402521971229843e-02 1.000000000000000000e+00 3.264833000000000141e+01 4.490158226610727749e-02 2.483984076000000186e+03 3.413711714897011262e+01 9.051896566445802317e-02
3.252500000000000000e+04 -4.050000000000000000e+03 -5.203200000000000000e+04 3.405256399999999672e+01 1.739723720163635634e-01 1.875901999999999958e+00 2.713446706699801925e-01 2.212130000000005481e-01 5.804809902141499361e-02 1.000000000000000000e+00 3.268480300000000227e+01 1.751698632756217011e-02 2.902314002999999957e+03 3.410491252706960097e+01 1.743457534430649103e-01
3.252500000000000000e+04 -5.000000000000000000e+01 -5.203200000000000000e+04 3.403697700000000026e+01 1.071443796192782100e-01 2.163969999999997285e-01 2.119007814992667632e-02 1.007164000000000392e+00 1.365489575207368654e-02 1.000000000000000000e+00 3.268869200000000319e+01 2.227513081892000882e-02 3.158343647000000146e+03 3.405256246280202959e+01 1.070961870466597687e-01
3.252500000000000000e+04 -5.000000000000000000e+01 -5.203200000000000000e+04 3.396314000000000277e+01 9.613697168623525080e-02 2.148400000000005861e-01 1.646386546349307145e-02 1.016459000000000223e+00 1.549778890680860929e-02 1.000000000000000000e+00 3.264570200000000000e+01 2.889394180446828650e-02 3.179029829999999947e+03 3.397902623360300112e+01 9.609319944530410329e-02
3.252500000000000000e+04 -5.000000000000000000e+01 -5.203200000000000000e+04 3.400119600000000020e+01 9.356957561087898834e-02 1.348840000000004480e-01 1.789868877879047249e-02 1.031565000000000509e+00 1.486004899049797948e-02 1.000000000000000000e+00 3.265969900000000337e+01 3.360855356899489915e-02 3.597367756999999983e+03 3.401710818798530767e+01 9.352691909652519064e-02
3.252500000000000000e+04 3.950000000000000000e+03 -5.203200000000000000e+04 3.416484799999999922e+01 1.006264665234748168e-01 6.261549999999997951e-01 1.810755069025073855e-02 5.465780000000002303e-01 2.304666574582969751e-02 1.000000000000000000e+00 3.268643200000000348e+01 3.414542910844729773e-02 1.042071603000000096e+03 3.417495656847588492e+01 1.005979247110256602e-01
3.252500000000000000e+04 3.950000000000000000e+03 -5.203200000000000000e+04 3.416894700000000284e+01 8.128028312573720715e-02 6.095730000000001425e-01 2.109714390622578761e-02 5.770919999999999384e-01 2.029555739564695843e-02 1.000000000000000000e+00 3.264633800000000008e+01 3.178931935414786025e-02 1.062761786000000029e+03 3.417925618716127190e+01 8.125736097360154730e-02
3.252500000000000000e+04 3.950000000000000000e+03 -5.203200000000000000e+04 3.417586699999999666e+01 1.111010030062735271e-01 5.798280000000000101e-01 1.595658572502275593e-02 6.093410000000001325e-01 1.645522561376780088e-02 1.000000000000000000e+00 3.271325500000000375e+01 4.502809528505508779e-02 1.481114714999999933e+03 3.418621625985469592e+01 1.110680861783396034e-01
3.252500000000000000e+04 7.950000000000000000e+03 -5.203200000000000000e+04 3.394917000000000229e+01 1.044529003953456464e-01 2.259532999999999348e+00 1.870987466553424017e-02 -1.006767999999999663e+00 1.903613997111809619e-02 1.000000000000000000e+00 3.269100199999999745e+01 3.551553724780184135e-02 1.737232363999999961e+03 3.403917177125220661e+01 1.041856444582231755e-01
3.252500000000000000e+04 7.950000000000000000e+03 -5.203200000000000000e+04 3.394391000000000247e+01 1.030593104964321050e-01 2.267189999999999372e+00 1.688246418624958847e-02 -9.942299999999999471e-01 1.477863271754190425e-02 1.000000000000000000e+00 3.264510599999999840e+01 4.137206992646125236e-02 1.757919546999999966e+03 3.403406631416675765e+01 1.027933651329100140e-01
3.252500000000000000e+04 7.950000000000000000e+03 -5.203200000000000000e+04 3.394420900000000074e+01 9.979772600615707812e-02 2.214131000000000071e+00 2.051657690746680474e-02 -9.687549999999998107e-01 1.795847660577032379e-02 1.000000000000000000e+00 3.269075399999999831e+01 2.131374138906634921e-02 2.176272476000000097e+03 3.403013645242797480e+01 9.955599527701773643e-02
