0.000000000000000000e+00 -3.970000000000000000e+03 -5.865400000000000000e+04 3.381265799999999899e+01 1.059219704357882430e-01 -1.478925999999999519e+00 1.774197790552113282e-02 -7.724699999999995459e-02 2.974936525373272564e-02 1.000000000000000000e+00 3.358901500000000340e+01 4.049401508865230204e-02 3.192914624000000003e+03 3.384507394344779385e+01 1.058233827551549322e-01
0.000000000000000000e+00 -3.970000000000000000e+03 -5.865400000000000000e+04 3.380335399999999879e+01 9.495029367516459595e-02 -1.383860000000000312e+00 2.485366300970542897e-02 -6.574899999999994638e-02 2.945804665961407678e-02 1.000000000000000000e+00 3.358371600000000257e+01 4.652716165854091368e-02 3.542570623000000069e+03 3.383173263490827054e+01 9.487611183128764891e-02
0.000000000000000000e+00 -3.970000000000000000e+03 -5.865400000000000000e+04 3.375441299999999956e+01 1.022351497773637402e-01 -1.375706000000000095e+00 1.940230256954055335e-02 -1.170300000000001894e-02 3.762554458077650016e-02 1.000000000000000000e+00 3.349404499999999985e+01 8.015967997066854311e-02 3.563260807000000113e+03 3.378243775888906697e+01 1.021533954347032258e-01
0.000000000000000000e+00 -3.970000000000000000e+03 -5.865400000000000000e+04 3.379171699999999845e+01 9.936343303751134226e-02 -1.441902999999999935e+00 1.838485055691234035e-02 -9.203800000000006420e-02 2.931401303131319844e-02 1.000000000000000000e+00 3.358568700000000007e+01 5.180310170250426727e-02 3.912829800999999861e+03 3.382259145989470284e+01 9.927585656235521361e-02
0.000000000000000000e+00 -3.970000000000000000e+03 -5.865400000000000000e+04 3.374974000000000274e+01 1.091252191979470987e-01 -1.394478000000000328e+00 2.046968199557579887e-02 -6.082200000000004270e-02 3.922403697989282345e-02 1.000000000000000000e+00 3.346923000000000314e+01 6.659499347548582249e-02 3.933522985000000062e+03 3.377859112331016433e+01 1.090353102484309805e-01
0.000000000000000000e+00 3.000000000000000000e+01 -5.865400000000000000e+04 3.380799199999999871e+01 9.567973566539574037e-02 -2.816000000000062897e-02 1.608349629278410173e-02 1.023091999999999890e+00 1.765979912116782957e-02 1.000000000000000000e+00 3.360417999999999950e+01 5.171328328389138140e-02 4.136473592000000281e+03 3.382348050242801207e+01 9.563741458232745407e-02
0.000000000000000000e+00 3.000000000000000000e+01 -5.865400000000000000e+04 3.382699800000000323e+01 9.873064465504112486e-02 -6.375689999999991642e-01 2.152390440881951292e-02 1.037385999999999919e+00 1.482187309350609626e-02 1.000000000000000000e+00 3.361971700000000141e+01 5.427465974098778095e-02 4.486163593999999648e+03 3.384890629894503888e+01 9.866862101201505364e-02
0.000000000000000000e+00 3.000000000000000000e+01 -5.865400000000000000e+04 3.377557600000000093e+01 1.117073592920359015e-01 -6.358619999999994832e-01 1.949892735511366340e-02 1.051367000000000163e+00 1.927599569412693017e-02 1.000000000000000000e+00 3.351413700000000517e+01 7.263054278332223279e-02 4.506855776999999762e+03 3.379791749773215059e+01 1.116357303277078078e-01
0.000000000000000000e+00 3.000000000000000000e+01 -5.865400000000000000e+04 3.379698499999999939e+01 9.158096485624074579e-02 -6.884829999999997341e-01 1.927148302544461414e-02 1.057391999999999888e+00 1.717962866304158578e-02 1.000000000000000000e+00 3.356725999999999743e+01 6.467768092626698107e-02 4.856427772000000004e+03 3.382053047740644303e+01 9.151962421409878812e-02
0.000000000000000000e+00 3.000000000000000000e+01 -5.865400000000000000e+04 3.374543200000000098e+01 1.055248496279430903e-01 -6.816290000000000404e-01 1.729925931940439962e-02 1.033182000000000045e+00 1.792409071612839286e-02 1.000000000000000000e+00 3.347067499999999995e+01 6.709551815881593939e-02 4.877118954999999914e+03 3.376812497023470883e+01 1.054559386013193822e-01
0.000000000000000000e+00 4.030000000000000000e+03 -5.865400000000000000e+04 3.381974800000000414e+01 1.138116981860827909e-01 -1.644449999999997303e-01 1.737203004832768571e-02 5.513399999999996082e-02 2.756164381890165854e-02 1.000000000000000000e+00 3.359662399999999849e+01 4.799944053840627528e-02 1.290057786999999962e+03 3.382019273598962883e+01 1.138102417757269891e-01
0.000000000000000000e+00 4.030000000000000000e+03 -5.865400000000000000e+04 3.381652499999999861e+01 1.214767066148897678e-01 -8.266799999999996373e-02 1.688454989035834478e-02 8.561200000000002142e-02 2.856980757723089764e-02 1.000000000000000000e+00 3.358996000000000492e+01 5.132236663483085576e-02 1.639610779999999977e+03 3.381673441490755039e+01 1.214759828984558476e-01
0.000000000000000000e+00 4.030000000000000000e+03 -5.865400000000000000e+04 3.377242299999999631e+01 8.538770190724188913e-02 -1.170859999999995793e-01 1.522110958504668300e-02 8.705599999999996674e-02 3.312467728144682932e-02 1.000000000000000000e+00 3.349776099999999701e+01 6.763274953748368845e-02 1.660303963999999951e+03 3.377273816511566906e+01 8.538696407252824305e-02
0.000000000000000000e+00 4.030000000000000000e+03 -5.865400000000000000e+04 3.382034600000000069e+01 9.821778493226163143e-02 -1.689609999999994727e-01 1.497461989500902153e-02 5.125300000000004852e-02 2.820873894735459464e-02 1.000000000000000000e+00 3.356036999999999892e+01 5.787628447818674721e-02 2.009861957000000075e+03 3.382080688347405584e+01 9.821648429085728937e-02
0.000000000000000000e+00 4.030000000000000000e+03 -5.865400000000000000e+04 3.377489199999999414e+01 9.257408783239508276e-02 -1.369040000000003587e-01 1.783681734503103633e-02 1.629599999999997717e-02 3.568582029322010796e-02 1.000000000000000000e+00 3.349362800000000107e+01 7.081710830724451122e-02 2.030549140000000079e+03 3.377517339520991158e+01 9.257334639275545396e-02
0.000000000000000000e+00 8.030000000000000000e+03 -5.865400000000000000e+04 3.380042699999999911e+01 9.476044876423918295e-02 1.299713999999999814e+00 1.813528166310079612e-02 -9.625239999999999352e-01 1.407457200059739066e-02 1.000000000000000000e+00 3.353943399999999997e+01 5.091398913854619512e-02 2.233475746999999956e+03 3.383909830823955645e+01 9.465556611815076349e-02
0.000000000000000000e+00 8.030000000000000000e+03 -5.865400000000000000e+04 3.377145000000000152e+01 9.593879741793723270e-02 1.355897000000000574e+00 1.909591236364473893e-02 -9.975159999999999583e-01 1.554705534820018629e-02 1.000000000000000000e+00 3.357310100000000119e+01 6.426220837319551737e-02 2.583036740999999893e+03 3.381337501562606462e+01 9.582400067067314842e-02
0.000000000000000000e+00 8.030000000000000000e+03 -5.865400000000000000e+04 3.372997699999999810e+01 9.090754231635568561e-02 1.356894999999999740e+00 1.926986022263783849e-02 -9.811050000000001159e-01 1.783101679658229827e-02 1.000000000000000000e+00 3.350498299999999574e+01 5.773543207597912896e-02 2.603721923999999944e+03 3.377151283970824380e+01 9.080051307443280650e-02
0.000000000000000000e+00 8.030000000000000000e+03 -5.865400000000000000e+04 3.379892099999999999e+01 9.334293951338794304e-02 1.358153999999999861e+00 2.281066088477052417e-02 -9.868339999999999890e-01 1.618432877817303772e-02 1.000000000000000000e+00 3.356937100000000385e+01 5.701630630793264043e-02 2.953289917999999943e+03 3.384058930331315906e+01 9.323369463800727786e-02
0.000000000000000000e+00 8.030000000000000000e+03 -5.865400000000000000e+04 3.375677000000000305e+01 9.896639347273396281e-02 1.363592000000000581e+00 1.571624843911548913e-02 -9.717059999999999587e-01 1.597400867033694702e-02 1.000000000000000000e+00 3.347134599999999693e+01 7.970559007999376833e-02 2.973979101999999784e+03 3.379827091029658703e+01 9.884797318330718063e-02
4.000000000000000000e+03 -3.970000000000000000e+03 -5.865400000000000000e+04 3.378992600000000124e+01 1.003158683858142164e-01 -1.451996999999999538e+00 1.945215463644066334e-02 3.361119999999999663e-01 3.174459344518369697e-02 1.000000000000000000e+00 3.359972400000000192e+01 6.982872524255329116e-02 3.216503972999999860e+03 3.382277879846699875e+01 1.002224049501662939e-01
4.000000000000000000e+03 -3.970000000000000000e+03 -5.865400000000000000e+04 3.379147000000000389e+01 9.346461536324855712e-02 -1.496814999999999785e+00 2.021635936562268462e-02 2.553330000000000322e-01 2.901963838506606969e-02 1.000000000000000000e+00 3.354284200000000027e+01 6.182606062980237904e-02 3.519078278999999839e+03 3.382556865517583589e+01 9.337493863512662251e-02
4.000000000000000000e+03 -3.970000000000000000e+03 -5.865400000000000000e+04 3.378862900000000025e+01 1.078398804941845257e-01 -1.490848000000000617e+00 1.839206176588149486e-02 3.127400000000000180e-01 3.145851708202406644e-02 1.000000000000000000e+00 3.358730699999999558e+01 6.556319760353364334e-02 3.586752149999999801e+03 3.382294906962349756e+01 1.077338985040611763e-01
4.000000000000000000e+03 -3.970000000000000000e+03 -5.865400000000000000e+04 3.378445299999999918e+01 1.038017622056581352e-01 -1.515997000000000483e+00 2.259168364686439320e-02 2.759509999999999463e-01 2.307766339991984550e-02 1.000000000000000000e+00 3.357326499999999925e+01 6.780222202848516788e-02 3.889338456999999835e+03 3.381957510625494479e+01 1.036990785460029374e-01
4.000000000000000000e+03 -3.970000000000000000e+03 -5.865400000000000000e+04 3.379675199999999791e+01 9.611159414971744142e-02 -1.497405999999999793e+00 1.768781529754310730e-02 3.128300000000000525e-01 3.231799637972626593e-02 1.000000000000000000e+00 3.355948200000000270e+01 5.530539811808608819e-02 3.957019327999999859e+03 3.383135428987790050e+01 9.601694912827342387e-02
4.000000000000000000e+03 3.000000000000000000e+01 -5.865400000000000000e+04 3.381129900000000532e+01 1.302156593693707953e-01 -3.420639999999997016e-01 1.891080712185495144e-02 8.849179999999999824e-01 1.527444116817371599e-02 1.000000000000000000e+00 3.359978399999999965e+01 4.438974981907422429e-02 4.160063941999999770e+03 3.382460683754094077e+01 1.301651816616257173e-01
4.000000000000000000e+03 3.000000000000000000e+01 -5.865400000000000000e+04 3.377487500000000153e+01 1.102758785229118049e-01 -7.773419999999999774e-01 1.739219138004179099e-02 8.861990000000000700e-01 1.581210362349045814e-02 1.000000000000000000e+00 3.356762200000000007e+01 6.239953561525918985e-02 4.462671250000000327e+03 3.379544038059261624e+01 1.102102788796312516e-01
4.000000000000000000e+03 3.000000000000000000e+01 -5.865400000000000000e+04 3.376769099999999924e+01 9.828399028326026410e-02 -7.822550000000001447e-01 1.593471085398163317e-02 8.918490000000000029e-01 1.735214534286754970e-02 1.000000000000000000e+00 3.356110100000000074e+01 5.646340546761238754e-02 4.530346120999999584e+03 3.378852279983999551e+01 9.822515539698707665e-02
4.000000000000000000e+03 3.000000000000000000e+01 -5.865400000000000000e+04 3.380532900000000041e+01 8.813483853732302642e-02 -8.189890000000001891e-01 1.674195352997970634e-02 8.663419999999999455e-01 1.930800507561565918e-02 1.000000000000000000e+00 3.359505500000000211e+01 4.460826147699549493e-02 4.832936427999999978e+03 3.382634417493746781e+01 8.808240414905543769e-02
4.000000000000000000e+03 3.000000000000000000e+01 -5.865400000000000000e+04 3.379595499999999930e+01 1.015585036961455107e-01 -8.144450000000000855e-01 1.834739635479650313e-02 8.943579999999999863e-01 1.719396013139497942e-02 1.000000000000000000e+00 3.356464199999999920e+01 5.886950431250461552e-02 4.900613298999999643e+03 3.381759558650221464e+01 1.014954947822817866e-01
4.000000000000000000e+03 4.030000000000000000e+03 -5.865400000000000000e+04 3.382008899999999585e+01 9.606774552366678654e-02 -2.006220000000000780e-01 1.596377677744210966e-02 -2.715279999999999916e-01 2.671403348429435276e-02 1.000000000000000000e+00 3.356833699999999965e+01 6.233540838079108803e-02 1.313548131000000012e+03 3.382177400151547886e+01 9.606324550027191267e-02
4.000000000000000000e+03 4.030000000000000000e+03 -5.865400000000000000e+04 3.381581500000000062e+01 9.292612615405852761e-02 -2.198500000000001009e-01 1.682154095200555713e-02 -3.061300000000000132e-01 2.933424866943075415e-02 1.000000000000000000e+00 3.355275100000000066e+01 6.237303630576276903e-02 1.616122436999999991e+03 3.381791527746240433e+01 9.292079870873573566e-02
4.000000000000000000e+03 4.030000000000000000e+03 -5.865400000000000000e+04 3.381936199999999815e+01 9.547226112856027624e-02 -1.636459999999999582e-01 1.845378598011800791e-02 -3.272950000000000026e-01 2.611635933663036466e-02 1.000000000000000000e+00 3.356607200000000546e+01 5.892904985658600769e-02 1.683796307999999954e+03 3.382134160729560790e+01 9.546704930186368510e-02
4.000000000000000000e+03 4.030000000000000000e+03 -5.865400000000000000e+04 3.381994600000000162e+01 1.011550369877842609e-01 -2.325550000000005113e-01 1.499403017870779183e-02 -2.406630000000000158e-01 2.931542368788143602e-02 1.000000000000000000e+00 3.353941899999999521e+01 6.273241383049117659e-02 1.986369613999999956e+03 3.382160179457072502e+01 1.011503524036575369e-01
4.000000000000000000e+03 4.030000000000000000e+03 -5.865400000000000000e+04 3.381704599999999772e+01 1.055129169722835436e-01 -1.817190000000001859e-01 1.686205402671928436e-02 -2.710240000000000427e-01 2.828357411997288809e-02 1.000000000000000000e+00 3.356456299999999970e+01 6.759712683982951886e-02 2.054039483999999902e+03 3.381862025526252324e+01 1.055082877307667866e-01
4.000000000000000000e+03 8.030000000000000000e+03 -5.865400000000000000e+04 3.379650099999999924e+01 1.032438960374897907e-01 1.244087000000000387e+00 1.880152892719099897e-02 -7.588130000000000708e-01 1.392458132225166643e-02 1.000000000000000000e+00 3.356434899999999999e+01 4.083725192762117928e-02 2.256966090999999778e+03 3.382790311969601049e+01 1.031508462450691083e-01
4.000000000000000000e+03 8.030000000000000000e+03 -5.865400000000000000e+04 3.377880299999999636e+01 8.834249621218544235e-02 1.242168000000000383e+00 1.815174129388142168e-02 -7.723360000000000225e-01 1.572144013759553885e-02 1.000000000000000000e+00 3.354443600000000458e+01 6.543593035175705730e-02 2.559546397999999954e+03 3.381045720409484545e+01 8.826303774384303136e-02
4.000000000000000000e+03 8.030000000000000000e+03 -5.865400000000000000e+04 3.377998200000000395e+01 9.022753360809547540e-02 1.271939999999999849e+00 2.379287456361672826e-02 -8.067990000000000439e-01 1.491348705031791087e-02 1.000000000000000000e+00 3.357148699999999764e+01 6.038024363150581997e-02 2.627210267999999814e+03 3.381354669227003029e+01 9.014311566591888536e-02
4.000000000000000000e+03 8.030000000000000000e+03 -5.865400000000000000e+04 3.379149400000000014e+01 9.800946269110957787e-02 1.282420000000000115e+00 2.020516458730291925e-02 -7.955509999999998971e-01 1.611171700967963319e-02 1.000000000000000000e+00 3.358400300000000271e+01 5.748098187226798050e-02 2.929801574999999957e+03 3.382517655832763381e+01 9.791559636201460637e-02
4.000000000000000000e+03 8.030000000000000000e+03 -5.865400000000000000e+04 3.378496099999999558e+01 1.044274323058840687e-01 1.277673000000000059e+00 2.071750182816451541e-02 -7.988570000000001503e-01 1.623941898591202762e-02 1.000000000000000000e+00 3.356464199999999920e+01 5.925248897725731573e-02 2.997467445000000225e+03 3.381854832148918177e+01 1.043273603183726556e-01
8.000000000000000000e+03 -3.970000000000000000e+03 -5.865400000000000000e+04 3.380167799999999545e+01 8.103975861884091247e-02 -1.459020000000000650e+00 1.685850897914759408e-02 2.770979999999998444e-01 3.137041313084671518e-02 1.000000000000000000e+00 3.356507399999999564e+01 6.434219114236007508e-02 3.239993316999999934e+03 3.383428672630306266e+01 8.096532578551467185e-02
8.000000000000000000e+03 -3.970000000000000000e+03 -5.865400000000000000e+04 3.378919600000000401e+01 9.402703972794208831e-02 -1.541284000000000098e+00 1.603108761126331022e-02 1.922779999999999490e-01 3.406124733476447591e-02 1.000000000000000000e+00 3.357171999999999912e+01 5.480153379240402384e-02 3.495593936000000213e+03 3.382487684418608609e+01 9.393089344798016826e-02
8.000000000000000000e+03 -3.970000000000000000e+03 -5.865400000000000000e+04 3.378763500000000164e+01 9.056001020870084461e-02 -1.508612000000000286e+00 1.920959054743229255e-02 2.130080000000000862e-01 3.064269691133598636e-02 1.000000000000000000e+00 3.358183300000000315e+01 4.619770584130774432e-02 3.610244494000000032e+03 3.382196862200414245e+01 9.047234354751533536e-02
8.000000000000000000e+03 -3.970000000000000000e+03 -5.865400000000000000e+04 3.378983900000000062e+01 9.727670801378919541e-02 -1.579931000000000196e+00 1.735886877074655638e-02 2.524879999999998237e-01 3.044276027235375340e-02 1.000000000000000000e+00 3.359144899999999723e+01 6.836936036705332231e-02 3.865845112999999856e+03 3.382769799736343685e+01 9.717148667082833868e-02
8.000000000000000000e+03 -3.970000000000000000e+03 -5.865400000000000000e+04 3.379263900000000120e+01 1.104477770532300146e-01 -1.473529999999999340e+00 2.431817281376213655e-02 2.433020000000001293e-01 2.631172518099107738e-02 1.000000000000000000e+00 3.357609099999999813e+01 5.818426086150790127e-02 3.980517672999999832e+03 3.382562545036565638e+01 1.103453169383660365e-01
8.000000000000000000e+03 3.000000000000000000e+01 -5.865400000000000000e+04 3.379589599999999905e+01 8.275494284331298689e-02 -4.276600000000003732e-01 2.016837549233948396e-02 8.590780000000000083e-01 1.674949924624613909e-02 1.000000000000000000e+00 3.360908299999999826e+01 5.624478238023505883e-02 4.183557286000000204e+03 3.380951780976031529e+01 8.272308917156598329e-02
8.000000000000000000e+03 3.000000000000000000e+01 -5.865400000000000000e+04 3.380187600000000003e+01 1.167334023319803737e-01 -8.321489999999993614e-01 1.746107648456990402e-02 8.363909999999999956e-01 1.475678423641140109e-02 1.000000000000000000e+00 3.356712600000000180e+01 6.943658422618440018e-02 4.439179906000000301e+03 3.382246062873690562e+01 1.166637191359661263e-01
8.000000000000000000e+03 3.000000000000000000e+01 -5.865400000000000000e+04 3.377757299999999674e+01 9.824260157894842971e-02 -7.748039999999996041e-01 2.013521077615032170e-02 8.546129999999999560e-01 1.738624010532466985e-02 1.000000000000000000e+00 3.357280300000000040e+01 4.434018358103628682e-02 4.553836463999999978e+03 3.379726501343731115e+01 9.818742972548362424e-02
8.000000000000000000e+03 3.000000000000000000e+01 -5.865400000000000000e+04 3.377524000000000370e+01 9.721348736157961468e-02 -8.639150000000004326e-01 1.937296776438757195e-02 8.495999999999999108e-01 1.930459388332217419e-02 1.000000000000000000e+00 3.357522699999999816e+01 5.843129012780737958e-02 4.809447084000000359e+03 3.379696741343555999e+01 9.715346483344458606e-02
8.000000000000000000e+03 3.000000000000000000e+01 -5.865400000000000000e+04 3.378332999999999942e+01 8.819892294693852663e-02 -7.877390000000001891e-01 1.927818904876700198e-02 8.275529999999999831e-01 1.274391168362367342e-02 1.000000000000000000e+00 3.356564500000000351e+01 7.097066425643767940e-02 4.924107643000000280e+03 3.380264431355674759e+01 8.815022441370715112e-02
8.000000000000000000e+03 4.030000000000000000e+03 -5.865400000000000000e+04 3.382533500000000259e+01 1.117418695610557511e-01 -2.070800000000003749e-01 1.524831282470293439e-02 -1.905259999999999732e-01 2.635631508765972839e-02 1.000000000000000000e+00 3.356374300000000233e+01 5.234254839038695456e-02 1.337039473999999927e+03 3.382650543797424092e+01 1.117381407618203149e-01
8.000000000000000000e+03 4.030000000000000000e+03 -5.865400000000000000e+04 3.383013400000000104e+01 9.721131954664538610e-02 -2.440219999999992950e-01 1.853895493278949827e-02 -1.254480000000000040e-01 2.475748745329379996e-02 1.000000000000000000e+00 3.358310000000000173e+01 5.504906328903336199e-02 1.592632092999999941e+03 3.383124665741929249e+01 9.720825773768845823e-02
8.000000000000000000e+03 4.030000000000000000e+03 -5.865400000000000000e+04 3.382809999999999917e+01 8.988149759544508677e-02 -1.931229999999999336e-01 1.585521497804429081e-02 -1.649289999999999923e-01 2.750451113908407644e-02 1.000000000000000000e+00 3.353543100000000265e+01 5.357020345303907527e-02 1.707287651000000096e+03 3.382905330744817007e+01 8.987911032993872729e-02
8.000000000000000000e+03 4.030000000000000000e+03 -5.865400000000000000e+04 3.382829399999999964e+01 9.148646838194160469e-02 -2.992359999999996134e-01 1.765003300280200763e-02 -2.056259999999999755e-01 2.705734329160939741e-02 1.000000000000000000e+00 3.356374800000000391e+01 5.689863057227299847e-02 1.962876269999999977e+03 3.383024237551377666e+01 9.148148046758962371e-02
8.000000000000000000e+03 4.030000000000000000e+03 -5.865400000000000000e+04 3.383185800000000398e+01 8.281923550721775884e-02 -2.459860000000002600e-01 1.593692347976860893e-02 -1.109869999999999468e-01 2.767094244871323716e-02 1.000000000000000000e+00 3.357763500000000079e+01 5.362751849563804352e-02 2.077526827000000139e+03 3.383293429424248444e+01 8.281673166546360543e-02
8.000000000000000000e+03 8.030000000000000000e+03 -5.865400000000000000e+04 3.379650099999999924e+01 1.124808710714848559e-01 1.229466000000000392e+00 1.867501338687605969e-02 -8.224249999999999616e-01 1.600336889532950890e-02 1.000000000000000000e+00 3.357061300000000159e+01 5.660340941144800103e-02 2.280456434000000172e+03 3.382885527724492647e+01 1.123760163371947118e-01
8.000000000000000000e+03 8.030000000000000000e+03 -5.865400000000000000e+04 3.377567100000000266e+01 9.003780075612687062e-02 1.216245999999999938e+00 1.652208561290008718e-02 -7.923069999999998725e-01 1.575373101839688122e-02 1.000000000000000000e+00 3.356101100000000059e+01 5.371173934997823529e-02 2.536054054000000178e+03 3.380684777105085459e+01 8.995748914046323985e-02
8.000000000000000000e+03 8.030000000000000000e+03 -5.865400000000000000e+04 3.376539300000000310e+01 1.007038390380426279e-01 1.267793000000000170e+00 2.066979283882641738e-02 -7.848219999999999086e-01 1.561043887916031651e-02 1.000000000000000000e+00 3.359094799999999736e+01 5.297955508495706678e-02 2.650705612000000201e+03 3.379829890848031937e+01 1.006094347095535246e-01
8.000000000000000000e+03 8.030000000000000000e+03 -5.865400000000000000e+04 3.379815299999999922e+01 9.793550589035622533e-02 1.223634999999999806e+00 1.813138124909407026e-02 -7.763100000000000556e-01 1.630587345099918442e-02 1.000000000000000000e+00 3.357431799999999811e+01 5.527539504155533356e-02 2.906307230999999774e+03 3.382920463210351869e+01 9.784852481388438272e-02
8.000000000000000000e+03 8.030000000000000000e+03 -5.865400000000000000e+04 3.378388300000000299e+01 1.169569346811038663e-01 1.308722999999999637e+00 1.975991055141697664e-02 -7.361649999999999583e-01 1.489666875512777114e-02 1.000000000000000000e+00 3.358155899999999860e+01 5.494252809982445862e-02 3.020960789000000204e+03 3.381723592128196287e+01 1.168445359836353392e-01
1.200000000000000000e+04 -3.970000000000000000e+03 -5.865400000000000000e+04 3.379636899999999855e+01 1.024396736035409344e-01 -1.624393999999999672e+00 2.334103778755349315e-02 2.125310000000002475e-01 2.737903467984216868e-02 1.000000000000000000e+00 3.357215800000000172e+01 5.227555372255753702e-02 3.263485661000000164e+03 3.383605152610684996e+01 1.023258137357272307e-01
1.200000000000000000e+04 -3.970000000000000000e+03 -5.865400000000000000e+04 3.379379899999999992e+01 9.370540198942642340e-02 -1.765306999999999960e+00 1.835363258322449814e-02 1.031960000000000655e-01 2.930039989488198229e-02 1.000000000000000000e+00 3.356766199999999856e+01 5.419789564180513275e-02 3.472107593000000179e+03 3.384003263992318011e+01 9.358231839404948516e-02
1.200000000000000000e+04 -3.970000000000000000e+03 -5.865400000000000000e+04 3.379954000000000036e+01 9.783101195428778318e-02 -1.609713999999999423e+00 2.073655055692725374e-02 1.424289999999999168e-01 3.088863289302393178e-02 1.000000000000000000e+00 3.355404699999999707e+01 5.788756807812883015e-02 3.633736836999999923e+03 3.383814961538880084e+01 9.772445135094992574e-02
1.200000000000000000e+04 -3.970000000000000000e+03 -5.865400000000000000e+04 3.380001200000000239e+01 9.484954529147728020e-02 -1.766046999999999478e+00 2.087940241003079928e-02 1.359829999999999650e-01 2.777104708144797346e-02 1.000000000000000000e+00 3.358264799999999894e+01 4.935737943813467421e-02 3.842357770000000073e+03 3.384639160357632903e+01 9.472590412355071099e-02
1.200000000000000000e+04 -3.970000000000000000e+03 -5.865400000000000000e+04 3.378884099999999790e+01 1.016023262922655657e-01 -1.586878000000000455e+00 2.155157824847173456e-02 7.635000000000013998e-02 2.923364585541803409e-02 1.000000000000000000e+00 3.356774099999999805e+01 6.107209596861729040e-02 4.004011015999999927e+03 3.382617015319151932e+01 1.014952595155764331e-01
1.200000000000000000e+04 3.000000000000000000e+01 -5.865400000000000000e+04 3.376782299999999992e+01 1.034629380986254454e-01 -5.810729999999999507e-01 2.011691390347932970e-02 8.889829999999999677e-01 1.863407341404449760e-02 1.000000000000000000e+00 3.360233300000000156e+01 5.370917900135879081e-02 4.207051629999999932e+03 3.378452022398641219e+01 1.034135451574441505e-01
1.200000000000000000e+04 3.000000000000000000e+01 -5.865400000000000000e+04 3.378314900000000165e+01 1.193907652584570711e-01 -1.060618999999999978e+00 1.978489638587981395e-02 8.845469999999999722e-01 1.770881625067017434e-02 1.000000000000000000e+00 3.357366700000000037e+01 5.762842701306361559e-02 4.415689562999999907e+03 3.381136631984237084e+01 1.192936415727113703e-01
1.200000000000000000e+04 3.000000000000000000e+01 -5.865400000000000000e+04 3.379901900000000126e+01 9.169817473101632421e-02 -8.355880000000004415e-01 1.763007685746151298e-02 9.125529999999999475e-01 1.653757615250795940e-02 1.000000000000000000e+00 3.355523999999999774e+01 6.907214699138865266e-02 4.577329808000000412e+03 3.382165941591148339e+01 9.163891291460113386e-02
1.200000000000000000e+04 3.000000000000000000e+01 -5.865400000000000000e+04 3.378079900000000180e+01 9.453536877275087180e-02 -1.078539000000000136e+00 1.773617030252021623e-02 9.268689999999999429e-01 1.684031784141854990e-02 1.000000000000000000e+00 3.359393800000000141e+01 6.463299266628461104e-02 4.785956740999999965e+03 3.381071891569421695e+01 9.445453482777314835e-02
1.200000000000000000e+04 3.000000000000000000e+01 -5.865400000000000000e+04 3.377759400000000056e+01 1.222035270399344925e-01 -8.637100000000001998e-01 1.346790109853795991e-02 8.638350000000000195e-01 1.346502183436774046e-02 1.000000000000000000e+00 3.354238000000000142e+01 6.684767879290948178e-02 4.947596985999999561e+03 3.379967547625511060e+01 1.221246607326000877e-01
1.200000000000000000e+04 4.030000000000000000e+03 -5.865400000000000000e+04 3.385162099999999441e+01 9.814538355928922875e-02 -3.558890000000003440e-01 1.848311210267361906e-02 -1.272139999999999382e-01 3.086176872766692100e-02 1.000000000000000000e+00 3.358174800000000459e+01 4.895995429940677712e-02 1.360524816999999985e+03 3.385373073547076217e+01 9.813952809464782101e-02
1.200000000000000000e+04 4.030000000000000000e+03 -5.865400000000000000e+04 3.384472300000000189e+01 1.054849637815740981e-01 -4.896159999999998291e-01 1.962519627927323401e-02 -7.337400000000005029e-02 3.036653600593916882e-02 1.000000000000000000e+00 3.355944699999999870e+01 5.680995071288127973e-02 1.569143749999999955e+03 3.384834386669547257e+01 1.054740822783280518e-01
1.200000000000000000e+04 4.030000000000000000e+03 -5.865400000000000000e+04 3.384281800000000118e+01 9.326896747042930091e-02 -3.751999999999995339e-01 1.724313199508720543e-02 -1.061259999999999426e-01 2.533363055308101783e-02 1.000000000000000000e+00 3.359736499999999637e+01 6.256652396449717546e-02 1.730766994000000068e+03 3.384506415932757761e+01 9.326300731601509797e-02
1.200000000000000000e+04 4.030000000000000000e+03 -5.865400000000000000e+04 3.384211499999999972e+01 1.063699614035842345e-01 -4.974210000000001131e-01 2.047202779404131215e-02 -6.229699999999982474e-02 2.902080655323004479e-02 1.000000000000000000e+00 3.355808999999999997e+01 5.494434788947813453e-02 1.939384925999999950e+03 3.384582775233418772e+01 1.063587320131508113e-01
1.200000000000000000e+04 4.030000000000000000e+03 -5.865400000000000000e+04 3.384341899999999725e+01 1.115393700403583960e-01 -3.249550000000001049e-01 1.411443360535590170e-02 -9.513899999999986257e-02 2.571397334135663848e-02 1.000000000000000000e+00 3.357660800000000023e+01 6.511412467352993561e-02 2.101021170999999867e+03 3.384511274602149911e+01 1.115338939098033805e-01
1.200000000000000000e+04 8.030000000000000000e+03 -5.865400000000000000e+04 3.378336199999999678e+01 1.081370168813621246e-01 1.239719000000000015e+00 1.710620007482667113e-02 -8.382929999999999549e-01 1.734760966242900049e-02 1.000000000000000000e+00 3.355848699999999951e+01 6.266994227697995912e-02 2.303949778000000151e+03 3.381649281601883672e+01 1.080337485793400193e-01
1.200000000000000000e+04 8.030000000000000000e+03 -5.865400000000000000e+04 3.382983500000000276e+01 9.199231720638413601e-02 1.005124000000000350e+00 2.042679309142773902e-02 -8.127800000000000580e-01 1.451626911434201854e-02 1.000000000000000000e+00 3.360463199999999517e+01 5.836504573801001156e-02 2.512565709999999854e+03 3.385452143674461922e+01 9.192789827502888256e-02
1.200000000000000000e+04 8.030000000000000000e+03 -5.865400000000000000e+04 3.378727700000000311e+01 1.087243682437382675e-01 1.211657999999999902e+00 1.612861633866960118e-02 -8.059060000000001223e-01 1.512629875415661719e-02 1.000000000000000000e+00 3.360022099999999767e+01 4.869879182279576724e-02 2.674197955000000093e+03 3.381859971472102444e+01 1.086258030902712279e-01
1.200000000000000000e+04 8.030000000000000000e+03 -5.865400000000000000e+04 3.378472100000000466e+01 1.043336822363708227e-01 1.062770999999999688e+00 1.771127714197934244e-02 -8.077380000000000670e-01 1.679498615658851779e-02 1.000000000000000000e+00 3.357997100000000046e+01 5.606443052417459799e-02 2.882813886999999795e+03 3.381108244234316373e+01 1.042545950264009286e-01
1.200000000000000000e+04 8.030000000000000000e+03 -5.865400000000000000e+04 3.380831599999999781e+01 1.053691212452680520e-01 1.168445999999999430e+00 1.746959919402846576e-02 -7.821639999999999704e-01 1.796604469548041677e-02 1.000000000000000000e+00 3.357737300000000147e+01 5.458032089498924405e-02 3.044455132000000049e+03 3.383754242455660233e+01 1.052806583694502196e-01
1.600000000000000000e+04 -3.970000000000000000e+03 -5.865400000000000000e+04 3.381183399999999750e+01 1.037037898825303311e-01 -1.658325999999999745e+00 2.196778450367719779e-02 1.027469999999999217e-01 3.245920980245822068e-02 1.000000000000000000e+00 3.359441499999999792e+01 5.504046896602535210e-02 3.286974004000000150e+03 3.385263240151112285e+01 1.035844453865799736e-01
1.600000000000000000e+04 -3.970000000000000000e+03 -5.865400000000000000e+04 3.379791600000000074e+01 1.019301770478203417e-01 -2.049699999999999633e+00 1.690064057957567367e-02 5.451899999999998414e-02 3.314289717269749969e-02 1.000000000000000000e+00 3.359438000000000102e+01 6.021082773056686543e-02 3.448611249000000043e+03 3.386005564606202967e+01 1.017482733496577890e-01
1.600000000000000000e+04 -3.970000000000000000e+03 -5.865400000000000000e+04 3.381524199999999780e+01 1.067058943311005731e-01 -1.643301000000000123e+00 1.943158174210220940e-02 9.797299999999964371e-02 3.029715671478100739e-02 1.000000000000000000e+00 3.359224899999999536e+01 5.989113473628630835e-02 3.657229181000000153e+03 3.385528951883138404e+01 1.065838810328242625e-01
1.600000000000000000e+04 -3.970000000000000000e+03 -5.865400000000000000e+04 3.379283999999999821e+01 8.359815777874533838e-02 -2.042075000000000529e+00 1.970001098984465113e-02 4.379600000000039017e-02 2.932001163028418594e-02 1.000000000000000000e+00 3.356007699999999971e+01 5.188452510142113616e-02 3.818866426000000047e+03 3.385451260409519847e+01 8.345433634431340120e-02
1.600000000000000000e+04 -3.970000000000000000e+03 -5.865400000000000000e+04 3.381347900000000095e+01 1.146273148643027345e-01 -1.660981999999999736e+00 1.698129806581346116e-02 1.013660000000000672e-01 2.851051125462326918e-02 1.000000000000000000e+00 3.359629699999999985e+01 5.128180068016333082e-02 4.027506359999999859e+03 3.385440146205100120e+01 1.144918190873533276e-01
1.600000000000000000e+04 3.000000000000000000e+01 -5.865400000000000000e+04 3.380985600000000346e+01 1.021633920981483423e-01 -6.840180000000000149e-01 2.003535954256873211e-02 8.939269999999999161e-01 1.387091720110822379e-02 1.000000000000000000e+00 3.357967699999999667e+01 5.212481417712681170e-02 4.230543972999999824e+03 3.382858774537283608e+01 1.021082832028137322e-01
1.600000000000000000e+04 3.000000000000000000e+01 -5.865400000000000000e+04 3.376451699999999789e+01 1.121377391648324673e-01 -1.188670999999999367e+00 1.658721103742277769e-02 8.969880000000000075e-01 1.555446206077214406e-02 1.000000000000000000e+00 3.358399800000000113e+01 5.928222702463192828e-02 4.392198218999999881e+03 3.379733916244996550e+01 1.120311165457437280e-01
1.600000000000000000e+04 3.000000000000000000e+01 -5.865400000000000000e+04 3.378721799999999575e+01 1.051704008026973225e-01 -8.960969999999992552e-01 2.122770192460785715e-02 9.309880000000000377e-01 1.676183501290953379e-02 1.000000000000000000e+00 3.357824200000000303e+01 6.189466733895578748e-02 4.600819150999999692e+03 3.381191844112186118e+01 1.050960904194037093e-01
1.600000000000000000e+04 3.000000000000000000e+01 -5.865400000000000000e+04 3.376780300000000068e+01 8.648409514471432080e-02 -1.316108000000000722e+00 1.928051876895432379e-02 9.161730000000000151e-01 1.445569911834083433e-02 1.000000000000000000e+00 3.357929999999999637e+01 4.463669938514719382e-02 4.762466397000000143e+03 3.380585796397426179e+01 8.639089003267048927e-02
1.600000000000000000e+04 3.000000000000000000e+01 -5.865400000000000000e+04 3.380640300000000309e+01 1.121710947838167466e-01 -9.031859999999998223e-01 1.749148347053502625e-02 9.367349999999999843e-01 1.660952645321352866e-02 1.000000000000000000e+00 3.356287899999999524e+01 6.643766753882920928e-02 4.971083330000000387e+03 3.383143658210850901e+01 1.120900098743941170e-01
1.600000000000000000e+04 4.030000000000000000e+03 -5.865400000000000000e+04 3.387186699999999462e+01 1.159569888234426444e-01 -4.598139999999997229e-01 1.644751692505589183e-02 -6.793500000000007866e-02 3.188838139511004227e-02 1.000000000000000000e+00 3.356041499999999900e+01 6.810270467463094834e-02 1.384016161000000011e+03 3.387505598732656864e+01 1.159463052451337323e-01
1.600000000000000000e+04 4.030000000000000000e+03 -5.865400000000000000e+04 3.386763599999999741e+01 9.395947939936660775e-02 -6.478650000000003573e-01 1.934062080182536239e-02 -9.325000000000027711e-03 2.741452594884689897e-02 1.000000000000000000e+00 3.355715099999999751e+01 4.469292325413498634e-02 1.545652405999999928e+03 3.387383332666005487e+01 9.394301777697709743e-02
1.600000000000000000e+04 4.030000000000000000e+03 -5.865400000000000000e+04 3.387368599999999930e+01 1.085091732758111105e-01 -4.361199999999998411e-01 1.769450818757051583e-02 -7.278300000000004211e-02 2.706447741967318854e-02 1.000000000000000000e+00 3.359246800000000377e+01 5.957520380997449738e-02 1.754258336999999983e+03 3.387657156865324026e+01 1.085001852942421852e-01
1.600000000000000000e+04 4.030000000000000000e+03 -5.865400000000000000e+04 3.386997600000000119e+01 1.056213309137884332e-01 -6.371519999999994965e-01 1.464901174141109048e-02 -9.197000000000121744e-03 2.715777520342931017e-02 1.000000000000000000e+00 3.355391799999999591e+01 5.715168414841333838e-02 1.915894583000000011e+03 3.387596967610652854e+01 1.056030030161657640e-01
1.600000000000000000e+04 4.030000000000000000e+03 -5.865400000000000000e+04 3.386832499999999868e+01 1.175851325636026179e-01 -4.542099999999997806e-01 1.770891752761867555e-02 -7.351599999999991475e-02 2.942757360028175687e-02 1.000000000000000000e+00 3.361676099999999678e+01 5.740863880985160733e-02 2.124512514999999894e+03 3.387145036209670224e+01 1.175745400022624038e-01
1.600000000000000000e+04 8.030000000000000000e+03 -5.865400000000000000e+04 3.380055600000000027e+01 1.037068299100883800e-01 1.139785999999999966e+00 2.062050726825118835e-02 -7.851549999999999363e-01 1.919491812954668419e-02 1.000000000000000000e+00 3.356725999999999743e+01 5.393079032426652958e-02 2.327440121999999974e+03 3.382888065557234825e+01 1.036232838012638019e-01
1.600000000000000000e+04 8.030000000000000000e+03 -5.865400000000000000e+04 3.382402400000000142e+01 1.064159990086077229e-01 8.066770000000005325e-01 2.012253008446005659e-02 -7.631040000000000045e-01 2.187167067235605902e-02 1.000000000000000000e+00 3.356599800000000045e+01 5.389620650843619104e-02 2.489076367000000118e+03 3.384224660169181220e+01 1.063609234958482058e-01
1.600000000000000000e+04 8.030000000000000000e+03 -5.865400000000000000e+04 3.379106699999999819e+01 8.568464723624646950e-02 1.112978999999999274e+00 2.203981837493222337e-02 -8.306989999999999652e-01 1.637840315781731101e-02 1.000000000000000000e+00 3.359536399999999645e+01 4.743492304199512649e-02 2.697689299000000119e+03 3.381959479475664665e+01 8.561638736365419222e-02
1.600000000000000000e+04 8.030000000000000000e+03 -5.865400000000000000e+04 3.384738600000000019e+01 9.274070246121710048e-02 8.597039999999998017e-01 1.737292839448778894e-02 -7.985759999999999525e-01 1.789347146307836839e-02 1.000000000000000000e+00 3.359610299999999938e+01 5.073647808037132223e-02 2.859322544000000107e+03 3.386771845915204437e+01 9.268703507398246000e-02
1.600000000000000000e+04 8.030000000000000000e+03 -5.865400000000000000e+04 3.380199799999999755e+01 1.001427889815337535e-01 1.098575999999999553e+00 1.873897417149615260e-02 -8.260300000000000420e-01 1.588175031285909630e-02 1.000000000000000000e+00 3.358567299999999989e+01 6.065427526563976768e-02 3.067949477000000115e+03 3.382993147466721950e+01 1.000627025620293709e-01
2.000000000000000000e+04 -3.970000000000000000e+03 -5.865400000000000000e+04 3.384721899999999550e+01 1.113689436512711184e-01 -1.691195999999999700e+00 2.339655233148679389e-02 9.086300000000013810e-02 3.421385954551166980e-02 1.000000000000000000e+00 3.357804800000000256e+01 5.754074331289091293e-02 3.310471348000000035e+03 3.388956526763283250e+01 1.112359495404828535e-01
2.000000000000000000e+04 -3.970000000000000000e+03 -5.865400000000000000e+04 3.382374300000000034e+01 9.627965195200904880e-02 -1.978099000000000274e+00 1.504692915514657496e-02 -2.208899999999980324e-02 3.071707180054765451e-02 1.000000000000000000e+00 3.356753799999999899e+01 5.284468080138245843e-02 3.425119905000000017e+03 3.388154297117784353e+01 9.611942098564209280e-02
2.000000000000000000e+04 -3.970000000000000000e+03 -5.865400000000000000e+04 3.384238599999999764e+01 1.061832702689081837e-01 -1.664444999999999730e+00 2.205231543398561075e-02 7.306100000000004258e-02 2.768739036095673595e-02 1.000000000000000000e+00 3.357456700000000183e+01 5.381543586184171779e-02 3.680719524999999976e+03 3.388337062986416726e+01 1.060603822229127108e-01
2.000000000000000000e+04 -3.970000000000000000e+03 -5.865400000000000000e+04 3.383188599999999724e+01 1.308271357249710665e-01 -1.961455000000000837e+00 1.996465188777404864e-02 -7.106999999999974449e-03 2.830006434621660030e-02 1.000000000000000000e+00 3.356784100000000137e+01 5.619141237769344210e-02 3.795376083000000108e+03 3.388869821258217030e+01 1.306129242905602617e-01
2.000000000000000000e+04 -3.970000000000000000e+03 -5.865400000000000000e+04 3.384106799999999993e+01 1.037274733568691598e-01 -1.603928999999999938e+00 1.946433058186178983e-02 9.784799999999993503e-02 2.883370558911913309e-02 1.000000000000000000e+00 3.354955700000000007e+01 5.366921666095007121e-02 4.050994702999999845e+03 3.387919783360829484e+01 1.036148629304806806e-01
2.000000000000000000e+04 3.000000000000000000e+01 -5.865400000000000000e+04 3.379380700000000104e+01 1.155841499384755722e-01 -6.822789999999994137e-01 2.068509269981645346e-02 9.698189999999999866e-01 1.627524500583631822e-02 1.000000000000000000e+00 3.356604699999999752e+01 5.062615479176747063e-02 4.254036317000000054e+03 3.381460402074598903e+01 1.155147592372760684e-01
2.000000000000000000e+04 3.000000000000000000e+01 -5.865400000000000000e+04 3.377240600000000370e+01 1.092124527743974782e-01 -1.088260000000000005e+00 1.969191115661453328e-02 9.527330000000000521e-01 1.616753939225137535e-02 1.000000000000000000e+00 3.354212700000000069e+01 4.122985346808790558e-02 4.368704875000000357e+03 3.380336398978251111e+01 1.091152263529323457e-01
2.000000000000000000e+04 3.000000000000000000e+01 -5.865400000000000000e+04 3.381975800000000021e+01 9.826469641738073968e-02 -8.586790000000004142e-01 1.808441655127419195e-02 9.255569999999999631e-01 1.685063322252312173e-02 1.000000000000000000e+00 3.356104100000000301e+01 6.038415628291911308e-02 4.624312495000000126e+03 3.384331568513720612e+01 9.819844958319484673e-02
2.000000000000000000e+04 3.000000000000000000e+01 -5.865400000000000000e+04 3.380584699999999998e+01 1.096626111170074247e-01 -1.241585999999999856e+00 2.023112307806959262e-02 9.138999999999999346e-01 1.211140739138106930e-02 1.000000000000000000e+00 3.361334399999999789e+01 5.120968894652651315e-02 4.738972053999999844e+03 3.384098167005213753e+01 1.095517591140535985e-01
2.000000000000000000e+04 3.000000000000000000e+01 -5.865400000000000000e+04 3.382488299999999981e+01 1.053901317628932466e-01 -8.647740000000005978e-01 1.744245203519275908e-02 9.393050000000000566e-01 1.494941232958673857e-02 1.000000000000000000e+00 3.355407199999999790e+01 5.081233529370599716e-02 4.994576672999999573e+03 3.384897100234791623e+01 1.053168926130391980e-01
2.000000000000000000e+04 4.030000000000000000e+03 -5.865400000000000000e+04 3.390790899999999652e+01 1.028404326955113385e-01 -3.840589999999997062e-01 1.846895527635496886e-02 -2.464800000000000324e-02 3.158563580173746888e-02 1.000000000000000000e+00 3.360227700000000084e+01 6.457117221330273271e-02 1.407506505000000061e+03 3.391009291629360689e+01 1.028340247555171588e-01
2.000000000000000000e+04 4.030000000000000000e+03 -5.865400000000000000e+04 3.389643799999999629e+01 8.441660455739735669e-02 -6.407790000000002095e-01 2.198760159726385541e-02 4.415000000000013358e-02 2.955720284465362252e-02 1.000000000000000000e+00 3.356883399999999540e+01 4.903627862103730056e-02 1.522165062000000034e+03 3.390252285652477582e+01 8.440248528094836111e-02
2.000000000000000000e+04 4.030000000000000000e+03 -5.865400000000000000e+04 3.391258899999999699e+01 9.951234064175157323e-02 -4.218080000000004048e-01 1.702791781164097670e-02 -1.231000000000204153e-03 3.097951692651130032e-02 1.000000000000000000e+00 3.355976499999999874e+01 6.659133686148671627e-02 1.777750680999999986e+03 3.391521216485525514e+01 9.950486925405989391e-02
2.000000000000000000e+04 4.030000000000000000e+03 -5.865400000000000000e+04 3.390247800000000211e+01 1.042234409717890664e-01 -6.766750000000003595e-01 2.007007135014721513e-02 5.975399999999986278e-02 2.832371488699884574e-02 1.000000000000000000e+00 3.357923499999999706e+01 6.172388362700454573e-02 1.892407238999999890e+03 3.390928300829472164e+01 1.042033067593668982e-01
2.000000000000000000e+04 4.030000000000000000e+03 -5.865400000000000000e+04 3.390017699999999934e+01 9.802387693312278327e-02 -4.251810000000002532e-01 1.635164325075617528e-02 -2.806999999999959527e-02 2.375014427324600649e-02 1.000000000000000000e+00 3.356300300000000192e+01 5.189957954550306063e-02 2.148005858999999873e+03 3.390285485676670163e+01 9.801635089574954607e-02
2.000000000000000000e+04 8.030000000000000000e+03 -5.865400000000000000e+04 3.380068099999999731e+01 9.995383530910657843e-02 1.203826999999999536e+00 1.482015833248754438e-02 -8.623950000000000227e-01 1.421381708057339703e-02 1.000000000000000000e+00 3.355831899999999735e+01 4.676053597853643135e-02 2.350933465000000069e+03 3.383310450794775903e+01 9.986009542640639225e-02
2.000000000000000000e+04 8.030000000000000000e+03 -5.865400000000000000e+04 3.381163600000000002e+01 1.150169627707148257e-01 9.119690000000000296e-01 2.056340956650914986e-02 -8.271109999999999296e-01 1.755561178085229823e-02 1.000000000000000000e+00 3.356481600000000043e+01 4.979231484877962716e-02 2.465585023000000092e+03 3.383404393594974380e+01 1.149429258289761807e-01
2.000000000000000000e+04 8.030000000000000000e+03 -5.865400000000000000e+04 3.377073699999999690e+01 1.078444603769706939e-01 1.155365999999999893e+00 1.750817686111263982e-02 -8.433969999999999523e-01 1.832643972516211431e-02 1.000000000000000000e+00 3.356446900000000255e+01 5.612992978794824339e-02 2.721184643000000051e+03 3.380101872158195420e+01 1.077504767472304281e-01
2.000000000000000000e+04 8.030000000000000000e+03 -5.865400000000000000e+04 3.382391400000000203e+01 1.002547460223205539e-01 9.371320000000000761e-01 1.543800974866902861e-02 -8.515510000000000579e-01 1.808072703184249869e-02 1.000000000000000000e+00 3.356894299999999731e+01 7.630214304985150076e-02 2.835827200000000175e+03 3.384760720893607555e+01 1.001865125018789465e-01
2.000000000000000000e+04 8.030000000000000000e+03 -5.865400000000000000e+04 3.380331900000000189e+01 1.075660482215461955e-01 1.155039000000000371e+00 1.946287799889831124e-02 -8.745850000000000568e-01 1.518794854481670883e-02 1.000000000000000000e+00 3.360324099999999703e+01 4.959688809794420700e-02 3.091439820000000054e+03 3.383435220939669819e+01 1.074701585477452342e-01
2.400000000000000000e+04 -3.970000000000000000e+03 -5.865400000000000000e+04 3.387849400000000344e+01 1.245010826499111101e-01 -1.558061000000000362e+00 2.194762914303046222e-02 -2.248999999999945487e-03 3.197987057509769915e-02 1.000000000000000000e+00 3.359060000000000201e+01 6.794631816367976973e-02 3.333959691999999905e+03 3.391430251156226205e+01 1.243737150596403440e-01
2.400000000000000000e+04 -3.970000000000000000e+03 -5.865400000000000000e+04 3.386746499999999571e+01 9.671856874457976372e-02 -1.830257000000000467e+00 2.330166433969900128e-02 -7.584600000000030207e-02 3.015084191195993926e-02 1.000000000000000000e+00 3.359049600000000169e+01 6.285937296855577394e-02 3.401629562000000078e+03 3.391696889210457755e+01 9.658561100980918301e-02
2.400000000000000000e+04 -3.970000000000000000e+03 -5.865400000000000000e+04 3.388016999999999967e+01 9.307127531091426154e-02 -1.577090000000000103e+00 2.635483416756781785e-02 -5.185199999999934306e-02 2.705061125002538452e-02 1.000000000000000000e+00 3.354261799999999738e+01 6.103693298323565469e-02 3.704207868999999846e+03 3.391689580027782824e+01 9.297858152912229224e-02
2.400000000000000000e+04 -3.970000000000000000e+03 -5.865400000000000000e+04 3.386686799999999664e+01 9.151200631611133840e-02 -1.708719999999999573e+00 1.738222103184745501e-02 -1.014330000000001064e-01 2.684852390728399013e-02 1.000000000000000000e+00 3.353294200000000558e+01 5.658958748745213790e-02 3.771885738999999830e+03 3.391009821308857397e+01 9.139957463746509192e-02
2.400000000000000000e+04 -3.970000000000000000e+03 -5.865400000000000000e+04 3.388257000000000119e+01 9.306178208588099243e-02 -1.634240000000000137e+00 1.955942977185173501e-02 -7.946200000000036567e-02 2.939920992135672956e-02 1.000000000000000000e+00 3.356892899999999713e+01 5.081956777659566576e-02 4.074486046999999871e+03 3.392205188947072259e+01 9.295826904745249641e-02
2.400000000000000000e+04 3.000000000000000000e+01 -5.865400000000000000e+04 3.379409199999999913e+01 1.166542605522833120e-01 -6.870710000000004314e-01 1.781260048392710113e-02 1.010442999999999980e+00 1.489410144990290993e-02 1.000000000000000000e+00 3.358145999999999987e+01 6.620703628014171227e-02 4.277531660999999986e+03 3.381617535617760950e+01 1.165794917647248741e-01
2.400000000000000000e+04 3.000000000000000000e+01 -5.865400000000000000e+04 3.384921500000000094e+01 1.099042789339887277e-01 -9.117290000000002337e-01 2.013447292580563056e-02 9.591100000000000181e-01 1.478181024096845812e-02 1.000000000000000000e+00 3.357588300000000459e+01 5.313901302244895819e-02 4.345211532000000261e+03 3.387507192431871772e+01 1.098225232115424138e-01
2.400000000000000000e+04 3.000000000000000000e+01 -5.865400000000000000e+04 3.379565300000000150e+01 1.044050856472039934e-01 -8.548219999999995267e-01 2.043542671440946520e-02 9.956169999999999742e-01 1.633428593480596575e-02 1.000000000000000000e+00 3.354518099999999947e+01 6.332306829268462278e-02 4.647798839000000044e+03 3.382111966743239151e+01 1.043288572185395169e-01
2.400000000000000000e+04 3.000000000000000000e+01 -5.865400000000000000e+04 3.379738799999999799e+01 9.573818185551677407e-02 -1.043174999999999741e+00 1.581957900830486749e-02 9.709560000000000413e-01 1.573871179607784845e-02 1.000000000000000000e+00 3.358703899999999720e+01 6.510989886338329480e-02 4.715478710000000319e+03 3.382742090755819220e+01 9.565549367298606387e-02
2.400000000000000000e+04 3.000000000000000000e+01 -5.865400000000000000e+04 3.382723000000000013e+01 1.110179927759460117e-01 -8.556080000000001462e-01 1.412357706107061212e-02 9.593530000000000113e-01 1.575984828607179464e-02 1.000000000000000000e+00 3.355475799999999964e+01 5.594119045032917847e-02 5.018071017000000211e+03 3.385164564243772389e+01 1.109393939759433789e-01
2.400000000000000000e+04 4.030000000000000000e+03 -5.865400000000000000e+04 3.395237600000000100e+01 1.081487760633471074e-01 -2.995800000000006236e-01 1.946104303473994088e-02 7.458799999999987662e-02 2.908830460855358832e-02 1.000000000000000000e+00 3.360095700000000107e+01 6.039801892446473863e-02 1.430996848000000000e+03 3.395377957741258967e+01 1.081444606163787792e-01
2.400000000000000000e+04 4.030000000000000000e+03 -5.865400000000000000e+04 3.394429499999999678e+01 1.052852176613602309e-01 -4.642059999999998965e-01 1.918062449452571927e-02 1.290909999999998448e-01 2.687991815463729867e-02 1.000000000000000000e+00 3.357373699999999417e+01 4.713606386833758127e-02 1.498674719000000096e+03 3.394771442591889610e+01 1.052749890149510259e-01
2.400000000000000000e+04 4.030000000000000000e+03 -5.865400000000000000e+04 3.394308200000000397e+01 1.090594372349316804e-01 -3.251739999999996300e-01 1.521576264930548858e-02 8.725699999999969592e-02 2.828609504686003737e-02 1.000000000000000000e+00 3.355934700000000248e+01 5.575935862256666681e-02 1.801240025000000060e+03 3.394475169408445225e+01 1.090541944056264978e-01
2.400000000000000000e+04 4.030000000000000000e+03 -5.865400000000000000e+04 3.394280399999999531e+01 1.202599754282362987e-01 -5.711779999999997415e-01 1.820474251397146206e-02 1.474500000000000810e-01 2.716251404049338167e-02 1.000000000000000000e+00 3.357187400000000110e+01 5.292479126080706919e-02 1.868918895999999904e+03 3.394792967461491173e+01 1.202422658104856795e-01
2.400000000000000000e+04 4.030000000000000000e+03 -5.865400000000000000e+04 3.394509099999999790e+01 1.066710522025539898e-01 -3.627240000000000464e-01 2.034180744181794676e-02 1.159419999999999895e-01 2.835918315114171334e-02 1.000000000000000000e+00 3.356531199999999870e+01 4.777873713274556622e-02 2.171499201999999968e+03 3.394722690067365534e+01 1.066646060690988884e-01
2.400000000000000000e+04 8.030000000000000000e+03 -5.865400000000000000e+04 3.382880099999999857e+01 1.040588293995276525e-01 1.211768000000000178e+00 1.943990066847050766e-02 -9.342249999999998611e-01 1.285090802239281446e-02 1.000000000000000000e+00 3.360021100000000160e+01 5.231938995248320429e-02 2.374425808999999845e+03 3.386338635065975922e+01 1.039554841326141565e-01
2.400000000000000000e+04 8.030000000000000000e+03 -5.865400000000000000e+04 3.380496699999999777e+01 9.194187708003355441e-02 1.082686999999999955e+00 1.982759692953233246e-02 -8.943550000000000111e-01 1.588502127792090768e-02 1.000000000000000000e+00 3.357910100000000142e+01 6.113063717155253762e-02 2.442097679999999855e+03 3.383412295120242419e+01 9.186579853912382743e-02
2.400000000000000000e+04 8.030000000000000000e+03 -5.865400000000000000e+04 3.382193900000000042e+01 1.136242622198269797e-01 1.165077000000000140e+00 1.988122154194756769e-02 -9.083400000000000363e-01 1.621878102694527396e-02 1.000000000000000000e+00 3.357028400000000090e+01 4.824210519867473679e-02 2.744674985999999990e+03 3.385418797861277795e+01 1.135189215400640717e-01
2.400000000000000000e+04 8.030000000000000000e+03 -5.865400000000000000e+04 3.381518900000000372e+01 9.055058432169280080e-02 1.060935999999999879e+00 2.078373195554638481e-02 -9.013819999999999055e-01 1.543838090604063296e-02 1.000000000000000000e+00 3.357076099999999741e+01 5.614510597549887683e-02 2.812337856000000102e+03 3.384383373395722572e+01 9.047722435141229702e-02
2.400000000000000000e+04 8.030000000000000000e+03 -5.865400000000000000e+04 3.382007199999999614e+01 9.680303913101075131e-02 1.181338000000000221e+00 1.669751649198167320e-02 -9.257800000000000473e-01 1.668478648350047236e-02 1.000000000000000000e+00 3.360710999999999871e+01 5.611946323691986011e-02 3.114933164000000033e+03 3.385335874272784196e+01 9.671068797042295384e-02
2.800000000000000000e+04 -3.970000000000000000e+03 -5.865400000000000000e+04 3.392291300000000120e+01 1.052943855293339004e-01 -1.487294999999999590e+00 2.047156811287303285e-02 -1.724909999999999499e-01 3.337796842229916183e-02 1.000000000000000000e+00 3.359288499999999544e+01 5.698187242448250756e-02 3.357449035000000094e+03 3.395593947997426909e+01 1.051959315540168388e-01
2.800000000000000000e+04 -3.970000000000000000e+03 -5.865400000000000000e+04 3.388468300000000255e+01 1.102111396366084323e-01 -1.477287999999999712e+00 2.489974797061207321e-02 -1.867360000000006792e-01 3.896387529494467483e-02 1.000000000000000000e+00 3.351617399999999947e+01 8.111982177618488887e-02 3.378140218000000004e+03 3.391738480748669105e+01 1.101104284325329641e-01
2.800000000000000000e+04 -3.970000000000000000e+03 -5.865400000000000000e+04 3.392384400000000255e+01 9.179185672487510939e-02 -1.487544999999999895e+00 1.970904142773057324e-02 -1.811479999999994206e-01 2.929970539101033056e-02 1.000000000000000000e+00 3.358747100000000074e+01 5.424848388664885168e-02 3.727699211999999989e+03 3.395692560378905966e+01 9.170662860322373322e-02
2.800000000000000000e+04 -3.970000000000000000e+03 -5.865400000000000000e+04 3.387979800000000097e+01 9.701738995664643816e-02 -1.491780000000000328e+00 1.863154319963861508e-02 -1.930389999999997386e-01 3.814996598949991352e-02 1.000000000000000000e+00 3.348530300000000182e+01 5.710113501498897265e-02 3.748393395000000055e+03 3.391317419742252781e+01 9.692561704783446419e-02
2.800000000000000000e+04 -3.970000000000000000e+03 -5.865400000000000000e+04 3.393117300000000114e+01 9.228291934047166967e-02 -1.535859999999999559e+00 1.771557732618386782e-02 -2.193360000000001975e-01 3.204640580470764777e-02 1.000000000000000000e+00 3.353230200000000139e+01 5.083727773986329579e-02 4.097982390999999552e+03 3.396662296102491752e+01 9.219031882660325139e-02
2.800000000000000000e+04 3.000000000000000000e+01 -5.865400000000000000e+04 3.382326700000000130e+01 1.149768063567604970e-01 -6.587920000000000442e-01 1.751607869929796765e-02 1.045150000000000023e+00 1.970914193971924286e-02 1.000000000000000000e+00 3.359436000000000178e+01 4.731726164942345880e-02 4.301021004000000175e+03 3.384582302109158292e+01 1.149022995496113281e-01
2.800000000000000000e+04 3.000000000000000000e+01 -5.865400000000000000e+04 3.380158099999999877e+01 1.095368262503528950e-01 -6.513559999999998240e-01 1.829738246307378163e-02 1.048295999999999895e+00 1.556170957832075756e-02 1.000000000000000000e+00 3.347967099999999618e+01 6.059583293428682377e-02 4.321713187999999718e+03 3.382410482543348706e+01 1.094655141214091465e-01
2.800000000000000000e+04 3.000000000000000000e+01 -5.865400000000000000e+04 3.381512000000000029e+01 1.136707524079963033e-01 -7.597100000000001074e-01 1.720990046455818379e-02 1.040518999999999972e+00 1.440837343352815818e-02 1.000000000000000000e+00 3.359569100000000219e+01 5.221131732680185655e-02 4.671291183000000274e+03 3.383965395342956128e+01 1.135898615253545657e-01
2.800000000000000000e+04 3.000000000000000000e+01 -5.865400000000000000e+04 3.378900099999999895e+01 1.135587819281274335e-01 -7.601480000000000459e-01 2.101964462116331575e-02 1.027139000000000024e+00 1.641121972919746055e-02 1.000000000000000000e+00 3.350766000000000133e+01 7.462874194973409536e-02 4.691986366000000089e+03 3.381315466035705697e+01 1.134797426685228844e-01
2.800000000000000000e+04 3.000000000000000000e+01 -5.865400000000000000e+04 3.382746600000000115e+01 1.018067543191511493e-01 -7.711189999999996658e-01 1.862846963655361704e-02 1.008443999999999896e+00 1.691029727710308475e-02 1.000000000000000000e+00 3.355134999999999934e+01 5.199289914978776073e-02 5.041561359999999695e+03 3.385127825938709378e+01 1.017372718652620883e-01
2.800000000000000000e+04 4.030000000000000000e+03 -5.865400000000000000e+04 3.399505899999999770e+01 9.967232777957983625e-02 -3.158140000000004832e-01 1.981013288698488251e-02 2.118639999999998302e-01 2.946057059868325070e-02 1.000000000000000000e+00 3.357030900000000173e+01 4.876270100189283169e-02 1.454490191999999979e+03 3.399718607841791140e+01 9.966643063789758228e-02
2.800000000000000000e+04 4.030000000000000000e+03 -5.865400000000000000e+04 3.394262299999999755e+01 9.018137690787383920e-02 -2.761530000000007590e-01 1.672885043868824889e-02 2.009180000000001520e-01 3.611470582740498869e-02 1.000000000000000000e+00 3.350504699999999758e+01 7.770922851244889407e-02 1.475184375000000045e+03 3.394434098111586451e+01 9.017716873869766059e-02
2.800000000000000000e+04 4.030000000000000000e+03 -5.865400000000000000e+04 3.399262099999999975e+01 1.042978127527130761e-01 -3.261300000000000310e-01 1.830265773050460468e-02 1.957059999999999356e-01 2.326280475351155674e-02 1.000000000000000000e+00 3.356507899999999722e+01 5.793546448420000550e-02 1.824732367999999951e+03 3.399474877190559852e+01 1.042915184259122774e-01
2.800000000000000000e+04 4.030000000000000000e+03 -5.865400000000000000e+04 3.394505399999999895e+01 1.123031930623524105e-01 -3.261120000000001795e-01 1.730912845870640621e-02 1.939820000000000988e-01 3.634960545865663362e-02 1.000000000000000000e+00 3.349131799999999970e+01 6.172422425595967127e-02 1.845426551999999901e+03 3.394717468532225269e+01 1.122964926673054864e-01
2.800000000000000000e+04 4.030000000000000000e+03 -5.865400000000000000e+04 3.399567100000000153e+01 1.053151735031566949e-01 -3.407740000000005764e-01 1.433477226885728970e-02 2.147570000000000867e-01 2.470214235648398107e-02 1.000000000000000000e+00 3.356186600000000197e+01 4.527143315602014800e-02 2.194986546000000089e+03 3.399805721255798119e+01 1.053079953972231725e-01
2.800000000000000000e+04 8.030000000000000000e+03 -5.865400000000000000e+04 3.384872899999999873e+01 1.043560579602353516e-01 1.203973999999999656e+00 1.930067027333506879e-02 -9.118930000000000646e-01 1.720335438221278976e-02 1.000000000000000000e+00 3.360647000000000162e+01 6.268661408945293279e-02 2.397919152999999824e+03 3.388240778267633146e+01 1.042556130126871539e-01
2.800000000000000000e+04 8.030000000000000000e+03 -5.865400000000000000e+04 3.379782600000000059e+01 9.921983456950531077e-02 1.208145000000000024e+00 1.802465716733608198e-02 -9.291040000000000409e-01 1.715158817719222156e-02 1.000000000000000000e+00 3.347879600000000266e+01 7.361081292853653701e-02 2.418609335999999985e+03 3.383217242374655598e+01 9.912231558721566749e-02
2.800000000000000000e+04 8.030000000000000000e+03 -5.865400000000000000e+04 3.377517399999999981e+01 1.085008440980990696e-01 1.178069999999999951e+00 1.949977071660074709e-02 -9.570469999999999811e-01 1.639128625215239068e-02 1.000000000000000000e+00 3.357194799999999901e+01 6.050940241813663328e-02 2.768165329999999813e+03 3.380926155087367135e+01 1.083945728621796833e-01
2.800000000000000000e+04 8.030000000000000000e+03 -5.865400000000000000e+04 3.376832500000000437e+01 9.554242344110808194e-02 1.184144000000000752e+00 1.978475789591573747e-02 -9.366389999999999993e-01 1.683679770621480248e-02 1.000000000000000000e+00 3.345402099999999734e+01 5.227030450456549709e-02 2.788852512999999817e+03 3.380206003980648433e+01 9.545072706024018694e-02
2.800000000000000000e+04 8.030000000000000000e+03 -5.865400000000000000e+04 3.380947700000000111e+01 1.023128433042499313e-01 1.196696000000000204e+00 1.779249785724308988e-02 -9.238189999999999458e-01 1.531143236278043225e-02 1.000000000000000000e+00 3.355964500000000328e+01 5.266566839982190357e-02 3.138424508000000060e+03 3.384326015434544388e+01 1.022135029668353040e-01
