2.525000000000000000e+03 -3.950000000000000000e+03 -5.203200000000000000e+04 3.399867622143300849e+01 8.705962442899817244e-02 -2.939263101559852487e-02 2.237008791630289845e-02 1.615687570522972294e-02 2.441272841979495040e-02 1.000000000000000000e+00 3.267217200000000332e+01 3.282128774134250582e-02 2.262124385999999959e+03 3.399869276577005195e+01 8.705958498534643875e-02
2.525000000000000000e+03 -3.950000000000000000e+03 -5.203200000000000000e+04 3.397620419469589592e+01 9.419495370126323985e-02 1.105157102802856173e-02 2.013142575625141706e-02 -3.225778818356062061e-03 2.293844097225028814e-02 1.000000000000000000e+00 3.269672400000000323e+01 4.121370651858432405e-02 2.680241301000000021e+03 3.397620614522083571e+01 9.419494854645227289e-02
2.525000000000000000e+03 -3.950000000000000000e+03 -5.203200000000000000e+04 3.396139130123941641e+01 1.091781254605409812e-01 1.834131391593096794e-02 2.169432395015746112e-02 -1.294544656346019451e-02 2.697966566264299593e-02 1.000000000000000000e+00 3.259229700000000207e+01 5.086353375454757270e-02 2.701022489999999834e+03 3.396139872125827708e+01 1.091781027199017068e-01
2.525000000000000000e+03 5.000000000000000000e+01 -5.203200000000000000e+04 3.395308859229513843e+01 1.070945691698573093e-01 2.134413476535268472e-01 2.019922057368821536e-02 3.713531678515380463e-02 1.927009132147890907e-02 1.000000000000000000e+00 3.266372299999999740e+01 3.421337693066850427e-02 2.956805119999999988e+03 3.395377977776382039e+01 1.070924664330599740e-01
2.525000000000000000e+03 5.000000000000000000e+01 -5.203200000000000000e+04 3.399066090857858313e+01 1.045069442749971128e-01 -1.079478041175603309e-01 1.620438288988388514e-02 -1.497065111640250024e-02 1.914177978821939713e-02 1.000000000000000000e+00 3.267651800000000151e+01 3.781741897591638091e-02 3.375491066999999930e+03 3.399083561565942091e+01 1.045064201378003294e-01
2.525000000000000000e+03 5.000000000000000000e+01 -5.203200000000000000e+04 3.394753614526391061e+01 1.014163506947304283e-01 -1.054934876765081242e-01 2.055375399546000709e-02 -2.216468571881158311e-02 1.648425504709154915e-02 1.000000000000000000e+00 3.262883000000000067e+01 5.528283446061715845e-02 3.396270255999999790e+03 3.394770729347174409e+01 1.014158600857764381e-01
2.525000000000000000e+03 4.050000000000000000e+03 -5.203200000000000000e+04 3.397167329000208724e+01 9.887190718845766113e-02 5.057544092558252657e-02 1.906527598731232870e-02 -4.166654431442395889e-02 2.001107904248615454e-02 1.000000000000000000e+00 3.270843200000000195e+01 4.173397868643726610e-02 8.428592089999999644e+02 3.397173648930506573e+01 9.887173037255946040e-02
2.525000000000000000e+03 4.050000000000000000e+03 -5.203200000000000000e+04 3.398005927261868919e+01 8.001640827178872761e-02 -2.519442314382214221e-02 1.656440505393861826e-02 5.668422342982815110e-03 1.766754661778116228e-02 1.000000000000000000e+00 3.266375800000000140e+01 2.920533958028908098e-02 1.260959123000000091e+03 3.398006908557793082e+01 8.001638616101601487e-02
2.525000000000000000e+03 4.050000000000000000e+03 -5.203200000000000000e+04 3.395223992824077186e+01 1.028634934177054261e-01 -2.536525672484568616e-02 1.612212402622547475e-02 3.596810419395524150e-02 2.447957570687608192e-02 1.000000000000000000e+00 3.262520299999999907e+01 5.345884829473975669e-02 1.281749311999999918e+03 3.395226845507668401e+01 1.028634109655412188e-01
2.525000000000000000e+03 8.050000000000000000e+03 -5.203200000000000000e+04 3.395871177272234576e+01 1.040500799746068294e-01 2.372778262021224549e-02 1.719748790979465716e-02 -2.760658831375817357e-02 2.074893929506736734e-02 1.000000000000000000e+00 3.265808599999999728e+01 4.168265957205705835e-02 1.537624947000000020e+03 3.395873128363628268e+01 1.040500222539513520e-01
2.525000000000000000e+03 8.050000000000000000e+03 -5.203200000000000000e+04 3.401112860733910281e+01 1.049894962627399148e-01 -1.731575331931267669e-02 1.868783316458176580e-02 1.559862511403053986e-02 1.853738320553570754e-02 1.000000000000000000e+00 3.268294000000000210e+01 4.158719218701834724e-02 1.955611855000000105e+03 3.401113659226017205e+01 1.049894723893020354e-01
2.525000000000000000e+03 8.050000000000000000e+03 -5.203200000000000000e+04 3.395049065491041773e+01 1.132114507322522917e-01 -6.429773543961125881e-03 1.758455945030674983e-02 1.200613940255923495e-02 1.766859142765607113e-02 1.000000000000000000e+00 3.261320299999999861e+01 4.205526027740168205e-02 1.976393043000000034e+03 3.395049338667305250e+01 1.132114418443124770e-01
4.525000000000000000e+03 -3.950000000000000000e+03 -5.203200000000000000e+04 3.398790101222542148e+01 1.011590122051323204e-01 -1.895373286567902937e-02 1.916137720069727504e-02 1.430001843854888932e-03 2.624862759182831559e-02 1.000000000000000000e+00 3.270322500000000332e+01 4.329024178726656458e-02 2.285305711999999858e+03 3.398790632718833393e+01 1.011589969564748864e-01
4.525000000000000000e+03 -3.950000000000000000e+03 -5.203200000000000000e+04 3.397483749446909940e+01 9.747999183179628657e-02 -3.425241710489146385e-02 2.237762465779679494e-02 -2.552609470922373447e-02 2.626990287663230964e-02 1.000000000000000000e+00 3.268685500000000133e+01 3.649335418949592458e-02 2.657163981000000149e+03 3.397486434976852365e+01 9.747991938790885602e-02
4.525000000000000000e+03 -3.950000000000000000e+03 -5.203200000000000000e+04 3.398852629938920700e+01 8.308578242029901473e-02 5.321066999558343724e-02 1.901127145369729474e-02 2.409149395360543622e-02 2.626892499362247502e-02 1.000000000000000000e+00 3.269327699999999481e+01 5.282858296414925242e-02 2.724103810000000067e+03 3.398857648945824650e+01 8.308566714686037302e-02
4.525000000000000000e+03 5.000000000000000000e+01 -5.203200000000000000e+04 3.394604470128901852e+01 1.067059555765930562e-01 1.445416048601151360e-01 2.110533312817998441e-02 1.216909000780752592e-03 1.725608947689773187e-02 1.000000000000000000e+00 3.268327299999999980e+01 2.936057741257824816e-02 2.979989446000000044e+03 3.394635244939160401e+01 1.067050260537146938e-01
4.525000000000000000e+03 5.000000000000000000e+01 -5.203200000000000000e+04 3.394393985151810966e+01 1.128850016535930395e-01 -1.053584023285614180e-01 1.721355217458460374e-02 -2.576228564141391786e-02 1.673421056402595031e-02 1.000000000000000000e+00 3.267211700000000008e+01 2.773049759741069015e-02 3.352411747000000105e+03 3.394411313809482778e+01 1.128844387279388933e-01
4.525000000000000000e+03 5.000000000000000000e+01 -5.203200000000000000e+04 3.395616652806217672e+01 1.125115478824238596e-01 -3.917672254835302681e-02 1.777673191116075496e-02 2.452880369016607887e-02 1.451975463497098655e-02 1.000000000000000000e+00 3.264822600000000108e+01 2.372110328378509297e-02 3.419357575999999881e+03 3.395619798739679851e+01 1.125114460023171892e-01
4.525000000000000000e+03 4.050000000000000000e+03 -5.203200000000000000e+04 3.397117385557121594e+01 9.281309056248057687e-02 3.657320746193004624e-02 1.499005050196672989e-02 -2.413899997876356451e-02 2.206083172025172928e-02 1.000000000000000000e+00 3.267561399999999594e+01 4.560383600093308176e-02 8.659405289999999695e+02 3.397120211909300735e+01 9.281301607024806943e-02
4.525000000000000000e+03 4.050000000000000000e+03 -5.203200000000000000e+04 3.396741506082949513e+01 1.183214794619445454e-01 -3.347346896095881874e-02 1.869235832118304116e-02 2.078722632833773787e-02 2.097606164963121064e-02 1.000000000000000000e+00 3.269572099999999892e+01 3.330067190012837852e-02 1.237879803000000038e+03 3.396743791481142694e+01 1.183214019830651220e-01
4.525000000000000000e+03 4.050000000000000000e+03 -5.203200000000000000e+04 3.397539205752489977e+01 9.121982674424439219e-02 -3.115592778338616142e-03 2.295280465347402168e-02 3.372734277115263524e-03 2.188749280501307848e-02 1.000000000000000000e+00 3.266792999999999836e+01 5.679439265455701186e-02 1.304833632000000080e+03 3.397539236778261085e+01 9.121982596139967259e-02
4.525000000000000000e+03 8.050000000000000000e+03 -5.203200000000000000e+04 3.393039112333057972e+01 7.906435564979591435e-02 4.559007303200068861e-02 1.934036745914777256e-02 1.029798909380108540e-02 1.926688052663744904e-02 1.000000000000000000e+00 3.267873399999999862e+01 4.508551932716312743e-02 1.560814272999999957e+03 3.393042331426958924e+01 7.906428512553537180e-02
4.525000000000000000e+03 8.050000000000000000e+03 -5.203200000000000000e+04 3.395254255750981542e+01 8.945026967977824650e-02 -3.951583702792049735e-02 2.069270299619536610e-02 1.866989733956447850e-02 1.557904364607122852e-02 1.000000000000000000e+00 3.272093300000000227e+01 4.246134736439718949e-02 1.932530533999999989e+03 3.395257068597248207e+01 8.945019922576842586e-02
4.525000000000000000e+03 8.050000000000000000e+03 -5.203200000000000000e+04 3.399923316550122365e+01 9.175520006529931660e-02 -6.096188529553181468e-03 1.673596251329448337e-02 -2.894057970738561636e-02 1.726191793314111461e-02 1.000000000000000000e+00 3.270589799999999769e+01 3.784968593000475473e-02 1.999493363999999929e+03 3.399924602932816242e+01 9.175516657472115867e-02
8.525000000000000000e+03 -3.950000000000000000e+03 -5.203200000000000000e+04 3.397428916943387378e+01 1.013998707780961878e-01 1.699654331446254218e-03 1.914115698487598924e-02 -5.916350589732388698e-03 2.339829789676435914e-02 1.000000000000000000e+00 3.268415699999999902e+01 3.236721120207917968e-02 2.310394146999999975e+03 3.397428972709129624e+01 1.013998692000969010e-01
8.525000000000000000e+03 -3.950000000000000000e+03 -5.203200000000000000e+04 3.398267040516788029e+01 9.986980613646728733e-02 -1.506798912149154290e-02 1.946758849714195355e-02 -4.253162893916240250e-02 2.270861326392228582e-02 1.000000000000000000e+00 3.268224999999999625e+01 3.500841627380478494e-02 2.632087547000000086e+03 3.398270036136077010e+01 9.986972251710773962e-02
8.525000000000000000e+03 -3.950000000000000000e+03 -5.203200000000000000e+04 3.397233464101429945e+01 1.200308898713638162e-01 1.336764872727869147e-02 2.348743271240471414e-02 4.845263226295415393e-02 2.713839730471929307e-02 1.000000000000000000e+00 3.265050499999999545e+01 3.373434109331320541e-02 2.749183243999999831e+03 3.397237182347834761e+01 1.200307650950405980e-01
8.525000000000000000e+03 5.000000000000000000e+01 -5.203200000000000000e+04 3.397612966480109264e+01 1.161914654117746637e-01 9.566580803047575188e-02 1.918843287225808006e-02 1.162933459032000627e-02 1.893752236622351509e-02 1.000000000000000000e+00 3.271111799999999903e+01 4.608134074655380330e-02 3.005068879999999808e+03 3.397626633677729302e+01 1.161910107654645641e-01
8.525000000000000000e+03 5.000000000000000000e+01 -5.203200000000000000e+04 3.396485660909911530e+01 1.005276843699485501e-01 -7.055976944685049546e-02 2.010376214807422027e-02 -3.109657063670390187e-02 1.631275613468349470e-02 1.000000000000000000e+00 3.268063599999999980e+01 4.633090602394906998e-02 3.327333313000000089e+03 3.396494413589449124e+01 1.005274350975684100e-01
8.525000000000000000e+03 5.000000000000000000e+01 -5.203200000000000000e+04 3.398975482046210317e+01 1.020983935071441279e-01 -2.510757655292650270e-02 2.030696866348494223e-02 1.947097035608447158e-02 1.686254876821965260e-02 1.000000000000000000e+00 3.269110100000000330e+01 3.663418753022918556e-02 3.444436009999999897e+03 3.398976967065551946e+01 1.020983504590563806e-01
8.525000000000000000e+03 4.050000000000000000e+03 -5.203200000000000000e+04 3.397309308640533487e+01 8.352344701746325373e-02 3.489606278266954575e-02 1.743597084426516328e-02 1.362193448520976347e-02 2.445055780629445952e-02 1.000000000000000000e+00 3.267415900000000306e+01 5.523197075969677600e-02 8.910179630000000088e+02 3.397311373939484724e+01 8.352339873727973596e-02
8.525000000000000000e+03 4.050000000000000000e+03 -5.203200000000000000e+04 3.397051318398477093e+01 1.143670305177650753e-01 -3.989987655782289977e-02 1.853268144294390254e-02 -1.573317751475400428e-04 2.066617086165096345e-02 1.000000000000000000e+00 3.269636700000000218e+01 3.768971839905413401e-02 1.212804368000000068e+03 3.397053661642961941e+01 1.143669537003763476e-01
8.525000000000000000e+03 4.050000000000000000e+03 -5.203200000000000000e+04 3.397453514836223576e+01 9.632076537005941630e-02 5.005670429855335613e-03 1.891704664758179708e-02 -1.346474254072749233e-02 1.909170895072455701e-02 1.000000000000000000e+00 3.269301800000000213e+01 3.172019711477216258e-02 1.330054075000000012e+03 3.397453818528411773e+01 9.632075709763344984e-02
8.525000000000000000e+03 8.050000000000000000e+03 -5.203200000000000000e+04 3.399648332509234194e+01 9.263762247858564614e-02 1.994106850198562597e-02 1.963307234727808270e-02 -1.196389130562192094e-02 1.891437095759698761e-02 1.000000000000000000e+00 3.268431200000000558e+01 3.481740014705290986e-02 1.585812703000000056e+03 3.399649127857447439e+01 9.263760176093449594e-02
8.525000000000000000e+03 8.050000000000000000e+03 -5.203200000000000000e+04 3.396954825002028144e+01 1.094479583218603280e-01 -2.308651417734353117e-02 1.875225246295983417e-02 -6.616570421686951420e-03 1.912590773641199490e-02 1.000000000000000000e+00 3.267591199999999674e+01 4.900104702962988779e-02 1.907450100000000020e+03 3.396955673947773136e+01 1.094479317747212022e-01
8.525000000000000000e+03 8.050000000000000000e+03 -5.203200000000000000e+04 3.395108142540431828e+01 1.089371436828142081e-01 3.149644888092772987e-03 1.656807576210966859e-02 1.857787253894116475e-02 1.511741901816852918e-02 1.000000000000000000e+00 3.266863099999999775e+01 3.480808200691327958e-02 2.024572799000000032e+03 3.395108665436270456e+01 1.089371272298370469e-01
1.252500000000000000e+04 -3.950000000000000000e+03 -5.203200000000000000e+04 3.397724535670606372e+01 8.458409269065764180e-02 5.932994595677421046e-02 2.497794876788735421e-02 4.196657191716379742e-02 2.513192050057123580e-02 1.000000000000000000e+00 3.269393200000000377e+01 4.211553739417318865e-02 2.335480582000000140e+03 3.397732307385985706e+01 8.458391616046681549e-02
1.252500000000000000e+04 -3.950000000000000000e+03 -5.203200000000000000e+04 3.398183530531122187e+01 1.038787105262064248e-01 -1.174546395401465659e-01 2.145204882791131029e-02 -3.882628608701610418e-02 2.438358918407050602e-02 1.000000000000000000e+00 3.267809199999999947e+01 3.295853956109099508e-02 2.607008111999999983e+03 3.398206047005002972e+01 1.038780524250897674e-01
1.252500000000000000e+04 -3.950000000000000000e+03 -5.203200000000000000e+04 3.398371902664192845e+01 1.041056090921569505e-01 5.812005106757833772e-02 1.685680968906468069e-02 -3.153424890444345152e-03 2.850790568697852620e-02 1.000000000000000000e+00 3.266841699999999804e+01 3.289029986181336157e-02 2.774258678000000145e+03 3.398376887230386956e+01 1.041054604206425038e-01
1.252500000000000000e+04 5.000000000000000000e+01 -5.203200000000000000e+04 3.394375015483610269e+01 1.040508187593942174e-01 9.239430132417769670e-02 2.018709985516302374e-02 -2.475837764130517371e-03 1.776565340586651331e-02 1.000000000000000000e+00 3.261319799999999702e+01 3.612595201513726234e-02 3.030155314999999973e+03 3.394387599274168821e+01 1.040504475358184910e-01
1.252500000000000000e+04 5.000000000000000000e+01 -5.203200000000000000e+04 3.392289699351584886e+01 9.736376020523009045e-02 -9.481274527721161860e-02 1.889204122365097799e-02 1.688321305805651207e-02 1.609165498332369715e-02 1.000000000000000000e+00 3.267217600000000033e+01 4.548232898610184149e-02 3.302251878000000033e+03 3.392303369293844639e+01 9.736338250631251801e-02
1.252500000000000000e+04 5.000000000000000000e+01 -5.203200000000000000e+04 3.400905446972291202e+01 1.065415366384258739e-01 2.422068038676172819e-03 1.731031449068044445e-02 -1.440800222760607596e-02 1.719470470687675667e-02 1.000000000000000000e+00 3.269531299999999874e+01 3.638138144710834770e-02 3.469516445000000203e+03 3.400905760795970423e+01 1.065415270633124772e-01
1.252500000000000000e+04 4.050000000000000000e+03 -5.203200000000000000e+04 3.399024866700330705e+01 9.571598454167319636e-02 6.507560435264458931e-03 1.690340734184454796e-02 -5.927959706946506202e-02 1.948542669416955878e-02 1.000000000000000000e+00 3.266294299999999851e+01 3.705632385976784932e-02 9.161023979999999938e+02 3.399030098224626784e+01 9.571584331036765703e-02
1.252500000000000000e+04 4.050000000000000000e+03 -5.203200000000000000e+04 3.398237849906452368e+01 8.574858330774690063e-02 -6.038627471484492304e-02 1.591426312763440098e-02 4.109787103232243055e-02 2.141397559583006760e-02 1.000000000000000000e+00 3.268925399999999826e+01 4.249443375313995130e-02 1.187723934000000099e+03 3.398245700344311615e+01 8.574839379016682694e-02
1.252500000000000000e+04 4.050000000000000000e+03 -5.203200000000000000e+04 3.398681312868816917e+01 1.060270903370625212e-01 5.389270672590207312e-02 1.778336126165972614e-02 1.815280520180451163e-02 1.959545768523108730e-02 1.000000000000000000e+00 3.267074099999999959e+01 3.131330689978303883e-02 1.355140509999999949e+03 3.398686070516877322e+01 1.060269461815903647e-01
1.252500000000000000e+04 8.050000000000000000e+03 -5.203200000000000000e+04 3.399716316122074744e+01 9.835097928927116762e-02 3.978605953752811786e-02 2.271426569299692111e-02 -2.195740060821016471e-03 1.812209049390544127e-02 1.000000000000000000e+00 3.268488800000000083e+01 2.081007988932286751e-02 1.610839134999999942e+03 3.399718651245236600e+01 9.835091533533793506e-02
1.252500000000000000e+04 8.050000000000000000e+03 -5.203200000000000000e+04 3.395307236108027382e+01 9.890804798720180535e-02 -8.043185320972856545e-02 1.720764467721819235e-02 1.124811650218049408e-03 1.613388443692308910e-02 1.000000000000000000e+00 3.264935900000000402e+01 4.250458895225314726e-02 1.882367664999999988e+03 3.395316764758430139e+01 9.890777881210104094e-02
1.252500000000000000e+04 8.050000000000000000e+03 -5.203200000000000000e+04 3.395433159018664071e+01 1.041952999051980605e-01 4.063594858214258920e-02 1.945211713386115274e-02 1.078797061049741046e-03 1.559708138327102304e-02 1.000000000000000000e+00 3.266089199999999693e+01 3.792394764525443968e-02 2.049657233999999789e+03 3.395435592351100240e+01 1.041952278356866463e-01
1.652500000000000000e+04 -3.950000000000000000e+03 -5.203200000000000000e+04 3.399855413752237610e+01 9.206519552202990786e-02 1.238927316824174341e-01 2.099488558937161187e-02 1.033749049341237125e-02 2.521493596223477185e-02 1.000000000000000000e+00 3.267918999999999841e+01 3.182885536741778681e-02 2.360560015999999905e+03 3.399878144455641404e+01 9.206461210568601949e-02
1.652500000000000000e+04 -3.950000000000000000e+03 -5.203200000000000000e+04 3.399958743810385187e+01 9.660483795755556158e-02 -2.209759930821695306e-01 2.400737815615881093e-02 -6.185899910377479216e-02 2.519115891064998766e-02 1.000000000000000000e+00 3.267125199999999552e+01 2.892376963675378013e-02 2.581924677999999858e+03 3.400036180523022011e+01 9.660277463587850499e-02
1.652500000000000000e+04 -3.950000000000000000e+03 -5.203200000000000000e+04 3.399964344278704687e+01 9.940478187430286383e-02 9.709433364069397498e-02 2.133418951381760992e-02 5.151956316390471358e-02 2.730659631500755719e-02 1.000000000000000000e+00 3.268687500000000057e+01 3.611174497306935544e-02 2.799337113000000045e+03 3.399982111440684918e+01 9.940428970043942158e-02
1.652500000000000000e+04 5.000000000000000000e+01 -5.203200000000000000e+04 3.400418198088311783e+01 1.220582487890311679e-01 1.062623018777895112e-01 2.063306067852839140e-02 2.680864987700548596e-02 1.736778159671351768e-02 1.000000000000000000e+00 3.265664900000000159e+01 3.255973115675250829e-02 3.055239750000000186e+03 3.400435858194541083e+01 1.220576326798752387e-01
1.652500000000000000e+04 5.000000000000000000e+01 -5.203200000000000000e+04 3.399702249733005743e+01 1.032946059851056614e-01 -1.248164946369385575e-01 1.928673551371124645e-02 -1.095203700178171147e-02 1.817708803978030502e-02 1.000000000000000000e+00 3.270117900000000333e+01 3.250158988418874045e-02 3.277066436999999951e+03 3.399725338594889479e+01 1.032939289070478744e-01
1.652500000000000000e+04 5.000000000000000000e+01 -5.203200000000000000e+04 3.394590124995564651e+01 8.490223005558424074e-02 1.854946043185279336e-02 2.021966005657922436e-02 -1.584869352409068455e-02 1.425972597159644827e-02 1.000000000000000000e+00 3.268577200000000005e+01 2.529429795428210850e-02 3.494595879999999852e+03 3.394591001778136530e+01 8.490220910630234818e-02
1.652500000000000000e+04 4.050000000000000000e+03 -5.203200000000000000e+04 3.400976865334674670e+01 1.047965661496424172e-01 9.349766811480098028e-02 1.696693903600034192e-02 -2.986666868216403259e-02 1.843254955214456564e-02 1.000000000000000000e+00 3.266912200000000155e+01 4.014445870851916093e-02 9.412808380000000170e+02 3.400991028635635871e+01 1.047961413589660051e-01
1.652500000000000000e+04 4.050000000000000000e+03 -5.203200000000000000e+04 3.401342900124028290e+01 9.791126384764822776e-02 -1.675988525584530819e-01 1.609830205836101230e-02 2.272021446961591806e-02 2.134351247086531747e-02 1.000000000000000000e+00 3.267312599999999634e+01 3.347773362998158336e-02 1.162636498999999958e+03 3.401384950290010778e+01 9.791008657362101908e-02
1.652500000000000000e+04 4.050000000000000000e+03 -5.203200000000000000e+04 3.401002193355613201e+01 8.308333119791146137e-02 7.410386739260932387e-02 1.974271996845339272e-02 7.145261241622513637e-03 1.999285698206695536e-02 1.000000000000000000e+00 3.266170699999999982e+01 2.461450070588473357e-02 1.380218943999999965e+03 3.401010341588055041e+01 8.308314338699616941e-02
1.652500000000000000e+04 8.050000000000000000e+03 -5.203200000000000000e+04 3.395739513314460112e+01 9.474124699325155163e-02 7.140311778983576829e-02 2.249055970222148607e-02 1.088553740883568821e-02 1.804302664312500484e-02 1.000000000000000000e+00 3.267331899999999933e+01 3.775658481642639452e-02 1.635920568999999887e+03 3.395747194843378480e+01 9.474104465847393852e-02
1.652500000000000000e+04 8.050000000000000000e+03 -5.203200000000000000e+04 3.396888058218796402e+01 1.125119744406991446e-01 -1.621486378203949030e-01 1.909955856825576101e-02 3.900687309279948778e-02 1.580493210846631649e-02 1.000000000000000000e+00 3.270277399999999801e+01 4.501959254591271498e-02 1.857287231000000020e+03 3.396928997968373665e+01 1.125106568497158260e-01
1.652500000000000000e+04 8.050000000000000000e+03 -5.203200000000000000e+04 3.394484676935718426e+01 9.112926937401902294e-02 9.073871395690691344e-02 1.691275629903432262e-02 -4.990952580457541643e-02 1.641624328910096242e-02 1.000000000000000000e+00 3.269474200000000508e+01 3.479827083347676597e-02 2.074741668000000118e+03 3.394500473810713004e+01 9.112885969966519339e-02
2.052500000000000000e+04 -3.950000000000000000e+03 -5.203200000000000000e+04 3.402714560739529048e+01 1.044630180451358581e-01 1.282793936390946854e-01 2.197478406961009267e-02 3.173431687828509595e-02 2.491428088457765117e-02 1.000000000000000000e+00 3.266605299999999801e+01 3.551661177533690233e-02 2.385654452000000219e+03 3.402740220552519190e+01 1.044622657298557994e-01
2.052500000000000000e+04 -3.950000000000000000e+03 -5.203200000000000000e+04 3.402448321611866788e+01 1.034385579019862500e-01 -2.356431517177428603e-01 2.140649295636231492e-02 -6.842476159036658956e-02 2.382056471762684924e-02 1.000000000000000000e+00 3.264072099999999921e+01 2.352333479760044740e-02 2.556916247000000112e+03 3.402536800340138967e+01 1.034359854449346527e-01
2.052500000000000000e+04 -3.950000000000000000e+03 -5.203200000000000000e+04 3.401285940135216634e+01 8.975631148503433743e-02 1.073655728403215548e-01 1.974418944061710410e-02 3.668964920721906608e-02 2.360968525699826473e-02 1.000000000000000000e+00 3.265928199999999748e+01 3.996928225525196721e-02 2.824376545000000078e+03 3.401304864537639361e+01 8.975583734452095841e-02
2.052500000000000000e+04 5.000000000000000000e+01 -5.203200000000000000e+04 3.398388876391975089e+01 9.103805600828360212e-02 1.726360693320145856e-01 2.114244134969651967e-02 -8.906161535548129393e-03 1.683627200443321703e-02 1.000000000000000000e+00 3.267726799999999798e+01 2.710397721737531351e-02 3.080327185000000100e+03 3.398432841841395913e+01 9.103694171110388034e-02
2.052500000000000000e+04 5.000000000000000000e+01 -5.203200000000000000e+04 3.400901004062890109e+01 1.117915935980007963e-01 -2.375424950648046263e-01 2.034755818850535539e-02 -3.016606861701021103e-04 1.726711798722691329e-02 1.000000000000000000e+00 3.267497300000000138e+01 3.254384023129415493e-02 3.251982003000000077e+03 3.400983961255269605e+01 1.117889571024460460e-01
2.052500000000000000e+04 5.000000000000000000e+01 -5.203200000000000000e+04 3.396859848480639243e+01 8.675227713630054294e-02 6.490577422609256075e-02 1.673178834994362707e-02 9.207531600489815560e-03 1.707024221501263206e-02 1.000000000000000000e+00 3.267817200000000355e+01 1.763674564651880605e-02 3.519676313999999820e+03 3.396866174226116186e+01 8.675212159795639422e-02
2.052500000000000000e+04 4.050000000000000000e+03 -5.203200000000000000e+04 3.404066955767919467e+01 1.063471169178064890e-01 1.311412317801092797e-01 2.034596870474337030e-02 -3.995396787660787652e-02 2.415055988452441058e-02 1.000000000000000000e+00 3.264764499999999714e+01 3.344245855196654321e-02 9.663632730000000493e+02 3.404094561373594985e+01 1.063462871558279454e-01
2.052500000000000000e+04 4.050000000000000000e+03 -5.203200000000000000e+04 3.404450547901208779e+01 1.192089623004495558e-01 -2.151260514581201377e-01 1.650580007336185581e-02 1.042024094271516432e-01 2.337847927449954177e-02 1.000000000000000000e+00 3.269205000000000183e+01 4.306893563811392545e-02 1.137540062999999918e+03 3.404534462552304319e+01 1.192060911508146109e-01
2.052500000000000000e+04 4.050000000000000000e+03 -5.203200000000000000e+04 3.404742236314521620e+01 1.046104929221981505e-01 8.398480737734193013e-02 1.986946830777294726e-02 -6.424732525850007647e-02 1.773865780551446905e-02 1.000000000000000000e+00 3.264040200000000169e+01 4.143763518831643233e-02 1.405301378999999997e+03 3.404758656264895933e+01 1.046100052593666729e-01
2.052500000000000000e+04 8.050000000000000000e+03 -5.203200000000000000e+04 3.395767660476579408e+01 1.050406630395059326e-01 1.040137194674022325e-01 1.908619656805870396e-02 1.304955300444010646e-02 1.670888415742941002e-02 1.000000000000000000e+00 3.266476000000000113e+01 4.434938488863177097e-02 1.661002003999999943e+03 3.395783841086663557e+01 1.050401789950424075e-01
2.052500000000000000e+04 8.050000000000000000e+03 -5.203200000000000000e+04 3.395831814724648012e+01 1.059465108731191263e-01 -2.391024004165576144e-01 2.025401253206329799e-02 4.236867317228387719e-03 1.926969847099525499e-02 1.000000000000000000e+00 3.266093599999999952e+01 2.592614309919622634e-02 1.832270800000000008e+03 3.395916016774471302e+01 1.059439799245583264e-01
2.052500000000000000e+04 8.050000000000000000e+03 -5.203200000000000000e+04 3.395845039674687627e+01 9.400215339724891928e-02 1.351143746554273051e-01 1.591908109034849764e-02 -1.730494119074954540e-02 1.590110445594876756e-02 1.000000000000000000e+00 3.265370399999999762e+01 3.933023432424475468e-02 2.098862047999999959e+03 3.395872360239039267e+01 9.400141881671982003e-02
2.452500000000000000e+04 -3.950000000000000000e+03 -5.203200000000000000e+04 3.405423771079227180e+01 9.227457445874344411e-02 1.092860261995109994e-01 2.009145225088531869e-02 2.834751298089122074e-02 2.384434173778363086e-02 1.000000000000000000e+00 3.266892299999999949e+01 4.512009260850425446e-02 2.410833892000000105e+03 3.405442486785177181e+01 9.227409199540757834e-02
2.452500000000000000e+04 -3.950000000000000000e+03 -5.203200000000000000e+04 3.405373362657253722e+01 8.530697794360313224e-02 -2.234311234504646748e-01 1.841387182459934546e-02 -7.082636368980721464e-02 2.263656295811796934e-02 1.000000000000000000e+00 3.267529100000000142e+01 2.923063314401520146e-02 2.531831811999999900e+03 3.405454025163571430e+01 8.530505588142109352e-02
2.452500000000000000e+04 -3.950000000000000000e+03 -5.203200000000000000e+04 3.405498048370262154e+01 8.155282210244838015e-02 1.141449962023957099e-01 2.070842315496394803e-02 4.247771149027856907e-02 2.327338242631189422e-02 1.000000000000000000e+00 3.269172199999999862e+01 2.640109749612693651e-02 2.849457980000000134e+03 3.405519826959605467e+01 8.155233526940867950e-02
2.452500000000000000e+04 5.000000000000000000e+01 -5.203200000000000000e+04 3.396952073150885099e+01 1.074355980873023531e-01 1.589922102275087568e-01 1.670081739230667994e-02 2.867335555849770401e-02 1.895818749386282351e-02 1.000000000000000000e+00 3.264997900000000186e+01 3.200348212304404694e-02 3.105570628999999826e+03 3.396990490732409995e+01 1.074344126935277838e-01
2.452500000000000000e+04 5.000000000000000000e+01 -5.203200000000000000e+04 3.400492611695106149e+01 1.152019337331726817e-01 -1.897143624230803738e-01 2.062622730167746471e-02 -2.230371015706555937e-02 1.649903234851135200e-02 1.000000000000000000e+00 3.266241699999999781e+01 4.647059341131765803e-02 3.226892568000000210e+03 3.400546263784830359e+01 1.152001741163480031e-01
2.452500000000000000e+04 5.000000000000000000e+01 -5.203200000000000000e+04 3.397556409980440861e+01 9.484488668154204827e-02 3.077842967805377583e-02 1.978665055205649018e-02 -6.387590889952221573e-03 1.597333356867786797e-02 1.000000000000000000e+00 3.266656900000000263e+01 3.318163588492888116e-02 3.544754747999999836e+03 3.397557864132661365e+01 9.484484782933653990e-02
2.452500000000000000e+04 4.050000000000000000e+03 -5.203200000000000000e+04 3.408280648066120477e+01 1.001315208160476616e-01 8.540704170625268432e-02 2.199613323536633511e-02 -1.830611071741827800e-02 2.064632952263970034e-02 1.000000000000000000e+00 3.271492299999999886e+01 4.987703416403185125e-02 9.914447069999999940e+02 3.408291840606763401e+01 1.001312077774486609e-01
2.452500000000000000e+04 4.050000000000000000e+03 -5.203200000000000000e+04 3.408508613327601466e+01 1.195821952778297059e-01 -1.828856430193708249e-01 1.779313199817549734e-02 5.227360486485288504e-02 2.053301987605596693e-02 1.000000000000000000e+00 3.265325700000000353e+01 3.214735214601662644e-02 1.112451628999999912e+03 3.408561685522256823e+01 1.195803756073198360e-01
2.452500000000000000e+04 4.050000000000000000e+03 -5.203200000000000000e+04 3.408309686925050386e+01 9.326193973093531431e-02 9.746102565696279640e-02 1.921693563665912916e-02 -3.395716162088824319e-02 2.184007512257890929e-02 1.000000000000000000e+00 3.269699699999999609e+01 4.372741028233892435e-02 1.430435815999999932e+03 3.408325313022600511e+01 9.326153088154578996e-02
2.452500000000000000e+04 8.050000000000000000e+03 -5.203200000000000000e+04 3.399331561675004565e+01 1.000283961728900689e-01 8.095083256920165837e-02 1.992251381216168099e-02 -1.404159042093766629e-02 1.651282678657944522e-02 1.000000000000000000e+00 3.266751700000000369e+01 4.359801427817556335e-02 1.686086438999999928e+03 3.399341490382420261e+01 1.000281154960867697e-01
2.452500000000000000e+04 8.050000000000000000e+03 -5.203200000000000000e+04 3.403638013780935978e+01 1.017339962756664135e-01 -1.691511396776483878e-01 2.147239985605687435e-02 3.201073040188351371e-02 1.624060304312314670e-02 1.000000000000000000e+00 3.266398099999999971e+01 3.773242739342381330e-02 1.807189364999999952e+03 3.403681550439726777e+01 1.017327521034578630e-01
2.452500000000000000e+04 8.050000000000000000e+03 -5.203200000000000000e+04 3.398075106829104186e+01 1.021737649174073309e-01 8.819635538749714954e-02 1.714193084937132988e-02 -1.797008403947586430e-02 1.785035000658954929e-02 1.000000000000000000e+00 3.267942399999999736e+01 3.688907071206863619e-02 2.123943483000000015e+03 3.398087027558574391e+01 1.021734166075678463e-01
2.852500000000000000e+04 -3.950000000000000000e+03 -5.203200000000000000e+04 3.408572135065936237e+01 9.733763245245656559e-02 5.629321627026406816e-02 1.600433789492591852e-02 2.232991954526497569e-02 2.550801039076764504e-02 1.000000000000000000e+00 3.268096400000000301e+01 3.256905451498399995e-02 2.435917325999999775e+03 3.408577514955909749e+01 9.733748384375193186e-02
2.852500000000000000e+04 -3.950000000000000000e+03 -5.203200000000000000e+04 3.409340782103305401e+01 8.860373000797634735e-02 -1.137298837428124543e-01 2.164488574947388139e-02 -2.335287521532380950e-02 2.146498531482964739e-02 1.000000000000000000e+00 3.268998899999999708e+01 4.398765023276419300e-02 2.506753377999999884e+03 3.409360551033748976e+01 8.860324688497528411e-02
2.852500000000000000e+04 -3.950000000000000000e+03 -5.203200000000000000e+04 3.409413058156867748e+01 1.011436975711785535e-01 5.746885410812652140e-02 1.981839447076293517e-02 1.008410330671893895e-03 2.084581574875888493e-02 1.000000000000000000e+00 3.272823999999999955e+01 2.827763713608334728e-02 2.874542414999999892e+03 3.409417903101848424e+01 1.011435593596766852e-01
2.852500000000000000e+04 5.000000000000000000e+01 -5.203200000000000000e+04 3.399475312935201288e+01 1.175669052073736037e-01 9.590828278142282670e-02 2.161246469985427660e-02 1.835616332825473762e-02 1.751327894935662127e-02 1.000000000000000000e+00 3.269923699999999656e+01 3.903760371744147140e-02 3.130655063000000155e+03 3.399489337640326880e+01 1.175664363733225498e-01
2.852500000000000000e+04 5.000000000000000000e+01 -5.203200000000000000e+04 3.400015019139187444e+01 1.140152843113728942e-01 -7.177840877244179296e-02 1.880757989744413078e-02 -1.592667730749308674e-02 1.748640765846620412e-02 1.000000000000000000e+00 3.268049200000000098e+01 3.066713110155562180e-02 3.201814132999999856e+03 3.400022968799212464e+01 1.140150249377445968e-01
2.852500000000000000e+04 5.000000000000000000e+01 -5.203200000000000000e+04 3.400718469279111389e+01 1.128606192409557230e-01 -2.412523485635187370e-02 2.126995912801595001e-02 -2.429060340526589812e-03 1.760222676937608921e-02 1.000000000000000000e+00 3.268906400000000190e+01 2.282306414572767353e-02 3.569829182999999830e+03 3.400719333695295177e+01 1.128605915690395617e-01
2.852500000000000000e+04 4.050000000000000000e+03 -5.203200000000000000e+04 3.412498104207855931e+01 1.098033138831204653e-01 5.567242247156922730e-02 1.487686604852569636e-02 -2.468285927132995994e-02 2.115265446366353108e-02 1.000000000000000000e+00 3.266965799999999831e+01 4.268041471213699506e-02 1.016526142000000050e+03 3.412503538143787551e+01 1.098031427849199687e-01
2.852500000000000000e+04 4.050000000000000000e+03 -5.203200000000000000e+04 3.412663495936597968e+01 9.501331284544335676e-02 -8.908764904204868884e-02 1.852455489383728407e-02 4.840310205489295470e-02 1.730075481356568509e-02 1.000000000000000000e+00 3.268275099999999611e+01 3.682094275001659978e-02 1.087369194000000107e+03 3.412678556675563613e+01 9.501290901024320168e-02
2.852500000000000000e+04 4.050000000000000000e+03 -5.203200000000000000e+04 3.412243686161288281e+01 1.065981935122941038e-01 3.342283568688664275e-02 1.781826816516007481e-02 -2.372568495651350418e-02 2.048439128970982667e-02 1.000000000000000000e+00 3.266014699999999493e+01 2.829998572437802604e-02 1.455520250999999917e+03 3.412246147875076474e+01 1.065981189889123326e-01
2.852500000000000000e+04 8.050000000000000000e+03 -5.203200000000000000e+04 3.397768307822280320e+01 9.273107904287686276e-02 1.687670097770421762e-02 1.458226387985703601e-02 -1.856544857619280009e-02 1.571714225557376693e-02 1.000000000000000000e+00 3.269271100000000274e+01 3.120359564216918652e-02 1.711165872999999920e+03 3.397769234163887120e+01 9.273105444192024371e-02
2.852500000000000000e+04 8.050000000000000000e+03 -5.203200000000000000e+04 3.401785945263932831e+01 1.209700017336671207e-01 -9.623005399608075550e-02 1.804250464568834048e-02 1.797374602417356471e-02 1.764529239391871007e-02 1.000000000000000000e+00 3.269833799999999968e+01 4.793675637754393759e-02 1.782109930999999960e+03 3.401800030892999160e+01 1.209695119666328172e-01
2.852500000000000000e+04 8.050000000000000000e+03 -5.203200000000000000e+04 3.396497268916172629e+01 9.552106098723023297e-02 7.936374180538052769e-02 1.734200901429326994e-02 5.974662468801739124e-04 1.464959665731497412e-02 1.000000000000000000e+00 3.267896700000000010e+01 3.664773130768124443e-02 2.148948913000000175e+03 3.396506541633596754e+01 9.552080880300774235e-02
3.252500000000000000e+04 -3.950000000000000000e+03 -5.203200000000000000e+04 3.413052349744865666e+01 9.632705170467067979e-02 4.436039531790658685e-02 1.980907829549228422e-02 1.353979864881249551e-02 2.511366872778161147e-02 1.000000000000000000e+00 3.265677399999999864e+01 3.896708346797331940e-02 2.460992760999999973e+03 3.413055501131962188e+01 9.632696671868423710e-02
3.252500000000000000e+04 -3.950000000000000000e+03 -5.203200000000000000e+04 3.411162291674578739e+01 9.204779370683688344e-02 -1.242354868141504198e-02 2.061622093635275682e-02 1.323436293273350106e-02 3.412190491468918008e-02 1.000000000000000000e+00 3.262645499999999998e+01 4.859326768185074502e-02 2.481674942999999985e+03 3.411162774637382000e+01 9.204778193264226416e-02
3.252500000000000000e+04 -3.950000000000000000e+03 -5.203200000000000000e+04 3.412716555060815438e+01 1.018764175595688881e-01 -3.192963042915497596e-02 2.047144045533026355e-02 -2.678421510886219714e-02 2.270054212815710362e-02 1.000000000000000000e+00 3.269997699999999696e+01 3.579012383325880925e-02 2.899725855000000138e+03 3.412719099800178668e+01 1.018763449523609477e-01
3.252500000000000000e+04 5.000000000000000000e+01 -5.203200000000000000e+04 3.402083821290914045e+01 9.067880029768675409e-02 2.802635848876544600e-02 2.127901901156283027e-02 9.386600395633770688e-03 1.457561424015440740e-02 1.000000000000000000e+00 3.267867900000000247e+01 4.140178904347008304e-02 3.155735498000000007e+03 3.402085105187664027e+01 9.067876786039914816e-02
3.252500000000000000e+04 5.000000000000000000e+01 -5.203200000000000000e+04 3.403548912630001411e+01 1.143757001323430778e-01 2.812852093826467836e-02 1.659853821473853200e-02 1.452475654811191674e-02 1.486041397035114606e-02 1.000000000000000000e+00 3.262010300000000029e+01 4.624365956539339823e-02 3.176717697999999928e+03 3.403550384890357350e+01 1.143756516557430380e-01
3.252500000000000000e+04 5.000000000000000000e+01 -5.203200000000000000e+04 3.402762402584953350e+01 9.832206521468540850e-02 -5.614081994181496782e-02 1.754931535921706170e-02 -2.391791147247879223e-02 2.009388198785637403e-02 1.000000000000000000e+00 3.269429499999999678e+01 4.038094903540529607e-02 3.595006623000000218e+03 3.402767874396849379e+01 9.832191238576733217e-02
3.252500000000000000e+04 4.050000000000000000e+03 -5.203200000000000000e+04 3.418305657560085820e+01 1.091288521212910589e-01 2.196650543853184701e-02 1.605122495840781774e-02 -8.902528272191290171e-03 2.052714882841682326e-02 1.000000000000000000e+00 3.268875200000000092e+01 3.264102942616853298e-02 1.041607576000000108e+03 3.418306479286344057e+01 1.091288265062351215e-01
3.252500000000000000e+04 4.050000000000000000e+03 -5.203200000000000000e+04 3.416438271601145971e+01 1.088933250695340860e-01 -2.156101848182334635e-02 1.968141638927532397e-02 -7.263048531083171611e-04 2.726199059519946247e-02 1.000000000000000000e+00 3.265515500000000060e+01 4.319944033202282457e-02 1.062289759999999887e+03 3.416438952727150991e+01 1.088933040697052518e-01
3.252500000000000000e+04 4.050000000000000000e+03 -5.203200000000000000e+04 3.417584222530997096e+01 1.191841364385585189e-01 -4.057659693126325351e-04 1.643258609220116934e-02 9.628241866534992255e-03 2.160005089617756530e-02 1.000000000000000000e+00 3.267906700000000342e+01 3.071512005511291971e-02 1.480602685000000065e+03 3.417584358398439548e+01 1.191841318558567869e-01
3.252500000000000000e+04 8.050000000000000000e+03 -5.203200000000000000e+04 3.403897029970360677e+01 1.067640150975883162e-01 -1.670706790409948184e-02 1.789504455323041171e-02 2.903198185923816510e-02 1.635441566305053870e-02 1.000000000000000000e+00 3.268095800000000395e+01 3.495041072720032893e-02 1.736247307999999975e+03 3.403898678054611082e+01 1.067639646775664364e-01
3.252500000000000000e+04 8.050000000000000000e+03 -5.203200000000000000e+04 3.400447493645881991e+01 8.145546489477387131e-02 -1.803140234187416979e-02 1.893054156376858602e-02 1.803707854419567269e-02 1.820338742868180329e-02 1.000000000000000000e+00 3.262787000000000148e+01 7.057140527154040499e-02 1.757027495999999928e+03 3.400448450089971431e+01 8.145544317461654582e-02
3.252500000000000000e+04 8.050000000000000000e+03 -5.203200000000000000e+04 3.404434895877763267e+01 9.128857326224214253e-02 3.471455196275563537e-02 1.697766870359836144e-02 -4.706844645646768299e-02 1.650602844827024976e-02 1.000000000000000000e+00 3.266391199999999628e+01 2.960600474565928258e-02 2.174036348000000089e+03 3.404439919525373881e+01 9.128844304920723240e-02
