2.525000000000000000e+03 -3.950000000000000000e+03 -5.203200000000000000e+04 3.394613400000000070e+01 9.462173938900086956e-02 -1.968377999999999517e+00 1.859003953734364792e-02 1.409970000000000390e-01 2.101800953944021888e-02 1.000000000000000000e+00 3.271689500000000095e+01 2.106652913984645784e-02 2.108830617999999959e+03 3.400344696719508875e+01 9.446842377152658843e-02
2.525000000000000000e+03 -3.950000000000000000e+03 -5.203200000000000000e+04 3.394874599999999987e+01 8.718210227449209315e-02 -1.959694999999999965e+00 2.293642398021103826e-02 1.398009999999998421e-01 2.184925087960683590e-02 1.000000000000000000e+00 3.271485799999999955e+01 2.557960760058684141e-02 2.476990675000000010e+03 3.400554813240248109e+01 8.704655779547165739e-02
2.525000000000000000e+03 -3.950000000000000000e+03 -5.203200000000000000e+04 3.394835299999999734e+01 1.007906833988141959e-01 -1.973067999999999600e+00 2.052067372188350058e-02 1.219919999999996563e-01 2.032845358112613660e-02 1.000000000000000000e+00 3.270524300000000295e+01 2.946642172032430673e-02 2.497784865000000082e+03 3.400586053599139547e+01 1.006273061926650503e-01
2.525000000000000000e+03 5.000000000000000000e+01 -5.203200000000000000e+04 3.393594300000000175e+01 8.784917034326505947e-02 -6.704299999999996373e-01 1.883604125075117805e-02 1.104344999999999910e+00 1.542961337817639646e-02 1.000000000000000000e+00 3.271835099999999841e+01 2.155005081200506156e-02 2.725318878999999924e+03 3.396052534286202729e+01 8.778780210718668819e-02
2.525000000000000000e+03 5.000000000000000000e+01 -5.203200000000000000e+04 3.394761900000000310e+01 9.412394188515481319e-02 -9.046649999999996083e-01 2.046721402633978545e-02 1.064273000000000025e+00 1.533875314359025785e-02 1.000000000000000000e+00 3.272507099999999980e+01 2.289833332362859949e-02 3.093469935999999961e+03 3.397634370484727384e+01 9.404717274086846213e-02
2.525000000000000000e+03 5.000000000000000000e+01 -5.203200000000000000e+04 3.395566200000000379e+01 1.020347150973628242e-01 -9.045459999999998502e-01 1.630649247999090695e-02 1.081213000000000202e+00 1.330101518681938745e-02 1.000000000000000000e+00 3.270340999999999809e+01 2.896848028461279298e-02 3.114262125000000196e+03 3.398491145899499344e+01 1.019486999733838217e-01
2.525000000000000000e+03 4.050000000000000000e+03 -5.203200000000000000e+04 3.397725599999999702e+01 1.008715026655199604e-01 -2.194509999999993966e-01 1.987558099779727222e-02 -6.108700000000011343e-02 1.589460468209260083e-02 1.000000000000000000e+00 3.271287600000000140e+01 1.764639322921259315e-02 8.432462309999999661e+02 3.397801959579907560e+01 1.008693214875623773e-01
2.525000000000000000e+03 4.050000000000000000e+03 -5.203200000000000000e+04 3.399694300000000169e+01 9.321243106474587370e-02 -2.495009999999995287e-01 1.682976630853797589e-02 -7.038400000000022416e-02 1.859405200595071889e-02 1.000000000000000000e+00 3.273002800000000434e+01 2.246994715169575024e-02 1.211418288999999959e+03 3.399793137827220590e+01 9.320981099645839207e-02
2.525000000000000000e+03 4.050000000000000000e+03 -5.203200000000000000e+04 3.399530599999999936e+01 9.995546162166427107e-02 -2.364730000000001553e-01 2.274535330567542535e-02 -5.361400000000005051e-02 1.753574919984886293e-02 1.000000000000000000e+00 3.270304699999999798e+01 3.331526630540419115e-02 1.232208478000000014e+03 3.399617072516198846e+01 9.995304820137891622e-02
2.525000000000000000e+03 8.050000000000000000e+03 -5.203200000000000000e+04 3.391527700000000323e+01 9.238570799642117914e-02 1.122999000000000080e+00 1.875550321905546797e-02 -9.378759999999997099e-01 1.671908768444020296e-02 1.000000000000000000e+00 3.270605199999999968e+01 2.127522963448338217e-02 1.459744492999999920e+03 3.394682241583306848e+01 9.230309881809946326e-02
2.525000000000000000e+03 8.050000000000000000e+03 -5.203200000000000000e+04 3.397835600000000511e+01 7.540145678300917698e-02 1.050251000000000268e+00 1.893526596063546327e-02 -9.695540000000000269e-01 1.463260386944169149e-02 1.000000000000000000e+00 3.270679200000000009e+01 3.094371642191674765e-02 1.827906549999999925e+03 3.400840688101477127e+01 7.533825416464762226e-02
2.525000000000000000e+03 8.050000000000000000e+03 -5.203200000000000000e+04 3.399810499999999536e+01 8.461545341720978775e-02 1.057927999999999535e+00 1.704738117717791851e-02 -9.704090000000000771e-01 1.300990303576471732e-02 1.000000000000000000e+00 3.271338800000000191e+01 2.965910533040401822e-02 1.848697738999999956e+03 3.402840062170847801e+01 8.454259532432319146e-02
4.525000000000000000e+03 -3.950000000000000000e+03 -5.203200000000000000e+04 3.393833599999999961e+01 1.024463692524044539e-01 -1.869242999999999988e+00 1.813982659784817153e-02 2.366929999999998202e-01 2.446295157988912644e-02 1.000000000000000000e+00 3.269563600000000037e+01 2.672706502779532631e-02 2.132024945000000116e+03 3.399059786791332272e+01 1.022938600092021949e-01
4.525000000000000000e+03 -3.950000000000000000e+03 -5.203200000000000000e+04 3.392649699999999768e+01 9.041942814461943756e-02 -1.968795000000000073e+00 2.059534367278196068e-02 2.807279999999998665e-01 2.347013442654302326e-02 1.000000000000000000e+00 3.269673900000000089e+01 2.071733720824179767e-02 2.453900355000000218e+03 3.398473422954808854e+01 9.027257603473241854e-02
4.525000000000000000e+03 -3.950000000000000000e+03 -5.203200000000000000e+04 3.394590199999999669e+01 8.136401967085943321e-02 -1.876898999999999873e+00 1.881411079482631088e-02 3.295230000000000103e-01 1.992558480948551647e-02 1.000000000000000000e+00 3.269685400000000186e+01 2.227134088913372556e-02 2.520876185999999961e+03 3.399934702104341966e+01 8.124298876260835356e-02
4.525000000000000000e+03 5.000000000000000000e+01 -5.203200000000000000e+04 3.394722000000000151e+01 9.126924593202245806e-02 -8.001930000000001542e-01 2.180575272720480795e-02 9.147849999999999593e-01 1.829784591147274805e-02 1.000000000000000000e+00 3.270180999999999472e+01 1.526944059224174741e-02 2.748504205000000184e+03 3.396896945981544036e+01 9.121358599796011712e-02
4.525000000000000000e+03 5.000000000000000000e+01 -5.203200000000000000e+04 3.396614799999999690e+01 1.041481422061862616e-01 -9.583659999999998291e-01 1.692798963255826017e-02 9.050639999999998686e-01 1.669371438595976254e-02 1.000000000000000000e+00 3.272650699999999802e+01 2.079330404240749622e-02 3.070384615999999824e+03 3.399171687620317783e+01 1.040718446178334478e-01
4.525000000000000000e+03 5.000000000000000000e+01 -5.203200000000000000e+04 3.390940399999999499e+01 9.719152564910173153e-02 -8.603960000000006048e-01 1.781947698446842421e-02 9.338529999999998221e-01 1.246522498794145305e-02 1.000000000000000000e+00 3.271160500000000582e+01 1.841649035511381052e-02 3.137350445999999920e+03 3.393317023706509872e+01 9.712511106994475840e-02
4.525000000000000000e+03 4.050000000000000000e+03 -5.203200000000000000e+04 3.399509700000000123e+01 1.045760451011607112e-01 -2.222640000000000171e-01 1.840897077514112509e-02 -2.360489999999999533e-01 2.075482221075381634e-02 1.000000000000000000e+00 3.274596700000000027e+01 2.058725260932113554e-02 8.664385569999999461e+02 3.399664307627307380e+01 1.045714578177264209e-01
4.525000000000000000e+03 4.050000000000000000e+03 -5.203200000000000000e+04 3.397725400000000207e+01 7.360877554340922169e-02 -2.522940000000000182e-01 1.878501636943657321e-02 -2.465630000000000877e-01 1.866750451988695436e-02 1.000000000000000000e+00 3.272064100000000053e+01 2.235993669490144234e-02 1.188324967999999899e+03 3.397908525778646549e+01 7.360506529190323499e-02
4.525000000000000000e+03 4.050000000000000000e+03 -5.203200000000000000e+04 3.398934599999999762e+01 9.184259422511975579e-02 -2.178829999999996048e-01 1.824419428201749793e-02 -2.218840000000001922e-01 1.396286166944298024e-02 1.000000000000000000e+00 3.274934000000000367e+01 3.710046970053074850e-02 1.255299798999999894e+03 3.399076855587205870e+01 9.183887018720636453e-02
4.525000000000000000e+03 8.050000000000000000e+03 -5.203200000000000000e+04 3.398177299999999690e+01 8.504559438912752400e-02 1.148123000000000005e+00 1.890116377369393738e-02 -8.145670000000002631e-01 1.471018562085468773e-02 1.000000000000000000e+00 3.268003999999999820e+01 1.906040907221038389e-02 1.482937818999999990e+03 3.401091886503724737e+01 8.497583992405807751e-02
4.525000000000000000e+03 8.050000000000000000e+03 -5.203200000000000000e+04 3.394008200000000386e+01 9.118792052678907634e-02 1.047785000000000188e+00 1.745488733850780391e-02 -8.463569999999998039e-01 1.553938390027095016e-02 1.000000000000000000e+00 3.267671200000000198e+01 2.542104907355319937e-02 1.804815229000000045e+03 3.396679760802302184e+01 9.111861285777589359e-02
4.525000000000000000e+03 8.050000000000000000e+03 -5.203200000000000000e+04 3.396189199999999886e+01 1.041933835999196145e-01 1.126809999999999867e+00 1.899078673989047783e-02 -8.832330000000001569e-01 1.517955783282240456e-02 1.000000000000000000e+00 3.273438900000000018e+01 3.205427038633074099e-02 1.871789060000000063e+03 3.399205656514552487e+01 1.041035729792125775e-01
8.525000000000000000e+03 -3.950000000000000000e+03 -5.203200000000000000e+04 3.392422299999999780e+01 9.897313967940998825e-02 -2.001909000000000383e+00 2.589752806736581037e-02 2.574149999999999494e-01 1.872850730837884864e-02 1.000000000000000000e+00 3.272199200000000019e+01 2.868293726242136452e-02 2.157118379999999888e+03 3.398421410420188948e+01 9.881030508567437143e-02
8.525000000000000000e+03 -3.950000000000000000e+03 -5.203200000000000000e+04 3.392315599999999876e+01 1.061706947325861683e-01 -2.052829000000000015e+00 1.841825021547921146e-02 2.187169999999998282e-01 2.249033634697355719e-02 1.000000000000000000e+00 3.271361699999999928e+01 2.673816960825852948e-02 2.428808919999999944e+03 3.398591556850669804e+01 1.059805743799374922e-01
8.525000000000000000e+03 -3.950000000000000000e+03 -5.203200000000000000e+04 3.392398000000000025e+01 1.101915392804728999e-01 -2.019235000000000113e+00 1.971067956717880224e-02 2.627130000000001964e-01 1.697141658789860785e-02 1.000000000000000000e+00 3.271177399999999835e+01 2.659261561035318813e-02 2.545960619999999835e+03 3.398503710673263356e+01 1.099998830877880890e-01
8.525000000000000000e+03 5.000000000000000000e+01 -5.203200000000000000e+04 3.393683400000000461e+01 9.870789038876273680e-02 -9.161770000000002412e-01 1.540472437273708584e-02 9.358319999999999972e-01 1.860508492321387083e-02 1.000000000000000000e+00 3.271639799999999809e+01 1.877967544980476897e-02 2.773592639999999847e+03 3.396209451390048173e+01 9.863668061907754359e-02
8.525000000000000000e+03 5.000000000000000000e+01 -5.203200000000000000e+04 3.395105099999999965e+01 1.175975755574918402e-01 -1.015074999999999505e+00 1.839270882714125893e-02 9.182659999999998046e-01 1.516531813052400188e-02 1.000000000000000000e+00 3.274279899999999799e+01 2.031233319931513917e-02 3.045296181000000161e+03 3.397863231071819001e+01 1.175041180725569373e-01
8.525000000000000000e+03 5.000000000000000000e+01 -5.203200000000000000e+04 3.395808799999999650e+01 9.858018369834781192e-02 -9.948459999999998971e-01 1.777344775219484585e-02 9.060730000000001283e-01 1.443262072528755935e-02 1.000000000000000000e+00 3.270432900000000132e+01 1.874833949980637612e-02 3.162442880999999943e+03 3.398473815495403727e+01 9.850500469751591326e-02
8.525000000000000000e+03 4.050000000000000000e+03 -5.203200000000000000e+04 3.398182900000000473e+01 9.828055350373236798e-02 -3.264810000000002432e-01 1.506559408055321327e-02 -2.465079999999999494e-01 1.151335402912635059e-02 1.000000000000000000e+00 3.269675300000000107e+01 1.579339194093529880e-02 8.915289920000000166e+02 3.398429134501212445e+01 9.827357461043424725e-02
8.525000000000000000e+03 4.050000000000000000e+03 -5.203200000000000000e+04 3.398177600000000353e+01 8.404581132334913718e-02 -3.796569999999999112e-01 1.598837155560252701e-02 -1.979770000000000696e-01 1.664746947737102967e-02 1.000000000000000000e+00 3.270757199999999898e+01 2.453862473734011104e-02 1.163233533000000079e+03 3.398447343191232051e+01 8.403938616520904847e-02
8.525000000000000000e+03 4.050000000000000000e+03 -5.203200000000000000e+04 3.398800400000000366e+01 1.084637011584981825e-01 -3.478539999999998855e-01 1.779021287112664274e-02 -2.513229999999999631e-01 1.832272714417807619e-02 1.000000000000000000e+00 3.267937899999999729e+01 1.804356533504395885e-02 1.280391233999999940e+03 3.399071316638797668e+01 1.084552936871395895e-01
8.525000000000000000e+03 8.050000000000000000e+03 -5.203200000000000000e+04 3.394721200000000039e+01 8.783839448100129454e-02 9.936430000000004981e-01 1.866265886737471236e-02 -8.706220000000000070e-01 1.396909821713627868e-02 1.000000000000000000e+00 3.271972599999999431e+01 3.483132707779018622e-02 1.508030254000000014e+03 3.397290849561274939e+01 8.777438239802930198e-02
8.525000000000000000e+03 8.050000000000000000e+03 -5.203200000000000000e+04 3.396161700000000394e+01 9.370945094813010190e-02 9.433840000000000003e-01 2.035907601046766519e-02 -8.442490000000000272e-01 1.294926299061070069e-02 1.000000000000000000e+00 3.269536800000000198e+01 1.436885332933703595e-02 1.779724793999999974e+03 3.398520500159071389e+01 9.364666811666194635e-02
8.525000000000000000e+03 8.050000000000000000e+03 -5.203200000000000000e+04 3.398129399999999833e+01 1.095550241750692100e-01 9.722360000000005442e-01 1.654636274230684295e-02 -8.714529999999998111e-01 1.250856026887187285e-02 1.000000000000000000e+00 3.270645400000000080e+01 2.986994591558544965e-02 1.896878494999999930e+03 3.400636727269381510e+01 1.094757393989169159e-01
1.252500000000000000e+04 -3.950000000000000000e+03 -5.203200000000000000e+04 3.393467900000000270e+01 9.795931025175706741e-02 -2.053817000000000448e+00 2.167054583991829056e-02 1.312619999999999898e-01 2.258520801321076826e-02 1.000000000000000000e+00 3.271400400000000275e+01 2.918385658202150498e-02 2.182211815000000115e+03 3.399702682316755187e+01 9.778846322165347937e-02
1.252500000000000000e+04 -3.950000000000000000e+03 -5.203200000000000000e+04 3.391875699999999938e+01 8.890914470964166039e-02 -2.309201999999999977e+00 2.086496748140288793e-02 1.066620000000000346e-01 1.817146303961241285e-02 1.000000000000000000e+00 3.270797900000000169e+01 2.038640883039482404e-02 2.403719485000000077e+03 3.399743912538261981e+01 8.871471633924650491e-02
1.252500000000000000e+04 -3.950000000000000000e+03 -5.203200000000000000e+04 3.392458500000000043e+01 8.635452660399453584e-02 -2.074810000000000265e+00 1.714972664505181113e-02 1.490039999999996922e-01 1.694992699099320474e-02 1.000000000000000000e+00 3.271538100000000071e+01 2.046024645501612685e-02 2.571052055999999993e+03 3.398829954779057516e+01 8.619903587076038765e-02
1.252500000000000000e+04 5.000000000000000000e+01 -5.203200000000000000e+04 3.391884499999999747e+01 8.382204679557760107e-02 -9.925259999999997973e-01 1.985149951514998332e-02 9.032010000000001426e-01 1.614539776530761125e-02 1.000000000000000000e+00 3.271527600000000291e+01 1.986463040179706208e-02 2.798684075000000121e+03 3.394538151267565240e+01 8.375963247308616799e-02
1.252500000000000000e+04 5.000000000000000000e+01 -5.203200000000000000e+04 3.391794099999999901e+01 9.888395965473874283e-02 -1.163841999999999821e+00 1.854775503935719022e-02 8.768279999999997187e-01 1.694891146947201388e-02 1.000000000000000000e+00 3.270591300000000246e+01 1.680966165632134107e-02 3.020206745999999839e+03 3.394922793263535965e+01 9.879584618862996548e-02
1.252500000000000000e+04 5.000000000000000000e+01 -5.203200000000000000e+04 3.392352400000000046e+01 8.874690117970317205e-02 -1.101456000000000657e+00 1.835769800383479228e-02 9.260889999999997180e-01 1.361899408913888783e-02 1.000000000000000000e+00 3.269206900000000360e+01 1.742873044716682779e-02 3.187533316000000013e+03 3.395403255482966642e+01 8.866993771890931131e-02
1.252500000000000000e+04 4.050000000000000000e+03 -5.203200000000000000e+04 3.399038199999999676e+01 9.041584039315234134e-02 -4.213110000000002131e-01 1.627288714395819583e-02 -9.169400000000005324e-02 1.438709845660340186e-02 1.000000000000000000e+00 3.268446000000000140e+01 2.621787043220711461e-02 9.166234279999999899e+02 3.399311664520158160e+01 9.040880000061465860e-02
1.252500000000000000e+04 4.050000000000000000e+03 -5.203200000000000000e+04 3.399521500000000174e+01 7.434715631414559600e-02 -6.256159999999999499e-01 1.687375263538019171e-02 -3.857299999999996842e-02 1.776041733743889336e-02 1.000000000000000000e+00 3.272506599999999821e+01 3.691108283429246628e-02 1.138141098000000056e+03 3.400099301714598710e+01 7.433517311875838252e-02
1.252500000000000000e+04 4.050000000000000000e+03 -5.203200000000000000e+04 3.400204000000000093e+01 8.817782139517850448e-02 -5.092259999999999565e-01 2.022369353011461979e-02 -5.061800000000005184e-02 1.601253574547142206e-02 1.000000000000000000e+00 3.271603600000000256e+01 2.292325441554928997e-02 1.305483668999999963e+03 3.400589062886899683e+01 8.816835998078630110e-02
1.252500000000000000e+04 8.050000000000000000e+03 -5.203200000000000000e+04 3.396190299999999951e+01 8.457691233427713784e-02 9.193199999999999150e-01 1.589466375863295838e-02 -8.671969999999999956e-01 1.379993768101870841e-02 1.000000000000000000e+00 3.269752400000000137e+01 3.043578163937965889e-02 1.533127690000000030e+03 3.398540915276169017e+01 8.452024150120923673e-02
1.252500000000000000e+04 8.050000000000000000e+03 -5.203200000000000000e+04 3.395862300000000289e+01 8.034453619257503343e-02 6.525340000000001695e-01 1.647390694401300662e-02 -8.138720000000003729e-01 1.521046928927572567e-02 1.000000000000000000e+00 3.270614100000000235e+01 2.280161156585209375e-02 1.754635359000000108e+03 3.397464148905282144e+01 8.030810497811394222e-02
1.252500000000000000e+04 8.050000000000000000e+03 -5.203200000000000000e+04 3.396694800000000214e+01 7.554718827990887509e-02 8.614499999999996049e-01 1.422947848657848784e-02 -8.943510000000003402e-01 1.406878431137530833e-02 1.000000000000000000e+00 3.271759600000000034e+01 2.441201163362003573e-02 1.921972929999999906e+03 3.398963836595507360e+01 7.549852436725862370e-02
1.652500000000000000e+04 -3.950000000000000000e+03 -5.203200000000000000e+04 3.394533900000000415e+01 8.901034135986672646e-02 -2.185407999999999795e+00 1.898006788712832890e-02 1.009629999999992478e-01 1.799021948170727303e-02 1.000000000000000000e+00 3.271723800000000182e+01 2.999415066308762715e-02 2.207303249999999935e+03 3.401576460229512833e+01 8.883444175148048905e-02
1.652500000000000000e+04 -3.950000000000000000e+03 -5.203200000000000000e+04 3.392245299999999730e+01 8.204853124828012656e-02 -2.566895000000000593e+00 2.165469558779342663e-02 2.281500000000047379e-02 2.234055561081684307e-02 1.000000000000000000e+00 3.271050300000000277e+01 1.623850270191189854e-02 2.378629050000000007e+03 3.401943985433121043e+01 8.183093250523018614e-02
1.652500000000000000e+04 -3.950000000000000000e+03 -5.203200000000000000e+04 3.394289400000000256e+01 9.428177064523129980e-02 -2.150621000000000116e+00 1.503169218684310450e-02 1.466569999999993712e-01 1.966353266836862179e-02 1.000000000000000000e+00 3.272267700000000445e+01 2.069781401501134474e-02 2.596146490999999969e+03 3.401127360238846364e+01 9.409705620376987434e-02
1.652500000000000000e+04 5.000000000000000000e+01 -5.203200000000000000e+04 3.396427800000000019e+01 1.082933220701996907e-01 -1.085022999999999627e+00 1.784045565561597282e-02 9.818390000000001283e-01 1.741263704899404310e-02 1.000000000000000000e+00 3.272144500000000278e+01 2.158348762364414516e-02 2.823775509999999940e+03 3.399578595640544876e+01 1.081956207924807539e-01
1.652500000000000000e+04 5.000000000000000000e+01 -5.203200000000000000e+04 3.391720300000000066e+01 1.142214023421179864e-01 -1.430437000000000403e+00 1.661428331286065457e-02 9.999429999999998042e-01 1.624188129497318792e-02 1.000000000000000000e+00 3.271292599999999595e+01 1.781670106950217561e-02 2.995111309999999776e+03 3.396207731216433245e+01 1.140736295909801634e-01
1.652500000000000000e+04 5.000000000000000000e+01 -5.203200000000000000e+04 3.395178500000000099e+01 1.073447623780499210e-01 -1.187203000000000230e+00 1.901992116177141437e-02 9.754089999999997485e-01 1.196239863070947852e-02 1.000000000000000000e+00 3.271368700000000018e+01 2.139812295506313827e-02 3.212621751000000131e+03 3.398653525098895756e+01 1.072376132021202466e-01
1.652500000000000000e+04 4.050000000000000000e+03 -5.203200000000000000e+04 3.401397000000000048e+01 9.642384946163473636e-02 -5.080840000000002021e-01 1.615695441597827728e-02 -7.177800000000000846e-02 1.677779070676470308e-02 1.000000000000000000e+00 3.269000799999999884e+01 2.327318117490602412e-02 9.417158630000000130e+02 3.401784026938277350e+01 9.641318765316650441e-02
1.652500000000000000e+04 4.050000000000000000e+03 -5.203200000000000000e+04 3.400605300000000142e+01 8.644516001489035983e-02 -8.624889999999991730e-01 1.720756510956735971e-02 6.123000000000045073e-03 1.769168632437281494e-02 1.000000000000000000e+00 3.271672600000000131e+01 1.675290553904008536e-02 1.113051662999999962e+03 3.401698936421416164e+01 8.641846954081666698e-02
1.652500000000000000e+04 4.050000000000000000e+03 -5.203200000000000000e+04 3.401962300000000283e+01 1.005550663964775021e-01 -5.384910000000004970e-01 1.679103647783542971e-02 -4.581600000000002337e-02 1.506524881971751592e-02 1.000000000000000000e+00 3.272140500000000429e+01 1.241660440700274350e-02 1.330576105000000098e+03 3.402391542319998763e+01 1.005427337235183100e-01
1.652500000000000000e+04 8.050000000000000000e+03 -5.203200000000000000e+04 3.397586599999999635e+01 1.020218670923052767e-01 8.534009999999998541e-01 1.852113800499310611e-02 -9.156130000000000102e-01 1.494280994324695411e-02 1.000000000000000000e+00 3.268298000000000059e+01 1.653344779530270883e-02 1.558316131000000041e+03 3.399891337796732671e+01 1.019545620515338036e-01
1.652500000000000000e+04 8.050000000000000000e+03 -5.203200000000000000e+04 3.400176600000000349e+01 8.788952298198006441e-02 5.445440000000001390e-01 1.675400429748065065e-02 -9.225669999999999149e-01 1.620283654179107205e-02 1.000000000000000000e+00 3.268614399999999875e+01 2.651839093911996514e-02 1.729544924000000037e+03 3.401863826134404434e+01 8.784744066415724195e-02
1.652500000000000000e+04 8.050000000000000000e+03 -5.203200000000000000e+04 3.397118600000000299e+01 8.496488724761541711e-02 7.935140000000000526e-01 1.331493454734194309e-02 -8.706740000000001700e-01 1.425004592975054329e-02 1.000000000000000000e+00 3.272594000000000136e+01 1.581309991747348667e-02 1.947068365999999969e+03 3.399160508021162030e+01 8.491520141884772999e-02
2.052500000000000000e+04 -3.950000000000000000e+03 -5.203200000000000000e+04 3.396805700000000172e+01 9.570236250479921547e-02 -2.199379000000000417e+00 2.155355843010615252e-02 8.715999999999723968e-03 1.978116035524711200e-02 1.000000000000000000e+00 3.270250999999999664e+01 2.961204447517935476e-02 2.232396686000000045e+03 3.403918683384704025e+01 9.551253205043298833e-02
2.052500000000000000e+04 -3.950000000000000000e+03 -5.203200000000000000e+04 3.395138800000000145e+01 8.784308868089737987e-02 -2.543384000000000533e+00 1.842819491974186791e-02 -4.058999999999990393e-02 1.740670115214252786e-02 1.000000000000000000e+00 3.271513699999999858e+01 1.874077909266314360e-02 2.353542614999999842e+03 3.404654456543424601e+01 8.760839549733778764e-02
2.052500000000000000e+04 -3.950000000000000000e+03 -5.203200000000000000e+04 3.396278900000000078e+01 9.381807613674456037e-02 -2.191895999999999844e+00 2.304147217518880825e-02 5.706699999999997885e-02 1.704251205075120457e-02 1.000000000000000000e+00 3.269540800000000047e+01 1.796290856181147547e-02 2.621341931999999815e+03 3.403349381676565599e+01 9.363493278305838607e-02
2.052500000000000000e+04 5.000000000000000000e+01 -5.203200000000000000e+04 3.396657900000000296e+01 9.558597295105594749e-02 -1.103736999999999746e+00 2.016897741582353992e-02 9.279249999999998888e-01 1.734916856797466198e-02 1.000000000000000000e+00 3.269746899999999812e+01 2.171597893257404960e-02 2.848866946000000098e+03 3.399717295796865812e+01 9.550337415113960282e-02
2.052500000000000000e+04 5.000000000000000000e+01 -5.203200000000000000e+04 3.392260600000000181e+01 8.515099671172381146e-02 -1.549820999999999671e+00 1.726971166522475731e-02 9.121810000000001306e-01 1.363400586768246867e-02 1.000000000000000000e+00 3.270847599999999744e+01 2.631011655238341823e-02 2.970021874999999909e+03 3.397024016900731169e+01 8.503603352787449110e-02
2.052500000000000000e+04 5.000000000000000000e+01 -5.203200000000000000e+04 3.394970200000000204e+01 8.661291869576961955e-02 -1.163793000000000077e+00 1.727720347741497353e-02 9.535189999999997834e-01 1.395284247026390076e-02 1.000000000000000000e+00 3.270820200000000000e+01 2.961728201574208991e-02 3.237710185999999794e+03 3.398302338696505842e+01 8.653090068354107878e-02
2.052500000000000000e+04 4.050000000000000000e+03 -5.203200000000000000e+04 3.405643700000000251e+01 9.565758113709543764e-02 -5.745430000000002480e-01 1.918430830131751322e-02 4.202999999999956771e-03 1.678553722702970374e-02 1.000000000000000000e+00 3.269607799999999997e+01 1.137694181227978489e-02 9.668022979999999507e+02 3.406128327675026668e+01 9.564451832132242481e-02
2.052500000000000000e+04 4.050000000000000000e+03 -5.203200000000000000e+04 3.403978599999999943e+01 9.202440650175365555e-02 -9.479449999999998155e-01 1.770841249237209425e-02 4.799200000000003463e-02 1.977736671045971298e-02 1.000000000000000000e+00 3.269532900000000097e+01 2.450216880196526628e-02 1.087960227000000032e+03 3.405301651661545748e+01 9.198997758737466335e-02
2.052500000000000000e+04 4.050000000000000000e+03 -5.203200000000000000e+04 3.404429199999999867e+01 7.089406737520424773e-02 -5.541469999999995011e-01 1.921337484670509327e-02 -2.552400000000004665e-02 1.394897820630600950e-02 1.000000000000000000e+00 3.268956599999999924e+01 1.792656545465416348e-02 1.355667539999999917e+03 3.404881125903588668e+01 7.088534817347785788e-02
2.052500000000000000e+04 8.050000000000000000e+03 -5.203200000000000000e+04 3.397714200000000062e+01 7.891439850876391660e-02 7.764450000000007179e-01 1.899151191980248676e-02 -8.623570000000002622e-01 1.423337152610020147e-02 1.000000000000000000e+00 3.270621599999999773e+01 1.686206897151117795e-02 1.583403565000000071e+03 3.399695140628991652e+01 7.887043555941311568e-02
2.052500000000000000e+04 8.050000000000000000e+03 -5.203200000000000000e+04 3.394623199999999485e+01 1.015070706108692766e-01 5.346530000000004890e-01 1.901322679084220882e-02 -8.720609999999999751e-01 1.782669214969507393e-02 1.000000000000000000e+00 3.270866000000000184e+01 2.562351500087371031e-02 1.704452489000000014e+03 3.396164029042109433e+01 1.014624912690832298e-01
2.052500000000000000e+04 8.050000000000000000e+03 -5.203200000000000000e+04 3.395571400000000040e+01 1.065176964921791813e-01 7.558340000000001169e-01 1.458303332643795351e-02 -9.012010000000003629e-01 1.097429177669338209e-02 1.000000000000000000e+00 3.269144399999999706e+01 2.477865397877777875e-02 1.972159801000000016e+03 3.397607925478973101e+01 1.064547421037625313e-01
2.452500000000000000e+04 -3.950000000000000000e+03 -5.203200000000000000e+04 3.398960999999999899e+01 8.898245831623219360e-02 -2.188293999999999961e+00 1.917627286518420668e-02 7.322000000000272735e-03 1.947404513705357221e-02 1.000000000000000000e+00 3.270373700000000383e+01 2.221838540488484809e-02 2.257590126999999939e+03 3.405998050783676234e+01 8.880716050419737440e-02
2.452500000000000000e+04 -3.950000000000000000e+03 -5.203200000000000000e+04 3.398382200000000353e+01 1.157552621914010316e-01 -2.375590000000000757e+00 2.246748871146929047e-02 -8.052200000000020452e-02 1.910079718231676160e-02 1.000000000000000000e+00 3.272656600000000537e+01 3.295723333351875672e-02 2.328457179999999880e+03 3.406684707113748090e+01 1.154837894281735278e-01
2.452500000000000000e+04 -3.950000000000000000e+03 -5.203200000000000000e+04 3.399396600000000035e+01 7.497707370256591342e-02 -2.195419000000000231e+00 1.711059277173061430e-02 -1.900100000000026768e-02 2.177594041597285396e-02 1.000000000000000000e+00 3.271094000000000079e+01 2.051125556858965360e-02 2.646433367000000089e+03 3.406479047392949866e+01 7.482931501641545968e-02
2.452500000000000000e+04 5.000000000000000000e+01 -5.203200000000000000e+04 3.395418099999999839e+01 8.746500521923039617e-02 -1.103688000000000002e+00 1.603525179097603157e-02 1.028607000000000049e+00 1.650391644428679527e-02 1.000000000000000000e+00 3.270370299999999730e+01 2.455750404662493391e-02 2.874057385999999951e+03 3.398768257681823712e+01 8.738177022933685256e-02
2.452500000000000000e+04 5.000000000000000000e+01 -5.203200000000000000e+04 3.394716799999999779e+01 1.034905557526869108e-01 -1.345982000000000234e+00 1.774906422885443383e-02 1.013809000000000182e+00 1.540887630555843116e-02 1.000000000000000000e+00 3.270543099999999725e+01 2.011804095830406827e-02 2.944930440000000090e+03 3.398896425978627889e+01 1.033667048814506384e-01
2.452500000000000000e+04 5.000000000000000000e+01 -5.203200000000000000e+04 3.399188399999999888e+01 9.892044237668976003e-02 -1.172482999999999720e+00 1.844305769117474819e-02 9.888829999999999565e-01 1.050072645106042007e-02 1.000000000000000000e+00 3.271809199999999862e+01 2.849532110715722460e-02 3.262794621000000006e+03 3.402647181008389765e+01 9.882240469943405492e-02
2.452500000000000000e+04 4.050000000000000000e+03 -5.203200000000000000e+04 3.408663400000000365e+01 9.684768599197401961e-02 -5.677180000000001669e-01 1.703087469861721409e-02 8.702399999999999025e-02 1.936438963665005480e-02 1.000000000000000000e+00 3.271423800000000170e+01 2.351868927045042482e-02 9.918927330000000211e+02 3.409147245799242398e+01 9.683436875338850836e-02
2.452500000000000000e+04 4.050000000000000000e+03 -5.203200000000000000e+04 3.407641199999999770e+01 8.454780245517916348e-02 -8.553899999999998727e-01 1.769629082604600584e-02 1.475609999999999422e-01 1.513334546622127456e-02 1.000000000000000000e+00 3.270947499999999764e+01 2.743889365481050335e-02 1.062868793000000096e+03 3.408746574761116932e+01 8.452157758343514793e-02
2.452500000000000000e+04 4.050000000000000000e+03 -5.203200000000000000e+04 3.407518100000000061e+01 9.157645759145742470e-02 -5.452989999999999782e-01 1.676412986110522793e-02 9.434999999999993392e-02 1.569161320578607577e-02 1.000000000000000000e+00 3.267358199999999613e+01 3.231717577388221879e-02 1.380761974999999893e+03 3.407967448648332009e+01 9.156478622323144245e-02
2.452500000000000000e+04 8.050000000000000000e+03 -5.203200000000000000e+04 3.400124699999999933e+01 1.112769881152433082e-01 7.928079999999999572e-01 2.267813925347492154e-02 -9.320939999999997561e-01 1.353160984509973151e-02 1.000000000000000000e+00 3.270070700000000130e+01 3.216215728150087494e-02 1.608494999999999891e+03 3.402325882840603555e+01 1.112068693511266276e-01
2.452500000000000000e+04 8.050000000000000000e+03 -5.203200000000000000e+04 3.399120299999999872e+01 9.356917153101228235e-02 6.146460000000004698e-01 1.528231638201486831e-02 -9.126229999999999620e-01 1.533238940935169499e-02 1.000000000000000000e+00 3.269313199999999853e+01 3.193512248293405020e-02 1.679363053999999920e+03 3.400900692217657451e+01 9.352150040918957852e-02
2.452500000000000000e+04 8.050000000000000000e+03 -5.203200000000000000e+04 3.398372399999999516e+01 6.933919688747483545e-02 7.512169999999995795e-01 1.426117081448784706e-02 -9.104739999999997835e-01 1.301521724751454091e-02 1.000000000000000000e+00 3.271761500000000211e+01 1.449026490441082324e-02 1.997250236000000086e+03 3.400421719131232123e+01 6.929900091629545567e-02
2.852500000000000000e+04 -3.950000000000000000e+03 -5.203200000000000000e+04 3.404246600000000456e+01 1.097201909449669194e-01 -2.083697000000000799e+00 2.364755854205672497e-02 -1.960649999999999338e-01 2.129717281706658763e-02 1.000000000000000000e+00 3.269886900000000196e+01 1.763719308733676869e-02 2.282680562000000009e+03 3.410674018479618042e+01 1.095230205171107002e-01
2.852500000000000000e+04 -3.950000000000000000e+03 -5.203200000000000000e+04 3.405250800000000311e+01 9.788304165686720348e-02 -2.089242999999999739e+00 1.697215404714439921e-02 -1.366500000000003823e-01 2.100721899728757655e-02 1.000000000000000000e+00 3.270586800000000238e+01 2.732056048107358789e-02 2.303367745000000014e+03 3.411681272665448006e+01 9.770411224458865063e-02
2.852500000000000000e+04 -3.950000000000000000e+03 -5.203200000000000000e+04 3.404349299999999801e+01 1.097351714128154965e-01 -2.109575999999999674e+00 2.302274451493565785e-02 -1.086580000000001434e-01 1.749502203485323037e-02 1.000000000000000000e+00 3.270003200000000021e+01 2.009687828992353861e-02 2.671528801999999814e+03 3.410896558240646925e+01 1.095338032354629398e-01
2.852500000000000000e+04 5.000000000000000000e+01 -5.203200000000000000e+04 3.399074399999999940e+01 7.891830513258632496e-02 -1.041030000000000122e+00 2.000392783930195900e-02 1.085833999999999966e+00 1.766859952005251505e-02 1.000000000000000000e+00 3.270788500000000454e+01 3.049436795541104334e-02 2.899149821999999858e+03 3.402401294100964435e+01 7.884553025091445289e-02
2.852500000000000000e+04 5.000000000000000000e+01 -5.203200000000000000e+04 3.400955400000000139e+01 1.049825988676218597e-01 -1.040168000000000426e+00 1.790869411766251446e-02 1.082816000000000001e+00 1.557656785046051054e-02 1.000000000000000000e+00 3.271271300000000082e+01 2.423859057371116968e-02 2.919840005000000019e+03 3.404268208054406131e+01 1.048830344446531754e-01
2.852500000000000000e+04 5.000000000000000000e+01 -5.203200000000000000e+04 3.401941100000000517e+01 1.057136357997396636e-01 -1.098997000000000668e+00 1.356255293077228766e-02 1.076032000000000100e+00 1.464899494845977278e-02 1.000000000000000000e+00 3.270175600000000316e+01 2.091946653239513260e-02 3.287885056000000077e+03 3.405416221342046867e+01 1.056076797240997622e-01
2.852500000000000000e+04 4.050000000000000000e+03 -5.203200000000000000e+04 3.413962300000000027e+01 1.105127747593010190e-01 -4.959400000000000475e-01 2.155573559403621900e-02 1.765309999999999935e-01 1.538452014201288111e-02 1.000000000000000000e+00 3.273007300000000441e+01 1.928426138072184687e-02 1.017084173999999962e+03 3.414368138118222618e+01 1.105001112142438985e-01
2.852500000000000000e+04 4.050000000000000000e+03 -5.203200000000000000e+04 3.414488400000000468e+01 1.009232897006434315e-01 -4.712750000000003325e-01 1.369834238147083286e-02 1.819170000000001064e-01 1.456159623805027697e-02 1.000000000000000000e+00 3.268344700000000103e+01 3.125247511798065481e-02 1.037774357000000009e+03 3.414862072315616359e+01 1.009124530325809371e-01
2.852500000000000000e+04 4.050000000000000000e+03 -5.203200000000000000e+04 3.412993600000000072e+01 8.205301374111739765e-02 -4.887499999999995737e-01 1.532131263958803197e-02 1.866910000000001624e-01 1.698213405317482508e-02 1.000000000000000000e+00 3.271735199999999821e+01 2.581335890580689282e-02 1.405852409999999963e+03 3.413394588171835409e+01 8.204372045153460191e-02
2.852500000000000000e+04 8.050000000000000000e+03 -5.203200000000000000e+04 3.399702299999999866e+01 9.821571349840105269e-02 8.493319999999995318e-01 1.586800882278554745e-02 -9.786809999999999121e-01 1.309571815518339663e-02 1.000000000000000000e+00 3.271359300000000303e+01 2.205712338452138141e-02 1.633583435999999892e+03 3.402171004239078655e+01 9.814596803886746490e-02
2.852500000000000000e+04 8.050000000000000000e+03 -5.203200000000000000e+04 3.404439299999999946e+01 9.249274039620622445e-02 8.496940000000003934e-01 1.667864361991106339e-02 -9.889630000000000365e-01 1.573775492247862090e-02 1.000000000000000000e+00 3.269135400000000402e+01 3.190205236344521161e-02 1.654273619000000053e+03 3.406935165874828186e+01 9.242704674282500865e-02
2.852500000000000000e+04 8.050000000000000000e+03 -5.203200000000000000e+04 3.398323000000000604e+01 8.831396675498162652e-02 8.144580000000001263e-01 1.584358409577833054e-02 -1.000307999999999975e+00 1.655122243219514858e-02 1.000000000000000000e+00 3.269627699999999493e+01 1.638012759413063832e-02 2.022339670999999953e+03 3.400770323267256856e+01 8.825257121924459658e-02
