2.525000000000000000e+03 -3.950000000000000000e+03 -5.203200000000000000e+04 3.405204260974048225e+01 1.330620369900535616e-01 -2.178665673211011011e-02 2.853644393111529065e-02 -3.470382080037426320e-02 2.276060978585450409e-02 1.000000000000000000e+00 3.283283099999999877e+01 2.416846476299229149e-02 3.944427607999999964e+03 3.405206726337141276e+01 1.330619439278512561e-01
2.525000000000000000e+03 -3.950000000000000000e+03 -5.203200000000000000e+04 3.402717470830385338e+01 1.021978038845105102e-01 3.078119801958933976e-02 2.597212010726577397e-02 1.412277432915098885e-02 2.566468720473503301e-02 1.000000000000000000e+00 3.282009999999999650e+01 2.050950816085066533e-02 4.612034792999999809e+03 3.402719156151943736e+01 1.021977565230315077e-01
2.525000000000000000e+03 -3.950000000000000000e+03 -5.203200000000000000e+04 3.402864762077005878e+01 1.206357066709878023e-01 3.083048308127711579e-02 1.870377306855213959e-02 2.056832266900787687e-03 2.196024701572124593e-02 1.000000000000000000e+00 3.281580399999999997e+01 2.099112560107246894e-02 4.632827983000000131e+03 3.402866164937707083e+01 1.206356581353980467e-01
2.525000000000000000e+03 -3.950000000000000000e+03 -5.203200000000000000e+04 3.403922904667497562e+01 1.468446693785720736e-01 -3.982427204881755500e-02 2.817774564480061972e-02 1.852565302994735319e-02 2.365100905827874703e-02 1.000000000000000000e+00 3.285126400000000046e+01 1.633262737590005648e-02 5.300149150999999620e+03 3.403925738415081526e+01 1.468445513959264204e-01
2.525000000000000000e+03 5.000000000000000000e+01 -5.203200000000000000e+04 3.398014953197274934e+01 1.037572640545531139e-01 4.537455719474827731e-01 2.430580235114617946e-02 1.734775210068262297e-02 1.414898957455119899e-02 1.000000000000000000e+00 3.283269700000000313e+01 2.093937773669504038e-02 5.341338507000000391e+03 3.398318331474838061e+01 1.037485091590036324e-01
2.525000000000000000e+03 5.000000000000000000e+01 -5.203200000000000000e+04 3.398730280725320085e+01 1.255496419254926443e-01 -1.286878833443259040e-01 2.116175084813981880e-02 -1.888145931230233998e-02 1.686613389078325115e-02 1.000000000000000000e+00 3.280397299999999916e+01 2.122698360577875490e-02 6.008740681000000222e+03 3.398755167988342407e+01 1.255487485103536638e-01
2.525000000000000000e+03 5.000000000000000000e+01 -5.203200000000000000e+04 3.403696735281278052e+01 1.204529028576735300e-01 -1.333499312249637470e-01 2.431788531098632092e-02 -8.855309756317986114e-03 2.176020344945284526e-02 1.000000000000000000e+00 3.282294699999999921e+01 2.405276599478737773e-02 6.029536869999999908e+03 3.403722972271850011e+01 1.204520121787628767e-01
2.525000000000000000e+03 5.000000000000000000e+01 -5.203200000000000000e+04 3.402022992689796155e+01 1.187402683946515020e-01 -1.917097642832148452e-01 2.178623561868580499e-02 1.038885858526317207e-02 1.682140372065396225e-02 1.000000000000000000e+00 3.281371800000000150e+01 2.106673876042516533e-02 6.696874039999999695e+03 3.402077166733741365e+01 1.187384411741349427e-01
2.525000000000000000e+03 4.050000000000000000e+03 -5.203200000000000000e+04 3.402486472702752707e+01 1.052241981929438741e-01 -3.005646062958522435e-02 1.655958767261317757e-02 -2.630989481550827236e-02 1.556339486632350028e-02 1.000000000000000000e+00 3.280904900000000168e+01 1.378479339707345749e-02 1.110967544000000089e+03 3.402488817459820325e+01 1.052241273847844688e-01
2.525000000000000000e+03 4.050000000000000000e+03 -5.203200000000000000e+04 3.401828901929751225e+01 1.313854114649572191e-01 7.278035121478243497e-02 2.731612724330219691e-02 1.874804173884303538e-02 2.223120009382345552e-02 1.000000000000000000e+00 3.281693599999999833e+01 1.763858137719697891e-02 1.778386717999999973e+03 3.401837204025274275e+01 1.313851043911335725e-01
2.525000000000000000e+03 4.050000000000000000e+03 -5.203200000000000000e+04 3.401844787961333338e+01 1.323202979520976541e-01 -6.995559095699377394e-04 2.487040452136830837e-02 2.602270863132050138e-02 1.815346734956195182e-02 1.000000000000000000e+00 3.281680300000000017e+01 1.689174570611338619e-02 1.799178906999999981e+03 3.401845783995376848e+01 1.323202599394126822e-01
2.525000000000000000e+03 4.050000000000000000e+03 -5.203200000000000000e+04 3.402034162341479373e+01 1.261935017877294785e-01 -4.201975076009389909e-02 2.269419969279631855e-02 -1.845897589084177781e-02 1.493544829771780574e-02 1.000000000000000000e+00 3.280904400000000010e+01 1.400795780975942414e-02 2.466432072000000062e+03 3.402037258125039898e+01 1.261933903275440361e-01
2.525000000000000000e+03 8.050000000000000000e+03 -5.203200000000000000e+04 3.400331304092041762e+01 1.353180631105724008e-01 -2.071801938632793494e-01 2.605279882347315626e-02 -3.276659421674921191e-02 1.841682397881854588e-02 1.000000000000000000e+00 3.282192799999999977e+01 2.673743686294555860e-02 2.507620428000000175e+03 3.400395999058424934e+01 1.353155828554135076e-01
2.525000000000000000e+03 8.050000000000000000e+03 -5.203200000000000000e+04 3.399036372106836268e+01 1.169561996025779982e-01 6.524102274597254336e-02 2.524879858708393640e-02 1.808150537905461874e-02 2.433657978087319998e-02 1.000000000000000000e+00 3.281822799999999773e+01 1.922199953178648987e-02 3.175112606000000142e+03 3.399043114204946647e+01 1.169559783737032510e-01
2.525000000000000000e+03 8.050000000000000000e+03 -5.203200000000000000e+04 3.400721262527953570e+01 1.027782200928183814e-01 6.734981717158738945e-02 2.518136199516238585e-02 5.471790673588383669e-03 2.165572960259655108e-02 1.000000000000000000e+00 3.281354000000000326e+01 2.254054941655149469e-02 3.195905796000000009e+03 3.400727975712462126e+01 1.027780293624356439e-01
2.525000000000000000e+03 8.050000000000000000e+03 -5.203200000000000000e+04 3.400843794851633817e+01 1.121813870461586954e-01 7.458794782408162405e-02 2.341863756920438064e-02 9.212812141423221135e-03 2.106091918227188942e-02 1.000000000000000000e+00 3.278561900000000406e+01 1.304914441639757477e-02 3.863240964999999960e+03 3.400852099012767127e+01 1.121811250260838777e-01
4.525000000000000000e+03 -3.950000000000000000e+03 -5.203200000000000000e+04 3.401411107529536793e+01 1.308724204079805553e-01 8.056347272655539626e-02 2.151039924055538066e-02 -1.688882678112069158e-02 2.004306221785250378e-02 1.000000000000000000e+00 3.281236699999999473e+01 2.178873112413845861e-02 3.967716939999999795e+03 3.401421067654133878e+01 1.308720474794233535e-01
4.525000000000000000e+03 -3.950000000000000000e+03 -5.203200000000000000e+04 3.402548388481778829e+01 1.201959069933319496e-01 -4.555789669018928123e-02 2.613194340808338428e-02 1.590687148880753909e-02 2.658487451102637886e-02 1.000000000000000000e+00 3.282809799999999711e+01 1.744330476142637310e-02 4.588950472999999874e+03 3.402551810254337283e+01 1.201957918536309261e-01
4.525000000000000000e+03 -3.950000000000000000e+03 -5.203200000000000000e+04 3.402236041332291450e+01 1.337639120020208960e-01 -2.367728029393312283e-02 2.103284101567397604e-02 1.910703600655150325e-02 1.951631309251279991e-02 1.000000000000000000e+00 3.281360399999999800e+01 2.497978130408671019e-02 4.655917303999999604e+03 3.402237401749720647e+01 1.337638597651390759e-01
4.525000000000000000e+03 -3.950000000000000000e+03 -5.203200000000000000e+04 3.403396894667912420e+01 1.241661027300964282e-01 -1.132756485211672270e-02 2.839234995595550301e-02 -1.813225825131192792e-02 2.374257559317626692e-02 1.000000000000000000e+00 3.275151100000000071e+01 1.591658864204261586e-02 5.277055830000000242e+03 3.403397566191809887e+01 1.241660792348175113e-01
4.525000000000000000e+03 5.000000000000000000e+01 -5.203200000000000000e+04 3.396907080915566723e+01 1.120943335724729761e-01 2.484691496927808885e-01 2.602970038655396182e-02 3.378598117803122136e-02 1.787611436328902237e-02 1.000000000000000000e+00 3.278764599999999518e+01 1.736786287946793031e-02 5.364534834000000046e+03 3.396999632099339550e+01 1.120914426673285530e-01
4.525000000000000000e+03 5.000000000000000000e+01 -5.203200000000000000e+04 3.402747721772061595e+01 1.362192218913644837e-01 -5.592596095253821176e-02 2.216916226829205791e-02 -2.653685085734691640e-02 2.154558211405171314e-02 1.000000000000000000e+00 3.279790300000000514e+01 1.604791731035526067e-02 5.985649360000000343e+03 3.402753352389881059e+01 1.362190023954490958e-01
4.525000000000000000e+03 5.000000000000000000e+01 -5.203200000000000000e+04 3.402362294203642534e+01 1.339968914032153291e-01 -5.826604457356854283e-02 2.563467612413080840e-02 2.208011937524512192e-02 1.985104945049093877e-02 1.000000000000000000e+00 3.281578899999999521e+01 1.300218720062128533e-02 6.052633190999999897e+03 3.402367999740017979e+01 1.339966745101287549e-01
4.525000000000000000e+03 5.000000000000000000e+01 -5.203200000000000000e+04 3.397679563936883795e+01 1.274194385280332242e-01 -1.342777893678759327e-01 1.862501815174155695e-02 -2.932238935929287749e-02 1.803395267399952526e-02 1.000000000000000000e+00 3.281781600000000054e+01 2.249693761381757473e-02 6.673782718999999815e+03 3.397707362688358756e+01 1.274184182412737010e-01
4.525000000000000000e+03 4.050000000000000000e+03 -5.203200000000000000e+04 3.401636924991375110e+01 1.106383471839550298e-01 2.858895534658412174e-02 2.257121197125218706e-02 -5.368392735938254390e-03 1.536746529364656222e-02 1.000000000000000000e+00 3.281656900000000121e+01 1.760634294792646701e-02 1.134159871000000066e+03 3.401638168727659206e+01 1.106383083842671922e-01
4.525000000000000000e+03 4.050000000000000000e+03 -5.203200000000000000e+04 3.402449891913254731e+01 1.449419940243728555e-01 1.185767948319060849e-02 2.360853729442162485e-02 2.328534020369588120e-02 2.013026418248303751e-02 1.000000000000000000e+00 3.279297100000000142e+01 2.240033758674185929e-02 1.755297397999999930e+03 3.402450895324843572e+01 1.449419521679951861e-01
4.525000000000000000e+03 4.050000000000000000e+03 -5.203200000000000000e+04 3.401937013878452376e+01 1.380519870804425842e-01 3.927791620911502690e-02 2.519359604674418704e-02 -2.698501966209132519e-02 1.830000342554049739e-02 1.000000000000000000e+00 3.279865300000000161e+01 1.692389438043147287e-02 1.822270228000000088e+03 3.401940351601732715e+01 1.380518554620225880e-01
4.525000000000000000e+03 4.050000000000000000e+03 -5.203200000000000000e+04 3.401368703354817313e+01 1.321165394031768581e-01 -7.973486857247102932e-02 2.636306052450321930e-02 9.076221378732540757e-03 1.914573085338336714e-02 1.000000000000000000e+00 3.280113599999999963e+01 2.715278521625360056e-02 2.443349752000000080e+03 3.401378170158713488e+01 1.321161862459211689e-01
4.525000000000000000e+03 8.050000000000000000e+03 -5.203200000000000000e+04 3.400738793064882515e+01 1.052303764261831170e-01 -1.369153039456936227e-01 2.099232904061309676e-02 4.427669256066302239e-04 2.067023419447493182e-02 1.000000000000000000e+00 3.280212999999999823e+01 2.559110259445653707e-02 2.530806754000000183e+03 3.400766354606173536e+01 1.052295575253876098e-01
4.525000000000000000e+03 8.050000000000000000e+03 -5.203200000000000000e+04 3.398496768451497729e+01 1.158984822638962492e-01 1.955563802794113570e-02 2.300880307661723467e-02 -2.285783201908841988e-02 2.221342742367280257e-02 1.000000000000000000e+00 3.279038700000000262e+01 1.794331073130039575e-02 3.152020285999999942e+03 3.398498099780240267e+01 1.158984385809964240e-01
4.525000000000000000e+03 8.050000000000000000e+03 -5.203200000000000000e+04 3.404114004277658978e+01 1.128655501926237731e-01 8.417413976265120112e-02 2.610261238814194640e-02 -2.451106457679674833e-02 1.620808379268647709e-02 1.000000000000000000e+00 3.281166699999999992e+01 2.275722641272437743e-02 3.218997116000000005e+03 3.404125293654772122e+01 1.128651949462431137e-01
4.525000000000000000e+03 8.050000000000000000e+03 -5.203200000000000000e+04 3.402613575314964578e+01 1.263641557274017002e-01 3.317880292518005092e-02 2.546916379906235053e-02 4.697678761239387768e-02 2.238935163593416822e-02 1.000000000000000000e+00 3.278889699999999863e+01 1.887761902359511024e-02 3.840146643999999924e+03 3.402618435768705041e+01 1.263639814442744091e-01
6.525000000000000000e+03 -3.950000000000000000e+03 -5.203200000000000000e+04 3.402571607058954584e+01 1.651056595421295792e-01 5.850835059493952883e-02 2.400557716605716818e-02 2.094250050796198082e-02 2.271727741352104479e-02 1.000000000000000000e+00 3.282887200000000405e+01 2.154289732139110305e-02 3.990810261999999966e+03 3.402577281902341610e+01 1.651053899297897087e-01
6.525000000000000000e+03 -3.950000000000000000e+03 -5.203200000000000000e+04 3.401052757053830788e+01 1.247933293449630110e-01 -6.467662714043775907e-02 2.168824548173729772e-02 -3.401961881550796818e-02 2.452567081495426321e-02 1.000000000000000000e+00 3.281977299999999786e+01 1.924754781783902940e-02 4.565856152000000293e+03 3.401060608144037190e+01 1.247930504957867476e-01
6.525000000000000000e+03 -3.950000000000000000e+03 -5.203200000000000000e+04 3.402738901161425389e+01 1.043795887120683441e-01 -6.605793083183542080e-03 2.253651736373209202e-02 1.727788287548026602e-02 2.299874290942137758e-02 1.000000000000000000e+00 3.278216299999999706e+01 1.562528031748550844e-02 4.679004624000000149e+03 3.402739403935402152e+01 1.043795740343443912e-01
6.525000000000000000e+03 -3.950000000000000000e+03 -5.203200000000000000e+04 3.402428503817774441e+01 1.319853123932109018e-01 1.277064250586867900e-02 2.727555561085850261e-02 -4.216141963266917259e-03 3.001511626806557462e-02 1.000000000000000000e+00 3.278890699999999470e+01 2.776031574027932117e-02 5.253964509999999791e+03 3.402428769606101611e+01 1.319853025323331208e-01
6.525000000000000000e+03 5.000000000000000000e+01 -5.203200000000000000e+04 3.405758420509127404e+01 1.396197572673153753e-01 2.149731461725927772e-01 2.198500787815353685e-02 8.189816596779753155e-03 1.879382737000259707e-02 1.000000000000000000e+00 3.279831000000000074e+01 1.400064502085528878e-02 5.387624155000000428e+03 3.405826364354991398e+01 1.396170409860430228e-01
6.525000000000000000e+03 5.000000000000000000e+01 -5.203200000000000000e+04 3.404811714144279478e+01 1.177732629162511341e-01 -5.733453777929931050e-02 2.451964463132600899e-02 -1.103743324903305734e-02 1.759808279935832012e-02 1.000000000000000000e+00 3.283171800000000218e+01 2.276638568152617240e-02 5.962564038999999866e+03 3.404816720400036445e+01 1.177730971247190478e-01
6.525000000000000000e+03 5.000000000000000000e+01 -5.203200000000000000e+04 3.398694286755736016e+01 1.258694616790824450e-01 -6.287810128855753078e-02 2.020755451650926848e-02 3.955037534957295264e-03 1.940855499722486319e-02 1.000000000000000000e+00 3.282853000000000065e+01 1.283318951001659672e-02 6.075720511000000442e+03 3.398700126196118987e+01 1.258692509900924128e-01
6.525000000000000000e+03 5.000000000000000000e+01 -5.203200000000000000e+04 3.396754805190775528e+01 1.099062592960389495e-01 -9.475776267342261860e-02 2.300001489319652287e-02 -1.098403164630834539e-03 1.369784663604426550e-02 1.000000000000000000e+00 3.281983199999999812e+01 3.092117935978509757e-02 6.650691397999999936e+03 3.396768024017446663e+01 1.099058503154027172e-01
6.525000000000000000e+03 4.050000000000000000e+03 -5.203200000000000000e+04 3.402686004768449379e+01 1.203448717171384658e-01 -4.110959428308280650e-02 2.650612717322119172e-02 -1.716107297526381359e-02 2.377604796139417415e-02 1.000000000000000000e+00 3.279350199999999660e+01 1.610836555954700197e-02 1.157249191000000110e+03 3.402688920847563026e+01 1.203447734405430208e-01
6.525000000000000000e+03 4.050000000000000000e+03 -5.203200000000000000e+04 3.402133614092440439e+01 1.449614289928632949e-01 -6.271635520596952063e-03 2.188258308098726262e-02 1.469629603677446994e-02 1.883177108109450673e-02 1.000000000000000000e+00 3.280941599999999880e+01 1.726451395203467548e-02 1.732205077000000074e+03 3.402133989319494844e+01 1.449614132892028950e-01
6.525000000000000000e+03 4.050000000000000000e+03 -5.203200000000000000e+04 3.401643673166087467e+01 1.355932108925828883e-01 5.027630315237185954e-02 2.403923847844138470e-02 -3.547715353276048589e-02 1.817910985764062751e-02 1.000000000000000000e+00 3.279535500000000070e+01 1.556489078021429558e-02 1.845363548999999921e+03 3.401649238610836790e+01 1.355929950288478347e-01
6.525000000000000000e+03 4.050000000000000000e+03 -5.203200000000000000e+04 3.402364270340433450e+01 1.305119036524589049e-01 -2.900617588267095925e-03 2.284439202041898057e-02 3.794456757738773334e-02 1.856860447714637694e-02 1.000000000000000000e+00 3.280145900000000125e+01 1.569642284088957479e-02 2.420273431999999957e+03 3.402366398571309247e+01 1.305118236727670911e-01
6.525000000000000000e+03 8.050000000000000000e+03 -5.203200000000000000e+04 3.404236943754619205e+01 1.064114793355490501e-01 -1.217383354450083388e-01 1.756233230966198697e-02 -2.449797415567989134e-02 2.312396197594642974e-02 1.000000000000000000e+00 3.283725199999999944e+01 1.960937003067666010e-02 2.553990080000000034e+03 3.404259592474454621e+01 1.064107912089955338e-01
6.525000000000000000e+03 8.050000000000000000e+03 -5.203200000000000000e+04 3.401276759365435964e+01 1.371341845622284228e-01 2.727746729462410258e-02 2.584215580596923786e-02 3.810245162615588654e-02 1.982975294230065327e-02 1.000000000000000000e+00 3.280565699999999651e+01 1.698710316681452046e-02 3.128930965000000015e+03 3.401279987353269973e+01 1.371340577801604399e-01
6.525000000000000000e+03 8.050000000000000000e+03 -5.203200000000000000e+04 3.400574449633513296e+01 9.728616544582997794e-02 6.268213442592873719e-02 2.263986783065774847e-02 -8.886279697066790106e-03 1.731622105012950094e-02 1.000000000000000000e+00 3.281266000000000105e+01 1.770314514429568650e-02 3.242086436999999933e+03 3.400580342773818643e+01 9.728600590654498670e-02
6.525000000000000000e+03 8.050000000000000000e+03 -5.203200000000000000e+04 3.401884159208564284e+01 1.272334099708147259e-01 3.176172235727747761e-02 2.987695343808712337e-02 -4.718228664910562031e-03 2.100234711780934321e-02 1.000000000000000000e+00 3.281634599999999580e+01 1.892246987050051968e-02 3.817056324000000131e+03 3.401885674645908608e+01 1.272333563833256409e-01
8.525000000000000000e+03 -3.950000000000000000e+03 -5.203200000000000000e+04 3.403142849552192217e+01 1.248104547920286245e-01 8.996280852945925943e-02 2.560265351367961573e-02 -2.107902310575004989e-02 2.303545985357036488e-02 1.000000000000000000e+00 3.280265099999999734e+01 1.819755304979215824e-02 4.014000587999999880e+03 3.403155393275415719e+01 1.248100139182400925e-01
8.525000000000000000e+03 -3.950000000000000000e+03 -5.203200000000000000e+04 3.402509385836454925e+01 1.047487062874673525e-01 -3.788261326873154644e-02 2.240613054718535932e-02 -6.749544004011731602e-03 2.506811099792700254e-02 1.000000000000000000e+00 3.280730599999999697e+01 1.560075286644846577e-02 4.542766830999999911e+03 3.402511561654492311e+01 1.047486423919619797e-01
8.525000000000000000e+03 -3.950000000000000000e+03 -5.203200000000000000e+04 3.402072484637365335e+01 1.218688311165221638e-01 -2.950117737032798004e-03 2.231966109416520794e-02 5.191210238569610169e-02 2.370004048380945985e-02 1.000000000000000000e+00 3.280352500000000049e+01 2.118588364926041884e-02 4.702196949999999561e+03 3.402076458050633789e+01 1.218686941623762926e-01
8.525000000000000000e+03 -3.950000000000000000e+03 -5.203200000000000000e+04 3.402566186198579601e+01 1.197784405264843838e-01 -4.913369604639683530e-02 2.291000997253431898e-02 -2.408295443636365718e-02 2.698725288171845843e-02 1.000000000000000000e+00 3.282849000000000217e+01 2.411440592260153531e-02 5.230877188999999817e+03 3.402570585976103246e+01 1.197782917357202576e-01
8.525000000000000000e+03 5.000000000000000000e+01 -5.203200000000000000e+04 3.403891481324731672e+01 1.213192025656031070e-01 1.805378936651633737e-01 1.991378241513576050e-02 1.244147279500396053e-02 1.797662990576342698e-02 1.000000000000000000e+00 3.282010599999999556e+01 1.528323084298604737e-02 5.410812480999999934e+03 3.403939585810537949e+01 1.213175342357130232e-01
8.525000000000000000e+03 5.000000000000000000e+01 -5.203200000000000000e+04 3.400547325842381241e+01 1.272475408501657634e-01 -4.796996241582096587e-02 1.928826912474351785e-02 9.536715789912442176e-03 1.969428952150501996e-02 1.000000000000000000e+00 3.281203899999999862e+01 1.895555480591375186e-02 5.939471717999999782e+03 3.400550843018847047e+01 1.272474122674253361e-01
8.525000000000000000e+03 5.000000000000000000e+01 -5.203200000000000000e+04 3.401793341233402401e+01 1.314806888138789209e-01 -3.033561651267735471e-02 2.077526267311033056e-02 -1.806541845912779110e-02 1.437342596221225129e-02 1.000000000000000000e+00 3.281077200000000005e+01 1.696846725547124929e-02 6.098912838000000193e+03 3.401795173514955906e+01 1.314806195223033602e-01
8.525000000000000000e+03 5.000000000000000000e+01 -5.203200000000000000e+04 3.401351285504333077e+01 1.348172746503574493e-01 -1.022363350911410507e-01 1.817186375950570129e-02 -3.916332335269334664e-03 2.314793244235983580e-02 1.000000000000000000e+00 3.281418499999999483e+01 1.855249161164074234e-02 6.627600077000000056e+03 3.401366672892044818e+01 1.348166758434418133e-01
8.525000000000000000e+03 4.050000000000000000e+03 -5.203200000000000000e+04 3.402497795401653491e+01 1.373111956519732224e-01 2.029394173349974295e-02 2.933534757937654794e-02 -5.996801161943343672e-03 2.442119067577787350e-02 1.000000000000000000e+00 3.280053499999999644e+01 1.717341556010335349e-02 1.180438517999999931e+03 3.402498453455940108e+01 1.373111702777654042e-01
8.525000000000000000e+03 4.050000000000000000e+03 -5.203200000000000000e+04 3.402519956983059046e+01 1.243667483607314855e-01 -3.983805241137794440e-02 2.692015643660603322e-02 2.441212324146624368e-03 2.246884415378665178e-02 1.000000000000000000e+00 3.279747600000000318e+01 1.852638356506741343e-02 1.709118756000000076e+03 3.402522297938306650e+01 1.243666668001966874e-01
8.525000000000000000e+03 4.050000000000000000e+03 -5.203200000000000000e+04 3.402759571385144000e+01 1.322631525349853288e-01 5.613872724770541112e-02 2.372716677822403128e-02 -3.230805139615466892e-02 1.775098093586796946e-02 1.000000000000000000e+00 3.280594400000000377e+01 1.822140131823016609e-02 1.868553875000000062e+03 3.402765736033268240e+01 1.322629197859482575e-01
8.525000000000000000e+03 4.050000000000000000e+03 -5.203200000000000000e+04 3.402690838712952370e+01 1.179651911013365750e-01 -3.659330266448446167e-02 2.942061893474241102e-02 3.583970407929748525e-02 2.051169873320635509e-02 1.000000000000000000e+00 3.283423600000000420e+01 2.277853814449030956e-02 2.397192110999999841e+03 3.402694693827663741e+01 1.179650636729638324e-01
8.525000000000000000e+03 8.050000000000000000e+03 -5.203200000000000000e+04 3.403440949226943957e+01 1.099937794222326237e-01 -8.512524221314610173e-02 2.179937967817261943e-02 2.342598983739785368e-02 1.763818250444487354e-02 1.000000000000000000e+00 3.283659200000000311e+01 2.456200702304272426e-02 2.577175405999999839e+03 3.403452400976605219e+01 1.099934235047293207e-01
8.525000000000000000e+03 8.050000000000000000e+03 -5.203200000000000000e+04 3.399629515767995969e+01 1.140181732174665175e-01 8.664142126738383354e-03 2.870242691968040438e-02 -3.778180227989924589e-03 1.864360949688137481e-02 1.000000000000000000e+00 3.283808599999999700e+01 2.389471131861609435e-02 3.105837644000000182e+03 3.399629647167611779e+01 1.140181690640086204e-01
8.525000000000000000e+03 8.050000000000000000e+03 -5.203200000000000000e+04 3.402447231693882657e+01 1.154399772563906162e-01 6.565468014140662945e-02 2.339640389481680363e-02 -1.762355717841002090e-02 1.978748432304151816e-02 1.000000000000000000e+00 3.280576600000000553e+01 2.213682384625220018e-02 3.265272762999999941e+03 3.402454022573895998e+01 1.154397561353182611e-01
8.525000000000000000e+03 8.050000000000000000e+03 -5.203200000000000000e+04 3.398658166578510986e+01 1.327173337533310293e-01 1.080541562171166703e-02 2.169031519222160490e-02 -2.021543661069991060e-03 1.892380879392463119e-02 1.000000000000000000e+00 3.280057500000000203e+01 1.988852606404003728e-02 3.793966002000000117e+03 3.398658344359912320e+01 1.327173269949152579e-01
1.052500000000000000e+04 -3.950000000000000000e+03 -5.203200000000000000e+04 3.402229001532271013e+01 1.410645361864293068e-01 7.153003407361779864e-02 2.273986925470842038e-02 -3.851212946563054018e-02 2.185986074489819700e-02 1.000000000000000000e+00 3.283937799999999640e+01 1.876539549276806662e-02 4.037091907999999876e+03 3.402238700644941360e+01 1.410641443111887439e-01
1.052500000000000000e+04 -3.950000000000000000e+03 -5.203200000000000000e+04 3.402033894606792330e+01 1.279157908439075841e-01 -4.491879963053424518e-02 2.635584919926432443e-02 -2.589787229836826299e-03 2.449802705858846602e-02 1.000000000000000000e+00 3.281293800000000260e+01 2.457387500985548645e-02 4.519674511000000166e+03 3.402036869892658899e+01 1.279156837209066977e-01
1.052500000000000000e+04 -3.950000000000000000e+03 -5.203200000000000000e+04 3.402137228195466889e+01 1.558441003448342299e-01 4.321656872184220788e-02 2.605198363085975063e-02 3.683730675813245981e-02 2.146089584818531432e-02 1.000000000000000000e+00 3.283827499999999588e+01 2.049560796853804046e-02 4.725289270999999644e+03 3.402141967358703312e+01 1.558438885009792996e-01
1.052500000000000000e+04 -3.950000000000000000e+03 -5.203200000000000000e+04 3.402554725260632296e+01 1.326733601334428858e-01 -6.982792458596875917e-02 2.658015686083525092e-02 4.264655486879931345e-03 2.444017764164494941e-02 1.000000000000000000e+00 3.280759799999999871e+01 2.230745644397854818e-02 5.207784867999999733e+03 3.402561917093771626e+01 1.326730909571284256e-01
1.052500000000000000e+04 5.000000000000000000e+01 -5.203200000000000000e+04 3.398726376833114671e+01 1.325143762598502972e-01 2.310914999556832328e-01 2.139377966737404657e-02 1.186508279012166156e-02 1.679208667815535946e-02 1.000000000000000000e+00 3.280646099999999876e+01 2.356878412222403879e-02 5.433899801999999909e+03 3.398805146694433432e+01 1.325113851069271431e-01
1.052500000000000000e+04 5.000000000000000000e+01 -5.203200000000000000e+04 3.407887606128939240e+01 1.146218050449241688e-01 -3.576098870777322247e-02 2.533393044338002123e-02 -5.654292599780230688e-03 1.717138781617200474e-02 1.000000000000000000e+00 3.282982600000000417e+01 1.630934486728390781e-02 5.916381398000000445e+03 3.407889529342260460e+01 1.146217434773730143e-01
1.052500000000000000e+04 5.000000000000000000e+01 -5.203200000000000000e+04 3.404697821506547939e+01 1.370330144175211928e-01 -3.045523930918569988e-02 1.723600742817263040e-02 -1.861938822591202580e-02 1.522604911273480431e-02 1.000000000000000000e+00 3.281557499999999550e+01 2.286477032467196940e-02 6.122003158999999869e+03 3.404699692748778261e+01 1.370329402237151217e-01
1.052500000000000000e+04 5.000000000000000000e+01 -5.203200000000000000e+04 3.402125195493454157e+01 1.095041872965816232e-01 -1.648702435181013115e-01 1.903307599310513284e-02 1.242276783956652864e-02 1.742479901622575808e-02 1.000000000000000000e+00 3.276362499999999756e+01 2.242648224755724312e-02 6.604507755999999972e+03 3.402165370912319275e+01 1.095029332157615859e-01
1.052500000000000000e+04 4.050000000000000000e+03 -5.203200000000000000e+04 3.401997614628416500e+01 1.262133913312361577e-01 8.967759957874577026e-02 3.051745478438745718e-02 -3.747105732162925307e-02 2.378354719446024168e-02 1.000000000000000000e+00 3.279575200000000024e+01 2.316159584311927588e-02 1.203529837999999927e+03 3.402011497843218990e+01 1.262129046241077523e-01
1.052500000000000000e+04 4.050000000000000000e+03 -5.203200000000000000e+04 3.402575618985481753e+01 1.314172064031435827e-01 -5.725285747772801415e-02 2.473004451349084323e-02 1.589658248469549839e-02 2.019438386171554592e-02 1.000000000000000000e+00 3.279381499999999505e+01 1.338073335060526413e-02 1.686027434999999969e+03 3.402580807096970972e+01 1.314170129502829909e-01
1.052500000000000000e+04 4.050000000000000000e+03 -5.203200000000000000e+04 3.402374892871662126e+01 1.263678264360422465e-01 7.244977802915286702e-02 2.451268744098798052e-02 -2.601654972100719831e-02 1.968201474063922471e-02 1.000000000000000000e+00 3.280297399999999897e+01 1.677861716590494170e-02 1.891645195999999942e+03 3.402383601235376887e+01 1.263675146753022449e-01
1.052500000000000000e+04 4.050000000000000000e+03 -5.203200000000000000e+04 3.402553087889858574e+01 1.167840344149764648e-01 -1.048740531927245812e-01 2.490413351526281002e-02 4.759009250878221131e-02 2.343298418075601824e-02 1.000000000000000000e+00 3.279472900000000379e+01 2.461092710565776498e-02 2.374106791000000158e+03 3.402572578174959261e+01 1.167833952893021776e-01
1.052500000000000000e+04 8.050000000000000000e+03 -5.203200000000000000e+04 3.402404921918128622e+01 1.115515410115327372e-01 -2.446198146284306318e-02 2.329128513843038706e-02 1.528290451930569560e-02 1.852888160555464167e-02 1.000000000000000000e+00 3.280830900000000128e+01 1.976928122112688035e-02 2.600264727000000221e+03 3.402406144517404130e+01 1.115515024946571454e-01
1.052500000000000000e+04 8.050000000000000000e+03 -5.203200000000000000e+04 3.399144675328410159e+01 1.472791711951577376e-01 -3.007254317785701403e-02 2.345903178410444281e-02 7.075834112309387081e-03 1.918306833694247149e-02 1.000000000000000000e+00 3.279251899999999864e+01 2.047315815891627422e-02 3.082747323000000051e+03 3.399146079247889674e+01 1.472791118822137091e-01
1.052500000000000000e+04 8.050000000000000000e+03 -5.203200000000000000e+04 3.399645313268514002e+01 1.079873514925353550e-01 6.642083299437473443e-02 2.623879554089400545e-02 -1.995975371517344499e-02 2.178679327461438206e-02 1.000000000000000000e+00 3.282668200000000525e+01 1.912327077149722152e-02 3.288367083999999977e+03 3.399652387703309842e+01 1.079871397042872494e-01
1.052500000000000000e+04 8.050000000000000000e+03 -5.203200000000000000e+04 3.403659615498335711e+01 1.175653604446922490e-01 -1.187470009844915353e-02 2.270859235828668471e-02 -2.400559898963816607e-03 2.300039594473874197e-02 1.000000000000000000e+00 3.283009899999999703e+01 1.637582929197785656e-02 3.770875681999999870e+03 3.403659831106243416e+01 1.175653532755462916e-01
1.252500000000000000e+04 -3.950000000000000000e+03 -5.203200000000000000e+04 3.403064299159092343e+01 1.136703717488069532e-01 1.074190852467387103e-01 2.109224276530280787e-02 4.124216048498663412e-02 2.115369512916272579e-02 1.000000000000000000e+00 3.284321199999999408e+01 1.468086267901174899e-02 4.060181228999999803e+03 3.403083751829791481e+01 1.136697443762872128e-01
1.252500000000000000e+04 -3.950000000000000000e+03 -5.203200000000000000e+04 3.402583016148497563e+01 1.424483622730352006e-01 -1.409301794871140601e-01 2.859236514135882895e-02 -4.185365746950076016e-02 2.833826630818015238e-02 1.000000000000000000e+00 3.282295200000000079e+01 1.566055331078694893e-02 4.496582190000000082e+03 3.402614775760480370e+01 1.424470861679044409e-01
1.252500000000000000e+04 -3.950000000000000000e+03 -5.203200000000000000e+04 3.402809887895683971e+01 1.400638432876873674e-01 1.256177991798166360e-01 2.178183902907889283e-02 6.411615174333684664e-02 2.155984116345607132e-02 1.000000000000000000e+00 3.280733000000000033e+01 1.949940742689377365e-02 4.748380592000000433e+03 3.402839114663590436e+01 1.400626692603915147e-01
1.252500000000000000e+04 -3.950000000000000000e+03 -5.203200000000000000e+04 3.402605438041801733e+01 1.319573391368849824e-01 -9.209413184688841625e-02 2.672294682322345558e-02 -6.349616221714038389e-02 2.401759502940079699e-02 1.000000000000000000e+00 3.281179500000000360e+01 2.141794231479765900e-02 5.184700547999999799e+03 3.402623825507164668e+01 1.319566534848173323e-01
1.252500000000000000e+04 5.000000000000000000e+01 -5.203200000000000000e+04 3.403952336293355074e+01 1.264832540293582830e-01 3.138097814596125801e-01 2.442165427061704017e-02 1.028179177644084064e-02 2.028218338422356146e-02 1.000000000000000000e+00 3.284943599999999719e+01 1.826819271301898667e-02 5.456992121999999654e+03 3.404097138845894932e+01 1.264780742384226109e-01
1.252500000000000000e+04 5.000000000000000000e+01 -5.203200000000000000e+04 3.403401816498927701e+01 1.370654009449092103e-01 -8.088051563497966612e-02 2.137173397892415047e-02 1.284591754876363012e-02 2.326178379973018254e-02 1.000000000000000000e+00 3.280417699999999570e+01 2.089992775107129414e-02 5.893291076999999859e+03 3.403411669384453120e+01 1.370650138312614341e-01
1.252500000000000000e+04 5.000000000000000000e+01 -5.203200000000000000e+04 3.401246800661169800e+01 1.194543639094222398e-01 5.318455237169228411e-02 2.088199791583965001e-02 -1.729561406904300824e-02 1.618702582435061280e-02 1.000000000000000000e+00 3.281050899999999615e+01 2.043656343419803303e-02 6.145089479000000210e+03 3.401251398582088115e+01 1.194542071735568006e-01
1.252500000000000000e+04 5.000000000000000000e+01 -5.203200000000000000e+04 3.396983215877827433e+01 1.238992862968939235e-01 -2.861044001215038435e-01 2.296320604431871179e-02 -5.830328699957032512e-03 1.969613734432410293e-02 1.000000000000000000e+00 3.284472699999999890e+01 2.515572463675018119e-02 6.581418435999999929e+03 3.397103746746731900e+01 1.238950412799095513e-01
1.252500000000000000e+04 4.050000000000000000e+03 -5.203200000000000000e+04 3.403992206156880940e+01 1.439457630679846778e-01 7.189647249143504837e-02 2.254685535668177893e-02 -5.138981081145610474e-02 2.353138413482046276e-02 1.000000000000000000e+00 3.279921900000000079e+01 2.511047552317558287e-02 1.226623158999999987e+03 3.404003677984339049e+01 1.439452902176421023e-01
1.252500000000000000e+04 4.050000000000000000e+03 -5.203200000000000000e+04 3.404551328628897977e+01 1.087623332764738743e-01 -6.514892963601326414e-02 2.547505259598878760e-02 1.457666278578040320e-02 2.142261063663405962e-02 1.000000000000000000e+00 3.279103299999999876e+01 1.739355297229407474e-02 1.662937114999999949e+03 3.404557874069715950e+01 1.087621354867965018e-01
1.252500000000000000e+04 4.050000000000000000e+03 -5.203200000000000000e+04 3.403924123759840370e+01 1.142682953021416647e-01 1.283665721847189189e-01 2.563648869048944928e-02 -1.272791575506104778e-02 1.821553154220188417e-02 1.000000000000000000e+00 3.278625000000000256e+01 1.124945198665250508e-02 1.914735517000000073e+03 3.403948566015817079e+01 1.142675158928355833e-01
1.252500000000000000e+04 4.050000000000000000e+03 -5.203200000000000000e+04 3.403102592036091067e+01 1.295758243652958552e-01 -1.351036512866459205e-01 2.086095911856691160e-02 4.953313798349090469e-02 1.824436684863251640e-02 1.000000000000000000e+00 3.282997600000000205e+01 2.010505908969182839e-02 2.351019471000000067e+03 3.403133014915264454e+01 1.295746951879214459e-01
1.252500000000000000e+04 8.050000000000000000e+03 -5.203200000000000000e+04 3.402316866099005921e+01 1.244327240557571157e-01 9.430743742860236978e-03 2.231032856779608178e-02 8.265348240863890084e-03 2.038782431405530143e-02 1.000000000000000000e+00 3.283355199999999741e+01 1.902125237727526549e-02 2.623352046999999857e+03 3.402317097198738338e+01 1.244327158560029067e-01
1.252500000000000000e+04 8.050000000000000000e+03 -5.203200000000000000e+04 3.401125391626801076e+01 1.200065516057921000e-01 -4.836307753922142183e-02 2.265415323438392872e-02 -2.337955879543329729e-04 1.900416435730357609e-02 1.000000000000000000e+00 3.283316800000000057e+01 2.854957437511109267e-02 3.059658003000000008e+03 3.401128830254428692e+01 1.200064345997651077e-01
1.252500000000000000e+04 8.050000000000000000e+03 -5.203200000000000000e+04 3.408464857797258674e+01 8.846667316718859198e-02 8.068624489618514417e-02 2.920024055124612397e-02 -9.572009080499821465e-03 2.454543750840867955e-02 1.000000000000000000e+00 3.282918000000000092e+01 1.973801712432127903e-02 3.311454404000000068e+03 3.408474542339082802e+01 8.846644907919856693e-02
1.252500000000000000e+04 8.050000000000000000e+03 -5.203200000000000000e+04 3.404234892962590209e+01 1.142820594066540907e-01 -4.175428347176790567e-02 2.103624853677738341e-02 1.546094927119323614e-03 1.884639093494878265e-02 1.000000000000000000e+00 3.281035599999999874e+01 1.878585222980315092e-02 3.747785361000000194e+03 3.404237457136325418e+01 1.142819762418550572e-01
1.452500000000000000e+04 -3.950000000000000000e+03 -5.203200000000000000e+04 3.403904180564712334e+01 1.307685136969755080e-01 1.756016128097499518e-01 2.417579322337380307e-02 3.310494549344245030e-02 2.437252427436693847e-02 1.000000000000000000e+00 3.282080599999999748e+01 1.596079963535661922e-02 4.083263548999999784e+03 3.403951085004644739e+01 1.307667734058542974e-01
1.452500000000000000e+04 -3.950000000000000000e+03 -5.203200000000000000e+04 3.402997174672059799e+01 1.254651745657801298e-01 -1.623452647802166027e-01 2.694555157436177156e-02 -6.629506542335850128e-02 2.552992484383242305e-02 1.000000000000000000e+00 3.280867100000000391e+01 2.275244461590885878e-02 4.473497868999999810e+03 3.403042356632221299e+01 1.254635844833670577e-01
1.452500000000000000e+04 -3.950000000000000000e+03 -5.203200000000000000e+04 3.403671454214391190e+01 1.071140550470474351e-01 1.831309407475600892e-01 2.702234153048665988e-02 4.412149832958789375e-02 2.730064535112369448e-02 1.000000000000000000e+00 3.280871599999999688e+01 1.232720669900525326e-02 4.771470913000000110e+03 3.403723579363437324e+01 1.071125192032654633e-01
1.452500000000000000e+04 -3.950000000000000000e+03 -5.203200000000000000e+04 3.403729863620272766e+01 1.278606703585132565e-01 -1.964229507977108824e-01 2.536350954657420539e-02 -1.089992440711284871e-02 2.725593881986923886e-02 1.000000000000000000e+00 3.283472899999999584e+01 1.752708946174463822e-02 5.161608226999999715e+03 3.403786713696967325e+01 1.278586189021483355e-01
1.452500000000000000e+04 5.000000000000000000e+01 -5.203200000000000000e+04 3.402047257416720072e+01 1.143925238405834321e-01 3.047786140386490317e-01 2.531810063938836133e-02 3.205180456095169106e-02 2.005733275875316510e-02 1.000000000000000000e+00 3.283446999999999605e+01 2.212993560767857401e-02 5.480077443000000130e+03 3.402185285212158306e+01 1.143881093145260458e-01
1.452500000000000000e+04 5.000000000000000000e+01 -5.203200000000000000e+04 3.397244206393267518e+01 1.344266990905828019e-01 -1.090345056003449997e-01 2.260406883099651265e-02 -6.340430282255393735e-03 1.734034930136865021e-02 1.000000000000000000e+00 3.281292799999999943e+01 1.578683391310619841e-02 5.870199757000000318e+03 3.397261762819771036e+01 1.344260240132462147e-01
1.452500000000000000e+04 5.000000000000000000e+01 -5.203200000000000000e+04 3.398340507531853660e+01 1.311231709529825373e-01 7.608069013176788076e-02 2.603957595680932505e-02 -1.259394172901284747e-02 1.569313981408671302e-02 1.000000000000000000e+00 3.278946899999999687e+01 2.327140840172764458e-02 6.168183799999999792e+03 3.398349257201156348e+01 1.311228464404881056e-01
1.452500000000000000e+04 5.000000000000000000e+01 -5.203200000000000000e+04 3.400576914452713595e+01 1.269829453395289742e-01 -2.718246661893166660e-01 1.936198814288286885e-02 -1.311763298446377846e-02 1.835509975600951166e-02 1.000000000000000000e+00 3.282974699999999757e+01 1.877053142561499119e-02 6.558328115000000253e+03 3.400685807057626420e+01 1.269789737597083468e-01
1.452500000000000000e+04 4.050000000000000000e+03 -5.203200000000000000e+04 3.404976120868877132e+01 1.358212438992193738e-01 1.476050540813496070e-01 2.740708184487312613e-02 -4.703032447260568905e-02 2.201689599869139854e-02 1.000000000000000000e+00 3.282154599999999789e+01 2.221437705631197287e-02 1.249717480000000023e+03 3.405011361907823897e+01 1.358198935501841453e-01
1.452500000000000000e+04 4.050000000000000000e+03 -5.203200000000000000e+04 3.405584784896998940e+01 1.286841260209434512e-01 -1.220899181782577614e-01 2.501217546662175967e-02 4.975748377294053615e-02 2.012986484437677415e-02 1.000000000000000000e+00 3.279502200000000300e+01 1.840031535055853401e-02 1.639845794000000069e+03 3.405610304288360624e+01 1.286831963488239416e-01
1.452500000000000000e+04 4.050000000000000000e+03 -5.203200000000000000e+04 3.404733684396057924e+01 1.255279665264896483e-01 1.758575572560454603e-01 2.088021259671722640e-02 -3.655813033629906617e-02 1.543612029107035814e-02 1.000000000000000000e+00 3.278810299999999955e+01 2.207014211553700103e-02 1.937825837999999976e+03 3.404781062775480649e+01 1.255262671962554533e-01
1.452500000000000000e+04 4.050000000000000000e+03 -5.203200000000000000e+04 3.404643250167420376e+01 1.098229138546263917e-01 -2.013818589418869820e-01 2.344532963550204421e-02 3.384579739981397051e-02 1.820216969929578862e-02 1.000000000000000000e+00 3.280659500000000151e+01 2.437056626342523277e-02 2.327936150999999882e+03 3.404704489793746802e+01 1.098210275407835723e-01
1.452500000000000000e+04 8.050000000000000000e+03 -5.203200000000000000e+04 3.405083056905969840e+01 1.110437226001520644e-01 8.675171555519156641e-02 2.203117699559740614e-02 -1.304058591211987306e-02 1.927826050994078597e-02 1.000000000000000000e+00 3.280432499999999862e+01 2.107807737911596146e-02 2.646439367999999831e+03 3.405094357517634762e+01 1.110433685064107778e-01
1.452500000000000000e+04 8.050000000000000000e+03 -5.203200000000000000e+04 3.399829550661021216e+01 1.303635820752089836e-01 -1.354774160523399829e-01 2.341056475615499455e-02 1.029332083070322312e-03 2.138293004520499044e-02 1.000000000000000000e+00 3.278948400000000163e+01 2.821776718665033185e-02 3.036571681999999782e+03 3.399856544833291849e+01 1.303625803938599226e-01
1.452500000000000000e+04 8.050000000000000000e+03 -5.203200000000000000e+04 3.399238995965815491e+01 1.285871928580173684e-01 1.428216618028326224e-01 2.290036184807056965e-02 -8.730524942427209112e-03 2.353347915465298090e-02 1.000000000000000000e+00 3.282954300000000103e+01 1.913592077742798381e-02 3.334546725000000151e+03 3.399269111763018714e+01 1.285860897808329684e-01
1.452500000000000000e+04 8.050000000000000000e+03 -5.203200000000000000e+04 3.403194783514867083e+01 1.288397587294981272e-01 -9.409664949743401507e-02 2.501714249354744860e-02 2.074208017327849873e-02 1.652782399417000031e-02 1.000000000000000000e+00 3.277387299999999470e+01 1.568662729843480277e-02 3.724693040000000110e+03 3.403208424219146622e+01 1.288392612772758239e-01
1.652500000000000000e+04 -3.950000000000000000e+03 -5.203200000000000000e+04 3.405130997668054249e+01 1.274715133578234461e-01 1.621112937026643053e-01 2.538127303541391419e-02 4.955450791965887447e-02 2.681719931998872292e-02 1.000000000000000000e+00 3.282596099999999950e+01 1.814278503978923249e-02 4.106351870000000417e+03 3.405173192142779470e+01 1.274699970673157379e-01
1.652500000000000000e+04 -3.950000000000000000e+03 -5.203200000000000000e+04 3.405114519721235666e+01 1.310654072022981453e-01 -2.512995816497873847e-01 2.816270059297779765e-02 -7.348475530572873282e-02 2.464197851646772117e-02 1.000000000000000000e+00 3.280422599999999989e+01 1.568513541541800144e-02 4.450406549000000268e+03 3.405215177827442119e+01 1.310617084917200803e-01
1.652500000000000000e+04 -3.950000000000000000e+03 -5.203200000000000000e+04 3.403329605071947128e+01 1.286430590233350879e-01 1.981119887153992565e-01 2.689254051670032092e-02 5.729564065778092186e-02 2.014947338459129045e-02 1.000000000000000000e+00 3.282572799999999802e+01 2.089323739873742355e-02 4.794557233000000451e+03 3.403392089117016184e+01 1.286407969408714935e-01
1.652500000000000000e+04 -3.950000000000000000e+03 -5.203200000000000000e+04 3.405596117231294073e+01 1.364288081743536829e-01 -1.089607137486110489e-01 2.704349826185335412e-02 -3.338531332155358911e-02 2.557906622389774162e-02 1.000000000000000000e+00 3.280865099999999757e+01 1.882674037107857912e-02 5.138516907000000174e+03 3.405615184348303615e+01 1.364280740880577381e-01
1.652500000000000000e+04 5.000000000000000000e+01 -5.203200000000000000e+04 3.402839246523427619e+01 1.388422607113343199e-01 2.532244488106174529e-01 2.113695848296831548e-02 2.061911775546043657e-03 1.676653072806486011e-02 1.000000000000000000e+00 3.282751600000000280e+01 1.625734557054133583e-02 5.503166763000000174e+03 3.402933470758675583e+01 1.388385053891757759e-01
1.652500000000000000e+04 5.000000000000000000e+01 -5.203200000000000000e+04 3.401291738773451812e+01 1.033361676309536153e-01 -8.626977610339725544e-02 2.120069109356691531e-02 1.142474286086603286e-04 1.832287506104344349e-02 1.000000000000000000e+00 3.281094099999999969e+01 2.385437639092667650e-02 5.847106434999999692e+03 3.401302679433534593e+01 1.033358492298531578e-01
1.652500000000000000e+04 5.000000000000000000e+01 -5.203200000000000000e+04 3.394856989560663152e+01 1.170597370931282799e-01 8.766070521593682940e-02 2.320400391094015399e-02 -1.570832789518794570e-02 1.802240428435588487e-02 1.000000000000000000e+00 3.281317699999999604e+01 1.829560958262937964e-02 6.191276120999999875e+03 3.394868670667089816e+01 1.170593499434978424e-01
1.652500000000000000e+04 5.000000000000000000e+01 -5.203200000000000000e+04 3.402610112577045243e+01 1.436838237740206692e-01 -2.546162217914895720e-01 2.131758506625035243e-02 1.352642397033232413e-02 1.756001291626383548e-02 1.000000000000000000e+00 3.281169599999999775e+01 2.109932520247981974e-02 6.535236794000000373e+03 3.402705644344955260e+01 1.436798785331036277e-01
1.652500000000000000e+04 4.050000000000000000e+03 -5.203200000000000000e+04 3.405749443304291901e+01 1.286134551847626650e-01 1.737290037348859784e-01 2.720363152539008803e-02 -6.286492839529123078e-02 2.469539074944663085e-02 1.000000000000000000e+00 3.283612999999999715e+01 1.504942271318072781e-02 1.272809801000000107e+03 3.405799554910286275e+01 1.286116457545406211e-01
1.652500000000000000e+04 4.050000000000000000e+03 -5.203200000000000000e+04 3.406323005213737076e+01 1.235995921720251106e-01 -1.409277797252705966e-01 2.209128648305808476e-02 4.420484577609640198e-02 2.271421822190957882e-02 1.000000000000000000e+00 3.280116600000000204e+01 1.976294841363504529e-02 1.616758473000000095e+03 3.406355025965911665e+01 1.235984676058116266e-01
1.652500000000000000e+04 4.050000000000000000e+03 -5.203200000000000000e+04 3.405790887739963324e+01 1.497565212304199922e-01 1.471963967642215820e-01 2.351351359957491727e-02 -5.156356435304332297e-02 2.009934163512276314e-02 1.000000000000000000e+00 3.280737999999999488e+01 1.954323578632771036e-02 1.960916157999999996e+03 3.405826599640160879e+01 1.497549885259182312e-01
1.652500000000000000e+04 4.050000000000000000e+03 -5.203200000000000000e+04 3.405396702114598639e+01 1.131363419654272812e-01 -1.799926371724041019e-01 2.294396526058292696e-02 7.021723010524827391e-02 2.073754623389815338e-02 1.000000000000000000e+00 3.283078500000000588e+01 2.424245806431352818e-02 2.304856831000000057e+03 3.405451508517098347e+01 1.131345942542444777e-01
1.652500000000000000e+04 8.050000000000000000e+03 -5.203200000000000000e+04 3.406267323888700815e+01 1.189718482265683108e-01 8.504329465593407633e-02 2.230795630771608209e-02 -9.575319298704698667e-04 1.681312162947228017e-02 1.000000000000000000e+00 3.281590299999999871e+01 2.177440538797787914e-02 2.669529688000000078e+03 3.406277941475155302e+01 1.189714904213085567e-01
1.652500000000000000e+04 8.050000000000000000e+03 -5.203200000000000000e+04 3.402781879733862525e+01 1.092158363008057520e-01 -1.032521787460431995e-01 2.415236857859684103e-02 -2.284917822874588111e-02 2.235407479989303878e-02 1.000000000000000000e+00 3.281105600000000067e+01 1.931285336246304010e-02 3.013479362000000037e+03 3.402798311980704682e+01 1.092153345132300529e-01
1.652500000000000000e+04 8.050000000000000000e+03 -5.203200000000000000e+04 3.399657537766719173e+01 9.090776587691348776e-02 1.404595376676391894e-01 2.479679173473146175e-02 1.172916908472787512e-02 1.916029743852221134e-02 1.000000000000000000e+00 3.279557799999999901e+01 1.987460553067657565e-02 3.357639045999999780e+03 3.399686755959343998e+01 9.090704254979943555e-02
1.652500000000000000e+04 8.050000000000000000e+03 -5.203200000000000000e+04 3.403752563478118276e+01 1.261486335666106573e-01 -1.222035030041102033e-01 2.416026212978924712e-02 1.210966529802615099e-02 1.861931771297947041e-02 1.000000000000000000e+00 3.280201600000000184e+01 2.206365021930867948e-02 3.701603720000000067e+03 3.403774715927195871e+01 1.261478425620740640e-01
1.852500000000000000e+04 -3.950000000000000000e+03 -5.203200000000000000e+04 3.404938412239116730e+01 1.317268748868992423e-01 2.305274889377475489e-01 2.378876078884878745e-02 6.773137154206310129e-02 2.170832247462084821e-02 1.000000000000000000e+00 3.281123399999999890e+01 2.008301994222980169e-02 4.129443191000000297e+03 3.405023185788887474e+01 1.317237008704181256e-01
1.852500000000000000e+04 -3.950000000000000000e+03 -5.203200000000000000e+04 3.405698768412878508e+01 1.170793404883132272e-01 -2.484747266323648063e-01 3.174193332237732618e-02 -9.998267346856071214e-02 3.137714516617751137e-02 1.000000000000000000e+00 3.282154200000000088e+01 2.287677249963377193e-02 4.427314228000000185e+03 3.405804084708438495e+01 1.170759853585477683e-01
1.852500000000000000e+04 -3.950000000000000000e+03 -5.203200000000000000e+04 3.404819536168388083e+01 1.372540704561339697e-01 2.279956609028408465e-01 2.592645944211834086e-02 9.721885559517318143e-02 2.501749759705792706e-02 1.000000000000000000e+00 3.281514400000000364e+01 2.166825184457666503e-02 4.817647554000000127e+03 3.404909750514197242e+01 1.372505622421849869e-01
1.852500000000000000e+04 -3.950000000000000000e+03 -5.203200000000000000e+04 3.406177435853827262e+01 1.278920937652245349e-01 -2.101116801285192182e-01 2.844145184340335711e-02 -6.497548610594439111e-02 1.967337287773459828e-02 1.000000000000000000e+00 3.278373700000000213e+01 1.566048546501672134e-02 5.115426585999999588e+03 3.406248436599856433e+01 1.278895537879972955e-01
1.852500000000000000e+04 5.000000000000000000e+01 -5.203200000000000000e+04 3.397161120944667090e+01 1.212286693986017877e-01 2.863237220012031514e-01 2.431608832532630021e-02 -3.455442909289718756e-02 2.117516322013680841e-02 1.000000000000000000e+00 3.282221200000000039e+01 1.758474230689776457e-02 5.526256083999999646e+03 3.397283537546068999e+01 1.212244762259035435e-01
1.852500000000000000e+04 5.000000000000000000e+01 -5.203200000000000000e+04 3.401374339041285566e+01 1.214713409870426392e-01 -9.887950148724566901e-02 2.935048395323369697e-02 4.634373990901607954e-03 1.741989235100436378e-02 1.000000000000000000e+00 3.278956300000000113e+01 2.052824261840258124e-02 5.824016115000000354e+03 3.401388742943227328e+01 1.214708565800579204e-01
1.852500000000000000e+04 5.000000000000000000e+01 -5.203200000000000000e+04 3.401767892437002416e+01 1.176854649904918448e-01 1.073485546862906759e-01 2.532388862404613000e-02 1.616395270639880977e-02 1.868915300190516701e-02 1.000000000000000000e+00 3.282317000000000462e+01 1.434921635490942100e-02 6.214367441999999755e+03 3.401785214247203015e+01 1.176848932063595671e-01
1.852500000000000000e+04 5.000000000000000000e+01 -5.203200000000000000e+04 3.402262981150320797e+01 1.353871445641616766e-01 -2.947914568977036964e-01 2.492996865210479404e-02 1.375743035679999338e-02 2.097207297259521055e-02 1.000000000000000000e+00 3.281233699999999942e+01 1.701048914640610962e-02 6.512150474000000031e+03 3.402390968951888084e+01 1.353822242802979470e-01
1.852500000000000000e+04 4.050000000000000000e+03 -5.203200000000000000e+04 3.406320924962409435e+01 1.307157703782424463e-01 1.993954103126096555e-01 2.818752991697653226e-02 -1.118740672746587062e-01 2.997911709177151704e-02 1.000000000000000000e+00 3.278763100000000463e+01 2.338714341256751400e-02 1.295899120999999923e+03 3.406397655471625541e+01 1.307129671702639273e-01
1.852500000000000000e+04 4.050000000000000000e+03 -5.203200000000000000e+04 3.407612961109072813e+01 1.231828870725449471e-01 -1.740218529226087441e-01 2.003382224378590787e-02 8.378233295669257341e-02 2.163958672842504483e-02 1.000000000000000000e+00 3.280489699999999686e+01 1.888159193500378585e-02 1.593672152999999980e+03 3.407667695589557866e+01 1.231809624661443781e-01
1.852500000000000000e+04 4.050000000000000000e+03 -5.203200000000000000e+04 3.408094637021194728e+01 1.083286365791331640e-01 1.924169133077811011e-01 2.206935148633872024e-02 -7.522982137157924187e-02 1.721372611837809069e-02 1.000000000000000000e+00 3.282103999999999644e+01 2.056621481945571789e-02 1.983998477999999977e+03 3.408157257644977989e+01 1.083267244972552223e-01
1.852500000000000000e+04 4.050000000000000000e+03 -5.203200000000000000e+04 3.407316429826647664e+01 1.154261787868998412e-01 -2.177648731801919979e-01 2.322361062766596998e-02 1.033214767608368057e-01 2.183723020598523842e-02 1.000000000000000000e+00 3.281460699999999520e+01 2.390856844313352103e-02 2.281770509999999831e+03 3.407401681874639365e+01 1.154234052817174894e-01
1.852500000000000000e+04 8.050000000000000000e+03 -5.203200000000000000e+04 3.403162855307292034e+01 1.456192370932927194e-01 1.388991159889521043e-01 2.013034736800416863e-02 3.798653270600427234e-02 1.895447718115388785e-02 1.000000000000000000e+00 3.283653599999999528e+01 1.326466512958393400e-02 2.692622009000000162e+03 3.403193320861184645e+01 1.456179582180875121e-01
1.852500000000000000e+04 8.050000000000000000e+03 -5.203200000000000000e+04 3.405236069702725388e+01 1.182247634048938650e-01 -1.623190360248010222e-01 1.926471645903680974e-02 -3.533712361627916465e-03 2.138864971450471844e-02 1.000000000000000000e+00 3.284299899999999894e+01 2.012042725689492176e-02 2.990390041000000110e+03 3.405274774518240122e+01 1.182234553307012631e-01
1.852500000000000000e+04 8.050000000000000000e+03 -5.203200000000000000e+04 3.400449074628872381e+01 1.393618465572232790e-01 1.762846263877761999e-01 2.679192140776609499e-02 7.615911043574286055e-03 1.977343876115222887e-02 1.000000000000000000e+00 3.281712999999999880e+01 2.781277494246124291e-02 3.380726367000000209e+03 3.400494853967635578e+01 1.393600396739309855e-01
1.852500000000000000e+04 8.050000000000000000e+03 -5.203200000000000000e+04 3.402396606033371995e+01 1.256971031316884424e-01 -1.528606518577877438e-01 2.175744061387980405e-02 -4.209744869501630404e-02 1.916967645097778644e-02 1.000000000000000000e+00 3.279545399999999944e+01 1.884536282484367692e-02 3.678513398999999936e+03 3.402433548283953968e+01 1.256957786091923990e-01
2.052500000000000000e+04 -3.950000000000000000e+03 -5.203200000000000000e+04 3.406906043286183206e+01 1.268942938510497220e-01 2.378123358203225735e-01 2.521753899695998447e-02 7.715858547316045701e-02 1.759247034899445034e-02 1.000000000000000000e+00 3.279605499999999552e+01 1.533625824639113164e-02 4.152532511999999770e+03 3.406997779471498689e+01 1.268910054609970472e-01
2.052500000000000000e+04 -3.950000000000000000e+03 -5.203200000000000000e+04 3.406361939762497570e+01 1.411080357603908819e-01 -2.054098201399749968e-01 3.210038978307837992e-02 -6.462482625915466627e-02 2.682740993123785417e-02 1.000000000000000000e+00 3.280577499999999702e+01 1.856850820609991931e-02 4.404126901999999973e+03 3.406430002258422007e+01 1.411053582839346121e-01
2.052500000000000000e+04 -3.950000000000000000e+03 -5.203200000000000000e+04 3.407046383456227545e+01 1.133238708333453859e-01 2.101273401790146877e-01 2.153915868365888567e-02 5.233470032180065346e-02 2.442059404575187484e-02 1.000000000000000000e+00 3.278437200000000473e+01 1.219718795460658645e-02 4.840739875000000211e+03 3.407115199581846809e+01 1.133216660108508356e-01
2.052500000000000000e+04 -3.950000000000000000e+03 -5.203200000000000000e+04 3.406283518243938602e+01 1.295370372843719642e-01 -2.425811221869951240e-01 2.121836799539938978e-02 -6.485996381864111981e-02 2.778313778533733625e-02 1.000000000000000000e+00 3.283426099999999792e+01 2.999243881380772234e-02 5.092337265000000116e+03 3.406376070080604990e+01 1.295336166760366892e-01
2.052500000000000000e+04 5.000000000000000000e+01 -5.203200000000000000e+04 3.401523286985980121e+01 1.238682107577853408e-01 2.834762179861485265e-01 2.038870299464771649e-02 -1.861951394618222011e-02 2.107153257029281690e-02 1.000000000000000000e+00 3.284596400000000216e+01 2.106130653592032040e-02 5.549346405000000232e+03 3.401641916256403420e+01 1.238640080359334344e-01
2.052500000000000000e+04 5.000000000000000000e+01 -5.203200000000000000e+04 3.397368474221146073e+01 1.401059606370017308e-01 -8.739482105734364126e-02 2.333268913323853153e-02 7.256517177574473010e-03 2.031246725030146777e-02 1.000000000000000000e+00 3.280138999999999783e+01 2.217115675827492985e-02 5.800926793999999973e+03 3.397379792538598053e+01 1.401055068000117421e-01
2.052500000000000000e+04 5.000000000000000000e+01 -5.203200000000000000e+04 3.404696228622151466e+01 1.182319480988111987e-01 1.105950337542545014e-01 2.017571891847676560e-02 -9.990388560475960134e-03 1.724023247762722713e-02 1.000000000000000000e+00 3.279964199999999863e+01 1.843920388736997387e-02 6.237453762000000097e+03 3.404714337486692699e+01 1.182313375232112856e-01
2.052500000000000000e+04 5.000000000000000000e+01 -5.203200000000000000e+04 3.401016555402242147e+01 1.165043002082137291e-01 -3.066633714281108425e-01 2.333488468575774591e-02 2.134563496099151081e-02 1.982811719999658107e-02 1.000000000000000000e+00 3.277000300000000266e+01 1.908484016176190123e-02 6.489060153000000355e+03 3.401155478762358086e+01 1.164997321349128256e-01
2.052500000000000000e+04 4.050000000000000000e+03 -5.203200000000000000e+04 3.408990586421127489e+01 1.143984459495695077e-01 1.766342978618355986e-01 3.195009168794295945e-02 -3.876933224524417576e-02 2.559857213704435155e-02 1.000000000000000000e+00 3.280416600000000216e+01 2.117936658637363523e-02 1.318985441999999921e+03 3.409038551508460557e+01 1.143969598510656549e-01
2.052500000000000000e+04 4.050000000000000000e+03 -5.203200000000000000e+04 3.408462038132434202e+01 1.299472094710700243e-01 -1.529379512387016860e-01 2.344480973172046942e-02 6.100844704097829752e-03 2.267951585297366124e-02 1.000000000000000000e+00 3.282841499999999968e+01 1.485063365651445762e-02 1.570579831999999897e+03 3.408496404246637468e+01 1.299459419236706215e-01
2.052500000000000000e+04 4.050000000000000000e+03 -5.203200000000000000e+04 3.409099656605337714e+01 1.301493595514574830e-01 1.580677042071476635e-01 2.227993814589541294e-02 -7.004654741145238672e-02 1.812477695202095382e-02 1.000000000000000000e+00 3.282662200000000041e+01 2.543258478802341502e-02 2.007088799000000108e+03 3.409143497690557467e+01 1.301477321752377292e-01
2.052500000000000000e+04 4.050000000000000000e+03 -5.203200000000000000e+04 3.409078058745716078e+01 1.298436885191842083e-01 -1.817657293594505674e-01 2.325012779176612379e-02 1.027242792219314471e-01 1.504771020453346889e-02 1.000000000000000000e+00 3.282920000000000016e+01 1.390436226513104036e-02 2.258686189999999897e+03 3.409141991938817995e+01 1.298413205936807258e-01
2.052500000000000000e+04 8.050000000000000000e+03 -5.203200000000000000e+04 3.403741316465752220e+01 1.208388947638277533e-01 1.471125187572273063e-01 2.493188158225553841e-02 -3.233767978199164617e-02 1.741616002524525378e-02 1.000000000000000000e+00 3.279433099999999968e+01 1.504757392405832450e-02 2.715711330000000089e+03 3.403774644068420230e+01 1.208377607646193563e-01
2.052500000000000000e+04 8.050000000000000000e+03 -5.203200000000000000e+04 3.401939258085525353e+01 1.081832689600861208e-01 -1.602159929928221871e-01 2.477338478632787333e-02 1.809857346828591673e-02 1.747183339945202613e-02 1.000000000000000000e+00 3.279625399999999757e+01 1.936529204530620940e-02 2.967293720000000121e+03 3.401977466552536811e+01 1.081821172379270335e-01
2.052500000000000000e+04 8.050000000000000000e+03 -5.203200000000000000e+04 3.402347691805827878e+01 1.434750082025569862e-01 1.782696092473070593e-01 2.572858553608315182e-02 -2.655567330344510424e-02 1.741013258389095125e-02 1.000000000000000000e+00 3.281243600000000527e+01 1.499734083096066622e-02 3.403819687000000158e+03 3.402395430944219612e+01 1.434730590738552136e-01
2.052500000000000000e+04 8.050000000000000000e+03 -5.203200000000000000e+04 3.406635667964644654e+01 1.184351329919113294e-01 -1.651818602352914667e-01 2.367675800959741575e-02 4.079326216984435760e-02 2.046072624183325681e-02 1.000000000000000000e+00 3.280605900000000474e+01 1.482724131455342639e-02 3.655424078000000009e+03 3.406678157035209864e+01 1.184337140109750774e-01
2.252500000000000000e+04 -3.950000000000000000e+03 -5.203200000000000000e+04 3.408176365220440118e+01 1.272098157087585557e-01 1.943992580613009835e-01 2.462303635491482415e-02 6.404121088981540311e-02 2.150865044600011947e-02 1.000000000000000000e+00 3.282406500000000449e+01 1.549385584675422312e-02 4.175623832000000220e+03 3.408237823264315125e+01 1.272076057853542830e-01
2.252500000000000000e+04 -3.950000000000000000e+03 -5.203200000000000000e+04 3.407675980990318010e+01 1.457283856839791392e-01 -2.160675223254537869e-01 2.441826302318190339e-02 -7.079034121560567883e-02 2.998229463987263713e-02 1.000000000000000000e+00 3.277962899999999991e+01 2.221501339184831642e-02 4.381035581000000093e+03 3.407751833083574411e+01 1.457252375156330715e-01
2.252500000000000000e+04 -3.950000000000000000e+03 -5.203200000000000000e+04 3.407577418556500248e+01 1.178119618068990127e-01 1.609305299390326738e-01 2.768613676616996436e-02 5.495914145310454302e-02 2.252392073273880302e-02 1.000000000000000000e+00 3.280596899999999749e+01 1.770932782462394939e-02 4.863831194999999752e+03 3.407619851873612049e+01 1.178105729146347869e-01
2.252500000000000000e+04 -3.950000000000000000e+03 -5.203200000000000000e+04 3.409224022938634846e+01 1.466982698917183026e-01 -1.392532681951257345e-01 2.956646918811251315e-02 -4.820455843026039133e-02 2.150749368301597617e-02 1.000000000000000000e+00 3.280552699999999788e+01 1.653281349317169135e-02 5.069246944000000440e+03 3.409255870436165026e+01 1.466969523741879500e-01
2.252500000000000000e+04 5.000000000000000000e+01 -5.203200000000000000e+04 3.400647030672183746e+01 1.315286478018046490e-01 2.796144142909362529e-01 2.281768384882500167e-02 4.129391346542554686e-03 2.019511139369872116e-02 1.000000000000000000e+00 3.279379999999999740e+01 1.999662083953186384e-02 5.572436724999999569e+03 3.400762008718790241e+01 1.315243347129534390e-01
2.252500000000000000e+04 5.000000000000000000e+01 -5.203200000000000000e+04 3.400979894236881051e+01 1.515932552631641117e-01 -1.018074314173711414e-01 2.803317644938153538e-02 -1.103231483049471606e-02 2.112566819949153116e-02 1.000000000000000000e+00 3.278936399999999907e+01 1.523195972289843013e-02 5.777833472999999685e+03 3.400995311030894186e+01 1.515925914686544751e-01
2.252500000000000000e+04 5.000000000000000000e+01 -5.203200000000000000e+04 3.405473910826952277e+01 1.107476836828863165e-01 7.889812884927227543e-02 2.265387413084791329e-02 -7.862119010814350162e-03 1.555531551396685357e-02 1.000000000000000000e+00 3.280828400000000045e+01 2.428726441985593412e-02 6.260544082999999773e+03 3.405483141141581171e+01 1.107473960040400301e-01
2.252500000000000000e+04 5.000000000000000000e+01 -5.203200000000000000e+04 3.404637965149949963e+01 1.504517833003868321e-01 -2.567073170282716532e-01 2.197389974605531981e-02 1.476370097091050937e-02 2.243111902433213289e-02 1.000000000000000000e+00 3.279097900000000010e+01 1.507743346859802790e-02 6.465967832999999700e+03 3.404735061627440729e+01 1.504475842440989586e-01
2.252500000000000000e+04 4.050000000000000000e+03 -5.203200000000000000e+04 3.410710080243395481e+01 1.469113695049584500e-01 1.393082325652779119e-01 2.683443918565726893e-02 -3.127915237339690124e-02 2.924900638942837944e-02 1.000000000000000000e+00 3.280755399999999611e+01 2.484169738564577165e-02 1.342076763000000028e+03 3.410739964166756266e+01 1.469101256431571134e-01
2.252500000000000000e+04 4.050000000000000000e+03 -5.203200000000000000e+04 3.410832443108743917e+01 1.265361552831263947e-01 -5.466279940497376089e-02 2.318378936842127244e-02 2.260772270128652561e-02 2.108012233563175478e-02 1.000000000000000000e+00 3.280777199999999993e+01 1.396804800249483794e-02 1.547491512000000057e+03 3.410837572542968132e+01 1.265359712163392769e-01
2.252500000000000000e+04 4.050000000000000000e+03 -5.203200000000000000e+04 3.410778344726738709e+01 1.124933435802873971e-01 1.118030452732572400e-01 2.265780598461690151e-02 -3.822579451635760295e-02 1.840482254983382207e-02 1.000000000000000000e+00 3.280098800000000381e+01 1.592608705865945079e-02 2.030185120000000097e+03 3.410798810862326746e+01 1.124926949845385243e-01
2.252500000000000000e+04 4.050000000000000000e+03 -5.203200000000000000e+04 3.410618816560918276e+01 1.273303456739505179e-01 -1.964370353589668383e-01 2.473079098362038902e-02 4.689926903880692333e-02 2.227734730340989733e-02 1.000000000000000000e+00 3.282251399999999819e+01 2.225208093639783821e-02 2.235596868999999970e+03 3.410678610244941922e+01 1.273281967588335284e-01
2.252500000000000000e+04 8.050000000000000000e+03 -5.203200000000000000e+04 3.406521764841791367e+01 1.139251978007805588e-01 1.041733608510080344e-01 2.556713581036900579e-02 4.596294219754160082e-03 1.808054464077804568e-02 1.000000000000000000e+00 3.281384699999999555e+01 1.898012908280657593e-02 2.738802650999999969e+03 3.406537724213713858e+01 1.139246909248804868e-01
2.252500000000000000e+04 8.050000000000000000e+03 -5.203200000000000000e+04 3.401458118368115890e+01 1.412931390816087041e-01 -1.155033744354012626e-01 2.641350661105267353e-02 1.886741211108455829e-02 1.864492611873402525e-02 1.000000000000000000e+00 3.279942799999999892e+01 1.896636298819570632e-02 2.944202398999999787e+03 3.401478252333802743e+01 1.412923315884682951e-01
2.252500000000000000e+04 8.050000000000000000e+03 -5.203200000000000000e+04 3.400005925192088796e+01 1.375738259502152505e-01 1.549025800264534070e-01 2.423777214638734787e-02 -1.873623403557900247e-02 2.220127414811334104e-02 1.000000000000000000e+00 3.279800699999999836e+01 2.206641466119949394e-02 3.426912007999999787e+03 3.400041727670258496e+01 1.375724221575081174e-01
2.252500000000000000e+04 8.050000000000000000e+03 -5.203200000000000000e+04 3.403611940368196542e+01 1.249622877732380205e-01 -1.435740162268723807e-01 2.208951047643608126e-02 -4.722196715924109611e-03 1.998052370159162164e-02 1.000000000000000000e+00 3.280501100000000037e+01 2.384377193314849569e-02 3.632329757999999856e+03 3.403642254789673416e+01 1.249612095717993199e-01
2.452500000000000000e+04 -3.950000000000000000e+03 -5.203200000000000000e+04 3.409038336896081489e+01 1.304685455544033756e-01 1.951777211283047819e-01 2.851311175726395364e-02 1.458472599900062505e-02 2.638866447617891492e-02 1.000000000000000000e+00 3.280757400000000246e+01 1.674142102690210493e-02 4.198712153000000399e+03 3.409094520983214949e+01 1.304664979641951827e-01
2.452500000000000000e+04 -3.950000000000000000e+03 -5.203200000000000000e+04 3.410065530033217840e+01 1.652464634161226742e-01 -1.675730948562348388e-01 2.391485119664769898e-02 -3.144021737361679669e-02 2.894379421752156858e-02 1.000000000000000000e+00 3.279773399999999839e+01 1.796649487240068246e-02 4.357947259999999915e+03 3.410108152451270058e+01 1.652444419685948074e-01
2.452500000000000000e+04 -3.950000000000000000e+03 -5.203200000000000000e+04 3.409837122665010867e+01 1.252461659904549884e-01 9.277556690258847993e-02 2.335043485610506508e-02 5.488569295350043120e-02 2.390122149017054332e-02 1.000000000000000000e+00 3.281468200000000479e+01 2.166279797256116108e-02 4.886922515999999632e+03 3.409854161185702992e+01 1.252455621768451821e-01
2.452500000000000000e+04 -3.950000000000000000e+03 -5.203200000000000000e+04 3.409879514860431016e+01 1.214111748746169589e-01 -1.203553802480348267e-01 2.437047104689803179e-02 -3.803621462407313913e-02 2.368493822068119120e-02 1.000000000000000000e+00 3.277045499999999834e+01 1.495196555640762592e-02 5.046154623999999785e+03 3.409902876560648366e+01 1.214103764161504340e-01
2.452500000000000000e+04 5.000000000000000000e+01 -5.203200000000000000e+04 3.409272063071249903e+01 1.098746525211388020e-01 2.726194233420979884e-01 2.582118555655683184e-02 3.054053101997178388e-02 2.135949558891473213e-02 1.000000000000000000e+00 3.281636500000000467e+01 2.080192394948121234e-02 5.595523046000000249e+03 3.409382428062050252e+01 1.098712914383876277e-01
2.452500000000000000e+04 5.000000000000000000e+01 -5.203200000000000000e+04 3.400012689350261041e+01 1.415131748275225976e-01 -1.011219746631750738e-01 2.207063200777039172e-02 -1.520955995886019707e-02 1.959983326491858413e-02 1.000000000000000000e+00 3.281660399999999811e+01 1.337086631449136732e-02 5.754748152999999547e+03 3.400028067176436508e+01 1.415125502799541302e-01
2.452500000000000000e+04 5.000000000000000000e+01 -5.203200000000000000e+04 3.404783726552841472e+01 1.300975212973484174e-01 6.760688816813775759e-02 1.964786362969109246e-02 3.348451836907351264e-03 2.217108353407744661e-02 1.000000000000000000e+00 3.281688700000000125e+01 2.479081993399976161e-02 6.283632402999999613e+03 3.404790455172480534e+01 1.300972700638195478e-01
2.452500000000000000e+04 5.000000000000000000e+01 -5.203200000000000000e+04 3.402269838522479972e+01 1.453877287825385556e-01 -2.390964495156469027e-01 1.769610911250608237e-02 -1.873511007474570889e-02 1.798072172448283296e-02 1.000000000000000000e+00 3.282279699999999423e+01 2.042163913597534741e-02 6.442873510999999780e+03 3.402354366506373395e+01 1.453841702973678041e-01
2.452500000000000000e+04 4.050000000000000000e+03 -5.203200000000000000e+04 3.413676511444389661e+01 1.190956013386084977e-01 1.557703946594246602e-01 2.890804776484324004e-02 -5.522159552789607240e-02 2.479274495131134765e-02 1.000000000000000000e+00 3.280920700000000068e+01 2.186450010862357046e-02 1.365165083000000095e+03 3.413716517696187935e+01 1.190942854304276183e-01
2.452500000000000000e+04 4.050000000000000000e+03 -5.203200000000000000e+04 3.413462579275210373e+01 1.326435909788671041e-01 -1.419354435093156397e-01 2.238509432864263862e-02 4.007239483847391259e-02 2.290221705706168773e-02 1.000000000000000000e+00 3.281463700000000472e+01 1.989934986375183068e-02 1.524398190999999997e+03 3.413494440420505072e+01 1.326423882823424549e-01
2.452500000000000000e+04 4.050000000000000000e+03 -5.203200000000000000e+04 3.413105172188615910e+01 1.528722272186225639e-01 1.354140985976082234e-01 2.643455667974064019e-02 -3.913536069419731867e-02 2.131466144144465377e-02 1.000000000000000000e+00 3.281010200000000054e+01 2.470220512423941528e-02 2.053274441000000024e+03 3.413134278338055339e+01 1.528709615010971634e-01
2.452500000000000000e+04 4.050000000000000000e+03 -5.203200000000000000e+04 3.413360719387466702e+01 1.334883720106851412e-01 -1.492537597725638321e-01 2.012884493098716920e-02 5.426958756795330352e-02 2.158804758845041943e-02 1.000000000000000000e+00 3.281391599999999897e+01 1.719858985498520440e-02 2.212507548000000043e+03 3.413397664994035807e+01 1.334869606012077936e-01
2.452500000000000000e+04 8.050000000000000000e+03 -5.203200000000000000e+04 3.406075352218484653e+01 1.183465259204165843e-01 8.228071347242504885e-02 2.448872606042485148e-02 -2.330416933946644065e-02 1.985113209632209663e-02 1.000000000000000000e+00 3.285445299999999946e+01 1.914321616134551443e-02 2.761891971999999896e+03 3.406086087724656153e+01 1.183461684735142294e-01
2.452500000000000000e+04 8.050000000000000000e+03 -5.203200000000000000e+04 3.400771008490170999e+01 1.255020527060321800e-01 -1.196177072818063181e-01 2.437489581493691368e-02 1.928058990768022340e-02 2.259036773900081896e-02 1.000000000000000000e+00 3.280385799999999819e+01 2.300586542601690612e-02 2.921118078999999852e+03 3.400792591964067668e+01 1.255012861325927320e-01
2.452500000000000000e+04 8.050000000000000000e+03 -5.203200000000000000e+04 3.404864385822307327e+01 1.344539367515843187e-01 1.526237017859291001e-01 2.300255570530195665e-02 -3.039436417875096552e-02 2.244397190840885861e-02 1.000000000000000000e+00 3.281027100000000019e+01 1.633487092082456377e-02 3.450003329000000122e+03 3.404899949184751762e+01 1.344525734408208162e-01
2.452500000000000000e+04 8.050000000000000000e+03 -5.203200000000000000e+04 3.403257535543567514e+01 1.047566238097493024e-01 -1.152888715928792607e-01 2.452354754722180577e-02 3.442905144180885557e-02 2.253255004835924558e-02 1.000000000000000000e+00 3.282314499999999668e+01 2.417746111567548387e-02 3.609237437000000227e+03 3.403278804633708177e+01 1.047560045451561422e-01
2.652500000000000000e+04 -3.950000000000000000e+03 -5.203200000000000000e+04 3.411777746763520014e+01 1.388483779056187695e-01 1.689506479258016114e-01 3.051414245382911769e-02 2.430733000874596428e-02 2.463023950930833678e-02 1.000000000000000000e+00 3.278990499999999741e+01 1.687826309191796034e-02 4.221803472999999940e+03 3.411820444423772614e+01 1.388467236000912597e-01
2.652500000000000000e+04 -3.950000000000000000e+03 -5.203200000000000000e+04 3.411461998043922961e+01 1.234134551867440144e-01 -1.801602224460259194e-01 2.351582244397995569e-02 -3.091874732644228629e-02 2.132023007973250089e-02 1.000000000000000000e+00 3.278215699999999799e+01 1.575196451240288772e-02 4.334856939999999668e+03 3.411510970353857175e+01 1.234117475792225332e-01
2.652500000000000000e+04 -3.950000000000000000e+03 -5.203200000000000000e+04 3.411796225220749790e+01 1.365369800256113209e-01 1.059821254013781910e-01 2.642610326420888681e-02 2.381416091715937711e-02 2.590134868602756227e-02 1.000000000000000000e+00 3.279748099999999766e+01 1.594182279414747480e-02 4.910011837000000014e+03 3.411813517131644602e+01 1.365363138959622691e-01
2.652500000000000000e+04 -3.950000000000000000e+03 -5.203200000000000000e+04 3.410350110208523233e+01 1.513279092339805676e-01 -9.477278649142739653e-02 2.789597615859267313e-02 -1.720289666933005890e-02 2.880531124691006889e-02 1.000000000000000000e+00 3.279211200000000304e+01 2.468600042534229572e-02 5.023071302999999716e+03 3.410363712627498955e+01 1.513273262085240434e-01
2.652500000000000000e+04 5.000000000000000000e+01 -5.203200000000000000e+04 3.404727282925787080e+01 1.285465692352217859e-01 2.186043953105176740e-01 2.767968354473484410e-02 2.659290000381719921e-02 1.803926530426510147e-02 1.000000000000000000e+00 3.281689199999999573e+01 1.925821850535505697e-02 5.618614367000000129e+03 3.404798499432677517e+01 1.285440041117049681e-01
2.652500000000000000e+04 5.000000000000000000e+01 -5.203200000000000000e+04 3.405210152293309989e+01 1.172194131895745728e-01 -3.016633352764941378e-02 2.111832143137660697e-02 -9.927380166502075554e-03 2.094296171540329862e-02 1.000000000000000000e+00 3.282279300000000433e+01 1.640912490049362821e-02 5.731655832000000373e+03 3.405211633200935495e+01 1.172193638634676238e-01
2.652500000000000000e+04 5.000000000000000000e+01 -5.203200000000000000e+04 3.404999850685840102e+01 1.201731524943686763e-01 2.022845122770977611e-02 2.168382548247039382e-02 3.054816255809322811e-02 1.866451060196811992e-02 1.000000000000000000e+00 3.281062899999999871e+01 1.600873542788436299e-02 6.306725723999999900e+03 3.405001821875480061e+01 1.201730847819921094e-01
2.652500000000000000e+04 5.000000000000000000e+01 -5.203200000000000000e+04 3.405520798157936468e+01 1.202665496737606587e-01 -2.086590209622949388e-01 2.419851786163412441e-02 -4.723271892702163299e-02 1.801648483664439540e-02 1.000000000000000000e+00 3.281629600000000124e+01 1.839610124455723014e-02 6.419784190999999737e+03 3.405587996492518954e+01 1.202642705862593392e-01
2.652500000000000000e+04 4.050000000000000000e+03 -5.203200000000000000e+04 3.415755047002544842e+01 1.418626399448059405e-01 9.070254908497332735e-02 1.933808356035405379e-02 -4.624744818953185899e-02 2.162327160961349803e-02 1.000000000000000000e+00 3.280632200000000154e+01 1.750936720729792673e-02 1.388255403999999999e+03 3.415770220449862649e+01 1.418620220809471699e-01
2.652500000000000000e+04 4.050000000000000000e+03 -5.203200000000000000e+04 3.415887967113544477e+01 1.319028967020026144e-01 -1.113401010768573229e-01 2.449626074207643389e-02 2.255463092145038040e-02 1.767135572832559745e-02 1.000000000000000000e+00 3.279375500000000443e+01 1.321869138757691096e-02 1.501308870000000070e+03 3.415906857214631742e+01 1.319021919560305900e-01
2.652500000000000000e+04 4.050000000000000000e+03 -5.203200000000000000e+04 3.415395280977104164e+01 1.306650997496691113e-01 1.083620915645289173e-01 2.638878408430478384e-02 -2.486222840794705125e-02 1.948586597924158864e-02 1.000000000000000000e+00 3.280516500000000235e+01 2.644505885794168343e-02 2.076366762000000108e+03 3.415413376160134362e+01 1.306644350672929722e-01
2.652500000000000000e+04 4.050000000000000000e+03 -5.203200000000000000e+04 3.415438859049892528e+01 1.133888477889806318e-01 -8.771909123829058075e-02 1.977204355016825080e-02 4.855392341033537562e-02 1.665778523506740785e-02 1.000000000000000000e+00 3.281664399999999659e+01 1.397542203298347656e-02 2.189420227999999952e+03 3.415453574729496466e+01 1.133883730902874309e-01
2.652500000000000000e+04 8.050000000000000000e+03 -5.203200000000000000e+04 3.408143320129628506e+01 1.078358438247815076e-01 5.740684568217613304e-02 2.221014702929097195e-02 -3.450405862009642277e-02 2.043749504060147007e-02 1.000000000000000000e+00 3.281632100000000207e+01 2.621970993355952559e-02 2.784981291999999939e+03 3.408149901530760673e+01 1.078356440597896815e-01
2.652500000000000000e+04 8.050000000000000000e+03 -5.203200000000000000e+04 3.402663528422347383e+01 1.245331417822631154e-01 -8.033322939670117790e-02 2.155163074926398289e-02 1.522938730663181417e-02 1.615698693711583797e-02 1.000000000000000000e+00 3.278544999999999732e+01 2.377189306723383536e-02 2.898028757999999925e+03 3.402673352127037276e+01 1.245327928525365585e-01
2.652500000000000000e+04 8.050000000000000000e+03 -5.203200000000000000e+04 3.401478323120610980e+01 1.356132081472202766e-01 9.731909315295617091e-02 2.842336633882701705e-02 -1.448678763203536946e-02 2.080212630928741924e-02 1.000000000000000000e+00 3.281801500000000260e+01 1.789999162010976960e-02 3.473092650000000049e+03 3.401492553481263315e+01 1.356126654726046987e-01
2.652500000000000000e+04 8.050000000000000000e+03 -5.203200000000000000e+04 3.399422731276331433e+01 1.396791914770239840e-01 -7.437540677009302215e-02 2.636531962057299741e-02 3.377602838762339132e-02 2.209917282682539313e-02 1.000000000000000000e+00 3.279994500000000102e+01 1.768331925855550629e-02 3.586150115999999798e+03 3.399432545459681876e+01 1.396788018592211578e-01
2.852500000000000000e+04 -3.950000000000000000e+03 -5.203200000000000000e+04 3.413177475349301204e+01 1.515250018839756907e-01 1.046196067589848511e-01 3.091932917846699005e-02 2.107206426780106057e-02 2.490896302969607123e-02 1.000000000000000000e+00 3.279849899999999963e+01 2.959345927734708184e-02 4.244891794000000118e+03 3.413194159606502609e+01 1.515242916232931170e-01
2.852500000000000000e+04 -3.950000000000000000e+03 -5.203200000000000000e+04 3.413698840128464695e+01 1.324076308295940863e-01 -3.840725321406868176e-02 1.944753041885560405e-02 -2.587017500509158907e-02 2.189222701557811540e-02 1.000000000000000000e+00 3.282064199999999943e+01 1.979143577409178331e-02 4.311765618999999788e+03 3.413701980976805572e+01 1.324075118524187800e-01
2.852500000000000000e+04 -3.950000000000000000e+03 -5.203200000000000000e+04 3.414119892378442955e+01 1.468106354873843777e-01 1.426371421100647296e-02 2.396114953207545764e-02 1.142681527275080100e-02 2.527638664627263054e-02 1.000000000000000000e+00 3.280463400000000007e+01 2.613577475415642185e-02 4.933103157999999894e+03 3.414120381561068029e+01 1.468106150370799556e-01
2.852500000000000000e+04 -3.950000000000000000e+03 -5.203200000000000000e+04 3.412863307810334135e+01 1.281628309012153022e-01 -8.048218429654330208e-02 2.456313579856327436e-02 -6.671487916103835403e-03 2.713038538480113185e-02 1.000000000000000000e+00 3.280588999999999800e+01 1.812203556447233160e-02 4.999978981999999633e+03 3.412872862663579099e+01 1.281624852896262601e-01
2.852500000000000000e+04 5.000000000000000000e+01 -5.203200000000000000e+04 3.406381752038480215e+01 1.399251620373176130e-01 1.462641454681872233e-01 2.011814855195086585e-02 3.588211055265722038e-02 1.917784778519308897e-02 1.000000000000000000e+00 3.282262400000000468e+01 2.599188257898992632e-02 5.641703687000000173e+03 3.406415043397063158e+01 1.399238226525057471e-01
2.852500000000000000e+04 5.000000000000000000e+01 -5.203200000000000000e+04 3.403287554050754693e+01 1.432605702486338117e-01 1.256183257678866738e-02 2.893859990668815052e-02 8.371695292862746385e-03 1.915076550628930924e-02 1.000000000000000000e+00 3.280077899999999858e+01 2.205780270108516350e-02 5.708572511999999733e+03 3.403287888851891552e+01 1.432605566309214651e-01
2.852500000000000000e+04 5.000000000000000000e+01 -5.203200000000000000e+04 3.408004572231489249e+01 1.271805644426739768e-01 -2.130808687064611462e-02 2.183098128573342928e-02 6.412551120999587795e-03 1.754060093454064967e-02 1.000000000000000000e+00 3.281496900000000494e+01 2.257452256416511704e-02 6.329821044999999685e+03 3.408005298690791562e+01 1.271805381078187636e-01
2.852500000000000000e+04 5.000000000000000000e+01 -5.203200000000000000e+04 3.406211871212412490e+01 1.326583886906162468e-01 -1.375173194976717639e-01 1.906674607440148744e-02 -5.066273687527367287e-02 1.796232087297372146e-02 1.000000000000000000e+00 3.276840400000000386e+01 1.477038310268220626e-02 6.396695869999999559e+03 3.406243398356767926e+01 1.326571858689379324e-01
2.852500000000000000e+04 4.050000000000000000e+03 -5.203200000000000000e+04 3.417786584668803584e+01 1.062015222745953946e-01 6.891148734186192115e-02 2.545514354888250841e-02 -4.667462130983701663e-02 2.478390573465782259e-02 1.000000000000000000e+00 3.279168500000000108e+01 1.889546064535077563e-02 1.411349725000000035e+03 3.417796718863727534e+01 1.062012251687598635e-01
2.852500000000000000e+04 4.050000000000000000e+03 -5.203200000000000000e+04 3.417660064809323472e+01 1.032643022030252378e-01 -5.902361424953905811e-02 2.415589766372928243e-02 6.597733944215367075e-03 2.157689673196127450e-02 1.000000000000000000e+00 3.280211500000000058e+01 1.640299734804587586e-02 1.478220550000000003e+03 3.417665225232541104e+01 1.032641547922659303e-01
2.852500000000000000e+04 4.050000000000000000e+03 -5.203200000000000000e+04 3.417443352956721014e+01 1.218564007558487622e-01 4.930660424968102973e-02 2.493266153622579473e-02 -2.553199613877454865e-02 1.647982507643801220e-02 1.000000000000000000e+00 3.276375399999999871e+01 1.265346533563039416e-02 2.099458082000000104e+03 3.417447863670866326e+01 1.218562458483582883e-01
2.852500000000000000e+04 4.050000000000000000e+03 -5.203200000000000000e+04 3.417663881719305152e+01 1.259398495266395301e-01 -5.919716723893309052e-02 2.269109963839556834e-02 6.561635245972863295e-02 1.848611104066504029e-02 1.000000000000000000e+00 3.279339300000000179e+01 2.484363292676818047e-02 2.166326907000000119e+03 3.417675307356136472e+01 1.259394396307585984e-01
2.852500000000000000e+04 8.050000000000000000e+03 -5.203200000000000000e+04 3.405120777388565756e+01 1.052714897235095259e-01 4.064352495719525393e-02 2.141628264836211923e-02 -5.712354184791301748e-02 1.626628829568966400e-02 1.000000000000000000e+00 3.279032300000000077e+01 1.628968587787990585e-02 2.808063611999999921e+03 3.405127994445268058e+01 1.052712732443590177e-01
2.852500000000000000e+04 8.050000000000000000e+03 -5.203200000000000000e+04 3.404110058129207772e+01 1.294483062960910813e-01 -5.525513447273944223e-02 2.645091178292995407e-02 3.095961228735610860e-02 2.345117039563366507e-02 1.000000000000000000e+00 3.280368399999999696e+01 2.524262183292377490e-02 2.874937437000000045e+03 3.404115950453395811e+01 1.294480911059557315e-01
2.852500000000000000e+04 8.050000000000000000e+03 -5.203200000000000000e+04 3.402445926746921145e+01 1.251947746525951255e-01 6.313074729229573023e-02 3.048415044207397617e-02 2.322380289440584278e-02 1.918358792069233681e-02 1.000000000000000000e+00 3.281067800000000290e+01 2.179900387632425704e-02 3.496183970000000045e+03 3.402452576127911499e+01 1.251945434474169561e-01
2.852500000000000000e+04 8.050000000000000000e+03 -5.203200000000000000e+04 3.402103555452124084e+01 1.312672017647417144e-01 -4.852042354581254102e-02 2.777925622281297163e-02 2.938029526622809584e-03 2.267042409311964199e-02 1.000000000000000000e+00 3.282111899999999594e+01 2.620091000328042194e-02 3.563057796000000053e+03 3.402107028101139719e+01 1.312670737690676270e-01
3.052500000000000000e+04 -3.950000000000000000e+03 -5.203200000000000000e+04 3.415087866663216687e+01 1.443698433175054086e-01 1.243460347234393026e-02 2.990272082762548272e-02 2.970009322774380678e-02 2.393726409980970540e-02 1.000000000000000000e+00 3.280454399999999993e+01 2.438371269925890608e-02 4.267984115000000202e+03 3.415089384508014803e+01 1.443697810634435585e-01
3.052500000000000000e+04 -3.950000000000000000e+03 -5.203200000000000000e+04 3.416070454416500723e+01 1.223478728055878567e-01 -9.810543382640979360e-03 2.478566763350315005e-02 -1.507396355845180835e-03 2.479305120208507782e-02 1.000000000000000000e+00 3.276554799999999545e+01 1.868338052922971157e-02 4.288674297999999908e+03 3.416070598615814902e+01 1.223478678529910518e-01
3.052500000000000000e+04 -3.950000000000000000e+03 -5.203200000000000000e+04 3.415142026054927271e+01 1.022061853480098897e-01 2.582843855001293321e-03 2.635534859460036267e-02 -1.089040661484297345e-02 2.655198246958863709e-02 1.000000000000000000e+00 3.274330499999999944e+01 1.341777105185507427e-02 4.956196477999999843e+03 3.415142209461699707e+01 1.022061802292831972e-01
3.052500000000000000e+04 -3.950000000000000000e+03 -5.203200000000000000e+04 3.415110736792268398e+01 1.370173589467548469e-01 -5.197950789646910152e-03 2.699674461795959282e-02 -1.732456148569117005e-02 2.002295326091564631e-02 1.000000000000000000e+00 3.279349700000000212e+01 2.322937074050866399e-02 4.976887662000000091e+03 3.415111215779811005e+01 1.370173401674536773e-01
3.052500000000000000e+04 5.000000000000000000e+01 -5.203200000000000000e+04 3.406730409226376821e+01 1.204914391889233549e-01 7.444247535223436074e-02 2.054911516606640343e-02 3.557007086723906752e-02 2.188992435057119171e-02 1.000000000000000000e+00 3.279492700000000127e+01 1.435359083992573601e-02 5.664794007999999849e+03 3.406740399600253966e+01 1.204910963785545408e-01
3.052500000000000000e+04 5.000000000000000000e+01 -5.203200000000000000e+04 3.405988796674787977e+01 1.523859727500107841e-01 6.732577959466645723e-02 2.576350043941563056e-02 1.123190822445385706e-02 1.734214589205184537e-02 1.000000000000000000e+00 3.278890200000000021e+01 1.461169812171056286e-02 5.685484190999999555e+03 3.405995635968692170e+01 1.523856753734652014e-01
3.052500000000000000e+04 5.000000000000000000e+01 -5.203200000000000000e+04 3.405333016788309664e+01 1.132676304189350891e-01 -7.268788244534185594e-02 1.998541141904940435e-02 -2.994990239863248860e-02 1.851841247760906486e-02 1.000000000000000000e+00 3.281643000000000399e+01 2.194421445392839842e-02 6.352909365999999864e+03 3.405342091549342598e+01 1.132673377807822679e-01
3.052500000000000000e+04 5.000000000000000000e+01 -5.203200000000000000e+04 3.407612843817506132e+01 1.394675953252196843e-01 -6.908073798186897818e-02 1.955768997026435113e-02 -1.685200922780882848e-02 1.866241188131340795e-02 1.000000000000000000e+00 3.280418600000000140e+01 2.190889830639596372e-02 6.373601548999999977e+03 3.407620262695915869e+01 1.394672976252759322e-01
3.052500000000000000e+04 4.050000000000000000e+03 -5.203200000000000000e+04 3.420426377074934976e+01 1.354603812069316848e-01 -1.221160564678047677e-02 2.206325247346614671e-02 -1.581121829778808774e-02 2.013636547554781275e-02 1.000000000000000000e+00 3.281044399999999683e+01 1.669347228709473774e-02 1.434439045000000078e+03 3.420426960507902692e+01 1.354603586498619727e-01
3.052500000000000000e+04 4.050000000000000000e+03 -5.203200000000000000e+04 3.419516726908745596e+01 1.324414649841814673e-01 -3.890383520901607994e-02 2.723895534384714739e-02 -8.087647134650932657e-03 2.207660851715528144e-02 1.000000000000000000e+00 3.279441100000000375e+01 1.730969346926744534e-02 1.455127228999999943e+03 3.419519035594480272e+01 1.324413792949684920e-01
3.052500000000000000e+04 4.050000000000000000e+03 -5.203200000000000000e+04 3.419887338673727584e+01 1.149915368766624285e-01 -1.620763334804209421e-04 2.153706065038508977e-02 1.780017388596832895e-02 2.095957722104203544e-02 1.000000000000000000e+00 3.279437599999999975e+01 2.272121020104343053e-02 2.122549402999999984e+03 3.419887801952786788e+01 1.149915218167265885e-01
3.052500000000000000e+04 4.050000000000000000e+03 -5.203200000000000000e+04 3.419582384654408713e+01 1.309282625285876078e-01 5.127581778023415637e-02 2.000798887205762835e-02 6.110390151599975894e-03 1.790642584495463416e-02 1.000000000000000000e+00 3.280567599999999828e+01 1.414826773849010844e-02 2.143237586000000192e+03 3.419586283587869957e+01 1.309281167236339416e-01
3.052500000000000000e+04 8.050000000000000000e+03 -5.203200000000000000e+04 3.405448812807215830e+01 1.326037236390792684e-01 -8.419239668625344564e-03 2.841577063303601935e-02 1.277360614677913730e-02 2.035008526717691987e-02 1.000000000000000000e+00 3.279834900000000175e+01 1.845357271641456451e-02 2.831155933000000005e+03 3.405449156445619963e+01 1.326037106640410301e-01
3.052500000000000000e+04 8.050000000000000000e+03 -5.203200000000000000e+04 3.402016959749942515e+01 1.316657841383423178e-01 -3.129132322368555208e-03 2.137981804952175310e-02 -1.498988620547958561e-02 1.823661954433408033e-02 1.000000000000000000e+00 3.280540799999999990e+01 2.242074800268715334e-02 2.851848116000000118e+03 3.402017304381007534e+01 1.316657710602175957e-01
3.052500000000000000e+04 8.050000000000000000e+03 -5.203200000000000000e+04 3.403047302531608409e+01 1.258996307762189348e-01 8.659878233884477083e-03 2.828074673824267429e-02 -9.447025520703533630e-05 2.311579731134359370e-02 1.000000000000000000e+00 3.282854499999999831e+01 2.420006415280752735e-02 3.519276291000000128e+03 3.403047412730509080e+01 1.258996269049917349e-01
3.052500000000000000e+04 8.050000000000000000e+03 -5.203200000000000000e+04 3.408917911324800087e+01 1.536078695030381469e-01 2.913870956182229577e-03 2.776242976505797350e-02 2.373879415012769556e-03 2.165981288649158551e-02 1.000000000000000000e+00 3.280387400000000042e+01 1.736771861817204901e-02 3.539967474999999922e+03 3.408917932043907939e+01 1.536078685951589307e-01
