2.525000000000000000e+03 -3.840000000000000000e+03 -5.203200000000000000e+04 3.400490542426302198e+01 9.947442157660431328e-02 -9.160453313932137576e-02 2.198452703607698885e-02 -7.584967329637315459e-03 1.819592990204127805e-02 1.000000000000000000e+00 3.272269699999999659e+01 2.210313195002011274e-02 2.264429517999999916e+03 3.400502965496859531e+01 9.947407587869876167e-02
2.525000000000000000e+03 -3.840000000000000000e+03 -5.203200000000000000e+04 3.401042087725394225e+01 9.545899844435830339e-02 7.159863666135102278e-02 2.059226927757113607e-02 8.709432300841424279e-03 2.103556809311315015e-02 1.000000000000000000e+00 3.273022100000000023e+01 1.875650716418171549e-02 2.682779446000000007e+03 3.401049735694751064e+01 9.545879378031073281e-02
2.525000000000000000e+03 -3.840000000000000000e+03 -5.203200000000000000e+04 3.399509987220861262e+01 9.183709057347146099e-02 1.999871049439416737e-02 1.987901056390885962e-02 -1.126625952620585736e-03 2.085851742094821035e-02 1.000000000000000000e+00 3.269055000000000177e+01 3.781567558566156784e-02 2.703572634999999991e+03 3.399510577331898276e+01 9.183707537892506212e-02
2.525000000000000000e+03 1.600000000000000000e+02 -5.203200000000000000e+04 3.396402558260401605e+01 9.451357841601384924e-02 1.767007905562270054e-01 1.944680315630309408e-02 -1.670879043921047469e-03 1.400854642709228361e-02 1.000000000000000000e+00 3.272626300000000299e+01 2.816729053352487466e-02 2.959485272999999779e+03 3.396448527119172667e+01 9.451235338570426747e-02
2.525000000000000000e+03 1.600000000000000000e+02 -5.203200000000000000e+04 3.399850028386999412e+01 1.009202001632973356e-01 -8.870573329083342173e-02 1.362736306113548901e-02 -9.614471558663684192e-03 1.543105715756376735e-02 1.000000000000000000e+00 3.270505899999999855e+01 2.042214964199410773e-02 3.377818200000000161e+03 3.399861736449719274e+01 1.009198589831924453e-01
2.525000000000000000e+03 1.600000000000000000e+02 -5.203200000000000000e+04 3.395379734507253033e+01 1.026481866668866039e-01 -8.800716941617192646e-02 2.103008454571688238e-02 1.127870709810174787e-02 1.485852247028620308e-02 1.000000000000000000e+00 3.267475499999999755e+01 2.891857098820756200e-02 3.398606389000000036e+03 3.395391327404481530e+01 1.026478507864658496e-01
2.525000000000000000e+03 4.160000000000000000e+03 -5.203200000000000000e+04 3.396272564706789865e+01 6.987722104520184552e-02 1.351126827086268634e-03 1.844624460425482032e-02 -3.044185014782607723e-02 1.743110053897917178e-02 1.000000000000000000e+00 3.269381299999999868e+01 2.817668853857741712e-02 8.434602429999999913e+02 3.396273931693066572e+01 6.987719467047145971e-02
2.525000000000000000e+03 4.160000000000000000e+03 -5.203200000000000000e+04 3.398537459956138918e+01 1.022598201690184949e-01 1.526547216533913343e-02 1.608460984916948444e-02 1.900531035462726948e-02 1.329730969030953891e-02 1.000000000000000000e+00 3.272963000000000022e+01 2.418543962800758992e-02 1.261683164000000033e+03 3.398538334209244027e+01 1.022597943889023697e-01
2.525000000000000000e+03 4.160000000000000000e+03 -5.203200000000000000e+04 3.398650774018343412e+01 9.231575798854711745e-02 -1.663732648521687452e-02 1.718514698802428228e-02 1.143590538508965082e-02 1.924890656634812777e-02 1.000000000000000000e+00 3.266039999999999566e+01 3.447799251696653106e-02 1.282474353000000065e+03 3.398651373639422246e+01 9.231574231188642565e-02
2.525000000000000000e+03 8.160000000000000000e+03 -5.203200000000000000e+04 3.398378312196032880e+01 8.405775409800098075e-02 1.361823400740380663e-02 1.755821770567844373e-02 3.274156880473721998e-02 1.724741934319450401e-02 1.000000000000000000e+00 3.273955999999999733e+01 2.909104497951216228e-02 1.538396991000000071e+03 3.398380162293590701e+01 8.405771027342016921e-02
2.525000000000000000e+03 8.160000000000000000e+03 -5.203200000000000000e+04 3.402951678540067348e+01 1.067936106749837466e-01 -1.107743017624418513e-02 1.698143495114591561e-02 -1.835679811276413886e-03 1.865452333885805891e-02 1.000000000000000000e+00 3.272162300000000101e+01 3.116229956213116201e-02 1.956724917999999889e+03 3.402951863789797926e+01 1.067936050091665007e-01
2.525000000000000000e+03 8.160000000000000000e+03 -5.203200000000000000e+04 3.397423528430947925e+01 1.042211374194313839e-01 -2.540786369796599331e-03 2.139441032139002483e-02 -3.090580809833953779e-02 1.503806776151776770e-02 1.000000000000000000e+00 3.269916800000000023e+01 2.876105138898785163e-02 1.977518107000000100e+03 3.397424943656870511e+01 1.042210949153205002e-01
4.525000000000000000e+03 -3.840000000000000000e+03 -5.203200000000000000e+04 3.400256283382370981e+01 9.986469594906899339e-02 2.132321303537487722e-02 2.147199322373216646e-02 -4.973839556323245148e-03 2.108280152161946461e-02 1.000000000000000000e+00 3.271233099999999894e+01 2.346817856161828239e-02 2.287641845999999987e+03 3.400256988356355947e+01 9.986467619956647390e-02
4.525000000000000000e+03 -3.840000000000000000e+03 -5.203200000000000000e+04 3.401750570175822475e+01 8.802161537372510391e-02 -4.221558176145734365e-02 2.061423090973805994e-02 4.780363930280362439e-03 2.388073822142020713e-02 1.000000000000000000e+00 3.273299300000000045e+01 2.972441706745483289e-02 2.659689126000000215e+03 3.401753223231185785e+01 8.802155050645085743e-02
4.525000000000000000e+03 -3.840000000000000000e+03 -5.203200000000000000e+04 3.400049794143559012e+01 9.938725955070901175e-02 2.090145821823874428e-02 2.046709908609424533e-02 1.914118702464051580e-04 2.156534340092918639e-02 1.000000000000000000e+00 3.269967900000000327e+01 1.989250617695015322e-02 2.726661955999999918e+03 3.400050436645256724e+01 9.938724156614901772e-02
4.525000000000000000e+03 1.600000000000000000e+02 -5.203200000000000000e+04 3.401824583339282526e+01 9.637010162908410393e-02 1.287153905798481546e-01 1.682492353623040934e-02 -1.262671071615573126e-02 1.693379346159625334e-02 1.000000000000000000e+00 3.271554400000000129e+01 2.471257414758729759e-02 2.982675599000000147e+03 3.401849168712134031e+01 9.636942638795180371e-02
4.525000000000000000e+03 1.600000000000000000e+02 -5.203200000000000000e+04 3.397828569232338225e+01 9.651161665312626980e-02 -1.042404270970589408e-01 1.650846570702437996e-02 -6.131758045536450652e-03 1.834603720153210604e-02 1.000000000000000000e+00 3.271276199999999790e+01 1.900193371738781792e-02 3.354729878999999983e+03 3.397844614243338413e+01 9.651117425937094652e-02
4.525000000000000000e+03 1.600000000000000000e+02 -5.203200000000000000e+04 3.395297980791079340e+01 8.446874153792040263e-02 -2.446710598561274708e-02 1.813380470281953510e-02 1.873613915038996325e-02 1.766062244089941502e-02 1.000000000000000000e+00 3.271403399999999806e+01 3.113992999349870019e-02 3.421695709999999963e+03 3.395299379316327304e+01 8.446870831819965064e-02
4.525000000000000000e+03 4.160000000000000000e+03 -5.203200000000000000e+04 3.398771676667519159e+01 8.376749324767931992e-02 -1.224296566934768293e-02 1.583958032903649837e-02 -2.213058579446336438e-02 1.795494296844186641e-02 1.000000000000000000e+00 3.272147999999999968e+01 2.304730773864921423e-02 8.665505640000000085e+02 3.398772617673576946e+01 8.376747106542781207e-02
4.525000000000000000e+03 4.160000000000000000e+03 -5.203200000000000000e+04 3.399355079536341862e+01 8.872326263162327864e-02 5.104846667791207437e-03 1.968365032203122852e-02 9.537215540334820219e-03 2.265330536588424509e-02 1.000000000000000000e+00 3.273424500000000137e+01 2.149868949494363954e-02 1.238593843000000106e+03 3.399355251654191079e+01 8.872325841622115405e-02
4.525000000000000000e+03 4.160000000000000000e+03 -5.203200000000000000e+04 3.398930198298602079e+01 1.079924400039187909e-01 7.132733969490878678e-03 1.475293181032163482e-02 1.259786228133474850e-02 1.851826611753919216e-02 1.000000000000000000e+00 3.271991599999999778e+01 3.001118768059671607e-02 1.305565673999999944e+03 3.398930506604460788e+01 1.079924304707708671e-01
4.525000000000000000e+03 8.160000000000000000e+03 -5.203200000000000000e+04 3.401842927349905921e+01 1.119693956221966963e-01 4.163201111657688358e-02 1.840210371126084141e-02 4.502236611250243214e-02 1.682917490550264392e-02 1.000000000000000000e+00 3.271726199999999807e+01 2.424620962129957202e-02 1.561586317999999892e+03 3.401848454111173226e+01 1.119692181928856611e-01
4.525000000000000000e+03 8.160000000000000000e+03 -5.203200000000000000e+04 3.397469387987305822e+01 1.047840553185454826e-01 -7.417713345329524088e-02 1.824276980066349627e-02 -2.582097654842208101e-02 1.838951192935799756e-02 1.000000000000000000e+00 3.268827499999999731e+01 2.298210242775886730e-02 1.933639597999999978e+03 3.397478466747127612e+01 1.047837838159071944e-01
4.525000000000000000e+03 8.160000000000000000e+03 -5.203200000000000000e+04 3.396915604876927830e+01 1.158079158132120229e-01 3.254846908425079732e-02 1.638391909770064644e-02 -1.919707809932091891e-02 1.679403763244562836e-02 1.000000000000000000e+00 3.270454200000000355e+01 2.843200654192383839e-02 2.000609427999999980e+03 3.396917706680992666e+01 1.158078456113316029e-01
8.525000000000000000e+03 -3.840000000000000000e+03 -5.203200000000000000e+04 3.398859725010731125e+01 8.032092851181441007e-02 3.953495824802644165e-03 1.785300324875341640e-02 -9.329360247712248366e-03 2.191916992041441359e-02 1.000000000000000000e+00 3.272364600000000223e+01 3.113216179451725601e-02 2.312727280000000064e+03 3.398859876042397588e+01 8.032092519485409254e-02
8.525000000000000000e+03 -3.840000000000000000e+03 -5.203200000000000000e+04 3.398915407639269404e+01 8.648910378192156689e-02 -3.186436540556325525e-02 2.223928137328182869e-02 -3.845190214175353560e-02 2.208059222484759498e-02 1.000000000000000000e+00 3.270813800000000526e+01 1.692145564069474570e-02 2.634596689999999853e+03 3.398919076287817376e+01 8.648901654950828799e-02
8.525000000000000000e+03 -3.840000000000000000e+03 -5.203200000000000000e+04 3.399265856888116133e+01 9.017081933752182921e-02 2.794516447636841150e-02 2.350400946647188474e-02 4.776755490652861980e-02 1.968318635282407733e-02 1.000000000000000000e+00 3.271280300000000096e+01 2.658093651472799579e-02 2.751752390999999989e+03 3.399270361786554417e+01 9.017070615070990613e-02
8.525000000000000000e+03 1.600000000000000000e+02 -5.203200000000000000e+04 3.392797450781405644e+01 1.077042895803133615e-01 1.073760184318590660e-01 2.108937991027711595e-02 -2.639181824527137010e-02 1.668534114125330009e-02 1.000000000000000000e+00 3.271340800000000115e+01 1.882024240013927333e-02 3.007766034000000218e+03 3.392815468516207034e+01 1.077037390732433209e-01
8.525000000000000000e+03 1.600000000000000000e+02 -5.203200000000000000e+04 3.396185245838991307e+01 1.047210924360512940e-01 -6.714435906866178527e-02 1.664175495553278650e-02 -1.508648570460646710e-02 1.548860435933463973e-02 1.000000000000000000e+00 3.269688299999999970e+01 1.420799088541374426e-02 3.329638444000000163e+03 3.396192218312224043e+01 1.047208828354371096e-01
8.525000000000000000e+03 1.600000000000000000e+02 -5.203200000000000000e+04 3.394073752419905787e+01 1.047987302308572843e-01 -4.022715986991087789e-02 1.735982609359897760e-02 4.148349275933282954e-02 1.772552072577841115e-02 1.000000000000000000e+00 3.270952400000000182e+01 2.192123310856394433e-02 3.446784145000000080e+03 3.394078671438150963e+01 1.047985826057735159e-01
8.525000000000000000e+03 4.160000000000000000e+03 -5.203200000000000000e+04 3.399092149421117171e+01 8.541959560311672417e-02 3.816955694595947080e-02 1.834632205647769576e-02 2.839472709366130942e-03 1.495491905695246586e-02 1.000000000000000000e+00 3.271369699999999625e+01 1.425469834826398503e-02 8.916409989999999652e+02 3.399094304374784059e+01 8.541954394242427806e-02
8.525000000000000000e+03 4.160000000000000000e+03 -5.203200000000000000e+04 3.399519498019588326e+01 1.061638562317703399e-01 -2.930325816327172817e-02 1.377786068299429421e-02 2.133247651550673751e-02 1.687738475001384839e-02 1.000000000000000000e+00 3.267151199999999989e+01 2.511404929516544704e-02 1.213505407999999989e+03 3.399521430285487611e+01 1.061637970814712645e-01
8.525000000000000000e+03 4.160000000000000000e+03 -5.203200000000000000e+04 3.398752424616379386e+01 1.028289847270700136e-01 -8.855740677803147776e-03 1.597915567231260325e-02 -2.417650016042305339e-02 1.585913957312943059e-02 1.000000000000000000e+00 3.268089400000000211e+01 2.169876535658192551e-02 1.330659108999999944e+03 3.398753399867185010e+01 1.028289559240479212e-01
8.525000000000000000e+03 8.160000000000000000e+03 -5.203200000000000000e+04 3.399122208184547844e+01 1.241474680289533783e-01 3.669859752572168787e-02 1.868924145063143027e-02 -1.032958175995624117e-02 1.694172933912001591e-02 1.000000000000000000e+00 3.270200400000000229e+01 3.867521626313161903e-02 1.586677752000000055e+03 3.399124346217212178e+01 1.241473916873143679e-01
8.525000000000000000e+03 8.160000000000000000e+03 -5.203200000000000000e+04 3.398724321343405563e+01 9.425764056032805149e-02 -5.039508837900896765e-02 1.912567052419339442e-02 -2.339732382553139090e-02 1.641668888661778833e-02 1.000000000000000000e+00 3.273136399999999924e+01 2.364701598510899130e-02 1.908553163000000040e+03 3.398728862896854253e+01 9.425751955212095801e-02
8.525000000000000000e+03 8.160000000000000000e+03 -5.203200000000000000e+04 3.398349471524729637e+01 8.453982588106034868e-02 1.369726531774873024e-02 1.997338589223169106e-02 3.372917519159335242e-02 1.732711285817692057e-02 1.000000000000000000e+00 3.269417599999999879e+01 2.053081859059691788e-02 2.025698863000000074e+03 3.398351421400643346e+01 8.453977950704028022e-02
1.252500000000000000e+04 -3.840000000000000000e+03 -5.203200000000000000e+04 3.399947918811741943e+01 9.194336929327748265e-02 5.380856856901505836e-02 2.002203418736467691e-02 3.582029402901731885e-02 1.965226676493070715e-02 1.000000000000000000e+00 3.270950400000000258e+01 2.144323156616091686e-02 2.337817715000000135e+03 3.399954063687839323e+01 9.194321091189706918e-02
1.252500000000000000e+04 -3.840000000000000000e+03 -5.203200000000000000e+04 3.399102950806081225e+01 1.082177541117907288e-01 -1.178290133687083241e-01 1.915693151316253881e-02 -4.891660618283388828e-02 1.918751252768320648e-02 1.000000000000000000e+00 3.269293900000000264e+01 2.855270798015487402e-02 2.609507254999999986e+03 3.399126893083888490e+01 1.082170157609883970e-01
1.252500000000000000e+04 -3.840000000000000000e+03 -5.203200000000000000e+04 3.400437556262609462e+01 9.838763866462087171e-02 6.403304683587762725e-02 1.948573306293607463e-02 1.308359070946973901e-02 2.307258823799358816e-02 1.000000000000000000e+00 3.271249000000000251e+01 2.838273760580539706e-02 2.776845826000000216e+03 3.400443836935930619e+01 9.838746418388601145e-02
1.252500000000000000e+04 1.600000000000000000e+02 -5.203200000000000000e+04 3.392356216325807594e+01 1.050441892728959936e-01 1.116574794402973581e-01 1.948150060955264329e-02 8.609448083038984123e-03 1.713573132375738328e-02 1.000000000000000000e+00 3.272461400000000253e+01 2.525497325280706001e-02 3.032857469999999921e+03 3.392374701237683610e+01 1.050436365524043264e-01
1.252500000000000000e+04 1.600000000000000000e+02 -5.203200000000000000e+04 3.397755035881947805e+01 1.180753813840971639e-01 -1.542449208677627581e-01 1.779040575703657104e-02 1.083333396930985515e-02 1.520789745494096831e-02 1.000000000000000000e+00 3.270046500000000123e+01 2.895329470025820653e-02 3.304549008999999842e+03 3.397790219014193269e+01 1.180741864668037461e-01
1.252500000000000000e+04 1.600000000000000000e+02 -5.203200000000000000e+04 3.397906173940256735e+01 9.849764238802875826e-02 4.258706045228954906e-02 2.039923010802123168e-02 -1.944489905964408294e-02 1.486356770765350291e-02 1.000000000000000000e+00 3.271555899999999895e+01 2.219245430320855583e-02 3.471877579999999853e+03 3.397909399104026562e+01 9.849755258336220787e-02
1.252500000000000000e+04 4.160000000000000000e+03 -5.203200000000000000e+04 3.399415214897381787e+01 1.024161779261460181e-01 2.609808783504519170e-02 1.658276168193947159e-02 -2.820678337426518745e-02 1.514852104992431281e-02 1.000000000000000000e+00 3.271854899999999589e+01 2.460352293879882607e-02 9.167304339999999456e+02 3.399417386936176655e+01 1.024161140504984829e-01
1.252500000000000000e+04 4.160000000000000000e+03 -5.203200000000000000e+04 3.400113222592358397e+01 1.088378755856618252e-01 -3.429250356140212119e-02 1.846907945729835132e-02 4.685351741491783351e-02 1.364934624808089407e-02 1.000000000000000000e+00 3.270051300000000083e+01 2.302343017449832649e-02 1.188412972999999965e+03 3.400118180111735455e+01 1.088377201145572792e-01
1.252500000000000000e+04 4.160000000000000000e+03 -5.203200000000000000e+04 3.400338445216615213e+01 9.380662887557573992e-02 8.189795098878072110e-03 1.686162079991125953e-02 -1.864098962568072615e-02 1.693069833172866981e-02 1.000000000000000000e+00 3.267957300000000487e+01 1.806673077786902920e-02 1.355750545000000102e+03 3.400339054801819572e+01 9.380661260577054239e-02
1.252500000000000000e+04 8.160000000000000000e+03 -5.203200000000000000e+04 3.394966528009688034e+01 1.133980622629857798e-01 2.216233968266845267e-02 1.781411305678730697e-02 2.724196668264067256e-03 1.293541966849162672e-02 1.000000000000000000e+00 3.270351399999999842e+01 2.436037979999490857e-02 1.611767188000000033e+03 3.394967262318096601e+01 1.133980383367875627e-01
1.252500000000000000e+04 8.160000000000000000e+03 -5.203200000000000000e+04 3.397174549251640485e+01 8.130547458197388833e-02 -4.144674493516742331e-02 1.879595743770452396e-02 1.445014002432509770e-02 1.776471798256307882e-02 1.000000000000000000e+00 3.269176699999999869e+01 1.761093231490030997e-02 1.883463727999999946e+03 3.397177384899882924e+01 8.130541030072863107e-02
1.252500000000000000e+04 8.160000000000000000e+03 -5.203200000000000000e+04 3.395757100901502668e+01 8.117936252521326668e-02 1.928412295261416887e-02 1.810483010138454890e-02 -1.717449534220660823e-02 1.465776398363679602e-02 1.000000000000000000e+00 3.268810600000000477e+01 2.120211831397985497e-02 2.050788297999999941e+03 3.395758082774722908e+01 8.117934004202982667e-02
1.652500000000000000e+04 -3.840000000000000000e+03 -5.203200000000000000e+04 3.400770074732987780e+01 7.402320329464269488e-02 1.190820748925647266e-01 1.686082919076046030e-02 2.934675854108448334e-02 2.114980598019754882e-02 1.000000000000000000e+00 3.269109100000000012e+01 2.341839968913332973e-02 2.362907150000000001e+03 3.400792189906255913e+01 7.402274772042653772e-02
1.652500000000000000e+04 -3.840000000000000000e+03 -5.203200000000000000e+04 3.401708291107676274e+01 7.406943008421219832e-02 -2.024412155421106974e-01 1.927478801439849732e-02 -8.383318092473501792e-02 1.907203465810609205e-02 1.000000000000000000e+00 3.269572499999999593e+01 2.515830773323197989e-02 2.584414819999999963e+03 3.401778858519531923e+01 7.406799729946576816e-02
1.652500000000000000e+04 -3.840000000000000000e+03 -5.203200000000000000e+04 3.401209856606124049e+01 9.023413412340144935e-02 8.335684585590108497e-02 2.150725905363117321e-02 5.448444894183612774e-02 2.626483658810768382e-02 1.000000000000000000e+00 3.270785500000000212e+01 3.546307015755967990e-02 2.801937261999999919e+03 3.401224435091563691e+01 9.023377256180618866e-02
1.652500000000000000e+04 1.600000000000000000e+02 -5.203200000000000000e+04 3.391725348429822873e+01 9.899633255833267809e-02 1.776202813629117472e-01 1.945985542084010395e-02 -1.677059072436648535e-02 1.474318571408499839e-02 1.000000000000000000e+00 3.268287099999999867e+01 2.537008037038905248e-02 3.057949904000000060e+03 3.391772271446308196e+01 9.899501572799640492e-02
1.652500000000000000e+04 1.600000000000000000e+02 -5.203200000000000000e+04 3.400347309817215091e+01 1.176424839800656319e-01 -2.749951860729007436e-01 1.859300408755938661e-02 6.819125727745234400e-03 1.453045453521671464e-02 1.000000000000000000e+00 3.271728699999999890e+01 2.669943941359069137e-02 3.279454573999999866e+03 3.400458574355753427e+01 1.176387307945464672e-01
1.652500000000000000e+04 1.600000000000000000e+02 -5.203200000000000000e+04 3.398568710815517591e+01 1.070910214957351142e-01 9.737686776044185422e-02 1.782964736050604224e-02 9.961141808865647818e-03 1.762706297146521273e-02 1.000000000000000000e+00 3.271937300000000448e+01 2.727803988559295359e-02 3.496974014999999781e+03 3.398582807130269146e+01 1.070905896233724369e-01
1.652500000000000000e+04 4.160000000000000000e+03 -5.203200000000000000e+04 3.401671708953086437e+01 8.119078194598201847e-02 7.798227078408626056e-02 1.547860255320227668e-02 -2.906768245604673950e-02 1.468386904054922414e-02 1.000000000000000000e+00 3.270913199999999676e+01 2.019400039615727033e-02 9.418218689999999924e+02 3.401681889468650866e+01 8.119054768280437040e-02
1.652500000000000000e+04 4.160000000000000000e+03 -5.203200000000000000e+04 3.399676973364570642e+01 8.417334611977832226e-02 -2.038267571837826253e-01 1.604179307309503907e-02 4.580476821838574963e-02 1.598486937700774671e-02 1.000000000000000000e+00 3.268482300000000151e+01 2.255291378070691660e-02 1.163325538000000051e+03 3.399741160362453485e+01 8.417181463153643184e-02
1.652500000000000000e+04 4.160000000000000000e+03 -5.203200000000000000e+04 3.401867879636726855e+01 7.570055479981635527e-02 1.258534210193147374e-01 1.610117489501930801e-02 -1.673239054850939045e-02 1.278555485694696063e-02 1.000000000000000000e+00 3.270212399999999775e+01 2.697418651229356243e-02 1.380843978999999990e+03 3.401891571033509365e+01 7.570005130419063533e-02
1.652500000000000000e+04 8.160000000000000000e+03 -5.203200000000000000e+04 3.397548654561794024e+01 9.469934024057401201e-02 6.704547218211232007e-02 2.114253866024607895e-02 -4.152908138258393222e-02 1.837458641711426505e-02 1.000000000000000000e+00 3.269841800000000376e+01 1.539735802012799637e-02 1.636857623000000103e+03 3.397557807854645517e+01 9.469909696692487000e-02
1.652500000000000000e+04 8.160000000000000000e+03 -5.203200000000000000e+04 3.397939148618912952e+01 1.087654622065295229e-01 -1.077609722421160043e-01 1.834262756531898977e-02 4.055958832825146132e-02 1.682162480261642501e-02 1.000000000000000000e+00 3.271113900000000285e+01 2.097658906972246426e-02 1.858374293000000080e+03 3.397958656721777260e+01 1.087648551796571855e-01
1.652500000000000000e+04 8.160000000000000000e+03 -5.203200000000000000e+04 3.399171164602761763e+01 9.414884473534447518e-02 4.070927962972081815e-02 1.666204888361572448e-02 9.606208585370978881e-04 1.602434210818029156e-02 1.000000000000000000e+00 3.270021599999999751e+01 2.179837099418211258e-02 2.075873732999999902e+03 3.399173603679179223e+01 9.414877929466378137e-02
2.052500000000000000e+04 -3.840000000000000000e+03 -5.203200000000000000e+04 3.403589858250825984e+01 9.927547663446396886e-02 1.555257526296687232e-01 1.848457194527371172e-02 5.196340445085745330e-02 2.136583089889087378e-02 1.000000000000000000e+00 3.268836399999999998e+01 1.975456405492158687e-02 2.387997585000000072e+03 3.403629358161551011e+01 9.927436580966189639e-02
2.052500000000000000e+04 -3.840000000000000000e+03 -5.203200000000000000e+04 3.403735724622610803e+01 7.730346802699086806e-02 -2.944228717340013901e-01 1.738990342123842778e-02 -7.890106647765282588e-02 2.064481014686257720e-02 1.000000000000000000e+00 3.269804100000000346e+01 2.649851718492942515e-02 2.559326384999999846e+03 3.403872204582469863e+01 7.730052966361705691e-02
2.052500000000000000e+04 -3.840000000000000000e+03 -5.203200000000000000e+04 3.403738372865753092e+01 9.419638622579955267e-02 1.389210469444757123e-01 1.968595113272406799e-02 2.694142425297219035e-02 1.591152805358429442e-02 1.000000000000000000e+00 3.269335200000000441e+01 2.282422612050625382e-02 2.827025696000000153e+03 3.403767788773942016e+01 9.419560727384020116e-02
2.052500000000000000e+04 1.600000000000000000e+02 -5.203200000000000000e+04 3.400790726438586375e+01 1.100517160702185471e-01 1.069698355747359386e-01 1.754102904621048648e-02 1.578776301472117893e-02 2.159685034906710585e-02 1.000000000000000000e+00 3.272915400000000119e+01 2.804725920656062771e-02 3.083041340000000218e+03 3.400807916219692828e+01 1.100511740883517720e-01
2.052500000000000000e+04 1.600000000000000000e+02 -5.203200000000000000e+04 3.397648848656731957e+01 1.063531748562307894e-01 -2.394766439114306422e-01 1.855462217346394785e-02 2.217015896220031479e-02 1.671954105231360926e-02 1.000000000000000000e+00 3.270766600000000324e+01 2.218455363535629457e-02 3.254360138000000006e+03 3.397733966126202176e+01 1.063505915410498937e-01
2.052500000000000000e+04 1.600000000000000000e+02 -5.203200000000000000e+04 3.396670930110436615e+01 1.103990799327603106e-01 1.325049384107641615e-01 1.835125426231133672e-02 -3.795607188389249487e-02 1.577240010271106427e-02 1.000000000000000000e+00 3.272617900000000191e+01 2.690052700227265128e-02 3.522064449999999852e+03 3.396698895939741902e+01 1.103981956085338667e-01
2.052500000000000000e+04 4.160000000000000000e+03 -5.203200000000000000e+04 3.405044313288849622e+01 9.458274238464435546e-02 1.201103190216397110e-01 1.233082154602847293e-02 -4.915236166160952269e-02 1.554669823467349707e-02 1.000000000000000000e+00 3.269330599999999976e+01 3.806763496725269064e-02 9.669123039999999492e+02 3.405069044805796352e+01 9.458206807993663201e-02
2.052500000000000000e+04 4.160000000000000000e+03 -5.203200000000000000e+04 3.404674610154053482e+01 7.718798526325194864e-02 -2.237543533249715111e-01 1.377124631251652569e-02 6.952886871274541192e-02 1.690112496255796737e-02 1.000000000000000000e+00 3.271286700000000280e+01 2.303679441675859571e-02 1.138235102999999981e+03 3.404755234046908186e+01 7.718621824203922288e-02
2.052500000000000000e+04 4.160000000000000000e+03 -5.203200000000000000e+04 3.405663543887954603e+01 9.374861428842561073e-02 1.036401176322083728e-01 1.628194205247027529e-02 -2.035269455060315091e-02 1.480317999620351863e-02 1.000000000000000000e+00 3.271474500000000063e+01 2.226044853546307184e-02 1.405937415000000101e+03 3.405679921723273651e+01 9.374817696478848772e-02
2.052500000000000000e+04 8.160000000000000000e+03 -5.203200000000000000e+04 3.396331643415695112e+01 1.014924934416333996e-01 6.195734507145544967e-02 2.160930632852429284e-02 -5.179746714543576047e-03 1.487298319100778012e-02 1.000000000000000000e+00 3.269525399999999848e+01 4.068744888783272506e-02 1.661949057999999923e+03 3.396337334172005029e+01 1.014923310661930700e-01
2.052500000000000000e+04 8.160000000000000000e+03 -5.203200000000000000e+04 3.398841539545641410e+01 1.114844876429003373e-01 -1.069406295483359415e-01 1.895886267685907567e-02 -2.241560169827350180e-02 1.319963745714252540e-02 1.000000000000000000e+00 3.267762100000000203e+01 2.679842954353855305e-02 1.833284857999999986e+03 3.398859102480633965e+01 1.114839278674865514e-01
2.052500000000000000e+04 8.160000000000000000e+03 -5.203200000000000000e+04 3.400586690547163471e+01 7.143126419852863229e-02 4.498260536800646747e-02 1.855996888467219622e-02 2.759534770025418027e-02 1.560794480384909526e-02 1.000000000000000000e+00 3.271269300000000158e+01 1.781871448786359613e-02 2.100960168000000067e+03 3.400590785335177202e+01 7.143118352723530629e-02
2.452500000000000000e+04 -3.840000000000000000e+03 -5.203200000000000000e+04 3.406019470779195046e+01 8.689149323725539609e-02 7.750737592867729120e-02 2.141467240001583561e-02 3.587235983324443822e-02 2.088311710449376399e-02 1.000000000000000000e+00 3.270381700000000080e+01 2.843761902832232444e-02 2.413086020000000190e+03 3.406030178598278724e+01 8.689123651776511914e-02
2.452500000000000000e+04 -3.840000000000000000e+03 -5.203200000000000000e+04 3.406979093628804378e+01 7.659134657387869916e-02 -2.122358184295825012e-01 1.868498482739549757e-02 -2.857312447498294716e-02 2.194591141875862003e-02 1.000000000000000000e+00 3.269383799999999951e+01 2.628074656473822560e-02 2.534231949999999870e+03 3.407046396673285216e+01 7.658992423757980672e-02
2.452500000000000000e+04 -3.840000000000000000e+03 -5.203200000000000000e+04 3.405770298782987027e+01 1.008472048199651333e-01 1.347285565399527485e-01 2.375093871829069350e-02 -7.299255032110707475e-03 2.065078606252071861e-02 1.000000000000000000e+00 3.270143199999999695e+01 2.095836467857165736e-02 2.852115131000000019e+03 3.405797025470406680e+01 1.008464572952741528e-01
2.452500000000000000e+04 1.600000000000000000e+02 -5.203200000000000000e+04 3.394547582979449629e+01 1.066182890924441684e-01 1.121679054373547757e-01 1.742367917519144216e-02 -6.242733759023177953e-03 1.607039641701473245e-02 1.000000000000000000e+00 3.271090399999999931e+01 2.110972714177044782e-02 3.108127774999999929e+03 3.394566172461360765e+01 1.066177208102877527e-01
2.452500000000000000e+04 1.600000000000000000e+02 -5.203200000000000000e+04 3.400736502765301594e+01 1.182531134177870202e-01 -1.835025550402340500e-01 1.951082740429016180e-02 -1.622802546229529241e-02 1.698284407865773352e-02 1.000000000000000000e+00 3.271397900000000192e+01 2.900097800075025073e-02 3.229268703000000187e+03 3.400786398262251709e+01 1.182514255791760199e-01
2.452500000000000000e+04 1.600000000000000000e+02 -5.203200000000000000e+04 3.400223277838795610e+01 1.052473671689700824e-01 7.132941951056981367e-02 2.049609926303051430e-02 2.248369147223661102e-02 1.668172200343837411e-02 1.000000000000000000e+00 3.270940499999999673e+01 2.355216960282003474e-02 3.547252891000000091e+03 3.400231502880576073e+01 1.052471219398813523e-01
2.452500000000000000e+04 4.160000000000000000e+03 -5.203200000000000000e+04 3.408501925863819082e+01 8.438080645502268884e-02 1.275242004447187938e-01 1.547402807933344858e-02 -6.634577827779464254e-02 1.561166346037474659e-02 1.000000000000000000e+00 3.270453200000000038e+01 2.979408276822765461e-02 9.919997389999999768e+02 3.408532238435967088e+01 8.438008137630088890e-02
2.452500000000000000e+04 4.160000000000000000e+03 -5.203200000000000000e+04 3.408644733587044584e+01 9.636384936790351463e-02 -2.060892859734275717e-01 1.723855127323638964e-02 6.064965638167868489e-02 1.613327790624087543e-02 1.000000000000000000e+00 3.271045300000000111e+01 2.850988130455824748e-02 1.113141667999999981e+03 3.408712430164329987e+01 9.636199623335189868e-02
2.452500000000000000e+04 4.160000000000000000e+03 -5.203200000000000000e+04 3.409254709355812452e+01 8.599124595562039619e-02 7.856502547370247669e-02 1.756665460467643838e-02 5.697199232685967729e-03 1.507210297204739785e-02 1.000000000000000000e+00 3.267654300000000234e+01 2.568462520653163120e-02 1.431023850000000039e+03 3.409263809457674199e+01 8.599102599095007071e-02
2.452500000000000000e+04 8.160000000000000000e+03 -5.203200000000000000e+04 3.399414705684504412e+01 1.106236082443526197e-01 5.315159430917670846e-02 2.001320608997968556e-02 -7.745753603303651147e-03 1.605804897862751074e-02 1.000000000000000000e+00 3.272361000000000075e+01 2.575624631036129569e-02 1.687040492999999969e+03 3.399418949189821859e+01 1.106234746387383672e-01
2.452500000000000000e+04 8.160000000000000000e+03 -5.203200000000000000e+04 3.397782455324868778e+01 7.469320811158133844e-02 -9.343550831452773764e-02 1.891977404727656839e-02 4.626586222824302652e-02 1.377250340352108998e-02 1.000000000000000000e+00 3.270729899999999901e+01 2.536675353686395490e-02 1.808193422999999939e+03 3.397798452079774023e+01 7.469287693163582931e-02
2.452500000000000000e+04 8.160000000000000000e+03 -5.203200000000000000e+04 3.400722007581209283e+01 1.226416023419459322e-01 4.027646976847343296e-02 2.240154360752847837e-02 -3.852544255801237938e-02 1.420012542198131368e-02 1.000000000000000000e+00 3.269106099999999770e+01 1.824841979460139346e-02 2.126052603000000090e+03 3.400726574849055339e+01 1.226414415557703919e-01
2.852500000000000000e+04 -3.840000000000000000e+03 -5.203200000000000000e+04 3.410502866495398422e+01 1.005450813565735846e-01 3.627900782629023269e-02 1.846798345786566931e-02 5.449674122220837802e-02 1.968200909460210424e-02 1.000000000000000000e+00 3.270429899999999890e+01 2.416595930229131425e-02 2.438178456000000097e+03 3.410509150110208765e+01 1.005449029474984324e-01
2.852500000000000000e+04 -3.840000000000000000e+03 -5.203200000000000000e+04 3.410465222621020587e+01 1.006525986798155192e-01 -8.532955879608739025e-02 2.194322184639256601e-02 -5.609643078639070524e-02 2.033787088168277288e-02 1.000000000000000000e+00 3.269183699999999959e+01 2.303127970825763482e-02 2.509144514999999956e+03 3.410480510740232774e+01 1.006521680178831674e-01
2.852500000000000000e+04 -3.840000000000000000e+03 -5.203200000000000000e+04 3.411377649428248304e+01 9.039753223401622573e-02 4.905191885642068428e-02 2.045979716419495803e-02 1.598706600344890205e-03 2.194561926672382660e-02 1.000000000000000000e+00 3.270638999999999896e+01 2.608131334883272492e-02 2.877204565999999886e+03 3.411381179740056524e+01 9.039744347786522749e-02
2.852500000000000000e+04 1.600000000000000000e+02 -5.203200000000000000e+04 3.400694173489725358e+01 1.145229836932307593e-01 9.545370420861321037e-02 1.863149086895624779e-02 1.813205969396225470e-02 1.682327783162365642e-02 1.000000000000000000e+00 3.271773499999999757e+01 2.132837945086311568e-02 3.133216209000000163e+03 3.400708053247047502e+01 1.145225285672514109e-01
2.852500000000000000e+04 1.600000000000000000e+02 -5.203200000000000000e+04 3.399922359883070300e+01 1.003334697546137827e-01 -1.393597330776437104e-01 1.895323489539450790e-02 -3.708625630237394333e-02 1.804658665786968222e-02 1.000000000000000000e+00 3.272377000000000180e+01 1.900092695107267679e-02 3.204178268000000116e+03 3.399952943569802954e+01 1.003325992296052738e-01
2.852500000000000000e+04 1.600000000000000000e+02 -5.203200000000000000e+04 3.399850590662752836e+01 1.064678862427539674e-01 4.390779507599429365e-02 1.832357740726411888e-02 1.894607879404430761e-02 1.863895997635061502e-02 1.000000000000000000e+00 3.270725900000000053e+01 2.911979253016751951e-02 3.572345326000000114e+03 3.399853953821188668e+01 1.064677840605345038e-01
2.852500000000000000e+04 4.160000000000000000e+03 -5.203200000000000000e+04 3.413166436829941119e+01 7.753535196927914541e-02 7.725580501701401204e-02 1.416263637180592214e-02 -3.720983034726099703e-02 1.391018536900209650e-02 1.000000000000000000e+00 3.271834499999999935e+01 1.267589464298279900e-02 1.017092174000000000e+03 3.413177208380957950e+01 7.753511538740560927e-02
2.852500000000000000e+04 4.160000000000000000e+03 -5.203200000000000000e+04 3.413361328866729139e+01 1.036880787988667535e-01 -1.280521611774023683e-01 1.681749244090806686e-02 3.585153308453037369e-02 1.918707585850433842e-02 1.000000000000000000e+00 3.270611199999999741e+01 2.384684710816085962e-02 1.088053233000000091e+03 3.413387230931601835e+01 1.036873131273692294e-01
2.852500000000000000e+04 4.160000000000000000e+03 -5.203200000000000000e+04 3.413443744026528748e+01 7.875053860133275629e-02 5.080153324692737726e-02 1.747448382642531606e-02 1.354432033685348813e-03 1.572667065847059564e-02 1.000000000000000000e+00 3.271207199999999915e+01 2.262650889996068240e-02 1.456113284999999905e+03 3.413447527051867780e+01 7.875045562116139708e-02
2.852500000000000000e+04 8.160000000000000000e+03 -5.203200000000000000e+04 3.401379365660604748e+01 1.045486866536352172e-01 5.340652545727309075e-02 1.739453733216264619e-02 -4.038039743976851170e-02 1.339293761652013415e-02 1.000000000000000000e+00 3.270549099999999498e+01 2.304881396080935008e-02 1.712130928000000040e+03 3.401385955382941262e+01 1.045484888812289875e-01
2.852500000000000000e+04 8.160000000000000000e+03 -5.203200000000000000e+04 3.403244295738159053e+01 1.030752326119131201e-01 -6.866956993387240971e-02 1.784322571734157925e-02 2.656977022720141690e-02 1.801727670875929305e-02 1.000000000000000000e+00 3.272008399999999995e+01 3.091384144683413313e-02 1.783100987000000032e+03 3.403252260867472501e+01 1.030749986175386185e-01
2.852500000000000000e+04 8.160000000000000000e+03 -5.203200000000000000e+04 3.399826207306542614e+01 9.001171484867954986e-02 1.526944833617172037e-02 1.520300328882421767e-02 1.381360225927386054e-02 1.754131180955403879e-02 1.000000000000000000e+00 3.271440100000000228e+01 2.614711808211375374e-02 2.151141038000000208e+03 3.399826830826091850e+01 9.001169888189922141e-02
3.252500000000000000e+04 -3.840000000000000000e+03 -5.203200000000000000e+04 3.414699788958928650e+01 8.240879361451665386e-02 2.139764517541742350e-02 2.180304804379424449e-02 -4.591275543243256152e-02 2.062999796412980785e-02 1.000000000000000000e+00 3.271184799999999626e+01 2.021574920699205705e-02 2.463366895999999997e+03 3.414703546007977764e+01 8.240870874454321593e-02
3.252500000000000000e+04 -3.840000000000000000e+03 -5.203200000000000000e+04 3.416198866257444422e+01 8.881602107728087114e-02 -3.598122677407999959e-03 2.118093947397045942e-02 1.382447678295584126e-02 2.165240644824496102e-02 1.000000000000000000e+00 3.269505999999999801e+01 3.126648557161485625e-02 2.484055079000000205e+03 3.416199164926585041e+01 8.881601377256921614e-02
3.252500000000000000e+04 -3.840000000000000000e+03 -5.203200000000000000e+04 3.416084598551521623e+01 1.009211688596599599e-01 -1.781064045846214583e-02 1.503356328353328171e-02 3.207988410411921620e-02 2.048742211699656340e-02 1.000000000000000000e+00 3.270528699999999844e+01 1.995909208856955913e-02 2.902393007000000125e+03 3.416086569137218021e+01 1.009211127810623193e-01
3.252500000000000000e+04 1.600000000000000000e+02 -5.203200000000000000e+04 3.403843512525672566e+01 9.793047837113835752e-02 1.196583140346341168e-02 2.083508166530671432e-02 6.636106084887405387e-03 1.470164361559618375e-02 1.000000000000000000e+00 3.271903100000000109e+01 2.355584795756671471e-02 3.158402649999999994e+03 3.403843787536872156e+01 9.793047077475554307e-02
3.252500000000000000e+04 1.600000000000000000e+02 -5.203200000000000000e+04 3.404641779324482798e+01 1.205998833042553203e-01 1.489653805500346095e-02 1.877526979832780038e-02 6.117480676405051554e-03 1.716647721578309221e-02 1.000000000000000000e+00 3.268099800000000243e+01 3.013416035000809554e-02 3.179088832999999795e+03 3.404642160172775078e+01 1.205998701330034256e-01
3.252500000000000000e+04 1.600000000000000000e+02 -5.203200000000000000e+04 3.400593273629749547e+01 1.008045375814005662e-01 -2.688866065071771061e-02 1.635260019079534666e-02 -1.274686286092929777e-02 1.836591160274926235e-02 1.000000000000000000e+00 3.272037199999999757e+01 2.869445315736126809e-02 3.597432761000000028e+03 3.400594575582590551e+01 1.008045000516807899e-01
3.252500000000000000e+04 4.160000000000000000e+03 -5.203200000000000000e+04 3.418457145853403034e+01 8.422656968558081547e-02 1.796285455328039404e-02 1.575225904434027560e-02 -1.132184932774360497e-02 1.347080881016429581e-02 1.000000000000000000e+00 3.270951900000000023e+01 1.037032159578477053e-02 1.042280614999999898e+03 3.418457805285937923e+01 8.422655396286386764e-02
3.252500000000000000e+04 4.160000000000000000e+03 -5.203200000000000000e+04 3.419782893455551687e+01 9.637099005924966433e-02 8.809190702089964020e-03 1.581305817987146978e-02 3.607355970772241349e-02 1.419052645253163214e-02 1.000000000000000000e+00 3.268509099999999989e+01 2.920276536562933095e-02 1.062968798000000106e+03 3.419784909523804117e+01 9.637093449419874280e-02
3.252500000000000000e+04 4.160000000000000000e+03 -5.203200000000000000e+04 3.418782956285284058e+01 8.530073637431273559e-02 -2.678518791543726962e-02 1.526801846999144806e-02 -2.474709049748158307e-02 1.460158912584517445e-02 1.000000000000000000e+00 3.268784300000000087e+01 2.247494614009119124e-02 1.481303726000000097e+03 3.418784901223612138e+01 8.530068934049676865e-02
3.252500000000000000e+04 8.160000000000000000e+03 -5.203200000000000000e+04 3.405085746423446125e+01 9.443111639708597072e-02 6.256760714010489721e-03 1.942229420022258818e-02 8.790219758725292820e-04 1.592735031321908246e-02 1.000000000000000000e+00 3.272464899999999943e+01 2.959734827649260561e-02 1.737220362999999907e+03 3.405085805041255753e+01 9.443111483980713705e-02
3.252500000000000000e+04 8.160000000000000000e+03 -5.203200000000000000e+04 3.403831900043595482e+01 1.131580961310325317e-01 5.108208203173703055e-03 1.771500722551362650e-02 2.391063001142690325e-02 1.762735104886721180e-02 1.000000000000000000e+00 3.267546000000000106e+01 3.142352653665721196e-02 1.758009551999999985e+03 3.403832778189107700e+01 1.131580676464064295e-01
3.252500000000000000e+04 8.160000000000000000e+03 -5.203200000000000000e+04 3.401304378733624389e+01 1.007254415775875322e-01 -1.136673292182344142e-02 1.954711674390880588e-02 -2.481971142685690523e-02 1.578464602073800099e-02 1.000000000000000000e+00 3.270398000000000138e+01 1.800140675058480022e-02 2.176234472999999980e+03 3.401305474225955550e+01 1.007254100063373070e-01
