2.525000000000000000e+03 -3.990000000000000000e+03 -5.203200000000000000e+04 3.400109499999999940e+01 1.306952470520638399e-01 -1.250487000000000570e+00 1.984108346335955453e-02 1.701049999999999507e-01 2.455299323911445258e-02 1.000000000000000000e+00 3.281795999999999935e+01 1.977280258334665128e-02 4.051732746000000134e+03 3.402450755921706360e+01 1.306074078900131274e-01
2.525000000000000000e+03 -3.990000000000000000e+03 -5.203200000000000000e+04 3.398861200000000338e+01 1.341093337430322163e-01 -1.176787000000000027e+00 2.685186997212670942e-02 1.549809999999998134e-01 2.675906891130556617e-02 1.000000000000000000e+00 3.283014899999999869e+01 2.370798129322697345e-02 4.719373932999999852e+03 3.400933096137403311e+01 1.340309083959081993e-01
2.525000000000000000e+03 -3.990000000000000000e+03 -5.203200000000000000e+04 3.400063199999999597e+01 1.350073013766292518e-01 -1.163946999999999399e+00 2.443683678383927124e-02 1.629809999999998205e-01 2.239504018750580402e-02 1.000000000000000000e+00 3.282918499999999540e+01 2.774988852229861094e-02 4.740160120999999890e+03 3.402093931426046680e+01 1.349293475061586478e-01
2.525000000000000000e+03 -3.990000000000000000e+03 -5.203200000000000000e+04 3.399490899999999982e+01 1.035994734542603907e-01 -1.165303000000000644e+00 2.468071445481268694e-02 2.012309999999999377e-01 2.579443205422441571e-02 1.000000000000000000e+00 3.283429699999999940e+01 2.638183740758023865e-02 5.407502290999999786e+03 3.401547093478864525e+01 1.035404135871303977e-01
2.525000000000000000e+03 1.000000000000000000e+01 -5.203200000000000000e+04 3.396336000000000155e+01 1.368088295140339195e-01 4.895279999999999632e-01 2.142231194339210346e-02 1.097554999999999836e+00 1.895550711534777291e-02 1.000000000000000000e+00 3.283283600000000035e+01 2.408992258185982394e-02 5.448696648000000096e+03 3.398461544773471843e+01 1.367249820870254373e-01
2.525000000000000000e+03 1.000000000000000000e+01 -5.203200000000000000e+04 3.396542800000000284e+01 1.186058925433302325e-01 -2.712219999999998521e-01 2.432747319390158106e-02 1.120491999999999821e+00 1.800372167081017508e-02 1.000000000000000000e+00 3.282892700000000019e+01 2.810443924009158739e-02 6.116114821999999549e+03 3.398498731673343087e+01 1.185392767124515828e-01
2.525000000000000000e+03 1.000000000000000000e+01 -5.203200000000000000e+04 3.397956500000000091e+01 1.265714129849232483e-01 -2.695179999999997023e-01 2.289798218184301362e-02 1.116423000000000165e+00 2.159064216275189893e-02 1.000000000000000000e+00 3.281531700000000029e+01 2.526054492682214270e-02 6.136907011000000239e+03 3.399896877636846426e+01 1.265012935246880299e-01
2.525000000000000000e+03 1.000000000000000000e+01 -5.203200000000000000e+04 3.397299100000000038e+01 1.068932014489228366e-01 -3.712220000000003850e-01 2.356334034045258138e-02 1.142209000000000030e+00 2.101409443682977080e-02 1.000000000000000000e+00 3.282313999999999510e+01 2.429761562376028805e-02 6.804244179999999687e+03 3.399421369378980273e+01 1.068291109811114886e-01
2.525000000000000000e+03 4.010000000000000000e+03 -5.203200000000000000e+04 3.398835900000000265e+01 1.007107868105497350e-01 7.620399999999971641e-02 2.010893535222588527e-02 -2.273849999999999483e-01 1.761710850281623247e-02 1.000000000000000000e+00 3.283496200000000442e+01 2.274842042868031877e-02 1.218218677999999954e+03 3.398920502896061890e+01 1.007083590619311103e-01
2.525000000000000000e+03 4.010000000000000000e+03 -5.203200000000000000e+04 3.400069100000000333e+01 1.377709089358127026e-01 9.137400000000006628e-02 2.958566899699920788e-02 -1.776789999999999203e-01 1.932213673484379363e-02 1.000000000000000000e+00 3.280603399999999681e+01 2.300391194992712496e-02 1.885651853000000074e+03 3.400127802763299201e+01 1.377685902822231301e-01
2.525000000000000000e+03 4.010000000000000000e+03 -5.203200000000000000e+04 3.401440800000000309e+01 1.131398319293430849e-01 5.297799999999952547e-02 2.027932851452434251e-02 -1.210599999999999454e-01 1.823133900732472334e-02 1.000000000000000000e+00 3.281638499999999681e+01 3.585094114524749881e-02 1.906442041999999901e+03 3.401466468719848990e+01 1.131390011497588055e-01
2.525000000000000000e+03 4.010000000000000000e+03 -5.203200000000000000e+04 3.400234999999999985e+01 9.792380000796536976e-02 -5.653000000000574232e-03 2.775127330412065912e-02 -1.599220000000003417e-01 1.946967624281410736e-02 1.000000000000000000e+00 3.288670400000000171e+01 2.114125341601107849e-02 2.573747209999999995e+03 3.400272654545504025e+01 9.792275852531526215e-02
2.525000000000000000e+03 8.010000000000000000e+03 -5.203200000000000000e+04 3.398832000000000164e+01 1.201393897770419023e-01 1.027605000000000324e+00 1.946666599600455419e-02 -9.919560000000000599e-01 2.066478340075211112e-02 1.000000000000000000e+00 3.281000799999999629e+01 2.677455575728568404e-02 2.614936565999999857e+03 3.401831631877687556e+01 1.200364073316252944e-01
2.525000000000000000e+03 8.010000000000000000e+03 -5.203200000000000000e+04 3.398198899999999867e+01 1.009848703569004857e-01 1.269912999999999847e+00 2.266753725043812312e-02 -1.029688000000000159e+00 1.640028307682522835e-02 1.000000000000000000e+00 3.284748900000000305e+01 2.448969436313977455e-02 3.282388742000000093e+03 3.402129499006517221e+01 1.008729689244984296e-01
2.525000000000000000e+03 8.010000000000000000e+03 -5.203200000000000000e+04 3.397429799999999744e+01 9.199037419208598576e-02 1.270122000000000639e+00 1.714825798732920806e-02 -1.054746000000000183e+00 1.934266385480552103e-02 1.000000000000000000e+00 3.283748099999999681e+01 1.973131044811773580e-02 3.303181931000000077e+03 3.401438847917457053e+01 9.188614013028126304e-02
2.525000000000000000e+03 8.010000000000000000e+03 -5.203200000000000000e+04 3.393793999999999755e+01 1.223350959455217074e-01 1.293736999999999249e+00 2.013476011776648908e-02 -9.944839999999999236e-01 1.855444132815644784e-02 1.000000000000000000e+00 3.284330699999999581e+01 2.102551985088597225e-02 3.970539102000000184e+03 3.397714710353158551e+01 1.221975421779287335e-01
4.525000000000000000e+03 -3.990000000000000000e+03 -5.203200000000000000e+04 3.398886000000000251e+01 1.051137485251096848e-01 -1.158949999999999925e+00 2.332967185795805504e-02 3.345270000000000188e-01 1.904017397504549972e-02 1.000000000000000000e+00 3.281947000000000259e+01 2.325358316475118967e-02 4.075021078000000216e+03 3.401025841589312648e+01 1.050507886686904702e-01
4.525000000000000000e+03 -3.990000000000000000e+03 -5.203200000000000000e+04 3.399114300000000100e+01 1.186369002671597006e-01 -1.114129000000000147e+00 2.104557770649216619e-02 3.270830000000000126e-01 1.845869629740952075e-02 1.000000000000000000e+00 3.283230400000000060e+01 2.783728108131252113e-02 4.696279612000000270e+03 3.401096983568653087e+01 1.185698775415614525e-01
4.525000000000000000e+03 -3.990000000000000000e+03 -5.203200000000000000e+04 3.399037500000000023e+01 1.047066921739007034e-01 -1.098135000000000083e+00 2.294352828141303993e-02 3.415740000000000443e-01 2.041529162172316461e-02 1.000000000000000000e+00 3.283077000000000112e+01 2.129169652705016277e-02 4.763248442000000068e+03 3.400982454991977733e+01 1.046496355155956404e-01
4.525000000000000000e+03 -3.990000000000000000e+03 -5.203200000000000000e+04 3.398421000000000447e+01 1.222458324402104085e-01 -1.227887000000000839e+00 2.513712195140883898e-02 3.131570000000003517e-01 2.194928620707288849e-02 1.000000000000000000e+00 3.282294199999999762e+01 3.112615866116472813e-02 5.384413970999999947e+03 3.400782708606238458e+01 1.221644762497645226e-01
4.525000000000000000e+03 1.000000000000000000e+01 -5.203200000000000000e+04 3.399960000000000093e+01 1.126041773292625336e-01 6.308600000000019747e-02 2.370300985107165817e-02 9.431020000000001069e-01 2.014356870070444991e-02 1.000000000000000000e+00 3.283197200000000038e+01 2.014954910165485391e-02 5.471884973999999602e+03 3.401273616435172897e+01 1.125620824648371765e-01
4.525000000000000000e+03 1.000000000000000000e+01 -5.203200000000000000e+04 3.397119599999999906e+01 1.098155486713971590e-01 -3.162859999999998450e-01 1.711784440284465011e-02 9.473159999999998249e-01 1.916403402209461773e-02 1.000000000000000000e+00 3.283425199999999933e+01 2.383481697013845046e-02 6.093028500999999778e+03 3.398587356694054051e+01 1.097695376890894248e-01
4.525000000000000000e+03 1.000000000000000000e+01 -5.203200000000000000e+04 3.397280899999999804e+01 1.215304215618459860e-01 -2.876439999999993447e-01 2.682111679255731393e-02 9.578299999999999592e-01 1.635943886568240468e-02 1.000000000000000000e+00 3.280190600000000245e+01 3.376968411164072564e-02 6.159992331999999806e+03 3.398752607546063587e+01 1.214788841376730211e-01
4.525000000000000000e+03 1.000000000000000000e+01 -5.203200000000000000e+04 3.397607399999999700e+01 1.271645748980430590e-01 -4.030459999999997933e-01 2.691384662213857498e-02 9.451080000000000592e-01 1.993485532929697643e-02 1.000000000000000000e+00 3.283725700000000103e+01 2.426329831247186347e-02 6.781152860000000146e+03 3.399160601771054502e+01 1.271080778183145965e-01
4.525000000000000000e+03 4.010000000000000000e+03 -5.203200000000000000e+04 3.400271800000000155e+01 1.084562413556730276e-01 1.668859999999998678e-01 1.832960714254399867e-02 -3.586779999999998303e-01 1.688072371078918124e-02 1.000000000000000000e+00 3.281636999999999915e+01 2.315083151854377755e-02 1.241407003999999915e+03 3.400501922117092590e+01 1.084490852734870669e-01
4.525000000000000000e+03 4.010000000000000000e+03 -5.203200000000000000e+04 3.400132700000000341e+01 1.151880358457422343e-01 2.671000000000312014e-03 2.317161679728024434e-02 -3.795980000000001020e-01 1.839591155664757963e-02 1.000000000000000000e+00 3.281733899999999693e+01 2.767655478920741374e-02 1.862564532000000099e+03 3.400344599502783183e+01 1.151810407566239286e-01
4.525000000000000000e+03 4.010000000000000000e+03 -5.203200000000000000e+04 3.399723099999999931e+01 1.009419096956264278e-01 1.086229999999996920e-01 2.216981876335483159e-02 -3.797690000000000232e-01 1.597091518980674890e-02 1.000000000000000000e+00 3.280749899999999997e+01 2.898141005886359714e-02 1.929533363000000008e+03 3.399952557193778091e+01 1.009352797888978803e-01
4.525000000000000000e+03 4.010000000000000000e+03 -5.203200000000000000e+04 3.399589000000000283e+01 1.218289714517856309e-01 -3.599700000000005673e-02 2.335613157181642627e-02 -3.505139999999999922e-01 2.211236979611186024e-02 1.000000000000000000e+00 3.284126499999999993e+01 2.523896560875663053e-02 2.550652888999999959e+03 3.399771599299437241e+01 1.218226439313184889e-01
4.525000000000000000e+03 8.010000000000000000e+03 -5.203200000000000000e+04 3.398783399999999943e+01 1.155988695446456271e-01 1.095026999999999973e+00 1.797825731265408067e-02 -8.896329999999998961e-01 1.975814748401276411e-02 1.000000000000000000e+00 3.280595900000000142e+01 1.936580762581308068e-02 2.638118891999999960e+03 3.401710438907129941e+01 1.155020069852424336e-01
4.525000000000000000e+03 8.010000000000000000e+03 -5.203200000000000000e+04 3.394867299999999943e+01 1.308287652850090854e-01 1.251819999999999489e+00 1.823091572028130367e-02 -8.970919999999997785e-01 1.869757995035721196e-02 1.000000000000000000e+00 3.282329899999999867e+01 1.988240035810565770e-02 3.259297421000000213e+03 3.398358759504053950e+01 1.306970096852982377e-01
4.525000000000000000e+03 8.010000000000000000e+03 -5.203200000000000000e+04 3.399923100000000176e+01 1.186323395790540858e-01 1.321690999999999505e+00 2.261130560140214504e-02 -9.065279999999997784e-01 1.880668397139697787e-02 1.000000000000000000e+00 3.283123700000000156e+01 2.503500798881438255e-02 3.326275251999999909e+03 3.403698530577621284e+01 1.185050622387992386e-01
4.525000000000000000e+03 8.010000000000000000e+03 -5.203200000000000000e+04 3.393453900000000090e+01 1.087096035546078199e-01 1.266303999999999874e+00 1.683775863943891976e-02 -8.324340000000001183e-01 1.859115429444874526e-02 1.000000000000000000e+00 3.283220500000000186e+01 1.965992149017894638e-02 3.947451781000000210e+03 3.396835894368895481e+01 1.086041385098233530e-01
6.525000000000000000e+03 -3.990000000000000000e+03 -5.203200000000000000e+04 3.398041700000000276e+01 1.486588398616106588e-01 -1.158324999999999605e+00 1.979371296649519441e-02 3.621190000000003018e-01 2.794954346675451382e-02 1.000000000000000000e+00 3.282096400000000358e+01 2.655339046148344831e-02 4.098110397999999805e+03 3.400208209021434413e+01 1.485659474051276019e-01
6.525000000000000000e+03 -3.990000000000000000e+03 -5.203200000000000000e+04 3.398303599999999847e+01 1.540959677149275897e-01 -1.173001000000000182e+00 2.223926179080591703e-02 3.256080000000003416e-01 1.903530782519683925e-02 1.000000000000000000e+00 3.281001700000000199e+01 2.391176064199372273e-02 4.673187291000000187e+03 3.400483329900266938e+01 1.539992099344525134e-01
6.525000000000000000e+03 -3.990000000000000000e+03 -5.203200000000000000e+04 3.399077199999999976e+01 1.483212278333752021e-01 -1.125087999999999866e+00 2.163446613623733542e-02 3.904879999999999463e-01 2.503446761966389433e-02 1.000000000000000000e+00 3.281075299999999828e+01 2.743859012412992043e-02 4.786343762999999853e+03 3.401162867376203280e+01 1.482322802612836832e-01
6.525000000000000000e+03 -3.990000000000000000e+03 -5.203200000000000000e+04 3.398124099999999714e+01 1.345906838120677629e-01 -1.202134000000000036e+00 2.381284367730993751e-02 3.477799999999997560e-01 2.426365036427948624e-02 1.000000000000000000e+00 3.283662100000000095e+01 2.480097951694650374e-02 5.361320649999999659e+03 3.400427645138823607e+01 1.345023717795457430e-01
6.525000000000000000e+03 1.000000000000000000e+01 -5.203200000000000000e+04 3.397428700000000390e+01 1.113222377964079579e-01 -5.989300000000064017e-02 2.395488194502323059e-02 8.773670000000002300e-01 1.399608963246520496e-02 1.000000000000000000e+00 3.282135699999999900e+01 2.760589763075999015e-02 5.494975295000000187e+03 3.398566664319690744e+01 1.112855576160074189e-01
6.525000000000000000e+03 1.000000000000000000e+01 -5.203200000000000000e+04 3.399115000000000464e+01 1.044978329440376386e-01 -3.356149999999997746e-01 2.066616473852853075e-02 9.237979999999998970e-01 1.996328372287485206e-02 1.000000000000000000e+00 3.282695499999999811e+01 2.614021212614771675e-02 6.069934180000000197e+03 3.400535720288097963e+01 1.044557814834298631e-01
6.525000000000000000e+03 1.000000000000000000e+01 -5.203200000000000000e+04 3.397368600000000072e+01 1.054344695438830387e-01 -3.324790000000001911e-01 1.834339753153706523e-02 9.672460000000000502e-01 1.697679324843181375e-02 1.000000000000000000e+00 3.282623500000000405e+01 2.158505374095695886e-02 6.183085651999999754e+03 3.398907835668029520e+01 1.053879824067114196e-01
6.525000000000000000e+03 1.000000000000000000e+01 -5.203200000000000000e+04 3.397779200000000088e+01 1.093611785278487125e-01 -4.549020000000005837e-01 2.101789535134286624e-02 9.084579999999997657e-01 1.670511298974059616e-02 1.000000000000000000e+00 3.283494199999999807e+01 2.285241803398493921e-02 6.758057539000000361e+03 3.399297840676265281e+01 1.093135947861400004e-01
6.525000000000000000e+03 4.010000000000000000e+03 -5.203200000000000000e+04 3.399980499999999495e+01 9.753658614079130373e-02 1.117449999999999832e-01 2.041852100422555244e-02 -3.991870000000001806e-01 2.137207853719427092e-02 1.000000000000000000e+00 3.283276200000000244e+01 3.256079668865612814e-02 1.264497325000000046e+03 3.400233193832474399e+01 9.752968338356882150e-02
6.525000000000000000e+03 4.010000000000000000e+03 -5.203200000000000000e+04 3.400269000000000119e+01 1.385307648430484928e-01 -1.360199999999966991e-02 1.980571604360720911e-02 -3.389770000000000838e-01 2.552247960132400864e-02 1.000000000000000000e+00 3.282056700000000404e+01 2.140836810688755143e-02 1.839473212000000103e+03 3.400438233017963796e+01 1.385241043178261078e-01
6.525000000000000000e+03 4.010000000000000000e+03 -5.203200000000000000e+04 3.400602499999999395e+01 1.146170025127162401e-01 6.263400000000007850e-02 1.994977014905184240e-02 -3.385659999999999226e-01 1.909929344242870114e-02 1.000000000000000000e+00 3.284395800000000065e+01 3.118379643340431912e-02 1.952630683999999974e+03 3.400776802812757893e+01 1.146112915703877133e-01
6.525000000000000000e+03 4.010000000000000000e+03 -5.203200000000000000e+04 3.400426900000000074e+01 1.186576739069159364e-01 -5.915000000000780744e-03 1.820038021580867860e-02 -3.285319999999998242e-01 1.988967433116993130e-02 1.000000000000000000e+00 3.284300400000000053e+01 2.554745327816453776e-02 2.527560567999999876e+03 3.400585653217119386e+01 1.186522901202946567e-01
6.525000000000000000e+03 8.010000000000000000e+03 -5.203200000000000000e+04 3.395912099999999612e+01 8.961912709349494077e-02 1.096330000000000027e+00 2.114875715024407479e-02 -8.717100000000002069e-01 2.338187856011574028e-02 1.000000000000000000e+00 3.281115499999999940e+01 3.349227584085620602e-02 2.661209212000000207e+03 3.398799371668826552e+01 8.954760247149040620e-02
6.525000000000000000e+03 8.010000000000000000e+03 -5.203200000000000000e+04 3.398924900000000093e+01 1.165717386076059181e-01 1.233346000000000053e+00 2.162722092641585631e-02 -9.014340000000000686e-01 1.999639217458989635e-02 1.000000000000000000e+00 3.284358999999999895e+01 2.059216210114906895e-02 3.236208099999999831e+03 3.402356202980624289e+01 1.164580190615996658e-01
6.525000000000000000e+03 8.010000000000000000e+03 -5.203200000000000000e+04 3.399734300000000076e+01 1.047321957757021277e-01 1.264955999999999747e+00 2.003211873467207818e-02 -8.323300000000002363e-01 1.731961766321647028e-02 1.000000000000000000e+00 3.280585500000000110e+01 2.524103975671367073e-02 3.349366572999999789e+03 3.403104785296046231e+01 1.046319744698889498e-01
6.525000000000000000e+03 8.010000000000000000e+03 -5.203200000000000000e+04 3.396128699999999867e+01 1.150038975209101283e-01 1.226048000000000471e+00 1.916200683644591479e-02 -8.184749999999998415e-01 1.890945086458091853e-02 1.000000000000000000e+00 3.283984399999999937e+01 1.937159448780610693e-02 3.924358459999999923e+03 3.399326565248325238e+01 1.148986900175447412e-01
8.525000000000000000e+03 -3.990000000000000000e+03 -5.203200000000000000e+04 3.399480799999999903e+01 1.117286224966548142e-01 -1.217565000000000452e+00 2.784716290755666693e-02 3.150269999999997239e-01 2.031018968399852034e-02 1.000000000000000000e+00 3.283951700000000073e+01 2.419225698441548889e-02 4.121300725000000057e+03 3.401806398807577381e+01 1.116568477269146986e-01
8.525000000000000000e+03 -3.990000000000000000e+03 -5.203200000000000000e+04 3.399604599999999976e+01 1.293075475020696585e-01 -1.271245000000000402e+00 2.298105084629508202e-02 2.915729999999996380e-01 2.141021293682059817e-02 1.000000000000000000e+00 3.282647300000000001e+01 1.959866518413945491e-02 4.650093969999999899e+03 3.402105557296054883e+01 1.292154745730366427e-01
8.525000000000000000e+03 -3.990000000000000000e+03 -5.203200000000000000e+04 3.397933600000000354e+01 1.314437002294138179e-01 -1.205474999999999852e+00 2.399440711916007996e-02 2.953939999999999344e-01 2.128224877685626348e-02 1.000000000000000000e+00 3.280992299999999773e+01 2.209407707961570308e-02 4.809534090000000106e+03 3.400199556778627397e+01 1.313589883006567871e-01
8.525000000000000000e+03 -3.990000000000000000e+03 -5.203200000000000000e+04 3.398143600000000220e+01 1.145070677862288083e-01 -1.247573000000000043e+00 2.797367542887419650e-02 2.736109999999998266e-01 2.585371371776209320e-02 1.000000000000000000e+00 3.282908600000000376e+01 2.039966136973846850e-02 5.338228328999999576e+03 3.400543036033725031e+01 1.144310624922298958e-01
8.525000000000000000e+03 1.000000000000000000e+01 -5.203200000000000000e+04 3.399402899999999761e+01 1.056769066920488498e-01 -1.002290000000005676e-01 2.259058390126293323e-02 9.044139999999998292e-01 2.218359078237786344e-02 1.000000000000000000e+00 3.281163200000000302e+01 2.937604542820561326e-02 5.518170621000000210e+03 3.400620558352075307e+01 1.056407354968449952e-01
8.525000000000000000e+03 1.000000000000000000e+01 -5.203200000000000000e+04 3.401004700000000014e+01 1.071194882782773444e-01 -3.597690000000000055e-01 2.196516781178782518e-02 9.426769999999997651e-01 1.686448202584354614e-02 1.000000000000000000e+00 3.285403600000000068e+01 3.198410863225673723e-02 6.046844860000000153e+03 3.402501095667566489e+01 1.070736492306913618e-01
8.525000000000000000e+03 1.000000000000000000e+01 -5.203200000000000000e+04 3.395839499999999589e+01 1.326243628033703381e-01 -3.634170000000001011e-01 2.197991048662391658e-02 9.172819999999999308e-01 2.027010441512326969e-02 1.000000000000000000e+00 3.281402599999999836e+01 2.839275699892492011e-02 6.206278978999999708e+03 3.397272537138340454e+01 1.325697574760208997e-01
8.525000000000000000e+03 1.000000000000000000e+01 -5.203200000000000000e+04 3.399631399999999815e+01 1.194241822412864668e-01 -4.561669999999997671e-01 2.359447562460331368e-02 9.582399999999999807e-01 1.953155088568237635e-02 1.000000000000000000e+00 3.282761599999999902e+01 2.995734717894760549e-02 6.734965218000000277e+03 3.401287517714555975e+01 1.193677212614861621e-01
8.525000000000000000e+03 4.010000000000000000e+03 -5.203200000000000000e+04 3.401162300000000016e+01 1.325303834182939289e-01 2.529399999999970561e-02 1.871580628773444194e-02 -3.220829999999998972e-01 2.000389024664952706e-02 1.000000000000000000e+00 3.280837400000000059e+01 3.461520499722629124e-02 1.287691651999999976e+03 3.401315740032751478e+01 1.325245408201792818e-01
8.525000000000000000e+03 4.010000000000000000e+03 -5.203200000000000000e+04 3.400034699999999788e+01 1.211653841202181003e-01 -2.401600000000048141e-02 2.340466861547071606e-02 -2.676510000000000833e-01 2.107323575059131746e-02 1.000000000000000000e+00 3.282659799999999706e+01 2.880743806727700113e-02 1.816382890999999972e+03 3.400140894060812258e+01 1.211617145363238224e-01
8.525000000000000000e+03 4.010000000000000000e+03 -5.203200000000000000e+04 3.400994399999999729e+01 1.020361204329133797e-01 5.941099999999988057e-02 2.219283812404353184e-02 -2.999620000000000619e-01 1.901297265027223488e-02 1.000000000000000000e+00 3.280317300000000103e+01 2.881690198477275533e-02 1.975820009999999911e+03 3.401131867116446728e+01 1.020321414868612941e-01
8.525000000000000000e+03 4.010000000000000000e+03 -5.203200000000000000e+04 3.401186599999999771e+01 1.070448604371083412e-01 -3.431000000000050676e-02 2.593063246432681865e-02 -2.537740000000001661e-01 2.282587220677448694e-02 1.000000000000000000e+00 3.280807999999999680e+01 2.955392860517870243e-02 2.504468246999999792e+03 3.401283003840068631e+01 1.070419651018158363e-01
8.525000000000000000e+03 8.010000000000000000e+03 -5.203200000000000000e+04 3.396547699999999992e+01 1.165166990349452147e-01 1.113309000000000104e+00 2.290590589782469030e-02 -8.408280000000001309e-01 1.891117579633799436e-02 1.000000000000000000e+00 3.283242899999999764e+01 2.455061453406004110e-02 2.684395539000000099e+03 3.399411826320244501e+01 1.164218861410483002e-01
8.525000000000000000e+03 8.010000000000000000e+03 -5.203200000000000000e+04 3.399085500000000337e+01 1.219013828469554250e-01 1.200467999999999869e+00 2.018859462666978272e-02 -8.155780000000003582e-01 1.826855845434991951e-02 1.000000000000000000e+00 3.282433199999999829e+01 3.041947456811178868e-02 3.213113780000000133e+03 3.402182409166406529e+01 1.217932901668881684e-01
8.525000000000000000e+03 8.010000000000000000e+03 -5.203200000000000000e+04 3.397408199999999567e+01 1.068544018045115562e-01 1.242891000000000190e+00 2.210358823811192641e-02 -7.974879999999999747e-01 1.908721776477650955e-02 1.000000000000000000e+00 3.282242999999999711e+01 2.621174835832207686e-02 3.372556899000000158e+03 3.400616139599923571e+01 1.067575968403243619e-01
8.525000000000000000e+03 8.010000000000000000e+03 -5.203200000000000000e+04 3.394150299999999731e+01 1.153773952947456660e-01 1.200660000000000061e+00 2.115909801952814764e-02 -8.255089999999998263e-01 1.921539812233928265e-02 1.000000000000000000e+00 3.283621800000000235e+01 2.828184311532754361e-02 3.901265139999999974e+03 3.397276372984232040e+01 1.152745996499901782e-01
1.052500000000000000e+04 -3.990000000000000000e+03 -5.203200000000000000e+04 3.398404700000000389e+01 1.722367928928078828e-01 -1.265197999999999823e+00 2.856585629733510850e-02 2.617059999999997721e-01 2.405955448465328314e-02 1.000000000000000000e+00 3.283446999999999605e+01 2.281056443843509918e-02 4.144391045999999733e+03 3.400859695000441008e+01 1.721158399277750717e-01
1.052500000000000000e+04 -3.990000000000000000e+03 -5.203200000000000000e+04 3.398140099999999819e+01 1.628596238298492538e-01 -1.324129000000000111e+00 2.218358810021498623e-02 2.249129999999999185e-01 2.307958996602842497e-02 1.000000000000000000e+00 3.283593499999999921e+01 3.039833826050364687e-02 4.626900642999999945e+03 3.400793315373650927e+01 1.627349285565237724e-01
1.052500000000000000e+04 -3.990000000000000000e+03 -5.203200000000000000e+04 3.397960100000000239e+01 1.341940897804370647e-01 -1.196143000000000178e+00 2.776201370578150474e-02 2.296590000000002796e-01 2.630257692698569072e-02 1.000000000000000000e+00 3.283439099999999655e+01 2.201843014385902741e-02 4.832629410999999891e+03 3.400142328567925176e+01 1.341116371849765954e-01
1.052500000000000000e+04 -3.990000000000000000e+03 -5.203200000000000000e+04 3.398496899999999954e+01 1.423030838632810546e-01 -1.387928000000000495e+00 2.348468083666456832e-02 2.151209999999998956e-01 2.278261980106765366e-02 1.000000000000000000e+00 3.282660200000000117e+01 2.279681315447402642e-02 5.315146009000000049e+03 3.401397858394084039e+01 1.421850198069662397e-01
1.052500000000000000e+04 1.000000000000000000e+01 -5.203200000000000000e+04 3.400071900000000369e+01 9.633603332606133218e-02 -1.502699999999999037e-01 2.435559771387267938e-02 9.231860000000000621e-01 1.774185066446000783e-02 1.000000000000000000e+00 3.281679199999999952e+01 2.509151484067871293e-02 5.541258942000000388e+03 3.401358178699293688e+01 9.630086637486735823e-02
1.052500000000000000e+04 1.000000000000000000e+01 -5.203200000000000000e+04 3.395228900000000039e+01 1.003440967122630478e-01 -4.343699999999994787e-01 2.365949521862206056e-02 8.961810000000001164e-01 1.656187314285434420e-02 1.000000000000000000e+00 3.283138600000000196e+01 3.492498854688430576e-02 6.023751538999999866e+03 3.396689190993462404e+01 1.003023653453176817e-01
1.052500000000000000e+04 1.000000000000000000e+01 -5.203200000000000000e+04 3.396408300000000224e+01 1.018181841961444539e-01 -3.779850000000006816e-01 2.377575851576559096e-02 8.925229999999999553e-01 1.872734708921688224e-02 1.000000000000000000e+00 3.280534300000000059e+01 2.936796535342548961e-02 6.229369298999999955e+03 3.397791053017597562e+01 1.017782811194466314e-01
1.052500000000000000e+04 1.000000000000000000e+01 -5.203200000000000000e+04 3.393350000000000222e+01 1.156086429727466308e-01 -5.331920000000005544e-01 2.344515090589096434e-02 9.176640000000000352e-01 1.585757320651555446e-02 1.000000000000000000e+00 3.282422300000000348e+01 1.889209678675186216e-02 6.711872897000000194e+03 3.395009312469937868e+01 1.155535208095642835e-01
1.052500000000000000e+04 4.010000000000000000e+03 -5.203200000000000000e+04 3.401073300000000188e+01 1.104349062977824925e-01 -2.635800000000010357e-02 2.376152575067518383e-02 -3.244119999999999227e-01 1.649066111470368079e-02 1.000000000000000000e+00 3.285201400000000405e+01 2.102083219094810079e-02 1.310782971999999972e+03 3.401229038284833450e+01 1.104299631647089053e-01
1.052500000000000000e+04 4.010000000000000000e+03 -5.203200000000000000e+04 3.401426499999999464e+01 1.221531891724485508e-01 -1.184839999999995896e-01 2.475495530191884619e-02 -2.423210000000000086e-01 2.089797243753565778e-02 1.000000000000000000e+00 3.284121000000000379e+01 2.587673742959107834e-02 1.793288569999999936e+03 3.401533450394868652e+01 1.221494696125519502e-01
1.052500000000000000e+04 4.010000000000000000e+03 -5.203200000000000000e+04 3.401370199999999500e+01 1.402720636834006163e-01 -3.195700000000023522e-02 2.290862981498456921e-02 -2.999689999999999301e-01 2.162099692428635575e-02 1.000000000000000000e+00 3.283945299999999889e+01 3.454883901088428438e-02 1.998912330999999995e+03 3.401503970886427908e+01 1.402666784495683050e-01
1.052500000000000000e+04 4.010000000000000000e+03 -5.203200000000000000e+04 3.401155699999999626e+01 1.183271828195026354e-01 -5.943500000000057071e-02 2.494185141484087792e-02 -2.124479999999999702e-01 1.998609776819877323e-02 1.000000000000000000e+00 3.286016000000000048e+01 1.929111207266185485e-02 2.481381926999999905e+03 3.401227243563972280e+01 1.183247677323091551e-01
1.052500000000000000e+04 8.010000000000000000e+03 -5.203200000000000000e+04 3.397555299999999789e+01 1.302632548687464586e-01 1.114491000000000120e+00 2.349577742914671016e-02 -8.440330000000000332e-01 2.203865172827049537e-02 1.000000000000000000e+00 3.280606799999999623e+01 2.386520708060166709e-02 2.707501859999999851e+03 3.400430389744772697e+01 1.301565439644354893e-01
1.052500000000000000e+04 8.010000000000000000e+03 -5.203200000000000000e+04 3.395770300000000219e+01 9.516287179357293957e-02 1.123889000000000138e+00 2.640190830224209417e-02 -8.398709999999995901e-01 2.029967191853109670e-02 1.000000000000000000e+00 3.284923200000000065e+01 2.083285695722024780e-02 3.190017457999999806e+03 3.398667537163897379e+01 9.508708056809372922e-02
1.052500000000000000e+04 8.010000000000000000e+03 -5.203200000000000000e+04 3.397995399999999933e+01 1.077585090700497877e-01 1.224760999999999989e+00 2.098023031332115623e-02 -8.271040000000002834e-01 1.968292305527814465e-02 1.000000000000000000e+00 3.281440299999999866e+01 1.983851871990446880e-02 3.395646220000000085e+03 3.401207747809670678e+01 1.076604489406401272e-01
1.052500000000000000e+04 8.010000000000000000e+03 -5.203200000000000000e+04 3.397130800000000050e+01 1.142139166739325196e-01 1.120662000000000269e+00 2.579158161106061276e-02 -8.198690000000001810e-01 1.742901087268006882e-02 1.000000000000000000e+00 3.281585799999999864e+01 1.980306410634475808e-02 3.878170818999999938e+03 3.399967405323570091e+01 1.141225678637866059e-01
1.252500000000000000e+04 -3.990000000000000000e+03 -5.203200000000000000e+04 3.397884899999999675e+01 1.278575417134241721e-01 -1.317280000000000229e+00 2.477518026170546367e-02 2.489419999999995525e-01 2.555532015060660647e-02 1.000000000000000000e+00 3.283851900000000512e+01 2.331516838884077278e-02 4.167485365999999885e+03 3.400528456111733533e+01 1.277618875129028775e-01
1.252500000000000000e+04 -3.990000000000000000e+03 -5.203200000000000000e+04 3.397490899999999669e+01 1.257431557143370016e-01 -1.496419000000000388e+00 2.304848535153665792e-02 1.919379999999999420e-01 1.839058598848878484e-02 1.000000000000000000e+00 3.279752999999999474e+01 2.224985393210481346e-02 4.603813323000000310e+03 3.400838942934060327e+01 1.256235013137554368e-01
1.252500000000000000e+04 -3.990000000000000000e+03 -5.203200000000000000e+04 3.399766999999999939e+01 1.154770037063657107e-01 -1.293263999999999747e+00 2.581191527182746803e-02 2.518550000000003841e-01 2.335298734637605497e-02 1.000000000000000000e+00 3.284787199999999530e+01 2.651870307914774502e-02 4.855722732000000178e+03 3.402319103411114298e+01 1.153946842458512534e-01
1.252500000000000000e+04 -3.990000000000000000e+03 -5.203200000000000000e+04 3.398053199999999663e+01 1.589350804731290423e-01 -1.500531999999999755e+00 1.808646328058639494e-02 1.648969999999998493e-01 2.143425020848641754e-02 1.000000000000000000e+00 3.283551299999999884e+01 2.873359625943122317e-02 5.292053687999999966e+03 3.401404625013990568e+01 1.587805194913122775e-01
1.252500000000000000e+04 1.000000000000000000e+01 -5.203200000000000000e+04 3.399655800000000028e+01 1.196783565729409582e-01 -2.280449999999998312e-01 2.402921831853878712e-02 8.663870000000000182e-01 1.887422422246805981e-02 1.000000000000000000e+00 3.285523700000000247e+01 2.163820366851185867e-02 5.564345263000000159e+03 3.400836054271299247e+01 1.196378971715689465e-01
1.252500000000000000e+04 1.000000000000000000e+01 -5.203200000000000000e+04 3.401475200000000143e+01 1.049696527764096277e-01 -5.243299999999999628e-01 1.979515642777292944e-02 8.480110000000000703e-01 1.912503390846667303e-02 1.000000000000000000e+00 3.282804300000000097e+01 2.443031100907231551e-02 6.000661218000000190e+03 3.402936082600619727e+01 1.049261149542235344e-01
1.252500000000000000e+04 1.000000000000000000e+01 -5.203200000000000000e+04 3.396888699999999517e+01 1.075619217985621517e-01 -4.436819999999999098e-01 2.444972738089322764e-02 9.089689999999999159e-01 1.627716268272821551e-02 1.000000000000000000e+00 3.282172500000000070e+01 2.027341688023999444e-02 6.252458620000000337e+03 3.398394271385905085e+01 1.075156245770946817e-01
1.252500000000000000e+04 1.000000000000000000e+01 -5.203200000000000000e+04 3.399298699999999940e+01 8.718925128707093186e-02 -6.672449999999994219e-01 2.493122068812515801e-02 8.956139999999999102e-01 1.645221273871694256e-02 1.000000000000000000e+00 3.281910200000000088e+01 2.308445243015307125e-02 6.688782576999999947e+03 3.401132907590043430e+01 8.714468023647477246e-02
1.252500000000000000e+04 4.010000000000000000e+03 -5.203200000000000000e+04 3.401865300000000047e+01 1.088651944562632062e-01 -6.164900000000006486e-02 2.048928883587715008e-02 -2.693030000000000701e-01 2.217703435989582320e-02 1.000000000000000000e+00 3.279621399999999909e+01 2.334576726089763674e-02 1.333875293000000056e+03 3.401977478819368628e+01 1.088617525566163841e-01
1.252500000000000000e+04 4.010000000000000000e+03 -5.203200000000000000e+04 3.402346500000000162e+01 1.269585217699071844e-01 -3.300070000000001613e-01 2.123017310339225458e-02 -1.831609999999999072e-01 1.791191427514100126e-02 1.000000000000000000e+00 3.284736399999999890e+01 2.103068541441291406e-02 1.770196249000000080e+03 3.402555838157832824e+01 1.269509144006966683e-01
1.252500000000000000e+04 4.010000000000000000e+03 -5.203200000000000000e+04 3.402007900000000262e+01 1.285407810657769323e-01 -8.226400000000033685e-02 2.674683637367230790e-02 -2.604120000000000879e-01 2.252979478379685263e-02 1.000000000000000000e+00 3.285760700000000156e+01 3.124166605672623262e-02 2.021995652000000064e+03 3.402117512581952496e+01 1.285367715762603946e-01
1.252500000000000000e+04 4.010000000000000000e+03 -5.203200000000000000e+04 3.401979699999999696e+01 1.246729867533460517e-01 -3.348459999999997549e-01 2.218004711446754443e-02 -1.502809999999998869e-01 2.126167900237420014e-02 1.000000000000000000e+00 3.284368899999999769e+01 2.627981282277330050e-02 2.458291605999999774e+03 3.402177676347732671e+01 1.246659584032498991e-01
1.252500000000000000e+04 8.010000000000000000e+03 -5.203200000000000000e+04 3.402928200000000203e+01 9.629408007245304768e-02 1.093805999999999834e+00 2.205138036495674775e-02 -8.324970000000000425e-01 2.038241173168670733e-02 1.000000000000000000e+00 3.280142399999999725e+01 2.514286469358652937e-02 2.730595181000000139e+03 3.405703299255777949e+01 9.621951236344798708e-02
1.252500000000000000e+04 8.010000000000000000e+03 -5.203200000000000000e+04 3.400032600000000116e+01 1.144603799443283387e-01 9.355149999999996524e-01 2.426011321078283892e-02 -8.338799999999997326e-01 1.772960837130927933e-02 1.000000000000000000e+00 3.282785400000000209e+01 1.895836915454491428e-02 3.166922137999999904e+03 3.402341417723831540e+01 1.143854779583899917e-01
1.252500000000000000e+04 8.010000000000000000e+03 -5.203200000000000000e+04 3.399296900000000221e+01 1.080811830477442642e-01 1.164315000000000211e+00 2.045417473280210230e-02 -7.702080000000002258e-01 1.917835722891822817e-02 1.000000000000000000e+00 3.284173700000000196e+01 2.275139224311338582e-02 3.418737540999999965e+03 3.402162240719054864e+01 1.079932972879349973e-01
1.252500000000000000e+04 8.010000000000000000e+03 -5.203200000000000000e+04 3.400973399999999458e+01 1.153205172551701740e-01 9.245870000000007138e-01 2.142047574168230370e-02 -7.896639999999996995e-01 2.232908708389127334e-02 1.000000000000000000e+00 3.281355899999999792e+01 2.507232330678590970e-02 3.855079498000000058e+03 3.403146245908659751e+01 1.152495212648873973e-01
1.452500000000000000e+04 -3.990000000000000000e+03 -5.203200000000000000e+04 3.399880000000000280e+01 1.471797568451585769e-01 -1.354035000000000544e+00 2.454099366366407214e-02 2.053719999999996659e-01 2.217499756482511908e-02 1.000000000000000000e+00 3.280484700000000231e+01 2.538493951145048486e-02 4.190576686999999765e+03 3.402637197644804701e+01 1.470637987450741646e-01
1.452500000000000000e+04 -3.990000000000000000e+03 -5.203200000000000000e+04 3.397779599999999789e+01 1.387578050309243027e-01 -1.630447999999999453e+00 2.095075922251983525e-02 1.186930000000003815e-01 2.206251674220327877e-02 1.000000000000000000e+00 3.283440600000000131e+01 2.426899866084301222e-02 4.580722002000000430e+03 3.401709966658781781e+01 1.386011420860553400e-01
1.452500000000000000e+04 -3.990000000000000000e+03 -5.203200000000000000e+04 3.399819899999999961e+01 1.416380537179186272e-01 -1.360681999999999725e+00 2.356821327551157641e-02 2.314140000000000086e-01 2.189686009454323498e-02 1.000000000000000000e+00 3.281578400000000073e+01 2.670586589122322246e-02 4.878814051999999720e+03 3.402620377280018005e+01 1.415246971407833898e-01
1.452500000000000000e+04 -3.990000000000000000e+03 -5.203200000000000000e+04 3.397025699999999659e+01 1.516531338284837493e-01 -1.617308000000000412e+00 3.016032632449456782e-02 1.500290000000008561e-01 1.948033903709070480e-02 1.000000000000000000e+00 3.281898799999999738e+01 2.400035285157283219e-02 5.268961366999999882e+03 3.400906576949378035e+01 1.514868922927724570e-01
1.452500000000000000e+04 1.000000000000000000e+01 -5.203200000000000000e+04 3.405977099999999780e+01 1.261345693138879454e-01 -2.928519999999998902e-01 2.363823906300974859e-02 9.601040000000000685e-01 1.739463310909431307e-02 1.000000000000000000e+00 3.282671700000000214e+01 2.645751689029036610e-02 5.587434583000000202e+03 3.407455887545957296e+01 1.260809450170520818e-01
1.452500000000000000e+04 1.000000000000000000e+01 -5.203200000000000000e+04 3.400050399999999939e+01 1.037913518796243495e-01 -7.019419999999998439e-01 2.274026000291113486e-02 8.894950000000001467e-01 2.064241400611856875e-02 1.000000000000000000e+00 3.281991700000000378e+01 2.800141728555895562e-02 5.977574897999999848e+03 3.401937971480968770e+01 1.037362283357049081e-01
1.452500000000000000e+04 1.000000000000000000e+01 -5.203200000000000000e+04 3.400575800000000015e+01 1.129201131287070475e-01 -5.093329999999998137e-01 2.037535003380309961e-02 9.432749999999998636e-01 1.823386873376026118e-02 1.000000000000000000e+00 3.281128900000000215e+01 2.646363363183521639e-02 6.275546940999999606e+03 3.402265076364682272e+01 1.128655909209228814e-01
1.452500000000000000e+04 1.000000000000000000e+01 -5.203200000000000000e+04 3.398314299999999832e+01 1.172190687985534135e-01 -8.789799999999994284e-01 2.096259015484489355e-02 9.065599999999998104e-01 2.258269534400178871e-02 1.000000000000000000e+00 3.283190299999999695e+01 2.799317568622752828e-02 6.665695255999999972e+03 3.400659443449827535e+01 1.171410329352702423e-01
1.452500000000000000e+04 4.010000000000000000e+03 -5.203200000000000000e+04 3.403470300000000037e+01 1.175116212338167127e-01 -1.187299999999993361e-01 2.509796824446154304e-02 -2.171490000000000364e-01 1.969882945760990933e-02 1.000000000000000000e+00 3.281693699999999581e+01 2.609804322166701940e-02 1.356964613999999983e+03 3.403560281233917095e+01 1.175086143593149224e-01
1.452500000000000000e+04 4.010000000000000000e+03 -5.203200000000000000e+04 3.402881200000000206e+01 1.136854600025878487e-01 -4.870139999999993918e-01 2.356005284374379158e-02 -1.413159999999999972e-01 2.064978607637376826e-02 1.000000000000000000e+00 3.283604900000000271e+01 3.470523418736718574e-02 1.747111928999999918e+03 3.403259024786970599e+01 1.136733711363647203e-01
1.452500000000000000e+04 4.010000000000000000e+03 -5.203200000000000000e+04 3.403085000000000093e+01 1.236108234783669657e-01 -1.112520000000003506e-01 2.562103893287702092e-02 -2.337859999999999383e-01 1.625130819349630135e-02 1.000000000000000000e+00 3.282635899999999651e+01 2.695634608028320972e-02 2.045085972000000083e+03 3.403183487007129315e+01 1.236073250148390784e-01
1.452500000000000000e+04 4.010000000000000000e+03 -5.203200000000000000e+04 3.403134399999999715e+01 1.151757892310706077e-01 -4.671709999999995588e-01 2.425278812837814921e-02 -1.336049999999999738e-01 1.758494924644367699e-02 1.000000000000000000e+00 3.282653799999999933e+01 2.595543026035207132e-02 2.435207285999999840e+03 3.403481267005302868e+01 1.151645528881931196e-01
1.452500000000000000e+04 8.010000000000000000e+03 -5.203200000000000000e+04 3.393492499999999978e+01 1.154184571071715654e-01 1.078155999999999892e+00 2.563559394669840882e-02 -8.223609999999998976e-01 1.713726524273928922e-02 1.000000000000000000e+00 3.281880999999999915e+01 2.609547142705032421e-02 2.753688501999999971e+03 3.396200572301762577e+01 1.153300423726816432e-01
1.452500000000000000e+04 8.010000000000000000e+03 -5.203200000000000000e+04 3.397133200000000386e+01 1.027315919715060116e-01 8.022160000000004842e-01 2.611987429142797329e-02 -8.168859999999997790e-01 1.978315667430251279e-02 1.000000000000000000e+00 3.283465900000000204e+01 2.762448352458377054e-02 3.143833817000000181e+03 3.399062004585788799e+01 1.026762481081219675e-01
1.452500000000000000e+04 8.010000000000000000e+03 -5.203200000000000000e+04 3.395531700000000086e+01 9.951404534034379024e-02 1.122163999999999717e+00 1.603845457018848730e-02 -8.277550000000002406e-01 1.770499302456795404e-02 1.000000000000000000e+00 3.282047800000000137e+01 2.244389335654578196e-02 3.441828860999999961e+03 3.398393713143622819e+01 9.943258351043300636e-02
1.452500000000000000e+04 8.010000000000000000e+03 -5.203200000000000000e+04 3.397591800000000006e+01 1.307261012193050853e-01 8.065039999999994436e-01 2.157195987850895127e-02 -8.624500000000003830e-01 1.918446084725864906e-02 1.000000000000000000e+00 3.281403099999999995e+01 2.170158116359266476e-02 3.831988177000000178e+03 3.399643029271220485e+01 1.306491343105171121e-01
1.652500000000000000e+04 -3.990000000000000000e+03 -5.203200000000000000e+04 3.400064600000000326e+01 1.539391181603948500e-01 -1.416928999999999661e+00 2.690498723285331822e-02 2.083700000000003882e-01 2.394650865992785718e-02 1.000000000000000000e+00 3.282165499999999980e+01 2.742375191325942263e-02 4.213669007999999849e+03 3.403079538102595336e+01 1.538068862029031980e-01
1.652500000000000000e+04 -3.990000000000000000e+03 -5.203200000000000000e+04 3.398304199999999753e+01 1.425531972458001506e-01 -1.646058000000000021e+00 2.290733699058011483e-02 8.377999999999996561e-02 2.303428787698894725e-02 1.000000000000000000e+00 3.282279700000000133e+01 1.953325682010043085e-02 4.557629681999999775e+03 3.402298737032842979e+01 1.423901542214115190e-01
1.652500000000000000e+04 -3.990000000000000000e+03 -5.203200000000000000e+04 3.400153900000000107e+01 1.169474780788367363e-01 -1.365420999999999552e+00 2.384739945989918647e-02 1.932900000000001839e-01 2.413720913858932379e-02 1.000000000000000000e+00 3.281742900000000418e+01 2.589088538462908790e-02 4.901907373000000007e+03 3.402949294215037668e+01 1.168554082900445795e-01
1.652500000000000000e+04 -3.990000000000000000e+03 -5.203200000000000000e+04 3.398547700000000304e+01 1.350881997215152841e-01 -1.695643000000000455e+00 2.289839107885093331e-02 5.575999999999936563e-02 2.318894430542278728e-02 1.000000000000000000e+00 3.282930400000000049e+01 2.010104484846496689e-02 5.245868045999999595e+03 3.402779689134426633e+01 1.349250227723159390e-01
1.652500000000000000e+04 1.000000000000000000e+01 -5.203200000000000000e+04 3.400134400000000312e+01 1.179648282031555417e-01 -3.152850000000002595e-01 2.071718827447392719e-02 8.859510000000001551e-01 1.881550033881639744e-02 1.000000000000000000e+00 3.283652700000000380e+01 2.719953506955587533e-02 5.610528903999999784e+03 3.401434561493080366e+01 1.179209121618184780e-01
1.652500000000000000e+04 1.000000000000000000e+01 -5.203200000000000000e+04 3.396973899999999702e+01 1.163596062214031363e-01 -6.999670000000000059e-01 1.915850902340784923e-02 9.297669999999997881e-01 1.797601527035399410e-02 1.000000000000000000e+00 3.283753999999999706e+01 2.641737840891862296e-02 5.954481576999999561e+03 3.398966884515792231e+01 1.162930876169170485e-01
1.652500000000000000e+04 1.000000000000000000e+01 -5.203200000000000000e+04 3.397899900000000173e+01 1.181172641953749242e-01 -5.347349999999995163e-01 1.903859115060775598e-02 9.241800000000002235e-01 1.740880110748583426e-02 1.000000000000000000e+00 3.280373500000000320e+01 2.999893588112751905e-02 6.298638261000000057e+03 3.399577066687304949e+01 1.180603199320501839e-01
1.652500000000000000e+04 1.000000000000000000e+01 -5.203200000000000000e+04 3.399622000000000099e+01 1.123181032469832974e-01 -8.296320000000001471e-01 2.352689801057504526e-02 9.289340000000001485e-01 1.765877144650782396e-02 1.000000000000000000e+00 3.282968199999999825e+01 2.648289447926717791e-02 6.642604935000000296e+03 3.401902676327146224e+01 1.122453060274856279e-01
1.652500000000000000e+04 4.010000000000000000e+03 -5.203200000000000000e+04 3.404065500000000100e+01 1.409622842181553204e-01 -1.731299999999995620e-01 2.653879940765972029e-02 -2.197389999999999621e-01 1.941957015487212265e-02 1.000000000000000000e+00 3.283889099999999672e+01 2.881662841138775757e-02 1.380054934999999887e+03 3.404180447705505941e+01 1.409576447540151212e-01
1.652500000000000000e+04 4.010000000000000000e+03 -5.203200000000000000e+04 3.404779700000000275e+01 1.102708196441832822e-01 -4.543900000000000716e-01 3.093048653028270673e-02 -1.120610000000000217e-01 1.842951990693192377e-02 1.000000000000000000e+00 3.285296199999999800e+01 3.150559229724145260e-02 1.724021608000000015e+03 3.405101332549488546e+01 1.102611931130853401e-01
1.652500000000000000e+04 4.010000000000000000e+03 -5.203200000000000000e+04 3.404583900000000085e+01 1.386458575291739381e-01 -8.569300000000001916e-02 2.308297877224687808e-02 -2.089049999999999518e-01 2.040650607036883363e-02 1.000000000000000000e+00 3.283078000000000429e+01 2.199997386362084056e-02 2.068172293000000082e+03 3.404658775565027184e+01 1.386428771305329155e-01
1.652500000000000000e+04 4.010000000000000000e+03 -5.203200000000000000e+04 3.403554400000000157e+01 1.484500369013089793e-01 -3.915479999999993410e-01 2.521359881095913691e-02 -1.074830000000000507e-01 2.043458776192952700e-02 1.000000000000000000e+00 3.280932699999999613e+01 2.756761913912770395e-02 2.412115964999999960e+03 3.403796582946062443e+01 1.484397719394377757e-01
1.652500000000000000e+04 8.010000000000000000e+03 -5.203200000000000000e+04 3.395991000000000071e+01 1.076147490123914169e-01 1.043028999999999762e+00 2.408525864507167838e-02 -8.247710000000001429e-01 2.200313534476393620e-02 1.000000000000000000e+00 3.286960700000000202e+01 2.455959726868500725e-02 2.776781822999999804e+03 3.398593302979016073e+01 1.075362146481693842e-01
1.652500000000000000e+04 8.010000000000000000e+03 -5.203200000000000000e+04 3.399288899999999813e+01 1.146436396883839387e-01 8.059539999999998372e-01 2.243738498577764473e-02 -8.510699999999999932e-01 1.780003935388908137e-02 1.000000000000000000e+00 3.280368999999999602e+01 1.990694833468957536e-02 3.120744495999999799e+03 3.401309137025532436e+01 1.145776453013964552e-01
1.652500000000000000e+04 8.010000000000000000e+03 -5.203200000000000000e+04 3.402784599999999671e+01 1.065229219510993308e-01 1.098889999999999922e+00 2.078970892052122918e-02 -8.756880000000002440e-01 1.880103829579632749e-02 1.000000000000000000e+00 3.282596699999999856e+01 2.509311046881195287e-02 3.464919182000000092e+03 3.405684501102766149e+01 1.064354306745072531e-01
1.652500000000000000e+04 8.010000000000000000e+03 -5.203200000000000000e+04 3.399232200000000148e+01 1.022414351669615473e-01 8.390930000000000888e-01 2.245712966966170732e-02 -8.431400000000000006e-01 1.961272813761512357e-02 1.000000000000000000e+00 3.281445800000000190e+01 2.619805416438404297e-02 3.808897856000000047e+03 3.401312859873277006e+01 1.021815502704788853e-01
1.852500000000000000e+04 -3.990000000000000000e+03 -5.203200000000000000e+04 3.400347899999999868e+01 1.301033691531468528e-01 -1.467698999999999643e+00 2.600272887602375974e-02 1.269019999999994042e-01 2.376512335335122933e-02 1.000000000000000000e+00 3.281282900000000069e+01 2.196840670144287189e-02 4.236757329000000027e+03 3.403537613389406857e+01 1.299863061154482580e-01
1.852500000000000000e+04 -3.990000000000000000e+03 -5.203200000000000000e+04 3.399024299999999954e+01 1.334180695595615362e-01 -1.770185999999999815e+00 2.758794754960941162e-02 2.478299999999933334e-02 2.481177385839231087e-02 1.000000000000000000e+00 3.283852799999999661e+01 2.845738310175410443e-02 4.534536361000000397e+03 3.403631577992444335e+01 1.332451967195599496e-01
1.852500000000000000e+04 -3.990000000000000000e+03 -5.203200000000000000e+04 3.400698500000000024e+01 1.384147111834576616e-01 -1.421823999999999977e+00 2.328861017750951876e-02 1.634190000000002030e-01 2.044677157890702202e-02 1.000000000000000000e+00 3.282894199999999785e+01 2.534359976404298997e-02 4.924995694000000185e+03 3.403708739076776624e+01 1.382957537836235207e-01
1.852500000000000000e+04 -3.990000000000000000e+03 -5.203200000000000000e+04 3.398866499999999746e+01 1.287368392225007319e-01 -1.850704000000000349e+00 2.291146160767575102e-02 2.299300000000048527e-02 2.556610570657956438e-02 1.000000000000000000e+00 3.283373000000000275e+01 2.491001254515942676e-02 5.222776726000000053e+03 3.403902146736727019e+01 1.285524260264101493e-01
1.852500000000000000e+04 1.000000000000000000e+01 -5.203200000000000000e+04 3.396154700000000304e+01 1.163798288579253742e-01 -3.812600000000001543e-01 2.743590576233997935e-02 9.394890000000000185e-01 1.928554961622820987e-02 1.000000000000000000e+00 3.282801299999999856e+01 2.438266207779617861e-02 5.633620224000000235e+03 3.397667837505500188e+01 1.163296292314445618e-01
1.852500000000000000e+04 1.000000000000000000e+01 -5.203200000000000000e+04 3.403600600000000043e+01 1.304479806704572920e-01 -8.417940000000001532e-01 2.216852554862411284e-02 9.433660000000001489e-01 1.801048108741129875e-02 1.000000000000000000e+00 3.282247999999999877e+01 2.380498151648095806e-02 5.931391255999999885e+03 3.405948122007186640e+01 1.303601763655704848e-01
1.852500000000000000e+04 1.000000000000000000e+01 -5.203200000000000000e+04 3.397182600000000008e+01 1.387748216968769932e-01 -5.720470000000004163e-01 1.966274675623932294e-02 9.356889999999997709e-01 2.094125712558823557e-02 1.000000000000000000e+00 3.285297699999999566e+01 2.302805736487557181e-02 6.321723581999999624e+03 3.398952358373394134e+01 1.387041575382255976e-01
1.852500000000000000e+04 1.000000000000000000e+01 -5.203200000000000000e+04 3.398964200000000346e+01 1.367264216638466590e-01 -9.186030000000000584e-01 2.433333076255694144e-02 9.487589999999999080e-01 1.993929850822239933e-02 1.000000000000000000e+00 3.282386100000000084e+01 2.064811480498885549e-02 6.619512614000000212e+03 3.401528683400823638e+01 1.366260530483892344e-01
1.852500000000000000e+04 4.010000000000000000e+03 -5.203200000000000000e+04 3.405492100000000022e+01 1.150071780064183674e-01 -1.974519999999992947e-01 2.425590371435374856e-02 -1.200930000000000053e-01 2.012481393702808888e-02 1.000000000000000000e+00 3.285312199999999905e+01 2.883474516967334325e-02 1.403145254999999906e+03 3.405570515988758729e+01 1.150046377575670159e-01
1.852500000000000000e+04 4.010000000000000000e+03 -5.203200000000000000e+04 3.405706899999999848e+01 1.165035433967568229e-01 -5.795289999999999608e-01 1.801132757461259420e-02 -3.197700000000000542e-02 1.772338613245223043e-02 1.000000000000000000e+00 3.284554200000000179e+01 2.722672960529780653e-02 1.700928288000000066e+03 3.406201440404150560e+01 1.164870327230609626e-01
1.852500000000000000e+04 4.010000000000000000e+03 -5.203200000000000000e+04 3.406073099999999698e+01 9.470982411555835256e-02 -2.063009999999998456e-01 2.400622846263027882e-02 -1.120470000000000077e-01 2.290569505603355302e-02 1.000000000000000000e+00 3.282522099999999909e+01 2.630660365763699479e-02 2.091265613999999914e+03 3.406154005454202860e+01 9.470771608366379546e-02
1.852500000000000000e+04 4.010000000000000000e+03 -5.203200000000000000e+04 3.405726800000000054e+01 1.336901464768439907e-01 -6.307930000000006032e-01 2.927818881010231175e-02 -3.686200000000000587e-02 1.731214559204028933e-02 1.000000000000000000e+00 3.281318600000000174e+01 2.733303168329484500e-02 2.389021643999999924e+03 3.406312907293921910e+01 1.336682439969728298e-01
1.852500000000000000e+04 8.010000000000000000e+03 -5.203200000000000000e+04 3.397262500000000074e+01 9.181397301064800343e-02 1.058646999999999672e+00 2.308899391485042668e-02 -8.012560000000004123e-01 1.973328406525381301e-02 1.000000000000000000e+00 3.283694899999999706e+01 1.885877053256653987e-02 2.799869142999999895e+03 3.399855870531528979e+01 9.174793400000598453e-02
1.852500000000000000e+04 8.010000000000000000e+03 -5.203200000000000000e+04 3.396133299999999622e+01 1.243340001005356493e-01 7.083709999999996398e-01 1.854848160901587106e-02 -8.708309999999999107e-01 1.694445115664712162e-02 1.000000000000000000e+00 3.283158999999999850e+01 2.218032749983642540e-02 3.097651174999999967e+03 3.397988044771627614e+01 1.242674944502778905e-01
1.852500000000000000e+04 8.010000000000000000e+03 -5.203200000000000000e+04 3.398215600000000336e+01 1.107761968745993725e-01 1.056001000000000190e+00 2.753059919435100339e-02 -8.534489999999999021e-01 2.212381147090166505e-02 1.000000000000000000e+00 3.282814199999999971e+01 2.429596190727998165e-02 3.488014502999999877e+03 3.400926990859901622e+01 1.106925736715049513e-01
1.852500000000000000e+04 8.010000000000000000e+03 -5.203200000000000000e+04 3.400309399999999727e+01 1.017482084756287097e-01 6.617519999999998959e-01 2.213102916721226832e-02 -8.439320000000001265e-01 1.754841354652892857e-02 1.000000000000000000e+00 3.280606900000000081e+01 2.650869057497936762e-02 3.785803535000000011e+03 3.402000203561081548e+01 1.016994821652100339e-01
2.052500000000000000e+04 -3.990000000000000000e+03 -5.203200000000000000e+04 3.402086400000000310e+01 1.112243254418744526e-01 -1.384325000000000472e+00 2.339706178134339648e-02 1.000760000000004979e-01 2.451562978999315828e-02 1.000000000000000000e+00 3.281960899999999981e+01 2.532671232118373361e-02 4.259850648999999976e+03 3.404916384021635878e+01 1.111359761783520111e-01
2.052500000000000000e+04 -3.990000000000000000e+03 -5.203200000000000000e+04 3.400650799999999663e+01 1.258713020390271331e-01 -1.765577999999999648e+00 2.732933963710064071e-02 -8.198999999999401211e-03 2.532644376930957841e-02 1.000000000000000000e+00 3.281942000000000093e+01 3.140748095597607759e-02 4.511445039999999608e+03 3.405231151114045218e+01 1.257099800686413971e-01
2.052500000000000000e+04 -3.990000000000000000e+03 -5.203200000000000000e+04 3.401621199999999590e+01 1.456461046818623428e-01 -1.447771999999999615e+00 2.107301537511895723e-02 1.046730000000000160e-01 2.292932593863151666e-02 1.000000000000000000e+00 3.281775100000000123e+01 2.418400192275877228e-02 4.948089014999999563e+03 3.404716844364383377e+01 1.455164560882227787e-01
2.052500000000000000e+04 -3.990000000000000000e+03 -5.203200000000000000e+04 3.399962399999999718e+01 1.389486887307685159e-01 -1.849385999999999974e+00 2.358617836784925037e-02 3.667999999999338456e-03 2.119372871865637595e-02 1.000000000000000000e+00 3.283185799999999688e+01 2.111155515351723078e-02 5.199686405000000377e+03 3.404988508310410822e+01 1.387495004702152257e-01
2.052500000000000000e+04 1.000000000000000000e+01 -5.203200000000000000e+04 3.401875100000000174e+01 1.122846153175046519e-01 -3.628920000000004364e-01 1.907044760880037895e-02 1.017136999999999958e+00 1.849918271167675168e-02 1.000000000000000000e+00 3.282866400000000340e+01 2.870932426930317138e-02 5.656709544999999707e+03 3.403588808714170000e+01 1.122296257648021239e-01
2.052500000000000000e+04 1.000000000000000000e+01 -5.203200000000000000e+04 3.401028800000000274e+01 1.141653111632425777e-01 -8.740670000000001494e-01 2.414910460037804352e-02 9.999890000000000168e-01 2.119707687394655968e-02 1.000000000000000000e+00 3.282375700000000052e+01 2.155358301999924647e-02 5.908296935000000303e+03 3.403621102537052678e+01 1.140817448957748836e-01
2.052500000000000000e+04 1.000000000000000000e+01 -5.203200000000000000e+04 3.403524099999999919e+01 1.180807518480467555e-01 -5.604399999999998272e-01 2.068524404013643778e-02 1.000700999999999841e+00 1.835097340742446875e-02 1.000000000000000000e+00 3.286164000000000129e+01 2.711043378479953414e-02 6.344814903000000413e+03 3.405456100749328385e+01 1.180154846514231137e-01
2.052500000000000000e+04 1.000000000000000000e+01 -5.203200000000000000e+04 3.393870800000000543e+01 9.965869638420923882e-02 -9.229530000000005785e-01 1.831567465314886886e-02 9.666620000000001323e-01 1.998900160088041764e-02 1.000000000000000000e+00 3.283297000000000310e+01 2.112823998822429064e-02 6.596413292999999612e+03 3.396501403461681434e+01 9.958437906816564045e-02
2.052500000000000000e+04 4.010000000000000000e+03 -5.203200000000000000e+04 3.406958300000000150e+01 1.255123412298567442e-01 -1.116929999999998202e-01 2.171018049211014683e-02 -1.130629999999999968e-01 2.332202574820635074e-02 1.000000000000000000e+00 3.283772400000000147e+01 2.752102369098940321e-02 1.426238575999999966e+03 3.406995368887528741e+01 1.255110196697049041e-01
2.052500000000000000e+04 4.010000000000000000e+03 -5.203200000000000000e+04 3.406452399999999869e+01 1.171778925395059318e-01 -5.759800000000003806e-01 2.117141776074526333e-02 1.580700000000000160e-02 1.601873743464196989e-02 1.000000000000000000e+00 3.285376800000000230e+01 3.156093827819445724e-02 1.677835966999999982e+03 3.406939679783346264e+01 1.171616800581518347e-01
2.052500000000000000e+04 4.010000000000000000e+03 -5.203200000000000000e+04 3.406690299999999638e+01 1.003287129041332826e-01 -1.213729999999992870e-01 2.282126168729502885e-02 -6.763000000000000955e-02 1.768888328866466408e-02 1.000000000000000000e+00 3.281524799999999686e+01 2.065083012859289177e-02 2.114358933999999863e+03 3.406718634160205283e+01 1.003279175472641532e-01
2.052500000000000000e+04 4.010000000000000000e+03 -5.203200000000000000e+04 3.407400200000000012e+01 1.263826569787168119e-01 -5.513799999999999812e-01 2.053051548305594859e-02 1.881700000000000039e-02 2.361717529680465444e-02 1.000000000000000000e+00 3.283667499999999961e+01 3.075365480719324460e-02 2.365937323999999990e+03 3.407846807413579882e+01 1.263665314638454107e-01
2.052500000000000000e+04 8.010000000000000000e+03 -5.203200000000000000e+04 3.398755099999999629e+01 9.945669177084064116e-02 1.076147000000000631e+00 1.982836082483874912e-02 -9.532680000000000042e-01 2.036240835461267454e-02 1.000000000000000000e+00 3.280119599999999735e+01 3.089059342259387400e-02 2.822957464000000073e+03 3.401794284231534249e+01 9.937145460369116445e-02
2.052500000000000000e+04 8.010000000000000000e+03 -5.203200000000000000e+04 3.400139000000000067e+01 1.089694053301200616e-01 7.257339999999992131e-01 2.792784545932607693e-02 -8.951339999999996522e-01 1.851088017896502028e-02 1.000000000000000000e+00 3.281820300000000401e+01 2.553079477807143963e-02 3.074561854999999923e+03 3.402091234298121947e+01 1.089095935453123776e-01
2.052500000000000000e+04 8.010000000000000000e+03 -5.203200000000000000e+04 3.403135799999999733e+01 1.013756220893366478e-01 1.083135999999999655e+00 2.188488942169916282e-02 -8.730869999999999465e-01 1.587596655325275094e-02 1.000000000000000000e+00 3.284180700000000286e+01 2.408432357364433118e-02 3.511109824000000117e+03 3.405978261569249810e+01 1.012942274319148517e-01
2.052500000000000000e+04 8.010000000000000000e+03 -5.203200000000000000e+04 3.397287899999999894e+01 1.085285757439025944e-01 6.755680000000001684e-01 2.000375717209144574e-02 -8.881630000000000358e-01 1.941827245148239345e-02 1.000000000000000000e+00 3.280832900000000052e+01 2.582447492205795087e-02 3.762707214000000022e+03 3.399120082000390397e+01 1.084719923063210273e-01
2.252500000000000000e+04 -3.990000000000000000e+03 -5.203200000000000000e+04 3.403448999999999813e+01 1.396699339478615076e-01 -1.399563999999999808e+00 2.478663462432929843e-02 7.983700000000037988e-02 2.038791799081014419e-02 1.000000000000000000e+00 3.282160100000000114e+01 2.528111156575200968e-02 4.282945971000000100e+03 3.406334779343869457e+01 1.395553325248561349e-01
2.252500000000000000e+04 -3.990000000000000000e+03 -5.203200000000000000e+04 3.402852399999999733e+01 1.304905036927974937e-01 -1.645470999999999684e+00 2.483137901929733868e-02 -4.606200000000004735e-02 2.365229409592228133e-02 1.000000000000000000e+00 3.283804099999999693e+01 2.145087897965955101e-02 4.488354718999999932e+03 3.406831581012276189e+01 1.303436124961575571e-01
2.252500000000000000e+04 -3.990000000000000000e+03 -5.203200000000000000e+04 3.403158100000000275e+01 1.367693187889740258e-01 -1.433469000000000548e+00 2.066306572123314048e-02 5.961600000000011335e-02 2.186417867197393630e-02 1.000000000000000000e+00 3.283409699999999987e+01 2.144269572605086299e-02 4.971182335000000421e+03 3.406180988733537873e+01 1.366507121656432289e-01
2.252500000000000000e+04 -3.990000000000000000e+03 -5.203200000000000000e+04 3.400923000000000229e+01 1.442789898564583173e-01 -1.767789000000000499e+00 2.829651773628691705e-02 -3.594399999999975392e-02 2.065098685293272063e-02 1.000000000000000000e+00 3.284118000000000137e+01 2.502061058407648031e-02 5.176599084000000403e+03 3.405516253246425862e+01 1.440918794516017620e-01
2.252500000000000000e+04 1.000000000000000000e+01 -5.203200000000000000e+04 3.401369799999999799e+01 1.400045055560713014e-01 -3.660840000000007421e-01 2.019732836292958966e-02 9.798630000000001505e-01 2.060612348308142952e-02 1.000000000000000000e+00 3.280815499999999929e+01 2.189143953695142295e-02 5.679799866000000293e+03 3.402977814545708668e+01 1.399397755537873100e-01
2.252500000000000000e+04 1.000000000000000000e+01 -5.203200000000000000e+04 3.397192300000000387e+01 1.050463938314876305e-01 -7.814770000000006434e-01 2.170027734845801290e-02 9.469719999999999249e-01 1.682387000663046125e-02 1.000000000000000000e+00 3.284398699999999849e+01 2.665439913034994834e-02 5.885206613999999718e+03 3.399410264425642936e+01 1.049800871378092082e-01
2.252500000000000000e+04 1.000000000000000000e+01 -5.203200000000000000e+04 3.401848300000000336e+01 1.199025053157772996e-01 -5.743279999999995056e-01 1.927152313648301113e-02 9.987400000000001832e-01 1.838263781398088645e-02 1.000000000000000000e+00 3.284163300000000163e+01 2.442557808937180497e-02 6.367904222999999547e+03 3.403798642488231962e+01 1.198354574520034133e-01
2.252500000000000000e+04 1.000000000000000000e+01 -5.203200000000000000e+04 3.395891900000000163e+01 1.092524508191921456e-01 -8.988579999999997128e-01 2.383447824056570546e-02 9.834689999999999266e-01 1.606156707796595889e-02 1.000000000000000000e+00 3.282154100000000341e+01 2.758109240041083099e-02 6.573317971999999827e+03 3.398504577938194160e+01 1.091712700000363051e-01
2.252500000000000000e+04 4.010000000000000000e+03 -5.203200000000000000e+04 3.409306000000000125e+01 1.050768900948253204e-01 -2.523140000000001493e-01 2.355934481262159444e-02 -7.761499999999998956e-02 1.858329319577130267e-02 1.000000000000000000e+00 3.284575000000000244e+01 2.761654839041258538e-02 1.449331897000000026e+03 3.409408198802867673e+01 1.050738935288967196e-01
2.252500000000000000e+04 4.010000000000000000e+03 -5.203200000000000000e+04 3.409382099999999838e+01 1.132688550176084441e-01 -5.860380000000002809e-01 2.278858016639035561e-02 6.950000000000000622e-02 1.970425124180058898e-02 1.000000000000000000e+00 3.285737300000000261e+01 2.480004677414943820e-02 1.654746646000000055e+03 3.409892815276580791e+01 1.132525745598766398e-01
2.252500000000000000e+04 4.010000000000000000e+03 -5.203200000000000000e+04 3.409160599999999874e+01 1.398824385868361886e-01 -1.873590000000007194e-01 2.373310203070808089e-02 -5.619799999999997020e-02 1.725130632734808364e-02 1.000000000000000000e+00 3.282906100000000293e+01 2.048007192370182930e-02 2.137447255000000041e+03 3.409216715419130850e+01 1.398801998326171803e-01
2.252500000000000000e+04 4.010000000000000000e+03 -5.203200000000000000e+04 3.409885900000000447e+01 1.069902567573328134e-01 -5.238080000000007175e-01 1.867622767049063187e-02 5.106199999999999628e-02 2.171278620997314432e-02 1.000000000000000000e+00 3.281280900000000145e+01 2.624195617708405259e-02 2.342851003000000219e+03 3.410292021587871858e+01 1.069779051501752176e-01
2.252500000000000000e+04 8.010000000000000000e+03 -5.203200000000000000e+04 3.396581100000000220e+01 1.244462332897223467e-01 1.045307000000000208e+00 2.308127804087113308e-02 -8.790949999999999598e-01 1.922354499045376627e-02 1.000000000000000000e+00 3.288269499999999823e+01 1.959297019341375845e-02 2.846047783999999865e+03 3.399326097377236522e+01 1.243487608158811153e-01
2.252500000000000000e+04 8.010000000000000000e+03 -5.203200000000000000e+04 3.398011499999999785e+01 1.008190301183263665e-01 7.238710000000008193e-01 2.335877815725814072e-02 -8.664710000000002132e-01 2.051610138403493072e-02 1.000000000000000000e+00 3.284482700000000222e+01 2.844275269730410505e-02 3.051468534000000091e+03 3.399886728453915197e+01 1.007660066073561983e-01
2.252500000000000000e+04 8.010000000000000000e+03 -5.203200000000000000e+04 3.402451800000000048e+01 1.137515438224906000e-01 1.078946000000000183e+00 2.052026288817957594e-02 -8.207409999999999428e-01 1.826971825179578290e-02 1.000000000000000000e+00 3.282556399999999996e+01 2.396534074450017149e-02 3.534195143999999800e+03 3.405151340825134554e+01 1.136640764266430015e-01
2.252500000000000000e+04 8.010000000000000000e+03 -5.203200000000000000e+04 3.400611800000000073e+01 1.127912619399215610e-01 7.495719999999996830e-01 2.116071229897519002e-02 -7.979080000000000616e-01 2.178145736630127116e-02 1.000000000000000000e+00 3.282927999999999713e+01 2.093835800630030122e-02 3.739621893999999884e+03 3.402373549141205444e+01 1.127349797954217137e-01
2.452500000000000000e+04 -3.990000000000000000e+03 -5.203200000000000000e+04 3.404321799999999598e+01 1.584040103027697932e-01 -1.413391999999999982e+00 2.440987513282278157e-02 1.413400000000031298e-02 2.056490420595243063e-02 1.000000000000000000e+00 3.282957799999999793e+01 2.059178294854527649e-02 4.306037290999999641e+03 3.407254860604271585e+01 1.582708909867020786e-01
2.452500000000000000e+04 -3.990000000000000000e+03 -5.203200000000000000e+04 3.403495600000000110e+01 1.276239972732401140e-01 -1.641507999999999967e+00 2.304462898377841393e-02 -6.599600000000016564e-02 2.294885182313049707e-02 1.000000000000000000e+00 3.283996899999999641e+01 2.000108842038352680e-02 4.465263399000000391e+03 3.407458193298952409e+01 1.274804227384415400e-01
2.452500000000000000e+04 -3.990000000000000000e+03 -5.203200000000000000e+04 3.406285499999999900e+01 1.146528826065877776e-01 -1.407447000000000337e+00 2.387007184739920601e-02 1.568799999999992423e-02 2.399628623349871551e-02 1.000000000000000000e+00 3.281389099999999814e+01 3.090802188752945698e-02 4.994271655999999894e+03 3.409192344122252649e+01 1.145593630209968128e-01
2.452500000000000000e+04 -3.990000000000000000e+03 -5.203200000000000000e+04 3.403855899999999934e+01 1.229564393637031100e-01 -1.721358999999999639e+00 2.202718774605600879e-02 -4.820499999999938723e-02 2.606272587432097512e-02 1.000000000000000000e+00 3.281300299999999481e+01 3.067340204476836502e-02 5.153510763999999654e+03 3.408209059499412774e+01 1.228044372384332200e-01
2.452500000000000000e+04 1.000000000000000000e+01 -5.203200000000000000e+04 3.400253399999999715e+01 1.014052422806631798e-01 -3.486770000000003478e-01 1.976929138841349715e-02 1.058080999999999827e+00 1.717963567716149220e-02 1.000000000000000000e+00 3.283591100000000296e+01 2.357708864554739631e-02 5.702889186000000336e+03 3.402077937781622552e+01 1.013524694423359740e-01
2.452500000000000000e+04 1.000000000000000000e+01 -5.203200000000000000e+04 3.400404300000000291e+01 1.120900679007734296e-01 -7.585949999999996862e-01 1.913733944413381627e-02 1.017289999999999806e+00 1.708240009483445038e-02 1.000000000000000000e+00 3.280579600000000084e+01 2.906548207066244130e-02 5.862115294000000176e+03 3.402771349450289051e+01 1.120140720375229354e-01
2.452500000000000000e+04 1.000000000000000000e+01 -5.203200000000000000e+04 3.399339700000000164e+01 1.232580156987771736e-01 -5.720389999999992980e-01 2.337430418215695471e-02 1.060894000000000226e+00 1.585189767819613488e-02 1.000000000000000000e+00 3.283054599999999823e+01 2.845592179143033654e-02 6.390993543999999929e+03 3.401475803671645082e+01 1.231822299152859485e-01
2.452500000000000000e+04 1.000000000000000000e+01 -5.203200000000000000e+04 3.401443499999999887e+01 1.234168027498687009e-01 -8.783890000000003084e-01 1.931326210146799491e-02 9.916880000000001250e-01 1.774829265028047762e-02 1.000000000000000000e+00 3.283136499999999813e+01 4.001788665084652502e-02 6.550230652000000191e+03 3.404022327620501898e+01 1.233253952517729818e-01
2.452500000000000000e+04 4.010000000000000000e+03 -5.203200000000000000e+04 3.411834000000000344e+01 1.152358416899881138e-01 -2.333689999999997156e-01 2.095900152679034192e-02 -3.108400000000000052e-02 2.085403138484259386e-02 1.000000000000000000e+00 3.283371999999999957e+01 3.828224384750716219e-02 1.472420217999999977e+03 3.411915227054765865e+01 1.152331890213982579e-01
2.452500000000000000e+04 4.010000000000000000e+03 -5.203200000000000000e+04 3.410407800000000123e+01 1.263489601381823924e-01 -6.131229999999998626e-01 1.847165539414375238e-02 6.830099999999994509e-02 1.545442978566339762e-02 1.000000000000000000e+00 3.285327600000000103e+01 2.759793653518320330e-02 1.631657324999999901e+03 3.410965729921387180e+01 1.263287334293537179e-01
2.452500000000000000e+04 4.010000000000000000e+03 -5.203200000000000000e+04 3.411567000000000149e+01 1.084056255459097395e-01 -2.286260000000002179e-01 2.704478531990964219e-02 1.446999999999976083e-03 2.016683844830418487e-02 1.000000000000000000e+00 3.280314800000000020e+01 2.701031589967062621e-02 2.160535574999999881e+03 3.411643609011036204e+01 1.084033427854584342e-01
2.452500000000000000e+04 4.010000000000000000e+03 -5.203200000000000000e+04 3.412003400000000397e+01 1.370736553098369781e-01 -5.277300000000000324e-01 2.058815314689493858e-02 8.010099999999997777e-02 2.307361412956366459e-02 1.000000000000000000e+00 3.285571399999999898e+01 2.195273188011004697e-02 2.319759683000000223e+03 3.412420893272483369e+01 1.370572655391151251e-01
2.452500000000000000e+04 8.010000000000000000e+03 -5.203200000000000000e+04 3.400361900000000048e+01 1.210510686652538498e-01 1.040115999999999374e+00 2.538219007493246193e-02 -8.856489999999999085e-01 1.706462202921588470e-02 1.000000000000000000e+00 3.286448599999999942e+01 2.848531597156682416e-02 2.869138104999999996e+03 3.403104935998621272e+01 1.209567998541496991e-01
2.452500000000000000e+04 8.010000000000000000e+03 -5.203200000000000000e+04 3.396266399999999663e+01 1.181697105395456276e-01 7.335820000000001784e-01 2.540017308996141490e-02 -8.305120000000001390e-01 1.749138499376192910e-02 1.000000000000000000e+00 3.281088199999999944e+01 2.598526592128700893e-02 3.028372213000000102e+03 3.398073628851740580e+01 1.181089098455370134e-01
2.452500000000000000e+04 8.010000000000000000e+03 -5.203200000000000000e+04 3.400836799999999727e+01 1.150904605821003596e-01 1.104860000000000397e+00 2.082991754664429568e-02 -8.605350000000000499e-01 1.703398593987913434e-02 1.000000000000000000e+00 3.282663699999999807e+01 2.347876089149510473e-02 3.557284465000000182e+03 3.403719039711193517e+01 1.149957972022462860e-01
2.452500000000000000e+04 8.010000000000000000e+03 -5.203200000000000000e+04 3.395820299999999747e+01 1.181381912168964904e-01 7.693910000000006022e-01 2.480677256315299076e-02 -8.151229999999998199e-01 1.890062374632117681e-02 1.000000000000000000e+00 3.282676700000000380e+01 2.789565086173828937e-02 3.716532572999999957e+03 3.397669699963812917e+01 1.180760938180105829e-01
2.652500000000000000e+04 -3.990000000000000000e+03 -5.203200000000000000e+04 3.406229199999999935e+01 1.455508604165567932e-01 -1.325844000000000023e+00 2.760891341577933339e-02 -2.901799999999976620e-02 2.523313189043326077e-02 1.000000000000000000e+00 3.283552799999999650e+01 2.108606411827489147e-02 4.329125611999999819e+03 3.408809822577264725e+01 1.454446376508239935e-01
2.652500000000000000e+04 -3.990000000000000000e+03 -5.203200000000000000e+04 3.406557099999999849e+01 1.575837435302258338e-01 -1.558671999999999613e+00 2.169920526194450347e-02 -1.111820000000003361e-01 2.075582108710710347e-02 1.000000000000000000e+00 3.283236999999999739e+01 2.519103511172178858e-02 4.442180078000000321e+03 3.410139216215004865e+01 1.574213515918225226e-01
2.652500000000000000e+04 -3.990000000000000000e+03 -5.203200000000000000e+04 3.407331800000000044e+01 1.305774327362886900e-01 -1.346499000000000557e+00 1.978326333040128157e-02 -4.484500000000046782e-02 2.198568193165724785e-02 1.000000000000000000e+00 3.281120500000000106e+01 3.352261618668805204e-02 5.017363975999999639e+03 3.409994237766612457e+01 1.304778228659175809e-01
2.652500000000000000e+04 -3.990000000000000000e+03 -5.203200000000000000e+04 3.406351200000000290e+01 1.268960470976145116e-01 -1.578718000000000288e+00 2.587444210026566133e-02 -8.790399999999998215e-02 2.533298294713829876e-02 1.000000000000000000e+00 3.281481099999999884e+01 2.364810732384306502e-02 5.130419442999999774e+03 3.410018955095241466e+01 1.267652368198523560e-01
2.652500000000000000e+04 1.000000000000000000e+01 -5.203200000000000000e+04 3.398340400000000017e+01 1.253666610427190131e-01 -3.502629999999999910e-01 2.157018342527480814e-02 1.081981000000000082e+00 1.995199142942878992e-02 1.000000000000000000e+00 3.283057600000000065e+01 2.590626636549543324e-02 5.725980507000000216e+03 3.400242806742991775e+01 1.252983249815043942e-01
2.652500000000000000e+04 1.000000000000000000e+01 -5.203200000000000000e+04 3.398977299999999957e+01 9.533770021350421175e-02 -6.298020000000006391e-01 2.194818411623157550e-02 9.929720000000001878e-01 1.754482590395242333e-02 1.000000000000000000e+00 3.281630100000000283e+01 2.204309982738362345e-02 5.839023973000000296e+03 3.401010603546417599e+01 9.528294611109869305e-02
2.652500000000000000e+04 1.000000000000000000e+01 -5.203200000000000000e+04 3.401558299999999946e+01 1.346993921181532383e-01 -5.489639999999997855e-01 2.190960211870585442e-02 1.012230000000000185e+00 1.815173988905746660e-02 1.000000000000000000e+00 3.279257400000000189e+01 2.074757356897427921e-02 6.414085865000000013e+03 3.403506806040036281e+01 1.346238230157838223e-01
2.652500000000000000e+04 1.000000000000000000e+01 -5.203200000000000000e+04 3.399999900000000252e+01 1.236765327174076251e-01 -7.922869999999999635e-01 2.218993735908238174e-02 1.022987999999999786e+00 2.185065243877170812e-02 1.000000000000000000e+00 3.282395999999999958e+01 3.605443968500966767e-02 6.527144331000000420e+03 3.402461102111990243e+01 1.235898964118406634e-01
2.652500000000000000e+04 4.010000000000000000e+03 -5.203200000000000000e+04 3.413174399999999764e+01 1.086912655966430358e-01 -1.409729999999997929e-01 1.997718398573733109e-02 4.588500000000006462e-02 1.924785382841422143e-02 1.000000000000000000e+00 3.283128099999999705e+01 2.957446062060980346e-02 1.495511539000000084e+03 3.413206596884357680e+01 1.086902747066564034e-01
2.652500000000000000e+04 4.010000000000000000e+03 -5.203200000000000000e+04 3.413269400000000076e+01 1.072923547416124168e-01 -3.758850000000002467e-01 1.923936862269653644e-02 1.068810000000001148e-01 1.938784209240419776e-02 1.000000000000000000e+00 3.286639399999999966e+01 2.901147128292531213e-02 1.608566004999999905e+03 3.413493097662600917e+01 1.072855498694481047e-01
2.652500000000000000e+04 4.010000000000000000e+03 -5.203200000000000000e+04 3.412612500000000182e+01 1.332097065006901115e-01 -1.640970000000008255e-01 1.989712265630384780e-02 2.077499999999998792e-02 2.207059965202576995e-02 1.000000000000000000e+00 3.279861800000000471e+01 2.815578578196673010e-02 2.183623896000000059e+03 3.412652585514176451e+01 1.332081768363792551e-01
2.652500000000000000e+04 4.010000000000000000e+03 -5.203200000000000000e+04 3.413595200000000318e+01 1.210461582124769536e-01 -3.227109999999999701e-01 2.337086879001292264e-02 1.182300000000000573e-01 2.071561886596681029e-02 1.000000000000000000e+00 3.284265599999999807e+01 2.456548424110544665e-02 2.296678362000000106e+03 3.413768210744140674e+01 1.210402464492173480e-01
2.652500000000000000e+04 8.010000000000000000e+03 -5.203200000000000000e+04 3.398906800000000317e+01 1.207743989179826116e-01 1.075149000000000576e+00 1.951465193130536013e-02 -9.811149999999999594e-01 1.652496586985885418e-02 1.000000000000000000e+00 3.281888899999999865e+01 2.069744537376533300e-02 2.892232426000000032e+03 3.402021862839875865e+01 1.206663289458930477e-01
2.652500000000000000e+04 8.010000000000000000e+03 -5.203200000000000000e+04 3.400093499999999835e+01 1.307801049127886306e-01 8.634040000000000603e-01 2.415920116642932339e-02 -9.436680000000001733e-01 1.784375072679508095e-02 1.000000000000000000e+00 3.281353399999999709e+01 2.540534624837851099e-02 3.005283891999999923e+03 3.402498430030004783e+01 1.306900427531184072e-01
2.652500000000000000e+04 8.010000000000000000e+03 -5.203200000000000000e+04 3.396776099999999587e+01 1.250166264822403506e-01 1.100979000000000596e+00 2.266663098036406088e-02 -9.094560000000000421e-01 1.876814974897632327e-02 1.000000000000000000e+00 3.282288700000000148e+01 2.111683446920963395e-02 3.580377786000000015e+03 3.399776540197161268e+01 1.249094600520887915e-01
2.652500000000000000e+04 8.010000000000000000e+03 -5.203200000000000000e+04 3.401720399999999955e+01 1.231703281963639068e-01 8.949079999999991486e-01 2.622713825410618455e-02 -8.864140000000002573e-01 1.648000500606720126e-02 1.000000000000000000e+00 3.282345300000000066e+01 2.895222868796113597e-02 3.693438251999999920e+03 3.404051641919487992e+01 1.230886550923216416e-01
2.852500000000000000e+04 -3.990000000000000000e+03 -5.203200000000000000e+04 3.409367900000000162e+01 1.228548840258294333e-01 -1.306477000000000110e+00 2.171089811592325641e-02 -8.545699999999989416e-02 2.107394668779438707e-02 1.000000000000000000e+00 3.283208100000000229e+01 1.965725100312859172e-02 4.352218933000000106e+03 3.411880907659907081e+01 1.227672219908339246e-01
2.852500000000000000e+04 -3.990000000000000000e+03 -5.203200000000000000e+04 3.407806399999999769e+01 1.280450825686015870e-01 -1.467569999999999375e+00 2.559191983810515242e-02 -1.260530000000006368e-01 2.160357979595048383e-02 1.000000000000000000e+00 3.283056700000000205e+01 2.093316268507938380e-02 4.419089756999999736e+03 3.410988268891883735e+01 1.279304018790621555e-01
2.852500000000000000e+04 -3.990000000000000000e+03 -5.203200000000000000e+04 3.408586300000000335e+01 1.362280474241629735e-01 -1.280524999999999913e+00 2.459184631132847396e-02 -6.798500000000018417e-02 1.954678106492217099e-02 1.000000000000000000e+00 3.282205799999999840e+01 2.500608601920740331e-02 5.040451296999999613e+03 3.410997541322214488e+01 1.361348835157361603e-01
2.852500000000000000e+04 -3.990000000000000000e+03 -5.203200000000000000e+04 3.408429499999999734e+01 1.351437257626117161e-01 -1.446850999999999665e+00 2.388255876157326443e-02 -1.159239999999996940e-01 2.660578307436186132e-02 1.000000000000000000e+00 3.280958499999999844e+01 2.333659043219467322e-02 5.107328123000000232e+03 3.411518696763952363e+01 1.350251797997442105e-01
2.852500000000000000e+04 1.000000000000000000e+01 -5.203200000000000000e+04 3.404766800000000160e+01 1.154573698037505147e-01 -2.855369999999997077e-01 2.340485701729450724e-02 9.912159999999998750e-01 1.956052315251307488e-02 1.000000000000000000e+00 3.283137100000000430e+01 2.071154817969916850e-02 5.749068828000000394e+03 3.406329016368279383e+01 1.154059889987661264e-01
2.852500000000000000e+04 1.000000000000000000e+01 -5.203200000000000000e+04 3.404299500000000478e+01 1.387130945693303974e-01 -4.696619999999995798e-01 2.125681410748092234e-02 9.443990000000002105e-01 1.953977492193807383e-02 1.000000000000000000e+00 3.280733999999999639e+01 2.603115151121824719e-02 5.815934651999999915e+03 3.405933029928026201e+01 1.386479344222737164e-01
2.852500000000000000e+04 1.000000000000000000e+01 -5.203200000000000000e+04 3.405716400000000021e+01 1.155700344250186751e-01 -5.134749999999996817e-01 2.194609407161101158e-02 1.051339000000000024e+00 1.991043718756571948e-02 1.000000000000000000e+00 3.283972500000000139e+01 3.001104165136558866e-02 6.437177185999999892e+03 3.407725619810729256e+01 1.155040002708263569e-01
2.852500000000000000e+04 1.000000000000000000e+01 -5.203200000000000000e+04 3.398554899999999890e+01 1.168028568700269498e-01 -6.516580000000002926e-01 2.070247359616719796e-02 1.041481999999999797e+00 2.122951193503986450e-02 1.000000000000000000e+00 3.282995499999999822e+01 2.278236625111623725e-02 6.504056010999999671e+03 3.400774740756418879e+01 1.167290990212394852e-01
2.852500000000000000e+04 4.010000000000000000e+03 -5.203200000000000000e+04 3.415538800000000208e+01 1.462623386555814697e-01 -1.411319999999998132e-01 2.119468900455960883e-02 7.366600000000000925e-02 1.523010295434669599e-02 1.000000000000000000e+00 3.282819200000000137e+01 2.787057848341150182e-02 1.518603859000000057e+03 3.415575902174513345e+01 1.462607797680516020e-01
2.852500000000000000e+04 4.010000000000000000e+03 -5.203200000000000000e+04 3.415659000000000134e+01 1.171054879371586088e-01 -2.333959999999999368e-01 1.990964492400605287e-02 1.218940000000001689e-01 1.785725300823169659e-02 1.000000000000000000e+00 3.279857400000000212e+01 2.622386889839102217e-02 1.585477683999999954e+03 3.415760489654027054e+01 1.171021048394569469e-01
2.852500000000000000e+04 4.010000000000000000e+03 -5.203200000000000000e+04 3.416162800000000033e+01 1.234847586141706866e-01 -1.398109999999999076e-01 2.265628586066127312e-02 9.052499999999996660e-02 2.192530275731671696e-02 1.000000000000000000e+00 3.283047700000000191e+01 1.973117330520412702e-02 2.206711216000000150e+03 3.416203403636455249e+01 1.234833394037465754e-01
2.852500000000000000e+04 4.010000000000000000e+03 -5.203200000000000000e+04 3.415926699999999983e+01 1.327705437399425425e-01 -2.148229999999999862e-01 2.552923549579971113e-02 1.333130000000000148e-01 1.946850651693652484e-02 1.000000000000000000e+00 3.286834000000000344e+01 2.309327261346905830e-02 2.273584041999999954e+03 3.416020262314886935e+01 1.327670260586764073e-01
2.852500000000000000e+04 8.010000000000000000e+03 -5.203200000000000000e+04 3.403327000000000169e+01 1.273162307366975110e-01 1.108379000000000225e+00 2.422226958812901884e-02 -9.313009999999999344e-01 1.763334503150210467e-02 1.000000000000000000e+00 3.285060799999999404e+01 2.251811219885006127e-02 2.915322747000000163e+03 3.406404691831465215e+01 1.272045555427632757e-01
2.852500000000000000e+04 8.010000000000000000e+03 -5.203200000000000000e+04 3.406125600000000020e+01 1.376646199500801138e-01 9.719470000000001164e-01 1.852281285334384658e-02 -9.160299999999996778e-01 1.915666685517081538e-02 1.000000000000000000e+00 3.282974200000000309e+01 2.740157776479303434e-02 2.982189570999999887e+03 3.408743100072584298e+01 1.375608874238546109e-01
2.852500000000000000e+04 8.010000000000000000e+03 -5.203200000000000000e+04 3.402379899999999679e+01 1.039581239009246538e-01 1.122876999999999903e+00 2.502230327128180179e-02 -8.848150000000001292e-01 2.024250540323504349e-02 1.000000000000000000e+00 3.282349800000000073e+01 2.477250744272771130e-02 3.603472107000000051e+03 3.405381988461433451e+01 1.038710859667977687e-01
2.852500000000000000e+04 8.010000000000000000e+03 -5.203200000000000000e+04 3.402813499999999891e+01 1.248722650551354479e-01 9.862060000000001381e-01 1.775159806890635669e-02 -8.722530000000001671e-01 1.969926173743574704e-02 1.000000000000000000e+00 3.284092700000000065e+01 2.663335251146577154e-02 3.670350931999999830e+03 3.405359597970043950e+01 1.247809805709400865e-01
3.052500000000000000e+04 -3.990000000000000000e+03 -5.203200000000000000e+04 3.411081300000000027e+01 1.397636993822072293e-01 -1.285201999999999956e+00 2.340620439114381515e-02 -1.586700000000007549e-01 2.208027782886800433e-02 1.000000000000000000e+00 3.282630999999999943e+01 2.092140172168203624e-02 4.375304253000000244e+03 3.413538463047799354e+01 1.396659113876063951e-01
3.052500000000000000e+04 -3.990000000000000000e+03 -5.203200000000000000e+04 3.412930699999999717e+01 1.085430903005806247e-01 -1.268022000000000205e+00 2.637679353143592212e-02 -1.530409999999999826e-01 2.133603791710166411e-02 1.000000000000000000e+00 3.283744500000000244e+01 2.492669462644415621e-02 4.395996436999999787e+03 3.415319747315636079e+01 1.084716263208692771e-01
3.052500000000000000e+04 -3.990000000000000000e+03 -5.203200000000000000e+04 3.410796200000000056e+01 1.473272225489912490e-01 -1.251430000000000042e+00 2.575220582785094081e-02 -1.610059999999995384e-01 2.418185536719628936e-02 1.000000000000000000e+00 3.282868400000000264e+01 2.715992967590306548e-02 5.063538617999999587e+03 3.413129168036832795e+01 1.472295922372490462e-01
3.052500000000000000e+04 -3.990000000000000000e+03 -5.203200000000000000e+04 3.410855300000000057e+01 1.215638824692597680e-01 -1.240101999999999371e+00 1.931846044590510014e-02 -1.775149999999996453e-01 2.384913034053862471e-02 1.000000000000000000e+00 3.282725800000000049e+01 2.052795995709266741e-02 5.084229801000000407e+03 3.413155068700275052e+01 1.214840642816560623e-01
3.052500000000000000e+04 1.000000000000000000e+01 -5.203200000000000000e+04 3.401609100000000296e+01 1.215381194193821540e-01 -2.193329999999997781e-01 1.818255521097076124e-02 1.099356000000000000e+00 2.043457902673798468e-02 1.000000000000000000e+00 3.281987699999999819e+01 2.299181289067914885e-02 5.772153148000000328e+03 3.403455798890160366e+01 1.214740232505763240e-01
3.052500000000000000e+04 1.000000000000000000e+01 -5.203200000000000000e+04 3.401003800000000155e+01 9.085108718116696735e-02 -2.157479999999996068e-01 2.423944029881878320e-02 1.082329000000000097e+00 1.998894594519681073e-02 1.000000000000000000e+00 3.282236100000000079e+01 2.158282384212038135e-02 5.792841330999999627e+03 3.402793952071134953e+01 9.080564784308982340e-02
3.052500000000000000e+04 1.000000000000000000e+01 -5.203200000000000000e+04 3.402715800000000002e+01 1.050801997809292232e-01 -4.633849999999997138e-01 2.568772858779070842e-02 1.111827000000000121e+00 1.969092697157754507e-02 1.000000000000000000e+00 3.281080699999999695e+01 2.491316706081344451e-02 6.460270505999999841e+03 3.404847083927732143e+01 1.050169745892014089e-01
3.052500000000000000e+04 1.000000000000000000e+01 -5.203200000000000000e+04 3.397200300000000084e+01 1.147970660818472266e-01 -4.498389999999998778e-01 2.052049329329097907e-02 1.069280000000000008e+00 1.844520688417454479e-02 1.000000000000000000e+00 3.282845999999999975e+01 2.895086846711165951e-02 6.480963689999999588e+03 3.399180346313401913e+01 1.147319845805482436e-01
3.052500000000000000e+04 4.010000000000000000e+03 -5.203200000000000000e+04 3.418290299999999604e+01 1.326321605041552720e-01 -4.370500000000010488e-02 1.935136506812891455e-02 1.723099999999999632e-01 2.057108674815212590e-02 1.000000000000000000e+00 3.282166500000000298e+01 2.414847682567163381e-02 1.541695179999999937e+03 3.418336522887314999e+01 1.326304098895759453e-01
3.052500000000000000e+04 4.010000000000000000e+03 -5.203200000000000000e+04 3.419032299999999935e+01 1.118216047193027890e-01 -6.353800000000031645e-02 1.823759907443959355e-02 1.740029999999999077e-01 1.813270592051831678e-02 1.000000000000000000e+00 3.283129199999999770e+01 2.469415768962367544e-02 1.562385363000000098e+03 3.419082480674869373e+01 1.118200067665672537e-01
3.052500000000000000e+04 4.010000000000000000e+03 -5.203200000000000000e+04 3.418866500000000030e+01 1.242096030627262010e-01 -1.407259999999999067e-01 2.489411185401077878e-02 1.709469999999999601e-01 2.193528559194066890e-02 1.000000000000000000e+00 3.283412799999999976e+01 2.192066025465473980e-02 2.229802537000000029e+03 3.418938199450393256e+01 1.242070889186717569e-01
3.052500000000000000e+04 4.010000000000000000e+03 -5.203200000000000000e+04 3.416409999999999769e+01 1.350937181219023231e-01 -8.603399999999972181e-02 2.386846406872465687e-02 1.645119999999999916e-01 2.156610048200647764e-02 1.000000000000000000e+00 3.277274500000000046e+01 2.487842730157997437e-02 2.250494721000000027e+03 3.416460441534922410e+01 1.350917768477102598e-01
3.052500000000000000e+04 8.010000000000000000e+03 -5.203200000000000000e+04 3.400700199999999995e+01 1.243770838217394398e-01 1.161991999999999692e+00 2.171484377102446406e-02 -9.714179999999998927e-01 1.757045727919452974e-02 1.000000000000000000e+00 3.284315800000000252e+01 2.087114203870981191e-02 2.938412067000000206e+03 3.404071185164599456e+01 1.242571382272812663e-01
3.052500000000000000e+04 8.010000000000000000e+03 -5.203200000000000000e+04 3.398434999999999917e+01 1.259519124507444687e-01 1.159270000000000245e+00 2.117238734767527136e-02 -9.786120000000000374e-01 1.878670380881116569e-02 1.000000000000000000e+00 3.284567599999999743e+01 2.802735927625005577e-02 2.959100250999999844e+03 3.401819562090182103e+01 1.258298287265899040e-01
3.052500000000000000e+04 8.010000000000000000e+03 -5.203200000000000000e+04 3.402141400000000004e+01 1.109611215516497912e-01 1.169044000000000416e+00 2.125542227291662284e-02 -1.010095000000000187e+00 2.063935321176513932e-02 1.000000000000000000e+00 3.283956200000000081e+01 2.536810913331933801e-02 3.626561427999999978e+03 3.405647612925267254e+01 1.108509753954437654e-01
3.052500000000000000e+04 8.010000000000000000e+03 -5.203200000000000000e+04 3.399552500000000066e+01 1.096986098362235512e-01 1.165306000000000175e+00 1.975498038470299353e-02 -9.923700000000001964e-01 1.721784916881315824e-02 1.000000000000000000e+00 3.280814999999999770e+01 2.007447304414240394e-02 3.647255611000000044e+03 3.402996409513475840e+01 1.095908304980248021e-01
