2.525000000000000000e+03 -4.000000000000000000e+03 -5.203200000000000000e+04 -8.983115649573729655e+00 7.153497640862563345e-02 5.523538121545263024e+00 1.536091993071127607e-02 5.116249204254788019e+00 1.756957910991767402e-02 0.000000000000000000e+00 -1.615229700000000079e+01 2.817000000000000060e-02 2.274311083000000053e+03
2.525000000000000000e+03 -4.000000000000000000e+03 -5.203200000000000000e+04 -8.991720255748633761e+00 6.181043021132123783e-02 5.503966493283047434e+00 1.505367476852634973e-02 5.099496244494182484e+00 1.517351953420241310e-02 0.000000000000000000e+00 -1.613944800000000157e+01 3.156199999999999978e-02 2.691749959000000217e+03
2.525000000000000000e+03 -4.000000000000000000e+03 -5.203200000000000000e+04 -8.991859495948512304e+00 5.895792566121892120e-02 5.536346251213575265e+00 1.416015586244571273e-02 5.086288565760691327e+00 1.641459767028811273e-02 0.000000000000000000e+00 -1.614426599999999823e+01 2.410899999999999849e-02 2.712438142999999855e+03
2.525000000000000000e+03 0.000000000000000000e+00 -5.203200000000000000e+04 -8.935172093009365213e+00 8.823290963836215306e-02 5.409527083008196513e+00 1.414780302666837457e-02 5.150095625568178903e+00 1.017431237318817093e-02 0.000000000000000000e+00 -1.616376100000000093e+01 2.768100000000000074e-02 2.968413783999999850e+03
2.525000000000000000e+03 0.000000000000000000e+00 -5.203200000000000000e+04 -8.890622836919611416e+00 6.152105248552577899e-02 5.502093913834759320e+00 1.529433389454777983e-02 5.105160248685633562e+00 1.028549881120349903e-02 0.000000000000000000e+00 -1.616171500000000094e+01 2.319999999999999840e-02 3.386986725000000206e+03
2.525000000000000000e+03 0.000000000000000000e+00 -5.203200000000000000e+04 -8.885334892910851323e+00 6.749389570627972734e-02 5.503280065057230885e+00 1.619635225784333415e-02 5.102173343357768509e+00 1.236486125800398406e-02 0.000000000000000000e+00 -1.616907600000000045e+01 5.037300000000000111e-02 3.407762913000000026e+03
2.525000000000000000e+03 4.000000000000000000e+03 -5.203200000000000000e+04 -9.136922930653078367e+00 8.701317984324376253e-02 5.562454500036299265e+00 1.507737707121590762e-02 4.996083896374528877e+00 1.770929699959013920e-02 0.000000000000000000e+00 -1.614631200000000177e+01 3.472299999999999692e-02 8.536868279999999913e+02
2.525000000000000000e+03 4.000000000000000000e+03 -5.203200000000000000e+04 -9.141530562680753036e+00 6.343483906794640526e-02 5.600152686357756870e+00 1.412870464665781992e-02 4.966232073964997440e+00 1.512665096547321196e-02 0.000000000000000000e+00 -1.615078700000000111e+01 2.893099999999999838e-02 1.272072758999999905e+03
2.525000000000000000e+03 4.000000000000000000e+03 -5.203200000000000000e+04 -9.140150768077756283e+00 7.005744483554122992e-02 5.566460122511720954e+00 1.386595477082723689e-02 4.989458209380393860e+00 1.588406743905572752e-02 0.000000000000000000e+00 -1.613711299999999937e+01 2.179499999999999840e-02 1.292758941999999934e+03
2.525000000000000000e+03 8.000000000000000000e+03 -5.203200000000000000e+04 -9.191666227603096928e+00 7.279241613689969859e-02 5.661076083506895174e+00 1.272956718304973402e-02 4.828366772305713539e+00 1.190503701315736088e-02 0.000000000000000000e+00 -1.615896299999999997e+01 2.374899999999999928e-02 1.547723525000000109e+03
2.525000000000000000e+03 8.000000000000000000e+03 -5.203200000000000000e+04 -9.170194900060579357e+00 5.661685320677046357e-02 5.655424515859398760e+00 1.209565304655308739e-02 4.857377543041557999e+00 1.416697424789136080e-02 0.000000000000000000e+00 -1.613852899999999835e+01 3.243200000000000249e-02 1.966347469000000046e+03
2.525000000000000000e+03 8.000000000000000000e+03 -5.203200000000000000e+04 -9.162984752748359440e+00 7.245621154754752768e-02 5.663620302356251912e+00 1.739471403334103342e-02 4.833373765475640127e+00 1.222300952610816914e-02 0.000000000000000000e+00 -1.614612299999999934e+01 3.691400000000000237e-02 1.987040651999999909e+03
4.525000000000000000e+03 -4.000000000000000000e+03 -5.203200000000000000e+04 -9.039805535256206781e+00 6.569194615294525474e-02 5.492894954147052644e+00 1.247251147706233618e-02 4.853072763499238995e+00 1.634435150420756461e-02 0.000000000000000000e+00 -1.616305099999999939e+01 3.285600000000000326e-02 2.297390402999999878e+03
4.525000000000000000e+03 -4.000000000000000000e+03 -5.203200000000000000e+04 -9.031131957875381033e+00 5.264773600214791432e-02 5.468551138310532522e+00 1.809994743609414508e-02 4.867380694968758803e+00 1.377046904280199678e-02 0.000000000000000000e+00 -1.614938199999999924e+01 3.996399999999999952e-02 2.668531630999999834e+03
4.525000000000000000e+03 -4.000000000000000000e+03 -5.203200000000000000e+04 -9.040289083990444396e+00 6.384569771535805738e-02 5.483485826938288454e+00 1.133106789974368429e-02 4.845257325968880480e+00 1.799717848693300343e-02 0.000000000000000000e+00 -1.616013500000000036e+01 2.138999999999999929e-02 2.735523462999999992e+03
4.525000000000000000e+03 0.000000000000000000e+00 -5.203200000000000000e+04 -8.947667952461205942e+00 7.123628122733258183e-02 5.353739816277866659e+00 1.424227139886777641e-02 5.180997551890728303e+00 9.833769587567972592e-03 0.000000000000000000e+00 -1.615667300000000139e+01 2.981100000000000069e-02 2.991509105000000091e+03
4.525000000000000000e+03 0.000000000000000000e+00 -5.203200000000000000e+04 -8.909584302865154015e+00 8.253431873411855302e-02 5.452019302184632821e+00 1.620652615247132264e-02 5.193378694178387711e+00 1.115520767015070087e-02 0.000000000000000000e+00 -1.614074400000000153e+01 3.083599999999999883e-02 3.363744395000000168e+03
4.525000000000000000e+03 0.000000000000000000e+00 -5.203200000000000000e+04 -8.897148881136827114e+00 7.791849380279158854e-02 5.439146095019605553e+00 1.188897013501521126e-02 5.160427604928941037e+00 9.059225056981617952e-03 0.000000000000000000e+00 -1.616272299999999973e+01 2.956699999999999953e-02 3.430868234999999913e+03
4.525000000000000000e+03 4.000000000000000000e+03 -5.203200000000000000e+04 -9.099537499210184066e+00 7.600765238348093644e-02 5.649461929401213389e+00 1.400926749147750165e-02 5.201684609644453339e+00 1.538983165938336527e-02 0.000000000000000000e+00 -1.614375400000000127e+01 3.521400000000000224e-02 8.768331520000000410e+02
4.525000000000000000e+03 4.000000000000000000e+03 -5.203200000000000000e+04 -9.091965959600027958e+00 7.424520383173419114e-02 5.678370561015094964e+00 1.457489916795418582e-02 5.214835466694269783e+00 1.791588614130520257e-02 0.000000000000000000e+00 -1.615240199999999859e+01 3.468299999999999855e-02 1.248880431999999928e+03
4.525000000000000000e+03 4.000000000000000000e+03 -5.203200000000000000e+04 -9.106583111453621981e+00 7.414011851399318620e-02 5.651521705173565557e+00 1.400619746493768532e-02 5.188139602413641249e+00 1.707208974625600700e-02 0.000000000000000000e+00 -1.615711100000000044e+01 2.875399999999999831e-02 1.315839261999999962e+03
4.525000000000000000e+03 8.000000000000000000e+03 -5.203200000000000000e+04 -9.196349990847826561e+00 7.329735507130753780e-02 5.696598999344411496e+00 1.222581999764768557e-02 4.792853849314354875e+00 1.357611693142708915e-02 0.000000000000000000e+00 -1.613689499999999910e+01 2.151399999999999840e-02 1.570815845999999965e+03
4.525000000000000000e+03 8.000000000000000000e+03 -5.203200000000000000e+04 -9.181658515026123624e+00 6.795751165931315785e-02 5.714843913248848217e+00 1.509616365310736258e-02 4.830102027965128997e+00 1.261523880205663722e-02 0.000000000000000000e+00 -1.615527300000000110e+01 2.936400000000000121e-02 1.943158143000000109e+03
4.525000000000000000e+03 8.000000000000000000e+03 -5.203200000000000000e+04 -9.174450500316257973e+00 6.035706801840254321e-02 5.686094937369940538e+00 1.432151494196678282e-02 4.832358530536891017e+00 1.549922639969333882e-02 0.000000000000000000e+00 -1.614406699999999972e+01 3.372499999999999803e-02 2.010121973000000025e+03
8.525000000000000000e+03 -4.000000000000000000e+03 -5.203200000000000000e+04 -9.119908106485288712e+00 7.451368686967396737e-02 5.469928083909506356e+00 1.409630985187075580e-02 4.200993881608968472e+00 1.773735824885513956e-02 0.000000000000000000e+00 -1.615617699999999957e+01 3.471799999999999886e-02 2.322483838999999989e+03
8.525000000000000000e+03 -4.000000000000000000e+03 -5.203200000000000000e+04 -9.111316412014936361e+00 7.320684834516616446e-02 5.467758050159241989e+00 1.801264243788993843e-02 4.232707824247038175e+00 1.397774580440527999e-02 0.000000000000000000e+00 -1.614476200000000006e+01 2.520500000000000171e-02 2.643433195999999953e+03
8.525000000000000000e+03 -4.000000000000000000e+03 -5.203200000000000000e+04 -9.123057036185437951e+00 6.648113031245261872e-02 5.424186556848732188e+00 1.722538155403082957e-02 4.213618519262855244e+00 1.368218066306504076e-02 0.000000000000000000e+00 -1.613065599999999833e+01 2.171700000000000019e-02 2.760607898000000205e+03
8.525000000000000000e+03 0.000000000000000000e+00 -5.203200000000000000e+04 -8.910208543396345604e+00 7.273587367297117134e-02 5.332738392753089585e+00 1.212684120453024969e-02 5.200209210290579698e+00 9.791003851990139409e-03 0.000000000000000000e+00 -1.614887999999999835e+01 3.684199999999999975e-02 3.016782549999999901e+03
8.525000000000000000e+03 0.000000000000000000e+00 -5.203200000000000000e+04 -8.925690931901122838e+00 8.665240348790922975e-02 5.437021669209368469e+00 1.191908820719427345e-02 5.190117862078842847e+00 1.163939534845772998e-02 0.000000000000000000e+00 -1.615651899999999941e+01 3.167999999999999983e-02 3.338653960000000097e+03
8.525000000000000000e+03 0.000000000000000000e+00 -5.203200000000000000e+04 -8.927537352809865823e+00 8.177838825486481722e-02 5.402452001214061106e+00 1.259512232998949259e-02 5.219746658452001142e+00 1.249419344852584733e-02 0.000000000000000000e+00 -1.616781900000000149e+01 3.341999999999999832e-02 3.455960669999999936e+03
8.525000000000000000e+03 4.000000000000000000e+03 -5.203200000000000000e+04 -8.992382181104307648e+00 5.873560779452029201e-02 5.671850990437405926e+00 1.241565053392509714e-02 5.830371102424015461e+00 1.693341846254714511e-02 0.000000000000000000e+00 -1.615225799999999978e+01 2.687900000000000011e-02 9.019655900000000202e+02
8.525000000000000000e+03 4.000000000000000000e+03 -5.203200000000000000e+04 -8.997456178265858640e+00 8.310922830292356844e-02 5.689338501393526926e+00 1.420128103820705000e-02 5.854741932659445425e+00 1.638390984369689912e-02 0.000000000000000000e+00 -1.615310699999999855e+01 2.722600000000000020e-02 1.223791997000000038e+03
8.525000000000000000e+03 4.000000000000000000e+03 -5.203200000000000000e+04 -8.994211029921689970e+00 6.248575488533666955e-02 5.697381554505809298e+00 1.145010439227020678e-02 5.832177062377136068e+00 1.386560088188529792e-02 0.000000000000000000e+00 -1.614748399999999862e+01 3.427499999999999991e-02 1.340864692999999988e+03
8.525000000000000000e+03 8.000000000000000000e+03 -5.203200000000000000e+04 -9.166424708885156036e+00 7.277550360931726858e-02 5.744267731871091520e+00 1.417764389987493691e-02 4.772734252836228208e+00 1.281830417249432523e-02 0.000000000000000000e+00 -1.614910400000000124e+01 3.079199999999999993e-02 1.595897279999999910e+03
8.525000000000000000e+03 8.000000000000000000e+03 -5.203200000000000000e+04 -9.143768499355049428e+00 7.090238402786887273e-02 5.746970615634684698e+00 1.202348216925909659e-02 4.758113910395356250e+00 1.275206656546744137e-02 0.000000000000000000e+00 -1.615293799999999891e+01 2.536400000000000113e-02 1.918065706999999975e+03
8.525000000000000000e+03 8.000000000000000000e+03 -5.203200000000000000e+04 -9.114454122314510798e+00 7.396173057566886311e-02 5.740885196989797379e+00 1.493553477343589203e-02 4.762618368036579675e+00 1.072723157593107914e-02 0.000000000000000000e+00 -1.614627199999999974e+01 3.644700000000000023e-02 2.035207407000000103e+03
1.252500000000000000e+04 -4.000000000000000000e+03 -5.203200000000000000e+04 -9.183243248602421360e+00 7.917058670755859617e-02 5.410754043243353628e+00 1.602527681548260308e-02 3.554744017800687494e+00 1.523890423777586253e-02 0.000000000000000000e+00 -1.615848099999999832e+01 3.276099999999999846e-02 2.347575273999999808e+03
1.252500000000000000e+04 -4.000000000000000000e+03 -5.203200000000000000e+04 -9.148031395261437382e+00 7.123705228624178931e-02 5.480513234862084637e+00 1.726279937642242676e-02 3.560386375640652190e+00 1.651339993025791736e-02 0.000000000000000000e+00 -1.614472800000000063e+01 3.017200000000000090e-02 2.618349760999999944e+03
1.252500000000000000e+04 -4.000000000000000000e+03 -5.203200000000000000e+04 -9.196109576419628340e+00 5.721387112783921092e-02 5.368613597019740169e+00 1.582753414469070460e-02 3.568667310930366821e+00 2.100658435980624905e-02 0.000000000000000000e+00 -1.613272200000000112e+01 1.622200000000000031e-02 2.785692332999999962e+03
1.252500000000000000e+04 0.000000000000000000e+00 -5.203200000000000000e+04 -8.930804036328094497e+00 7.181884858207251976e-02 5.285187599925808222e+00 1.449302120937667401e-02 5.254816731402749852e+00 1.394258823066571798e-02 0.000000000000000000e+00 -1.616182900000000089e+01 3.108299999999999952e-02 3.041869984999999815e+03
1.252500000000000000e+04 0.000000000000000000e+00 -5.203200000000000000e+04 -8.911894398068008982e+00 7.676114650089597979e-02 5.367226888454983857e+00 1.675097336255387467e-02 5.243042195636984815e+00 7.200143698218481290e-03 0.000000000000000000e+00 -1.615457200000000171e+01 2.868899999999999922e-02 3.313567524999999932e+03
1.252500000000000000e+04 0.000000000000000000e+00 -5.203200000000000000e+04 -8.938513003348177222e+00 5.930226104558766753e-02 5.344522944958949751e+00 1.099490303009145048e-02 5.272959440524630281e+00 1.031866634986621650e-02 0.000000000000000000e+00 -1.614273599999999931e+01 2.586300000000000057e-02 3.480980101000000104e+03
1.252500000000000000e+04 4.000000000000000000e+03 -5.203200000000000000e+04 -8.866400687405636916e+00 8.133336390213269373e-02 5.679715267891973340e+00 1.444398098150157309e-02 6.462298574916640170e+00 1.797794089347487523e-02 0.000000000000000000e+00 -1.615141799999999961e+01 3.214399999999999896e-02 9.270580250000000433e+02
1.252500000000000000e+04 4.000000000000000000e+03 -5.203200000000000000e+04 -8.869358212816704778e+00 7.123353332111008462e-02 5.721955775397445265e+00 1.962673921134826596e-02 6.454807641521989048e+00 1.385213624391648177e-02 0.000000000000000000e+00 -1.615384200000000092e+01 2.404500000000000040e-02 1.198700561999999991e+03
1.252500000000000000e+04 4.000000000000000000e+03 -5.203200000000000000e+04 -8.868478583708320429e+00 9.772992392453368204e-02 5.685659226649965703e+00 1.370205562202219535e-02 6.473882528353986032e+00 1.418599486944314460e-02 0.000000000000000000e+00 -1.615239199999999897e+01 3.226600000000000301e-02 1.365948127999999997e+03
1.252500000000000000e+04 8.000000000000000000e+03 -5.203200000000000000e+04 -9.131232155779313686e+00 6.319739444828087471e-02 5.717791962988065357e+00 1.391210297340031779e-02 4.799768351390397925e+00 1.173023357848862122e-02 0.000000000000000000e+00 -1.615534200000000098e+01 3.996000000000000246e-02 1.621145723999999973e+03
1.252500000000000000e+04 8.000000000000000000e+03 -5.203200000000000000e+04 -9.102771700820545320e+00 7.805676043873605030e-02 5.735908226917101338e+00 1.414905859237679947e-02 4.783642503109035715e+00 1.069450699000472176e-02 0.000000000000000000e+00 -1.614752400000000065e+01 2.880299999999999874e-02 1.892978272000000061e+03
1.252500000000000000e+04 8.000000000000000000e+03 -5.203200000000000000e+04 -9.122925731314706965e+00 6.669772760035906634e-02 5.711243025370830395e+00 1.605474498127957075e-02 4.785114837487606465e+00 1.293998220765299988e-02 0.000000000000000000e+00 -1.614373399999999847e+01 4.780199999999999727e-02 2.060364845999999943e+03
1.652500000000000000e+04 -4.000000000000000000e+03 -5.203200000000000000e+04 -9.240349370290074305e+00 5.422641910695940454e-02 5.349269084380043893e+00 1.380564514883288706e-02 2.945790238805495065e+00 1.329005018278315263e-02 0.000000000000000000e+00 -1.610974999999999824e+01 1.689099999999999976e-02 2.372767714999999953e+03
1.652500000000000000e+04 -4.000000000000000000e+03 -5.203200000000000000e+04 -9.192693915920774117e+00 7.730882278796180618e-02 5.447735949013281065e+00 1.040554087171887375e-02 2.962128865772144515e+00 1.869095763481648173e-02 0.000000000000000000e+00 -1.615013199999999927e+01 2.975799999999999973e-02 2.593264326999999867e+03
1.652500000000000000e+04 -4.000000000000000000e+03 -5.203200000000000000e+04 -9.241514803821830881e+00 6.547973665374468011e-02 5.342050505685021378e+00 1.623792366091607667e-02 2.942313536300701138e+00 1.704951004980810592e-02 0.000000000000000000e+00 -1.614754900000000148e+01 1.664300000000000154e-02 2.810782768000000033e+03
1.652500000000000000e+04 0.000000000000000000e+00 -5.203200000000000000e+04 -8.966362602605901344e+00 7.180135498888826073e-02 5.200001407027476041e+00 1.024974471965068613e-02 5.322950773793952983e+00 1.212487888358663307e-02 0.000000000000000000e+00 -1.615378300000000067e+01 2.780300000000000132e-02 3.066958419999999933e+03
1.652500000000000000e+04 0.000000000000000000e+00 -5.203200000000000000e+04 -8.902461705981183471e+00 7.408556667069404744e-02 5.308358685667733390e+00 1.107744501743288500e-02 5.270230482802392480e+00 1.709490886105863305e-02 0.000000000000000000e+00 -1.617490300000000047e+01 3.890699999999999714e-02 3.288483091000000059e+03
1.652500000000000000e+04 0.000000000000000000e+00 -5.203200000000000000e+04 -8.943789560356654178e+00 5.874124330253296250e-02 5.243846625279754647e+00 1.556146738506941109e-02 5.328005094027545852e+00 1.222870300138359338e-02 0.000000000000000000e+00 -1.616319000000000017e+01 2.257800000000000085e-02 3.506060535000000073e+03
1.652500000000000000e+04 4.000000000000000000e+03 -5.203200000000000000e+04 -8.712625698806503394e+00 8.276812895774950107e-02 5.647328209834260981e+00 1.650472446068954394e-02 7.134066471845396329e+00 1.999449264947881708e-02 0.000000000000000000e+00 -1.614501599999999826e+01 2.586099999999999857e-02 9.521434600000000046e+02
1.652500000000000000e+04 4.000000000000000000e+03 -5.203200000000000000e+04 -8.704353774250495945e+00 7.264943006080776255e-02 5.737725294944636012e+00 1.540361991765449787e-02 7.108069158663313125e+00 1.818910584037146741e-02 0.000000000000000000e+00 -1.613670600000000022e+01 2.832799999999999901e-02 1.173611126999999897e+03
1.652500000000000000e+04 4.000000000000000000e+03 -5.203200000000000000e+04 -8.726128727038371835e+00 5.999761588117490108e-02 5.662914169083648197e+00 1.278234535114189559e-02 7.083066940211802276e+00 2.033202749110697011e-02 0.000000000000000000e+00 -1.615416000000000096e+01 2.935799999999999868e-02 1.391065565000000106e+03
1.652500000000000000e+04 8.000000000000000000e+03 -5.203200000000000000e+04 -9.072678835436965628e+00 6.147725393157967705e-02 5.688470131852384704e+00 1.224599431759865360e-02 4.806380448794550730e+00 1.282116146085890591e-02 0.000000000000000000e+00 -1.615481600000000029e+01 2.783199999999999910e-02 1.646226159000000052e+03
1.652500000000000000e+04 8.000000000000000000e+03 -5.203200000000000000e+04 -9.043886877888116516e+00 5.894714277845547468e-02 5.718456618954947501e+00 1.282528329048955758e-02 4.817757905485446912e+00 1.072521243496254127e-02 0.000000000000000000e+00 -1.616476000000000113e+01 3.488999999999999740e-02 1.867896837999999889e+03
1.652500000000000000e+04 8.000000000000000000e+03 -5.203200000000000000e+04 -9.092628835243473873e+00 8.065712877822307780e-02 5.667447422081079544e+00 1.245500741964146625e-02 4.832929562726879347e+00 1.284589749413470386e-02 0.000000000000000000e+00 -1.616138700000000128e+01 2.759700000000000000e-02 2.085462281999999959e+03
2.052500000000000000e+04 -4.000000000000000000e+03 -5.203200000000000000e+04 -9.257010193538198095e+00 7.407526251910327708e-02 5.352450320591153776e+00 1.158670125899212422e-02 2.267268195461778379e+00 2.106968836173911050e-02 0.000000000000000000e+00 -1.613499699999999848e+01 3.634300000000000030e-02 2.397853149000000030e+03
2.052500000000000000e+04 -4.000000000000000000e+03 -5.203200000000000000e+04 -9.202026448623424670e+00 7.646827117827084686e-02 5.420107322752533818e+00 2.030082296229676272e-02 2.235008417863626473e+00 1.863835867397976159e-02 0.000000000000000000e+00 -1.616276799999999980e+01 3.948000000000000120e-02 2.568179892000000109e+03
2.052500000000000000e+04 -4.000000000000000000e+03 -5.203200000000000000e+04 -9.261798366332889998e+00 7.726114232300429485e-02 5.357733337709372101e+00 1.691759963985029619e-02 2.232578002432382025e+00 1.601150371983252330e-02 0.000000000000000000e+00 -1.616257399999999933e+01 2.661000000000000171e-02 2.835973207999999886e+03
2.052500000000000000e+04 0.000000000000000000e+00 -5.203200000000000000e+04 -8.951758096426601696e+00 1.002338859401138565e-01 5.117308846864500715e+00 1.579027572306322680e-02 5.345314263324289605e+00 9.975178040209963307e-03 0.000000000000000000e+00 -1.617414300000000082e+01 3.522999999999999743e-02 3.092043854999999894e+03
2.052500000000000000e+04 0.000000000000000000e+00 -5.203200000000000000e+04 -8.911992507904999528e+00 8.863768953884913759e-02 5.234699664863053492e+00 1.110275391201366937e-02 5.348689041266821320e+00 1.515241432194415136e-02 0.000000000000000000e+00 -1.616530600000000106e+01 3.392799999999999983e-02 3.263394655999999941e+03
2.052500000000000000e+04 0.000000000000000000e+00 -5.203200000000000000e+04 -8.957175881282271490e+00 8.820540176064695093e-02 5.151787328819692036e+00 1.669685352313452983e-02 5.364199993077814810e+00 8.607734467898425432e-03 0.000000000000000000e+00 -1.616146699999999825e+01 3.571200000000000069e-02 3.531144969999999830e+03
2.052500000000000000e+04 4.000000000000000000e+03 -5.203200000000000000e+04 -8.554963866665834971e+00 8.596512019395756432e-02 5.632617992027586062e+00 9.361475864857865190e-03 7.710930293424137716e+00 1.986308678604890507e-02 0.000000000000000000e+00 -1.616090499999999963e+01 1.845700000000000118e-02 9.773288999999999760e+02
2.052500000000000000e+04 4.000000000000000000e+03 -5.203200000000000000e+04 -8.531057517283670677e+00 8.169527040019032571e-02 5.718279995447048236e+00 1.312871291303858816e-02 7.717908543590345616e+00 1.600256440345733736e-02 0.000000000000000000e+00 -1.614774299999999840e+01 1.991499999999999868e-02 1.148532691999999997e+03
2.052500000000000000e+04 4.000000000000000000e+03 -5.203200000000000000e+04 -8.550292383647283501e+00 9.686679699371630869e-02 5.641679740918846164e+00 1.248347038707332650e-02 7.755953441897330158e+00 1.224651816939078056e-02 0.000000000000000000e+00 -1.614184699999999850e+01 2.773799999999999877e-02 1.416155999999999949e+03
2.052500000000000000e+04 8.000000000000000000e+03 -5.203200000000000000e+04 -9.052760786414872030e+00 7.070869944219117242e-02 5.651565364232882693e+00 1.272245508047198208e-02 4.831414443866871800e+00 1.302611242540329707e-02 0.000000000000000000e+00 -1.613883200000000073e+01 1.793499999999999955e-02 1.671317594000000099e+03
2.052500000000000000e+04 8.000000000000000000e+03 -5.203200000000000000e+04 -8.981830559384833990e+00 5.919372518380758980e-02 5.699749615605348652e+00 1.580439751717364893e-02 4.819683145254093581e+00 1.173492867396383824e-02 0.000000000000000000e+00 -1.613898100000000113e+01 3.698300000000000198e-02 1.842804401999999982e+03
2.052500000000000000e+04 8.000000000000000000e+03 -5.203200000000000000e+04 -9.039704959377521831e+00 7.316684226285843917e-02 5.636645081253257139e+00 1.102910699781481894e-02 4.820551510783278815e+00 1.136239557103806315e-02 0.000000000000000000e+00 -1.612682600000000122e+01 4.041299999999999754e-02 2.110650723000000198e+03
2.452500000000000000e+04 -4.000000000000000000e+03 -5.203200000000000000e+04 -9.243148958939690019e+00 8.126862867423670367e-02 5.301449235312095887e+00 1.493629598037558674e-02 1.592728282142902962e+00 1.712193916575011424e-02 0.000000000000000000e+00 -1.615060899999999933e+01 3.371999999999999997e-02 2.422936584000000039e+03
2.452500000000000000e+04 -4.000000000000000000e+03 -5.203200000000000000e+04 -9.202552675435793361e+00 6.101906258917146747e-02 5.403640663270378397e+00 1.086910384908202493e-02 1.601450059858368968e+00 1.708787600190981096e-02 0.000000000000000000e+00 -1.615483599999999953e+01 2.817599999999999966e-02 2.543084456000000046e+03
2.452500000000000000e+04 -4.000000000000000000e+03 -5.203200000000000000e+04 -9.255175173571229763e+00 6.190988920770181675e-02 5.306955172883387029e+00 1.823754941268721647e-02 1.569657842656470015e+00 1.998846193957599243e-02 0.000000000000000000e+00 -1.615028600000000125e+01 3.608299999999999702e-02 2.861058642999999847e+03
2.452500000000000000e+04 0.000000000000000000e+00 -5.203200000000000000e+04 -8.945202075226884375e+00 7.226392902223310877e-02 5.024826523718583182e+00 1.327205106471976252e-02 5.362542061434751872e+00 1.116604038167177092e-02 0.000000000000000000e+00 -1.614314299999999847e+01 2.423099999999999907e-02 3.117131289999999808e+03
2.452500000000000000e+04 0.000000000000000000e+00 -5.203200000000000000e+04 -8.937103925728582254e+00 8.047079165219717112e-02 5.132812415978157183e+00 1.678902583876293667e-02 5.390680298685985861e+00 1.075722893007420577e-02 0.000000000000000000e+00 -1.614775300000000158e+01 3.110900000000000123e-02 3.238302220000000034e+03
2.452500000000000000e+04 0.000000000000000000e+00 -5.203200000000000000e+04 -8.914638047483894212e+00 6.708417148639776728e-02 5.061965901026434622e+00 1.468953126187501172e-02 5.377653478817334687e+00 1.078800501900008778e-02 0.000000000000000000e+00 -1.615483599999999953e+01 3.886499999999999677e-02 3.556233404999999948e+03
2.452500000000000000e+04 4.000000000000000000e+03 -5.203200000000000000e+04 -8.347246005116012668e+00 7.621623037402429357e-02 5.599774443768002818e+00 1.314856887253831701e-02 8.374653949330651770e+00 1.500068792348438658e-02 0.000000000000000000e+00 -1.614833399999999841e+01 2.050199999999999939e-02 1.002414335000000051e+03
2.452500000000000000e+04 4.000000000000000000e+03 -5.203200000000000000e+04 -8.337495648676286564e+00 6.757268229255936065e-02 5.713608090257801919e+00 1.235694165981122104e-02 8.333800255713871508e+00 1.818246082368538130e-02 0.000000000000000000e+00 -1.614871600000000029e+01 2.400199999999999903e-02 1.123446257999999943e+03
2.452500000000000000e+04 4.000000000000000000e+03 -5.203200000000000000e+04 -8.353069726920262283e+00 8.255522144093967174e-02 5.598353908053730343e+00 1.063148983999161537e-02 8.355037605108776688e+00 1.805200334089179098e-02 0.000000000000000000e+00 -1.614945600000000070e+01 2.747300000000000089e-02 1.440408386999999948e+03
2.452500000000000000e+04 8.000000000000000000e+03 -5.203200000000000000e+04 -8.965157998692953711e+00 5.773405848410915336e-02 5.569048884883669892e+00 1.533677777538261511e-02 4.872044601061312541e+00 1.253844952224928214e-02 0.000000000000000000e+00 -1.614940700000000007e+01 3.032899999999999832e-02 1.696402029000000084e+03
2.452500000000000000e+04 8.000000000000000000e+03 -5.203200000000000000e+04 -8.923899361490759574e+00 9.440894894124250702e-02 5.648667265028145756e+00 1.334594059910776398e-02 4.831053391840465672e+00 1.104310818270610312e-02 0.000000000000000000e+00 -1.616096500000000091e+01 3.316899999999999710e-02 1.817713966999999911e+03
2.452500000000000000e+04 8.000000000000000000e+03 -5.203200000000000000e+04 -8.986687228897427104e+00 9.481852956607898786e-02 5.586968750064605693e+00 1.077079249157422702e-02 4.814159972180235947e+00 1.270749503364245088e-02 0.000000000000000000e+00 -1.614026199999999989e+01 2.414600000000000080e-02 2.135917167999999947e+03
2.852500000000000000e+04 -4.000000000000000000e+03 -5.203200000000000000e+04 -9.222416510489207297e+00 7.819481461232821728e-02 5.269249594721876484e+00 1.360971772591696230e-02 1.014337241216854979e+00 1.375748295163341760e-02 0.000000000000000000e+00 -1.615236200000000011e+01 1.590099999999999847e-02 2.447058963999999833e+03
2.852500000000000000e+04 -4.000000000000000000e+03 -5.203200000000000000e+04 -9.196162853675607707e+00 7.354573797464859786e-02 5.277929848313974048e+00 1.091257082401366624e-02 1.051655249342833720e+00 1.610407531574586243e-02 0.000000000000000000e+00 -1.615314199999999900e+01 3.357799999999999674e-02 2.517987020999999913e+03
2.852500000000000000e+04 -4.000000000000000000e+03 -5.203200000000000000e+04 -9.209412823871158338e+00 8.625155425993129288e-02 5.243911495696597314e+00 1.427496359586159259e-02 1.034215209778174271e+00 1.988755837409298191e-02 0.000000000000000000e+00 -1.615376799999999946e+01 2.738300000000000109e-02 2.886175079999999980e+03
2.852500000000000000e+04 0.000000000000000000e+00 -5.203200000000000000e+04 -8.919395411817955477e+00 7.833602846174826662e-02 4.900429783130099359e+00 1.315582310487715088e-02 5.413835206882575690e+00 9.032812423234871935e-03 0.000000000000000000e+00 -1.616315000000000168e+01 3.260300000000000004e-02 3.142318729999999960e+03
2.852500000000000000e+04 0.000000000000000000e+00 -5.203200000000000000e+04 -8.903588786383402010e+00 7.815875039708433669e-02 4.955149676484637666e+00 1.589968748201786228e-02 5.458107365872617578e+00 1.463930583533368766e-02 0.000000000000000000e+00 -1.614564700000000030e+01 3.275700000000000139e-02 3.213220785999999862e+03
2.852500000000000000e+04 0.000000000000000000e+00 -5.203200000000000000e+04 -8.915538136444281392e+00 5.879382879055919386e-02 4.923090244937223581e+00 1.449603135271556459e-02 5.432719747315942094e+00 1.263420267240874216e-02 0.000000000000000000e+00 -1.616348800000000097e+01 1.333400000000000037e-02 3.581358842000000095e+03
2.852500000000000000e+04 4.000000000000000000e+03 -5.203200000000000000e+04 -8.134251178576578312e+00 8.018142193280121399e-02 5.557055785730047326e+00 1.741545395622170686e-02 8.977298310491734767e+00 1.524547930807110263e-02 0.000000000000000000e+00 -1.615609699999999904e+01 3.533499999999999835e-02 1.027503770000000031e+03
2.852500000000000000e+04 4.000000000000000000e+03 -5.203200000000000000e+04 -8.126499020379734262e+00 6.906721671982228583e-02 5.630136393056497823e+00 1.375177091185889218e-02 8.926803572606601733e+00 1.440246678055026770e-02 0.000000000000000000e+00 -1.616413899999999870e+01 2.652600000000000097e-02 1.098364822999999888e+03
2.852500000000000000e+04 4.000000000000000000e+03 -5.203200000000000000e+04 -8.138156400782150968e+00 8.585322776090649477e-02 5.597700701435837090e+00 1.527965725443607842e-02 8.939938093391264218e+00 1.411677648122514929e-02 0.000000000000000000e+00 -1.614133999999999958e+01 2.848799999999999943e-02 1.465604827999999998e+03
2.852500000000000000e+04 8.000000000000000000e+03 -5.203200000000000000e+04 -8.915159203621000117e+00 8.845689038088679068e-02 5.596012330769736920e+00 1.589078140265767075e-02 4.770149870206468634e+00 1.136186628845466118e-02 0.000000000000000000e+00 -1.614555199999999857e+01 2.672799999999999829e-02 1.721769479999999930e+03
2.852500000000000000e+04 8.000000000000000000e+03 -5.203200000000000000e+04 -8.902646548155470185e+00 9.779990477886643663e-02 5.630528961324858805e+00 1.538419148284032867e-02 4.764134493965348938e+00 1.203247084617121467e-02 0.000000000000000000e+00 -1.613475899999999896e+01 3.038300000000000028e-02 1.792624532000000045e+03
2.852500000000000000e+04 8.000000000000000000e+03 -5.203200000000000000e+04 -8.930044429001140927e+00 4.866081264527525457e-02 5.556123182236563096e+00 1.448757053681460488e-02 4.820394656251198562e+00 1.170354367882829073e-02 0.000000000000000000e+00 -1.615618200000000115e+01 3.099000000000000019e-02 2.161001603000000159e+03
3.252500000000000000e+04 -4.000000000000000000e+03 -5.203200000000000000e+04 -9.158019386841939280e+00 5.332265346007234591e-02 5.221171415150508643e+00 9.467567306780489550e-03 3.577135211037797413e-01 1.509766158279537453e-02 0.000000000000000000e+00 -1.616432800000000114e+01 3.451900000000000107e-02 2.472250404999999773e+03
3.252500000000000000e+04 -4.000000000000000000e+03 -5.203200000000000000e+04 -9.155069095850979721e+00 6.190134568885382466e-02 5.246243450214003623e+00 1.183652724622206998e-02 3.717276864318905805e-01 1.440880292246583469e-02 0.000000000000000000e+00 -1.615575000000000117e+01 2.492499999999999924e-02 2.492941588000000138e+03
3.252500000000000000e+04 -4.000000000000000000e+03 -5.203200000000000000e+04 -9.154805015010401448e+00 6.617681985124827804e-02 5.214694130875335176e+00 1.134164009421663108e-02 3.820705611568571136e-01 1.461132466098437506e-02 0.000000000000000000e+00 -1.616565900000000156e+01 3.277700000000000058e-02 2.911259515000000192e+03
3.252500000000000000e+04 0.000000000000000000e+00 -5.203200000000000000e+04 -8.858680731151288512e+00 6.666153479442164798e-02 4.827663206946460228e+00 1.021668493104762286e-02 5.418730823681339182e+00 1.107685324773304697e-02 0.000000000000000000e+00 -1.615670799999999829e+01 3.064499999999999863e-02 3.167405166000000008e+03
3.252500000000000000e+04 0.000000000000000000e+00 -5.203200000000000000e+04 -8.858658329073922033e+00 6.694301278129737021e-02 4.831854700542689507e+00 1.343974072933039506e-02 5.415140266123004587e+00 1.421412100312346126e-02 0.000000000000000000e+00 -1.617259800000000070e+01 3.624600000000000044e-02 3.188135350999999901e+03
3.252500000000000000e+04 0.000000000000000000e+00 -5.203200000000000000e+04 -8.854281789173542805e+00 6.896978411538685905e-02 4.850072567715296046e+00 1.321414039936116835e-02 5.421745459547996582e+00 1.403984197143617191e-02 0.000000000000000000e+00 -1.615048000000000172e+01 2.384299999999999961e-02 3.606446277000000009e+03
3.252500000000000000e+04 4.000000000000000000e+03 -5.203200000000000000e+04 -7.895246878343796126e+00 7.201649848566993306e-02 5.620505895405844221e+00 1.094566514834652803e-02 9.498249020496553285e+00 1.431006391752930908e-02 0.000000000000000000e+00 -1.613090899999999905e+01 2.278499999999999970e-02 1.052593204999999898e+03
3.252500000000000000e+04 4.000000000000000000e+03 -5.203200000000000000e+04 -7.896313242136582033e+00 6.383126281289414061e-02 5.585747631519391021e+00 1.373534532466209358e-02 9.484289803259860818e+00 1.781649714516075900e-02 0.000000000000000000e+00 -1.615012700000000123e+01 3.314500000000000085e-02 1.073279387999999926e+03
3.252500000000000000e+04 4.000000000000000000e+03 -5.203200000000000000e+04 -7.904727132869142636e+00 6.085119781922253973e-02 5.612075258477323025e+00 1.388464814348577825e-02 9.515847049963346294e+00 2.048978418376933702e-02 0.000000000000000000e+00 -1.615231700000000004e+01 3.921000000000000180e-02 1.490627259000000095e+03
3.252500000000000000e+04 8.000000000000000000e+03 -5.203200000000000000e+04 -8.824410905268830874e+00 6.743129907697421876e-02 5.500369046124984784e+00 1.655718340036470282e-02 4.798431756367037337e+00 1.015447214966615566e-02 0.000000000000000000e+00 -1.613618400000000008e+01 2.939500000000000099e-02 1.746854914999999892e+03
3.252500000000000000e+04 8.000000000000000000e+03 -5.203200000000000000e+04 -8.845515358946631324e+00 7.442815330150387432e-02 5.504324967207679720e+00 1.701384714632715039e-02 4.792490864148768459e+00 1.079063290123670991e-02 0.000000000000000000e+00 -1.615011200000000002e+01 2.823799999999999921e-02 1.767536098000000038e+03
3.252500000000000000e+04 8.000000000000000000e+03 -5.203200000000000000e+04 -8.876234905183640223e+00 6.963785325341056986e-02 5.457732313504387811e+00 1.795953468225231983e-02 4.841952231344566648e+00 1.055291794971558936e-02 0.000000000000000000e+00 -1.617086400000000168e+01 3.909599999999999881e-02 2.186092037999999775e+03
