2.525000000000000000e+03 -4.050000000000000000e+03 -5.203200000000000000e+04 -1.103875500000000009e+01 6.032499999999999668e-02 6.797502999999999851e+00 1.707699999999999843e-02 -2.613903000000000088e+00 1.664099999999999954e-02 0.000000000000000000e+00 -2.367066300000000112e+01 2.693800000000000014e-02 2.274811110999999983e+03
2.525000000000000000e+03 -4.050000000000000000e+03 -5.203200000000000000e+04 -1.104085199999999922e+01 5.851399999999999657e-02 6.790663999999999589e+00 1.079699999999999931e-02 -2.653592000000000173e+00 1.470199999999999979e-02 0.000000000000000000e+00 -2.369005500000000097e+01 2.300400000000000014e-02 2.693149038999999902e+03
2.525000000000000000e+03 -4.050000000000000000e+03 -5.203200000000000000e+04 -1.104782999999999937e+01 6.550300000000000566e-02 6.765090999999999966e+00 1.890000000000000013e-02 -2.647107000000000099e+00 1.872800000000000159e-02 0.000000000000000000e+00 -2.368111400000000089e+01 2.845599999999999866e-02 2.713840223000000151e+03
2.525000000000000000e+03 -5.000000000000000000e+01 -5.203200000000000000e+04 -9.026915999999999940e+00 8.615100000000000535e-02 5.615870000000000140e+00 1.553599999999999946e-02 4.951055000000000206e+00 1.292399999999999972e-02 0.000000000000000000e+00 -2.170577600000000018e+01 2.864299999999999832e-02 2.969853865999999925e+03
2.525000000000000000e+03 -5.000000000000000000e+01 -5.203200000000000000e+04 -8.994438000000000599e+00 7.771799999999999542e-02 5.639475000000000016e+00 1.603399999999999964e-02 4.896550000000000402e+00 1.173599999999999990e-02 0.000000000000000000e+00 -2.175695199999999829e+01 2.569899999999999962e-02 3.388194794000000002e+03
2.525000000000000000e+03 -5.000000000000000000e+01 -5.203200000000000000e+04 -8.976836999999999733e+00 6.879499999999999504e-02 5.629677000000000042e+00 1.349999999999999985e-02 4.912137000000000420e+00 1.344099999999999982e-02 0.000000000000000000e+00 -2.176477999999999824e+01 3.661799999999999777e-02 3.408886977000000115e+03
2.525000000000000000e+03 3.950000000000000000e+03 -5.203200000000000000e+04 -1.147882399999999947e+01 6.346400000000000652e-02 6.646340000000000359e+00 9.877999999999999628e-03 -2.576331000000000149e+00 1.504400000000000008e-02 0.000000000000000000e+00 -2.364679699999999940e+01 3.300999999999999768e-02 8.536068229999999630e+02
2.525000000000000000e+03 3.950000000000000000e+03 -5.203200000000000000e+04 -1.147113700000000058e+01 6.484099999999999586e-02 6.626479999999999926e+00 1.177300000000000048e-02 -2.608413000000000093e+00 1.343600000000000003e-02 0.000000000000000000e+00 -2.365845399999999898e+01 3.433300000000000241e-02 1.271944750999999997e+03
2.525000000000000000e+03 3.950000000000000000e+03 -5.203200000000000000e+04 -1.146395399999999931e+01 7.359899999999999776e-02 6.662866000000000177e+00 1.471800000000000018e-02 -2.584220000000000184e+00 1.695699999999999985e-02 0.000000000000000000e+00 -2.365692999999999913e+01 3.476599999999999829e-02 1.292633933999999954e+03
2.525000000000000000e+03 7.950000000000000000e+03 -5.203200000000000000e+04 -1.187676300000000040e+01 7.198300000000000531e-02 5.845482999999999763e+00 1.442700000000000059e-02 -2.297619000000000078e+00 1.046500000000000034e-02 0.000000000000000000e+00 -2.365654699999999977e+01 2.941900000000000071e-02 1.548651577999999972e+03
2.525000000000000000e+03 7.950000000000000000e+03 -5.203200000000000000e+04 -1.187950700000000026e+01 5.775700000000000278e-02 5.860736000000000168e+00 8.625999999999999987e-03 -2.341968000000000050e+00 1.277200000000000037e-02 0.000000000000000000e+00 -2.367494500000000102e+01 2.871999999999999900e-02 1.967091511000000082e+03
2.525000000000000000e+03 7.950000000000000000e+03 -5.203200000000000000e+04 -1.185568600000000039e+01 8.197200000000000319e-02 5.851338000000000150e+00 1.526199999999999952e-02 -2.339338999999999835e+00 1.010299999999999913e-02 0.000000000000000000e+00 -2.365302499999999952e+01 3.283400000000000207e-02 1.987785695000000032e+03
4.525000000000000000e+03 -4.050000000000000000e+03 -5.203200000000000000e+04 -1.108869800000000083e+01 7.675600000000000478e-02 6.763993000000000144e+00 1.206600000000000034e-02 -2.967176999999999953e+00 1.587099999999999969e-02 0.000000000000000000e+00 -2.368612099999999998e+01 2.591900000000000107e-02 2.297897432000000208e+03
4.525000000000000000e+03 -4.050000000000000000e+03 -5.203200000000000000e+04 -1.109357299999999924e+01 6.066300000000000164e-02 6.798414000000000179e+00 1.342199999999999990e-02 -2.972093000000000096e+00 1.256700000000000005e-02 0.000000000000000000e+00 -2.367476100000000017e+01 2.800300000000000011e-02 2.669959713000000193e+03
4.525000000000000000e+03 -4.050000000000000000e+03 -5.203200000000000000e+04 -1.109827699999999950e+01 6.241800000000000126e-02 6.741840999999999973e+00 1.688999999999999876e-02 -2.992624999999999869e+00 1.747900000000000148e-02 0.000000000000000000e+00 -2.368036400000000086e+01 2.374799999999999828e-02 2.736929543000000194e+03
4.525000000000000000e+03 -5.000000000000000000e+01 -5.203200000000000000e+04 -8.947544000000000608e+00 6.009199999999999958e-02 5.594865000000000421e+00 1.877099999999999949e-02 5.053784000000000276e+00 9.693000000000000227e-03 0.000000000000000000e+00 -2.169580799999999954e+01 3.143599999999999867e-02 2.992948186999999962e+03
4.525000000000000000e+03 -5.000000000000000000e+01 -5.203200000000000000e+04 -8.860103000000000506e+00 8.742800000000000571e-02 5.746971000000000274e+00 1.328299999999999967e-02 5.050348999999999755e+00 1.311599999999999919e-02 0.000000000000000000e+00 -2.169035399999999925e+01 3.322100000000000053e-02 3.365003467000000001e+03
4.525000000000000000e+03 -5.000000000000000000e+01 -5.203200000000000000e+04 -8.920208999999999833e+00 5.660199999999999954e-02 5.572887999999999842e+00 1.342299999999999917e-02 5.025729000000000113e+00 9.445000000000000270e-03 0.000000000000000000e+00 -2.173623399999999961e+01 3.260899999999999910e-02 3.431978297999999995e+03
4.525000000000000000e+03 3.950000000000000000e+03 -5.203200000000000000e+04 -1.143600900000000031e+01 5.786600000000000077e-02 6.638958999999999833e+00 9.920999999999999264e-03 -2.268746999999999847e+00 1.374099999999999974e-02 0.000000000000000000e+00 -2.364770599999999945e+01 3.269799999999999790e-02 8.766921439999999848e+02
4.525000000000000000e+03 3.950000000000000000e+03 -5.203200000000000000e+04 -1.142304700000000039e+01 5.771199999999999941e-02 6.649681000000000175e+00 1.329499999999999953e-02 -2.264022000000000201e+00 1.295299999999999924e-02 0.000000000000000000e+00 -2.366223400000000154e+01 3.790899999999999825e-02 1.248750424000000066e+03
4.525000000000000000e+03 3.950000000000000000e+03 -5.203200000000000000e+04 -1.144897100000000023e+01 7.992900000000000005e-02 6.582625000000000171e+00 1.550799999999999922e-02 -2.280731999999999982e+00 1.570999999999999827e-02 0.000000000000000000e+00 -2.365499700000000161e+01 2.617999999999999841e-02 1.315723255000000108e+03
4.525000000000000000e+03 7.950000000000000000e+03 -5.203200000000000000e+04 -1.185974399999999918e+01 6.334299999999999653e-02 5.850410000000000110e+00 1.902699999999999877e-02 -2.389483999999999941e+00 1.012900000000000085e-02 0.000000000000000000e+00 -2.365930399999999878e+01 2.289800000000000169e-02 1.571842904000000090e+03
4.525000000000000000e+03 7.950000000000000000e+03 -5.203200000000000000e+04 -1.185523099999999985e+01 7.737399999999999833e-02 5.871782999999999753e+00 1.359499999999999945e-02 -2.403058000000000138e+00 1.226099999999999933e-02 0.000000000000000000e+00 -2.366824000000000083e+01 3.148900000000000310e-02 1.943902184000000034e+03
4.525000000000000000e+03 7.950000000000000000e+03 -5.203200000000000000e+04 -1.184105199999999947e+01 8.655000000000000193e-02 5.858449000000000240e+00 1.521300000000000083e-02 -2.382279000000000035e+00 1.204900000000000068e-02 0.000000000000000000e+00 -2.367161700000000124e+01 3.124100000000000141e-02 2.010876015000000052e+03
8.525000000000000000e+03 -4.050000000000000000e+03 -5.203200000000000000e+04 -1.119820799999999927e+01 5.232200000000000045e-02 6.721376000000000239e+00 1.147699999999999936e-02 -3.566173000000000037e+00 1.526500000000000079e-02 0.000000000000000000e+00 -2.366835400000000078e+01 2.894899999999999904e-02 2.322988867000000027e+03
8.525000000000000000e+03 -4.050000000000000000e+03 -5.203200000000000000e+04 -1.118635800000000025e+01 8.894100000000000616e-02 6.768971999999999767e+00 1.550400000000000042e-02 -3.559480000000000199e+00 2.363600000000000076e-02 0.000000000000000000e+00 -2.366610899999999873e+01 2.938599999999999893e-02 2.644866277999999966e+03
8.525000000000000000e+03 -4.050000000000000000e+03 -5.203200000000000000e+04 -1.119968500000000056e+01 6.961299999999999433e-02 6.762139000000000344e+00 1.209700000000000011e-02 -3.601418999999999926e+00 1.411600000000000008e-02 0.000000000000000000e+00 -2.367101100000000002e+01 3.624900000000000344e-02 2.762019979000000149e+03
8.525000000000000000e+03 -5.000000000000000000e+01 -5.203200000000000000e+04 -8.945596999999999355e+00 8.809799999999999576e-02 5.632176000000000293e+00 1.108899999999999990e-02 5.073888000000000176e+00 1.219800000000000051e-02 0.000000000000000000e+00 -2.170009399999999999e+01 2.058300000000000060e-02 3.018037620999999945e+03
8.525000000000000000e+03 -5.000000000000000000e+01 -5.203200000000000000e+04 -8.868812999999999391e+00 6.781900000000000428e-02 5.720237000000000016e+00 1.153700000000000038e-02 5.126971000000000167e+00 1.095999999999999926e-02 0.000000000000000000e+00 -2.168634499999999932e+01 2.226200000000000054e-02 3.339916032000000087e+03
8.525000000000000000e+03 -5.000000000000000000e+01 -5.203200000000000000e+04 -8.973145000000000593e+00 6.799199999999999688e-02 5.582156999999999591e+00 1.362299999999999969e-02 5.059438000000000102e+00 1.044899999999999995e-02 0.000000000000000000e+00 -2.173840500000000020e+01 2.977499999999999938e-02 3.457072732999999971e+03
8.525000000000000000e+03 3.950000000000000000e+03 -5.203200000000000000e+04 -1.127374400000000065e+01 5.947399999999999909e-02 6.662059000000000175e+00 1.433500000000000052e-02 -1.701481000000000021e+00 1.537999999999999957e-02 0.000000000000000000e+00 -2.366021299999999883e+01 3.660599999999999965e-02 9.017805789999999888e+02
8.525000000000000000e+03 3.950000000000000000e+03 -5.203200000000000000e+04 -1.126781300000000030e+01 5.776099999999999984e-02 6.690108000000000388e+00 1.316699999999999988e-02 -1.689788000000000068e+00 1.334600000000000022e-02 0.000000000000000000e+00 -2.365436700000000059e+01 2.647100000000000147e-02 1.223658989000000020e+03
8.525000000000000000e+03 3.950000000000000000e+03 -5.203200000000000000e+04 -1.128992900000000077e+01 5.326299999999999785e-02 6.651684000000000374e+00 1.080700000000000063e-02 -1.714752999999999972e+00 1.660700000000000023e-02 0.000000000000000000e+00 -2.364961800000000025e+01 2.630299999999999999e-02 1.340818690000000061e+03
8.525000000000000000e+03 7.950000000000000000e+03 -5.203200000000000000e+04 -1.179418599999999984e+01 6.890899999999999803e-02 5.970785000000000231e+00 1.368199999999999972e-02 -2.408252000000000059e+00 1.212899999999999916e-02 0.000000000000000000e+00 -2.367100100000000040e+01 2.440000000000000155e-02 1.596933338999999933e+03
8.525000000000000000e+03 7.950000000000000000e+03 -5.203200000000000000e+04 -1.180374800000000057e+01 7.900500000000000578e-02 6.001788999999999596e+00 1.270699999999999955e-02 -2.416818999999999829e+00 1.234099999999999954e-02 0.000000000000000000e+00 -2.367029600000000045e+01 1.805899999999999866e-02 1.918809749999999894e+03
8.525000000000000000e+03 7.950000000000000000e+03 -5.203200000000000000e+04 -1.180937699999999957e+01 7.195100000000000107e-02 5.977992999999999668e+00 1.192799999999999937e-02 -2.402832000000000079e+00 1.282299999999999933e-02 0.000000000000000000e+00 -2.367213900000000137e+01 3.030899999999999914e-02 2.035969450999999935e+03
1.252500000000000000e+04 -4.050000000000000000e+03 -5.203200000000000000e+04 -1.128965799999999930e+01 7.963599999999999846e-02 6.721570999999999962e+00 1.584500000000000144e-02 -4.156654999999999767e+00 1.797899999999999845e-02 0.000000000000000000e+00 -2.368643399999999843e+01 3.590900000000000342e-02 2.348179308000000219e+03
1.252500000000000000e+04 -4.050000000000000000e+03 -5.203200000000000000e+04 -1.126339699999999944e+01 6.549499999999999766e-02 6.784742999999999746e+00 1.577900000000000136e-02 -4.163362000000000229e+00 1.514099999999999994e-02 0.000000000000000000e+00 -2.364623999999999882e+01 2.226399999999999907e-02 2.619777842999999848e+03
1.252500000000000000e+04 -4.050000000000000000e+03 -5.203200000000000000e+04 -1.128410500000000027e+01 6.015800000000000314e-02 6.734967000000000148e+00 1.504800000000000061e-02 -4.174693000000000431e+00 1.985699999999999965e-02 0.000000000000000000e+00 -2.369988000000000028e+01 2.033300000000000038e-02 2.787102413000000070e+03
1.252500000000000000e+04 -5.000000000000000000e+01 -5.203200000000000000e+04 -8.926610000000000156e+00 7.989499999999999380e-02 5.597427999999999848e+00 1.405499999999999979e-02 5.080178000000000083e+00 9.830999999999999461e-03 0.000000000000000000e+00 -2.168236200000000125e+01 3.241999999999999743e-02 3.043131057000000055e+03
1.252500000000000000e+04 -5.000000000000000000e+01 -5.203200000000000000e+04 -8.886298000000000030e+00 6.753399999999999681e-02 5.705199000000000353e+00 1.180299999999999926e-02 5.131744000000000305e+00 1.192900000000000037e-02 0.000000000000000000e+00 -2.169257899999999850e+01 3.320399999999999741e-02 3.314825597000000016e+03
1.252500000000000000e+04 -5.000000000000000000e+01 -5.203200000000000000e+04 -8.937262999999999735e+00 7.322199999999999542e-02 5.519923999999999609e+00 1.216099999999999993e-02 5.136163999999999952e+00 1.257199999999999984e-02 0.000000000000000000e+00 -2.175859099999999913e+01 2.189400000000000027e-02 3.482163168000000042e+03
1.252500000000000000e+04 3.950000000000000000e+03 -5.203200000000000000e+04 -1.111022400000000054e+01 6.551099999999999979e-02 6.691099000000000352e+00 1.137699999999999996e-02 -1.134295000000000053e+00 1.574000000000000052e-02 0.000000000000000000e+00 -2.364360800000000040e+01 1.884200000000000111e-02 9.268680140000000165e+02
1.252500000000000000e+04 3.950000000000000000e+03 -5.203200000000000000e+04 -1.109571099999999966e+01 6.382100000000000273e-02 6.745103000000000293e+00 1.083800000000000041e-02 -1.156957999999999931e+00 1.443299999999999965e-02 0.000000000000000000e+00 -2.366963499999999954e+01 2.484199999999999950e-02 1.198566553999999996e+03
1.252500000000000000e+04 3.950000000000000000e+03 -5.203200000000000000e+04 -1.111752899999999933e+01 7.214299999999999879e-02 6.719942999999999778e+00 1.346499999999999954e-02 -1.152152999999999983e+00 1.145599999999999917e-02 0.000000000000000000e+00 -2.365808699999999831e+01 3.190300000000000080e-02 1.366009131000000025e+03
1.252500000000000000e+04 7.950000000000000000e+03 -5.203200000000000000e+04 -1.173714999999999975e+01 5.275799999999999934e-02 6.075645999999999880e+00 1.198500000000000086e-02 -2.384519000000000055e+00 1.303400000000000045e-02 0.000000000000000000e+00 -2.365730699999999942e+01 2.718599999999999836e-02 1.622024775000000091e+03
1.252500000000000000e+04 7.950000000000000000e+03 -5.203200000000000000e+04 -1.174782100000000007e+01 5.838600000000000040e-02 6.103448000000000206e+00 1.564600000000000019e-02 -2.350697999999999954e+00 1.286099999999999917e-02 0.000000000000000000e+00 -2.366026199999999946e+01 3.285300000000000026e-02 1.893719315000000051e+03
1.252500000000000000e+04 7.950000000000000000e+03 -5.203200000000000000e+04 -1.173855200000000032e+01 6.524199999999999444e-02 6.072788000000000075e+00 1.103999999999999947e-02 -2.317190999999999779e+00 1.340399999999999925e-02 0.000000000000000000e+00 -2.367773700000000048e+01 1.828400000000000164e-02 2.061061885999999959e+03
1.652500000000000000e+04 -4.050000000000000000e+03 -5.203200000000000000e+04 -1.132884300000000088e+01 6.727500000000000147e-02 6.735451000000000299e+00 1.580099999999999907e-02 -4.749527999999999750e+00 1.765299999999999855e-02 0.000000000000000000e+00 -2.366689799999999977e+01 2.564900000000000166e-02 2.373270743000000039e+03
1.652500000000000000e+04 -4.050000000000000000e+03 -5.203200000000000000e+04 -1.128922000000000025e+01 6.616800000000000459e-02 6.816601999999999606e+00 1.636699999999999960e-02 -4.734677999999999720e+00 2.109700000000000117e-02 0.000000000000000000e+00 -2.367659899999999951e+01 2.875899999999999984e-02 2.594686408000000029e+03
1.652500000000000000e+04 -4.050000000000000000e+03 -5.203200000000000000e+04 -1.133495899999999956e+01 7.162999999999999923e-02 6.728343999999999880e+00 1.774299999999999836e-02 -4.770887000000000100e+00 1.544200000000000086e-02 0.000000000000000000e+00 -2.366326300000000060e+01 2.105699999999999933e-02 2.812196848000000045e+03
1.652500000000000000e+04 -5.000000000000000000e+01 -5.203200000000000000e+04 -8.917820000000000746e+00 8.560500000000000054e-02 5.600575000000000081e+00 1.264799999999999952e-02 5.152140000000000164e+00 1.322199999999999938e-02 0.000000000000000000e+00 -2.167831899999999834e+01 2.072699999999999890e-02 3.068323498000000200e+03
1.652500000000000000e+04 -5.000000000000000000e+01 -5.203200000000000000e+04 -8.821092000000000155e+00 7.879300000000000193e-02 5.687940000000000218e+00 1.353900000000000069e-02 5.160192999999999586e+00 8.554000000000000839e-03 0.000000000000000000e+00 -2.169027900000000031e+01 2.552499999999999908e-02 3.289734162000000197e+03
1.652500000000000000e+04 -5.000000000000000000e+01 -5.203200000000000000e+04 -8.949690000000000367e+00 7.720000000000000473e-02 5.477949999999999875e+00 1.260499999999999989e-02 5.130537999999999599e+00 8.321000000000000271e-03 0.000000000000000000e+00 -2.174088899999999924e+01 2.497399999999999967e-02 3.507252602999999908e+03
1.652500000000000000e+04 3.950000000000000000e+03 -5.203200000000000000e+04 -1.090558200000000078e+01 8.724400000000000210e-02 6.741480000000000139e+00 1.659199999999999911e-02 -5.439009999999999678e-01 1.447799999999999955e-02 0.000000000000000000e+00 -2.365967600000000104e+01 2.320399999999999893e-02 9.519544489999999541e+02
1.652500000000000000e+04 3.950000000000000000e+03 -5.203200000000000000e+04 -1.084675200000000039e+01 6.857800000000000007e-02 6.831496999999999709e+00 1.256600000000000078e-02 -5.624890000000000168e-01 1.574400000000000105e-02 0.000000000000000000e+00 -2.365135599999999982e+01 3.642900000000000305e-02 1.173473118999999997e+03
1.652500000000000000e+04 3.950000000000000000e+03 -5.203200000000000000e+04 -1.091576899999999917e+01 6.984799999999999343e-02 6.720569000000000237e+00 1.571399999999999880e-02 -5.453789999999999472e-01 1.391799999999999982e-02 0.000000000000000000e+00 -2.366220500000000015e+01 2.960499999999999937e-02 1.391099566000000095e+03
1.652500000000000000e+04 7.950000000000000000e+03 -5.203200000000000000e+04 -1.168414100000000033e+01 7.280999999999999972e-02 6.164499000000000173e+00 1.227199999999999992e-02 -2.336073999999999984e+00 1.413000000000000020e-02 0.000000000000000000e+00 -2.365131200000000078e+01 3.757900000000000129e-02 1.647110208999999941e+03
1.652500000000000000e+04 7.950000000000000000e+03 -5.203200000000000000e+04 -1.162957100000000032e+01 6.880699999999999317e-02 6.249983000000000288e+00 1.185899999999999975e-02 -2.319385000000000030e+00 1.233300000000000021e-02 0.000000000000000000e+00 -2.367031599999999969e+01 3.821800000000000197e-02 1.868628879999999981e+03
1.652500000000000000e+04 7.950000000000000000e+03 -5.203200000000000000e+04 -1.167026500000000055e+01 5.392999999999999877e-02 6.168369000000000213e+00 1.340399999999999925e-02 -2.346915999999999780e+00 9.875000000000000097e-03 0.000000000000000000e+00 -2.368242499999999851e+01 3.163200000000000039e-02 2.086152321000000029e+03
2.052500000000000000e+04 -4.050000000000000000e+03 -5.203200000000000000e+04 -1.137763499999999972e+01 6.599599999999999911e-02 6.689402000000000292e+00 1.353599999999999942e-02 -5.307673999999999559e+00 1.587600000000000122e-02 0.000000000000000000e+00 -2.367355900000000091e+01 2.640800000000000092e-02 2.398361178000000109e+03
2.052500000000000000e+04 -4.050000000000000000e+03 -5.203200000000000000e+04 -1.134661400000000064e+01 6.054199999999999859e-02 6.770827999999999847e+00 1.366700000000000033e-02 -5.325285000000000046e+00 1.980300000000000116e-02 0.000000000000000000e+00 -2.365916999999999959e+01 2.770399999999999946e-02 2.569600973000000067e+03
2.052500000000000000e+04 -4.050000000000000000e+03 -5.203200000000000000e+04 -1.138937999999999917e+01 7.309400000000000619e-02 6.711077000000000403e+00 1.528799999999999951e-02 -5.357466999999999757e+00 1.817099999999999965e-02 0.000000000000000000e+00 -2.367093200000000053e+01 2.566600000000000131e-02 2.837386289000000033e+03
2.052500000000000000e+04 -5.000000000000000000e+01 -5.203200000000000000e+04 -8.873917000000000499e+00 7.381400000000000461e-02 5.530062000000000033e+00 1.127799999999999983e-02 5.169584000000000401e+00 1.082999999999999935e-02 0.000000000000000000e+00 -2.167739999999999867e+01 2.657999999999999946e-02 3.093414933000000019e+03
2.052500000000000000e+04 -5.000000000000000000e+01 -5.203200000000000000e+04 -8.856963000000000363e+00 7.874599999999999655e-02 5.635167000000000037e+00 1.488800000000000019e-02 5.176541000000000281e+00 1.148799999999999995e-02 0.000000000000000000e+00 -2.169551900000000089e+01 3.272200000000000109e-02 3.264643727000000126e+03
2.052500000000000000e+04 -5.000000000000000000e+01 -5.203200000000000000e+04 -8.945937999999999946e+00 7.160900000000000598e-02 5.409861000000000253e+00 1.342100000000000064e-02 5.149771999999999572e+00 1.040800000000000058e-02 0.000000000000000000e+00 -2.173355700000000112e+01 2.269699999999999843e-02 3.532341038000000026e+03
2.052500000000000000e+04 3.950000000000000000e+03 -5.203200000000000000e+04 -1.070382200000000061e+01 7.577100000000000501e-02 6.715288000000000146e+00 1.506099999999999973e-02 7.803599999999999426e-02 1.476700000000000061e-02 0.000000000000000000e+00 -2.363294899999999998e+01 2.619499999999999953e-02 9.771428889999999683e+02
2.052500000000000000e+04 3.950000000000000000e+03 -5.203200000000000000e+04 -1.063184900000000077e+01 5.944499999999999784e-02 6.881166000000000338e+00 1.035900000000000015e-02 1.886900000000000036e-02 1.755999999999999922e-02 0.000000000000000000e+00 -2.365399400000000085e+01 2.420399999999999982e-02 1.148382683999999927e+03
2.052500000000000000e+04 3.950000000000000000e+03 -5.203200000000000000e+04 -1.070491700000000002e+01 7.595999999999999974e-02 6.724772999999999890e+00 9.766999999999999640e-03 5.198699999999999849e-02 1.609800000000000120e-02 0.000000000000000000e+00 -2.365934400000000082e+01 3.148399999999999810e-02 1.416192000999999891e+03
2.052500000000000000e+04 7.950000000000000000e+03 -5.203200000000000000e+04 -1.162492199999999976e+01 8.931600000000000650e-02 6.202226999999999713e+00 1.414299999999999932e-02 -2.340761000000000092e+00 9.048999999999999752e-03 0.000000000000000000e+00 -2.366885500000000064e+01 3.199799999999999867e-02 1.672301650000000109e+03
2.052500000000000000e+04 7.950000000000000000e+03 -5.203200000000000000e+04 -1.155026900000000012e+01 7.006199999999999928e-02 6.349006000000000149e+00 1.144200000000000078e-02 -2.334429999999999783e+00 1.411300000000000054e-02 0.000000000000000000e+00 -2.365817600000000098e+01 2.465699999999999836e-02 1.843533443999999918e+03
2.052500000000000000e+04 7.950000000000000000e+03 -5.203200000000000000e+04 -1.161003700000000016e+01 7.130899999999999739e-02 6.190576000000000079e+00 1.717099999999999876e-02 -2.309803000000000051e+00 1.220899999999999937e-02 0.000000000000000000e+00 -2.366830399999999912e+01 2.858700000000000130e-02 2.111240756000000147e+03
2.452500000000000000e+04 -4.050000000000000000e+03 -5.203200000000000000e+04 -1.142187599999999925e+01 6.571599999999999664e-02 6.642153999999999670e+00 1.161099999999999979e-02 -5.942656999999999634e+00 1.312699999999999978e-02 0.000000000000000000e+00 -2.367548100000000133e+01 3.502899999999999764e-02 2.423454614000000220e+03
2.452500000000000000e+04 -4.050000000000000000e+03 -5.203200000000000000e+04 -1.139812799999999982e+01 1.045630000000000032e-01 6.707912999999999570e+00 1.273099999999999926e-02 -5.895668999999999826e+00 1.802399999999999836e-02 0.000000000000000000e+00 -2.366285500000000042e+01 2.052000000000000005e-02 2.544513538000000153e+03
2.452500000000000000e+04 -4.050000000000000000e+03 -5.203200000000000000e+04 -1.140488700000000044e+01 7.814400000000000512e-02 6.645794000000000423e+00 1.722299999999999873e-02 -5.922712999999999894e+00 2.563899999999999860e-02 0.000000000000000000e+00 -2.368171500000000052e+01 2.655000000000000068e-02 2.862478724000000057e+03
2.452500000000000000e+04 -5.000000000000000000e+01 -5.203200000000000000e+04 -8.890205999999999165e+00 8.350899999999999990e-02 5.425034000000000134e+00 1.601599999999999899e-02 5.192027000000000392e+00 1.188299999999999947e-02 0.000000000000000000e+00 -2.168601299999999910e+01 1.974800000000000166e-02 3.118505368000000090e+03
2.452500000000000000e+04 -5.000000000000000000e+01 -5.203200000000000000e+04 -8.817707999999999657e+00 6.964800000000000157e-02 5.522907000000000011e+00 1.575199999999999864e-02 5.227534000000000347e+00 1.435099999999999917e-02 0.000000000000000000e+00 -2.169148099999999957e+01 3.371799999999999797e-02 3.239558292000000165e+03
2.452500000000000000e+04 -5.000000000000000000e+01 -5.203200000000000000e+04 -8.915445000000000064e+00 7.681399999999999340e-02 5.300347999999999615e+00 1.243000000000000008e-02 5.164956000000000103e+00 1.031600000000000052e-02 0.000000000000000000e+00 -2.174609399999999937e+01 2.814099999999999935e-02 3.557429473000000144e+03
2.452500000000000000e+04 3.950000000000000000e+03 -5.203200000000000000e+04 -1.048086299999999937e+01 6.593000000000000249e-02 6.712016000000000204e+00 1.277200000000000037e-02 6.100149999999999739e-01 1.251299999999999982e-02 0.000000000000000000e+00 -2.365658200000000022e+01 2.238300000000000012e-02 1.002234324000000015e+03
2.452500000000000000e+04 3.950000000000000000e+03 -5.203200000000000000e+04 -1.044989799999999924e+01 9.822899999999999687e-02 6.805556000000000161e+00 1.338400000000000006e-02 5.691640000000000033e-01 1.146299999999999923e-02 0.000000000000000000e+00 -2.366190200000000132e+01 2.346499999999999975e-02 1.123287248000000091e+03
2.452500000000000000e+04 3.950000000000000000e+03 -5.203200000000000000e+04 -1.047676399999999930e+01 6.044499999999999873e-02 6.737856999999999985e+00 1.331300000000000018e-02 6.168090000000000517e-01 1.289399999999999921e-02 0.000000000000000000e+00 -2.366390300000000124e+01 3.120799999999999963e-02 1.441283437000000049e+03
2.452500000000000000e+04 7.950000000000000000e+03 -5.203200000000000000e+04 -1.157106800000000035e+01 5.066899999999999876e-02 6.224744000000000277e+00 1.294400000000000064e-02 -2.266608999999999874e+00 1.087600000000000025e-02 0.000000000000000000e+00 -2.365085499999999996e+01 1.733399999999999871e-02 1.697394084999999905e+03
2.452500000000000000e+04 7.950000000000000000e+03 -5.203200000000000000e+04 -1.150674099999999989e+01 8.125100000000000378e-02 6.349802999999999642e+00 1.340599999999999951e-02 -2.270106000000000179e+00 1.264299999999999972e-02 0.000000000000000000e+00 -2.365844399999999936e+01 3.279300000000000270e-02 1.818440008999999918e+03
2.452500000000000000e+04 7.950000000000000000e+03 -5.203200000000000000e+04 -1.156890800000000041e+01 6.313100000000000656e-02 6.212490999999999985e+00 1.608800000000000160e-02 -2.226836000000000038e+00 9.579999999999999974e-03 0.000000000000000000e+00 -2.369183299999999903e+01 3.521699999999999831e-02 2.136334190999999919e+03
2.852500000000000000e+04 -4.050000000000000000e+03 -5.203200000000000000e+04 -1.145538299999999943e+01 5.948799999999999921e-02 6.513037999999999883e+00 1.539699999999999923e-02 -6.509897999999999740e+00 1.511099999999999943e-02 0.000000000000000000e+00 -2.367795999999999879e+01 2.340700000000000072e-02 2.448551049000000148e+03
2.852500000000000000e+04 -4.050000000000000000e+03 -5.203200000000000000e+04 -1.144808500000000073e+01 7.306600000000000594e-02 6.563822000000000045e+00 1.506900000000000080e-02 -6.497600000000000264e+00 1.487800000000000060e-02 0.000000000000000000e+00 -2.368141200000000168e+01 1.715900000000000064e-02 2.519423103000000083e+03
2.852500000000000000e+04 -4.050000000000000000e+03 -5.203200000000000000e+04 -1.145924899999999980e+01 6.374100000000000599e-02 6.507454000000000072e+00 1.413500000000000000e-02 -6.521837999999999802e+00 1.693800000000000167e-02 0.000000000000000000e+00 -2.367423499999999947e+01 2.260099999999999956e-02 2.887569160000000011e+03
2.852500000000000000e+04 -5.000000000000000000e+01 -5.203200000000000000e+04 -8.899037999999999116e+00 6.284900000000000209e-02 5.290752000000000344e+00 1.566800000000000137e-02 5.206766000000000005e+00 1.045100000000000022e-02 0.000000000000000000e+00 -2.166089900000000057e+01 2.286900000000000044e-02 3.143598804000000200e+03
2.852500000000000000e+04 -5.000000000000000000e+01 -5.203200000000000000e+04 -8.868627999999999290e+00 5.450499999999999790e-02 5.334495000000000431e+00 1.163299999999999924e-02 5.229289999999999772e+00 1.248499999999999957e-02 0.000000000000000000e+00 -2.169776999999999845e+01 2.886199999999999877e-02 3.214465857000000142e+03
2.852500000000000000e+04 -5.000000000000000000e+01 -5.203200000000000000e+04 -8.944283000000000428e+00 7.656999999999999917e-02 5.172682000000000002e+00 1.148599999999999968e-02 5.203700000000000436e+00 1.440899999999999993e-02 0.000000000000000000e+00 -2.175004799999999960e+01 2.717100000000000071e-02 3.582621913999999833e+03
2.852500000000000000e+04 3.950000000000000000e+03 -5.203200000000000000e+04 -1.024928899999999921e+01 7.096500000000000030e-02 6.727405000000000079e+00 1.474600000000000043e-02 1.154968999999999912e+00 1.913600000000000023e-02 0.000000000000000000e+00 -2.364378200000000163e+01 3.650799999999999879e-02 1.027325759000000062e+03
2.852500000000000000e+04 3.950000000000000000e+03 -5.203200000000000000e+04 -1.023791899999999977e+01 6.711699999999999611e-02 6.730857000000000312e+00 1.349900000000000058e-02 1.146763999999999895e+00 1.816299999999999859e-02 0.000000000000000000e+00 -2.365075500000000019e+01 2.741299999999999987e-02 1.098197812999999996e+03
2.852500000000000000e+04 3.950000000000000000e+03 -5.203200000000000000e+04 -1.025526900000000019e+01 5.504699999999999871e-02 6.694780999999999871e+00 1.089900000000000070e-02 1.192404999999999937e+00 1.174299999999999997e-02 0.000000000000000000e+00 -2.365738199999999836e+01 2.368599999999999872e-02 1.466370871999999963e+03
2.852500000000000000e+04 7.950000000000000000e+03 -5.203200000000000000e+04 -1.151294000000000040e+01 6.148300000000000293e-02 6.231587000000000209e+00 1.872300000000000006e-02 -2.181777999999999995e+00 9.924000000000000529e-03 0.000000000000000000e+00 -2.366279600000000016e+01 2.849099999999999897e-02 1.722488520999999992e+03
2.852500000000000000e+04 7.950000000000000000e+03 -5.203200000000000000e+04 -1.146422500000000078e+01 6.935099999999999598e-02 6.298605000000000231e+00 1.268999999999999989e-02 -2.232273999999999869e+00 1.130899999999999961e-02 0.000000000000000000e+00 -2.365177399999999963e+01 2.437100000000000030e-02 1.793350574000000051e+03
2.852500000000000000e+04 7.950000000000000000e+03 -5.203200000000000000e+04 -1.151057600000000036e+01 7.359400000000000663e-02 6.218072000000000266e+00 1.566599999999999937e-02 -2.189967000000000219e+00 1.556199999999999944e-02 0.000000000000000000e+00 -2.369430200000000042e+01 2.766800000000000162e-02 2.161527631999999812e+03
3.252500000000000000e+04 -4.050000000000000000e+03 -5.203200000000000000e+04 -1.149911900000000031e+01 5.694400000000000156e-02 6.421899999999999942e+00 1.467300000000000028e-02 -7.051917999999999687e+00 1.765200000000000102e-02 0.000000000000000000e+00 -2.365240500000000168e+01 2.179599999999999940e-02 2.473639483999999811e+03
3.252500000000000000e+04 -4.050000000000000000e+03 -5.203200000000000000e+04 -1.148968299999999942e+01 6.127099999999999907e-02 6.392280000000000406e+00 1.581000000000000114e-02 -7.047652000000000250e+00 1.737800000000000109e-02 0.000000000000000000e+00 -2.367130900000000082e+01 3.700699999999999823e-02 2.494329667999999856e+03
3.252500000000000000e+04 -4.050000000000000000e+03 -5.203200000000000000e+04 -1.171889299999999956e+01 1.074999999999999983e-01 3.075931999999999888e+00 1.759699999999999875e-01 -9.275975999999999999e+00 4.347000000000000169e-02 0.000000000000000000e+00 -2.380865299999999962e+01 1.248299999999999930e-02 2.912658594999999877e+03
3.252500000000000000e+04 -5.000000000000000000e+01 -5.203200000000000000e+04 -8.888329000000000590e+00 7.442999999999999616e-02 5.144185000000000230e+00 1.446599999999999969e-02 5.263012999999999941e+00 7.526999999999999837e-03 0.000000000000000000e+00 -2.168365800000000121e+01 2.018199999999999855e-02 3.168687237999999979e+03
3.252500000000000000e+04 -5.000000000000000000e+01 -5.203200000000000000e+04 -8.836316999999999311e+00 6.328999999999999904e-02 5.145070999999999728e+00 1.270499999999999928e-02 5.251600999999999964e+00 9.015000000000000444e-03 0.000000000000000000e+00 -2.167733000000000132e+01 1.938300000000000092e-02 3.189375422000000071e+03
3.252500000000000000e+04 -5.000000000000000000e+01 -5.203200000000000000e+04 -8.910265000000000768e+00 8.102600000000000080e-02 5.027665999999999968e+00 1.151600000000000019e-02 5.246712999999999738e+00 7.616000000000000374e-03 0.000000000000000000e+00 -2.174075900000000061e+01 3.154799999999999965e-02 3.607709349000000202e+03
3.252500000000000000e+04 3.950000000000000000e+03 -5.203200000000000000e+04 -1.000169299999999950e+01 6.298199999999999632e-02 6.644414000000000264e+00 1.125600000000000038e-02 1.689916999999999891e+00 1.775900000000000048e-02 0.000000000000000000e+00 -2.364659800000000089e+01 3.264000000000000234e-02 1.052416193999999905e+03
3.252500000000000000e+04 3.950000000000000000e+03 -5.203200000000000000e+04 -1.000647299999999973e+01 6.112800000000000178e-02 6.679399000000000086e+00 1.110000000000000049e-02 1.687419999999999920e+00 1.537099999999999925e-02 0.000000000000000000e+00 -2.365324899999999886e+01 2.014799999999999924e-02 1.073108377999999902e+03
3.252500000000000000e+04 3.950000000000000000e+03 -5.203200000000000000e+04 -1.002263100000000051e+01 8.206199999999999606e-02 6.645005000000000273e+00 1.126800000000000024e-02 1.683591999999999977e+00 1.329299999999999926e-02 0.000000000000000000e+00 -2.367063399999999973e+01 4.340600000000000014e-02 1.491458305999999993e+03
3.252500000000000000e+04 7.950000000000000000e+03 -5.203200000000000000e+04 -1.142206999999999972e+01 7.527599999999999569e-02 6.199184999999999945e+00 1.350299999999999938e-02 -2.148744000000000209e+00 1.518500000000000058e-02 0.000000000000000000e+00 -2.366268099999999919e+01 3.402499999999999969e-02 1.747575955000000022e+03
3.252500000000000000e+04 7.950000000000000000e+03 -5.203200000000000000e+04 -1.144382599999999961e+01 7.133399999999999463e-02 6.195273000000000252e+00 1.242099999999999975e-02 -2.176204999999999945e+00 9.553000000000000727e-03 0.000000000000000000e+00 -2.366346100000000163e+01 2.405099999999999946e-02 1.768264138999999886e+03
3.252500000000000000e+04 7.950000000000000000e+03 -5.203200000000000000e+04 -1.146237200000000023e+01 7.225399999999999878e-02 6.201420999999999850e+00 1.636200000000000154e-02 -2.145065000000000222e+00 1.295100000000000071e-02 0.000000000000000000e+00 -2.368434299999999837e+01 1.883599999999999858e-02 2.186618066999999883e+03
