0.000000000000000000e+00 -3.970000000000000000e+03 -5.865400000000000000e+04 -1.358530599999999922e+01 7.822999999999999399e-02 6.639326999999999757e+00 1.469200000000000020e-02 -5.633160000000000389e-01 2.757799999999999835e-02 0.000000000000000000e+00 -1.989955700000000149e+01 3.211699999999999972e-02 3.203358221999999842e+03
0.000000000000000000e+00 -3.970000000000000000e+03 -5.865400000000000000e+04 -1.359326500000000060e+01 7.076300000000000645e-02 6.600570000000000270e+00 1.684099999999999833e-02 -5.810760000000000369e-01 2.613700000000000051e-02 0.000000000000000000e+00 -1.989947300000000041e+01 3.873599999999999960e-02 3.552914214999999786e+03
0.000000000000000000e+00 -3.970000000000000000e+03 -5.865400000000000000e+04 -1.359999999999999964e+01 6.120099999999999846e-02 6.583174999999999777e+00 1.040400000000000005e-02 -6.176709999999999701e-01 2.719900000000000095e-02 0.000000000000000000e+00 -1.990268599999999921e+01 4.407799999999999913e-02 3.573608397999999852e+03
0.000000000000000000e+00 -3.970000000000000000e+03 -5.865400000000000000e+04 -1.358339699999999972e+01 6.727099999999999747e-02 6.631795999999999580e+00 1.386700000000000085e-02 -5.811739999999999684e-01 2.582399999999999973e-02 0.000000000000000000e+00 -1.987481100000000112e+01 4.547500000000000153e-02 3.923176393000000189e+03
0.000000000000000000e+00 -3.970000000000000000e+03 -5.865400000000000000e+04 -1.358577200000000040e+01 6.737300000000000233e-02 6.592924000000000007e+00 1.480000000000000066e-02 -6.086169999999999636e-01 2.814600000000000088e-02 0.000000000000000000e+00 -1.987626200000000054e+01 5.023400000000000087e-02 3.943872576000000208e+03
0.000000000000000000e+00 3.000000000000000000e+01 -5.865400000000000000e+04 -1.386200400000000066e+01 5.983600000000000030e-02 6.238259000000000221e+00 1.171299999999999945e-02 -1.006920999999999955e+00 1.156399999999999963e-02 0.000000000000000000e+00 -1.989340800000000087e+01 4.173799999999999732e-02 4.146918190000000322e+03
0.000000000000000000e+00 3.000000000000000000e+01 -5.865400000000000000e+04 -1.375607300000000066e+01 7.433700000000000030e-02 6.480336999999999570e+00 1.621900000000000078e-02 -9.962119999999999864e-01 1.217099999999999953e-02 0.000000000000000000e+00 -1.987079299999999904e+01 4.718900000000000178e-02 4.496509184999999889e+03
0.000000000000000000e+00 3.000000000000000000e+01 -5.865400000000000000e+04 -1.375615200000000016e+01 9.022600000000000064e-02 6.482662999999999620e+00 1.114200000000000086e-02 -1.016855000000000064e+00 1.185300000000000069e-02 0.000000000000000000e+00 -1.989469400000000121e+01 5.287300000000000333e-02 4.517201369000000341e+03
0.000000000000000000e+00 3.000000000000000000e+01 -5.865400000000000000e+04 -1.374183799999999955e+01 6.567000000000000615e-02 6.502182999999999602e+00 1.395300000000000012e-02 -1.029965999999999937e+00 1.242900000000000081e-02 0.000000000000000000e+00 -1.988855999999999824e+01 5.576899999999999913e-02 4.866773363000000245e+03
0.000000000000000000e+00 3.000000000000000000e+01 -5.865400000000000000e+04 -1.372126800000000024e+01 6.698300000000000087e-02 6.499989000000000239e+00 1.362299999999999969e-02 -1.010617000000000099e+00 1.099200000000000003e-02 0.000000000000000000e+00 -1.987318700000000149e+01 4.257899999999999879e-02 4.887465546999999788e+03
0.000000000000000000e+00 4.030000000000000000e+03 -5.865400000000000000e+04 -1.419541500000000056e+01 8.697000000000000564e-02 6.271977999999999831e+00 9.017999999999999974e-03 -4.955089999999999772e-01 2.499099999999999933e-02 0.000000000000000000e+00 -1.989994899999999944e+01 4.311600000000000155e-02 1.300402379000000110e+03
0.000000000000000000e+00 4.030000000000000000e+03 -5.865400000000000000e+04 -1.420416600000000074e+01 8.753900000000000570e-02 6.229146000000000072e+00 1.127200000000000077e-02 -5.214950000000000419e-01 2.651299999999999837e-02 0.000000000000000000e+00 -1.991938100000000134e+01 4.676899999999999807e-02 1.649957372000000078e+03
0.000000000000000000e+00 4.030000000000000000e+03 -5.865400000000000000e+04 -1.420360999999999940e+01 6.456900000000000139e-02 6.249666999999999639e+00 1.199599999999999972e-02 -5.264259999999999495e-01 2.318599999999999828e-02 0.000000000000000000e+00 -1.993563299999999927e+01 4.995100000000000234e-02 1.670649556000000075e+03
0.000000000000000000e+00 4.030000000000000000e+03 -5.865400000000000000e+04 -1.420073499999999989e+01 6.333900000000000641e-02 6.263347999999999693e+00 1.016500000000000042e-02 -5.103760000000000518e-01 2.729200000000000029e-02 0.000000000000000000e+00 -1.990642599999999973e+01 5.076900000000000163e-02 2.020206548999999995e+03
0.000000000000000000e+00 4.030000000000000000e+03 -5.865400000000000000e+04 -1.420160699999999920e+01 5.179700000000000276e-02 6.251282999999999923e+00 1.058300000000000039e-02 -4.976749999999999785e-01 2.504699999999999982e-02 0.000000000000000000e+00 -1.991725999999999885e+01 4.763499999999999679e-02 2.040894731999999976e+03
0.000000000000000000e+00 8.030000000000000000e+03 -5.865400000000000000e+04 -1.440768199999999943e+01 6.861299999999999344e-02 5.422907000000000366e+00 1.427999999999999929e-02 -1.674460000000000115e-01 9.416000000000000758e-03 0.000000000000000000e+00 -1.988869400000000098e+01 4.514900000000000163e-02 2.243821339000000080e+03
0.000000000000000000e+00 8.030000000000000000e+03 -5.865400000000000000e+04 -1.439145500000000055e+01 8.276100000000000123e-02 5.401881999999999628e+00 1.404500000000000019e-02 -1.232440000000000063e-01 1.130100000000000028e-02 0.000000000000000000e+00 -1.988446199999999919e+01 5.978800000000000087e-02 2.593378333000000111e+03
0.000000000000000000e+00 8.030000000000000000e+03 -5.865400000000000000e+04 -1.441045699999999918e+01 6.386500000000000510e-02 5.398113000000000383e+00 1.372300000000000082e-02 -1.512330000000000063e-01 1.339800000000000019e-02 0.000000000000000000e+00 -1.991364899999999949e+01 4.657399999999999735e-02 2.614064515999999912e+03
0.000000000000000000e+00 8.030000000000000000e+03 -5.865400000000000000e+04 -1.440386099999999914e+01 6.375899999999999623e-02 5.402643000000000306e+00 1.699499999999999969e-02 -1.496999999999999997e-01 1.195700000000000061e-02 0.000000000000000000e+00 -1.989270300000000091e+01 4.779599999999999821e-02 2.963635510000000068e+03
0.000000000000000000e+00 8.030000000000000000e+03 -5.865400000000000000e+04 -1.440405499999999961e+01 7.669399999999999828e-02 5.402969999999999828e+00 1.082800000000000082e-02 -1.450269999999999893e-01 1.086699999999999992e-02 0.000000000000000000e+00 -1.989801200000000136e+01 4.662899999999999684e-02 2.984322693000000072e+03
4.000000000000000000e+03 -3.970000000000000000e+03 -5.865400000000000000e+04 -1.378026499999999999e+01 8.236499999999999377e-02 6.578980999999999746e+00 1.736400000000000096e-02 -1.276939999999999964e+00 2.793299999999999950e-02 0.000000000000000000e+00 -1.990025699999999986e+01 6.618499999999999384e-02 3.226848564999999780e+03
4.000000000000000000e+03 -3.970000000000000000e+03 -5.865400000000000000e+04 -1.377962899999999991e+01 6.038999999999999924e-02 6.621595000000000120e+00 1.307499999999999982e-02 -1.265011000000000108e+00 2.324400000000000077e-02 0.000000000000000000e+00 -1.987141400000000147e+01 5.680199999999999833e-02 3.529422871000000214e+03
4.000000000000000000e+03 -3.970000000000000000e+03 -5.865400000000000000e+04 -1.377677399999999963e+01 6.742299999999999682e-02 6.586756000000000277e+00 1.204399999999999915e-02 -1.245317000000000007e+00 2.858099999999999877e-02 0.000000000000000000e+00 -1.989571799999999868e+01 6.082800000000000012e-02 3.597098742000000129e+03
4.000000000000000000e+03 -3.970000000000000000e+03 -5.865400000000000000e+04 -1.377285200000000032e+01 6.502099999999999547e-02 6.602374000000000187e+00 1.612699999999999897e-02 -1.242893999999999943e+00 2.114800000000000013e-02 0.000000000000000000e+00 -1.989356199999999930e+01 6.177599999999999758e-02 3.899682049000000006e+03
4.000000000000000000e+03 -3.970000000000000000e+03 -5.865400000000000000e+04 -1.378396799999999978e+01 6.310699999999999643e-02 6.625373999999999874e+00 1.257300000000000084e-02 -1.294300000000000006e+00 2.886899999999999883e-02 0.000000000000000000e+00 -1.987656000000000134e+01 4.909399999999999875e-02 3.967368919999999889e+03
4.000000000000000000e+03 3.000000000000000000e+01 -5.865400000000000000e+04 -1.383325400000000016e+01 1.068930000000000019e-01 6.215561000000000114e+00 1.436499999999999930e-02 -8.709689999999999932e-01 9.757000000000000048e-03 0.000000000000000000e+00 -1.991266999999999854e+01 3.519200000000000106e-02 4.170410533000000214e+03
4.000000000000000000e+03 3.000000000000000000e+01 -5.865400000000000000e+04 -1.371968999999999994e+01 7.937800000000000411e-02 6.390509999999999913e+00 1.343899999999999956e-02 -8.630250000000000421e-01 1.272500000000000020e-02 0.000000000000000000e+00 -1.987542200000000037e+01 5.774900000000000172e-02 4.473016841999999997e+03
4.000000000000000000e+03 3.000000000000000000e+01 -5.865400000000000000e+04 -1.373363600000000062e+01 5.912499999999999700e-02 6.392999999999999794e+00 8.299000000000000821e-03 -8.638869999999999605e-01 1.017200000000000049e-02 0.000000000000000000e+00 -1.986568199999999962e+01 5.049100000000000116e-02 4.540691711999999825e+03
4.000000000000000000e+03 3.000000000000000000e+01 -5.865400000000000000e+04 -1.373881300000000039e+01 6.480800000000000449e-02 6.409928999999999988e+00 1.332799999999999957e-02 -8.720649999999999791e-01 1.342800000000000070e-02 0.000000000000000000e+00 -1.989610000000000056e+01 3.747600000000000237e-02 4.843280020000000150e+03
4.000000000000000000e+03 3.000000000000000000e+01 -5.865400000000000000e+04 -1.373136900000000082e+01 7.721200000000000285e-02 6.401619000000000170e+00 1.360300000000000051e-02 -8.553680000000000172e-01 1.182399999999999944e-02 0.000000000000000000e+00 -1.987713099999999855e+01 5.219700000000000034e-02 4.910959890000000087e+03
4.000000000000000000e+03 4.030000000000000000e+03 -5.865400000000000000e+04 -1.397269599999999912e+01 6.738700000000000245e-02 6.306562999999999697e+00 1.076500000000000026e-02 1.556800000000000128e-01 2.484799999999999856e-02 0.000000000000000000e+00 -1.989436600000000155e+01 5.613300000000000234e-02 1.323893722000000025e+03
4.000000000000000000e+03 4.030000000000000000e+03 -5.865400000000000000e+04 -1.396003999999999934e+01 6.511100000000000221e-02 6.300495999999999874e+00 9.468000000000000721e-03 1.579780000000000073e-01 2.751599999999999879e-02 0.000000000000000000e+00 -1.989106299999999905e+01 5.837300000000000127e-02 1.626464028000000098e+03
4.000000000000000000e+03 4.030000000000000000e+03 -5.865400000000000000e+04 -1.397809200000000018e+01 7.977700000000000069e-02 6.280823999999999963e+00 1.226400000000000060e-02 1.633499999999999952e-01 2.359999999999999945e-02 0.000000000000000000e+00 -1.990402200000000121e+01 5.401399999999999951e-02 1.694142898999999943e+03
4.000000000000000000e+03 4.030000000000000000e+03 -5.865400000000000000e+04 -1.397238699999999945e+01 6.879200000000000592e-02 6.309122000000000341e+00 1.132999999999999979e-02 1.615209999999999979e-01 2.572100000000000081e-02 0.000000000000000000e+00 -1.988577799999999840e+01 5.621199999999999808e-02 1.996714204999999993e+03
4.000000000000000000e+03 4.030000000000000000e+03 -5.865400000000000000e+04 -1.398056099999999979e+01 8.294799999999999396e-02 6.289515999999999885e+00 8.878999999999999740e-03 1.607320000000000138e-01 2.589800000000000088e-02 0.000000000000000000e+00 -1.990621300000000105e+01 6.348900000000000376e-02 2.064383076000000074e+03
4.000000000000000000e+03 8.030000000000000000e+03 -5.865400000000000000e+04 -1.437085399999999957e+01 8.090500000000000469e-02 5.600206000000000017e+00 1.275100000000000018e-02 -3.161340000000000261e-01 1.063700000000000062e-02 0.000000000000000000e+00 -1.990269599999999883e+01 3.458399999999999669e-02 2.267310681999999815e+03
4.000000000000000000e+03 8.030000000000000000e+03 -5.865400000000000000e+04 -1.436378200000000049e+01 6.166599999999999859e-02 5.602948999999999735e+00 1.319599999999999940e-02 -2.946250000000000258e-01 1.124400000000000052e-02 0.000000000000000000e+00 -1.986196100000000087e+01 5.954500000000000071e-02 2.569888989000000038e+03
4.000000000000000000e+03 8.030000000000000000e+03 -5.865400000000000000e+04 -1.435494699999999924e+01 6.883000000000000229e-02 5.589941999999999744e+00 1.411199999999999954e-02 -3.031539999999999790e-01 1.106399999999999918e-02 0.000000000000000000e+00 -1.990337699999999899e+01 5.271399999999999697e-02 2.637556858999999804e+03
4.000000000000000000e+03 8.030000000000000000e+03 -5.865400000000000000e+04 -1.439058900000000030e+01 7.166400000000000547e-02 5.587981000000000087e+00 1.022999999999999951e-02 -3.165020000000000056e-01 9.544999999999999665e-03 0.000000000000000000e+00 -1.990237300000000076e+01 5.392600000000000171e-02 2.940145165999999790e+03
4.000000000000000000e+03 8.030000000000000000e+03 -5.865400000000000000e+04 -1.435213099999999997e+01 6.699700000000000100e-02 5.596813000000000038e+00 1.369100000000000004e-02 -2.890590000000000104e-01 1.267500000000000050e-02 0.000000000000000000e+00 -1.988755700000000104e+01 4.778500000000000109e-02 3.007814037000000098e+03
8.000000000000000000e+03 -3.970000000000000000e+03 -5.865400000000000000e+04 -1.399245200000000011e+01 5.596600000000000186e-02 6.570400000000000240e+00 1.081299999999999970e-02 -1.855467999999999895e+00 2.827199999999999852e-02 0.000000000000000000e+00 -1.988764099999999857e+01 5.984400000000000136e-02 3.250339908999999807e+03
8.000000000000000000e+03 -3.970000000000000000e+03 -5.865400000000000000e+04 -1.397164599999999979e+01 6.525799999999999657e-02 6.566398000000000401e+00 1.211300000000000050e-02 -1.830033999999999939e+00 3.133899999999999880e-02 0.000000000000000000e+00 -1.990577599999999947e+01 5.027500000000000024e-02 3.505940528000000086e+03
8.000000000000000000e+03 -3.970000000000000000e+03 -5.865400000000000000e+04 -1.398181600000000024e+01 6.873999999999999555e-02 6.581919000000000075e+00 1.322000000000000085e-02 -1.834248000000000101e+00 2.719299999999999842e-02 0.000000000000000000e+00 -1.990004899999999921e+01 4.094799999999999829e-02 3.620592086000000108e+03
8.000000000000000000e+03 -3.970000000000000000e+03 -5.865400000000000000e+04 -1.397043599999999941e+01 7.494099999999999373e-02 6.599979000000000262e+00 1.112900000000000000e-02 -1.833291999999999922e+00 2.813699999999999882e-02 0.000000000000000000e+00 -1.989483299999999844e+01 6.254600000000000437e-02 3.876192704999999933e+03
8.000000000000000000e+03 -3.970000000000000000e+03 -5.865400000000000000e+04 -1.397926099999999927e+01 8.168400000000000660e-02 6.543460999999999750e+00 1.782699999999999910e-02 -1.866921000000000053e+00 2.344100000000000003e-02 0.000000000000000000e+00 -1.988446199999999919e+01 5.441399999999999709e-02 3.990862263999999868e+03
8.000000000000000000e+03 3.000000000000000000e+01 -5.865400000000000000e+04 -1.381360899999999958e+01 5.791299999999999920e-02 6.072263000000000410e+00 1.662299999999999889e-02 -8.555249999999999799e-01 1.200999999999999984e-02 0.000000000000000000e+00 -1.988832199999999872e+01 4.905899999999999844e-02 4.193904876999999942e+03
8.000000000000000000e+03 3.000000000000000000e+01 -5.865400000000000000e+04 -1.374902799999999914e+01 8.907800000000000440e-02 6.228303999999999618e+00 1.141400000000000053e-02 -8.373159999999999492e-01 1.088399999999999958e-02 0.000000000000000000e+00 -1.987912800000000146e+01 6.504500000000000559e-02 4.449526498000000174e+03
8.000000000000000000e+03 3.000000000000000000e+01 -5.865400000000000000e+04 -1.375691400000000009e+01 7.329099999999999504e-02 6.210150999999999755e+00 1.254700000000000086e-02 -8.417139999999999622e-01 1.327200000000000081e-02 0.000000000000000000e+00 -1.988531199999999899e+01 3.724600000000000133e-02 4.564183055999999851e+03
8.000000000000000000e+03 3.000000000000000000e+01 -5.865400000000000000e+04 -1.373740500000000075e+01 7.000299999999999578e-02 6.244862000000000357e+00 1.384200000000000014e-02 -8.393739999999999535e-01 1.244699999999999973e-02 0.000000000000000000e+00 -1.986326299999999989e+01 4.862899999999999862e-02 4.819793676000000232e+03
8.000000000000000000e+03 3.000000000000000000e+01 -5.865400000000000000e+04 -1.374529700000000076e+01 5.903499999999999720e-02 6.213420000000000165e+00 1.419699999999999955e-02 -8.133390000000000342e-01 9.528999999999999276e-03 0.000000000000000000e+00 -1.987634100000000004e+01 6.353200000000000514e-02 4.934452234000000317e+03
8.000000000000000000e+03 4.030000000000000000e+03 -5.865400000000000000e+04 -1.371133099999999949e+01 6.772699999999999554e-02 6.321271000000000306e+00 1.027999999999999921e-02 6.922549999999999537e-01 2.392899999999999888e-02 0.000000000000000000e+00 -1.987786600000000092e+01 4.839399999999999952e-02 1.347382065999999895e+03
8.000000000000000000e+03 4.030000000000000000e+03 -5.865400000000000000e+04 -1.370666899999999977e+01 6.123800000000000077e-02 6.305227999999999611e+00 1.428300000000000056e-02 6.878769999999999607e-01 2.158399999999999902e-02 0.000000000000000000e+00 -1.990438500000000133e+01 5.018700000000000244e-02 1.602976685000000089e+03
8.000000000000000000e+03 4.030000000000000000e+03 -5.865400000000000000e+04 -1.372632399999999997e+01 6.242899999999999838e-02 6.302769999999999762e+00 1.279100000000000029e-02 6.964029999999999943e-01 2.562299999999999994e-02 0.000000000000000000e+00 -1.989113299999999995e+01 4.585700000000000193e-02 1.717629241999999977e+03
8.000000000000000000e+03 4.030000000000000000e+03 -5.865400000000000000e+04 -1.370855300000000021e+01 5.564399999999999902e-02 6.344009999999999927e+00 1.474299999999999916e-02 7.201849999999999641e-01 2.489500000000000046e-02 0.000000000000000000e+00 -1.989279700000000162e+01 5.257499999999999674e-02 1.973222862000000077e+03
8.000000000000000000e+03 4.030000000000000000e+03 -5.865400000000000000e+04 -1.372928300000000057e+01 5.863299999999999762e-02 6.322869999999999990e+00 1.388700000000000004e-02 6.800749999999999851e-01 2.534000000000000141e-02 0.000000000000000000e+00 -1.990762799999999899e+01 4.306800000000000211e-02 2.087873419000000013e+03
8.000000000000000000e+03 8.030000000000000000e+03 -5.865400000000000000e+04 -1.434257299999999979e+01 8.408899999999999708e-02 5.765533999999999715e+00 1.416500000000000051e-02 -2.500539999999999985e-01 1.055399999999999915e-02 0.000000000000000000e+00 -1.989929400000000115e+01 5.039899999999999936e-02 2.290803026000000045e+03
8.000000000000000000e+03 8.030000000000000000e+03 -5.865400000000000000e+04 -1.431501800000000024e+01 5.964200000000000057e-02 5.775298000000000265e+00 1.076700000000000053e-02 -2.591950000000000087e-01 1.110000000000000049e-02 0.000000000000000000e+00 -1.987925699999999907e+01 4.421200000000000130e-02 2.546400646000000052e+03
8.000000000000000000e+03 8.030000000000000000e+03 -5.865400000000000000e+04 -1.432136999999999993e+01 6.402099999999999458e-02 5.748503999999999614e+00 1.585599999999999857e-02 -3.000490000000000101e-01 1.192900000000000037e-02 0.000000000000000000e+00 -1.988406000000000162e+01 4.775599999999999984e-02 2.661052203000000191e+03
8.000000000000000000e+03 8.030000000000000000e+03 -5.865400000000000000e+04 -1.431848100000000024e+01 7.937500000000000111e-02 5.769349000000000061e+00 1.382500000000000048e-02 -2.826159999999999783e-01 1.089700000000000044e-02 0.000000000000000000e+00 -1.989670599999999823e+01 4.688400000000000206e-02 2.916652822999999898e+03
8.000000000000000000e+03 8.030000000000000000e+03 -5.865400000000000000e+04 -1.433872000000000035e+01 7.938299999999999523e-02 5.740382000000000318e+00 1.493700000000000062e-02 -2.841080000000000272e-01 1.089799999999999970e-02 0.000000000000000000e+00 -1.989075000000000060e+01 4.938700000000000034e-02 3.031309381000000030e+03
1.200000000000000000e+04 -3.970000000000000000e+03 -5.865400000000000000e+04 -1.414071900000000070e+01 8.187800000000000633e-02 6.572076000000000029e+00 1.869799999999999934e-02 -2.440094000000000207e+00 2.408400000000000124e-02 0.000000000000000000e+00 -1.989419799999999938e+01 4.694099999999999662e-02 3.273832253000000037e+03
1.200000000000000000e+04 -3.970000000000000000e+03 -5.865400000000000000e+04 -1.411545899999999953e+01 6.594899999999999374e-02 6.615242000000000289e+00 1.192700000000000010e-02 -2.397407999999999983e+00 2.703500000000000000e-02 0.000000000000000000e+00 -1.989834000000000103e+01 5.040599999999999942e-02 3.482450183999999808e+03
1.200000000000000000e+04 -3.970000000000000000e+03 -5.865400000000000000e+04 -1.414153600000000033e+01 6.733200000000000296e-02 6.561957999999999736e+00 1.518000000000000078e-02 -2.409117999999999871e+00 2.764899999999999997e-02 0.000000000000000000e+00 -1.986226399999999970e+01 5.083700000000000024e-02 3.644082429000000047e+03
1.200000000000000000e+04 -3.970000000000000000e+03 -5.865400000000000000e+04 -1.411829600000000084e+01 6.604100000000000248e-02 6.618464999999999598e+00 1.428699999999999935e-02 -2.408116999999999841e+00 2.474000000000000157e-02 0.000000000000000000e+00 -1.988892299999999835e+01 3.574399999999999800e-02 3.852701361999999790e+03
1.200000000000000000e+04 -3.970000000000000000e+03 -5.865400000000000000e+04 -1.413639000000000046e+01 6.057799999999999990e-02 6.555721000000000132e+00 1.657799999999999899e-02 -2.393555000000000099e+00 2.690100000000000130e-02 0.000000000000000000e+00 -1.989529500000000084e+01 5.484100000000000086e-02 4.014361608000000160e+03
1.200000000000000000e+04 3.000000000000000000e+01 -5.865400000000000000e+04 -1.377520600000000073e+01 7.059799999999999409e-02 5.930274999999999963e+00 1.460799999999999946e-02 -8.443599999999999994e-01 1.036399999999999995e-02 0.000000000000000000e+00 -1.989360200000000134e+01 4.882199999999999734e-02 4.217397221000000172e+03
1.200000000000000000e+04 3.000000000000000000e+01 -5.865400000000000000e+04 -1.371484599999999965e+01 7.867499999999999494e-02 6.127712999999999965e+00 1.623000000000000137e-02 -8.242289999999999894e-01 1.124299999999999952e-02 0.000000000000000000e+00 -1.987916200000000089e+01 5.117200000000000221e-02 4.426035154000000148e+03
1.200000000000000000e+04 3.000000000000000000e+01 -5.865400000000000000e+04 -1.375540499999999966e+01 5.916799999999999837e-02 6.039041000000000103e+00 1.237300000000000032e-02 -8.451109999999999456e-01 1.289599999999999948e-02 0.000000000000000000e+00 -1.985860900000000129e+01 6.516099999999999670e-02 4.587677399999999579e+03
1.200000000000000000e+04 3.000000000000000000e+01 -5.865400000000000000e+04 -1.370052100000000017e+01 8.172500000000000597e-02 6.132049000000000305e+00 1.300399999999999993e-02 -8.415479999999999627e-01 1.120900000000000021e-02 0.000000000000000000e+00 -1.988087099999999907e+01 5.975400000000000156e-02 4.796300333000000137e+03
1.200000000000000000e+04 3.000000000000000000e+01 -5.865400000000000000e+04 -1.371760399999999969e+01 8.827000000000000124e-02 6.046134000000000341e+00 9.834000000000000727e-03 -8.235719999999999708e-01 7.882000000000000117e-03 0.000000000000000000e+00 -1.986306899999999942e+01 6.214399999999999785e-02 4.957942578000000140e+03
1.200000000000000000e+04 4.030000000000000000e+03 -5.865400000000000000e+04 -1.341398399999999924e+01 7.378500000000000336e-02 6.375452000000000119e+00 1.395200000000000086e-02 1.251425999999999927e+00 2.902499999999999872e-02 0.000000000000000000e+00 -1.987497000000000114e+01 3.842999999999999888e-02 1.370871409000000085e+03
1.200000000000000000e+04 4.030000000000000000e+03 -5.865400000000000000e+04 -1.338791699999999985e+01 6.187999999999999751e-02 6.435192999999999941e+00 1.284800000000000005e-02 1.233513000000000082e+00 2.797799999999999940e-02 0.000000000000000000e+00 -1.990475800000000106e+01 5.139400000000000218e-02 1.579485341000000062e+03
1.200000000000000000e+04 4.030000000000000000e+03 -5.865400000000000000e+04 -1.341610499999999995e+01 6.036699999999999705e-02 6.365611999999999604e+00 1.298000000000000022e-02 1.233147999999999911e+00 2.188899999999999874e-02 0.000000000000000000e+00 -1.992358300000000071e+01 5.596399999999999986e-02 1.741112585999999965e+03
1.200000000000000000e+04 4.030000000000000000e+03 -5.865400000000000000e+04 -1.339095200000000041e+01 6.700000000000000400e-02 6.436688000000000187e+00 1.342100000000000064e-02 1.237417999999999907e+00 2.664199999999999902e-02 0.000000000000000000e+00 -1.989936799999999906e+01 4.887299999999999978e-02 1.949730518000000075e+03
1.200000000000000000e+04 4.030000000000000000e+03 -5.865400000000000000e+04 -1.342942799999999970e+01 8.167499999999999760e-02 6.368466999999999878e+00 1.131000000000000061e-02 1.255187999999999970e+00 2.181999999999999912e-02 0.000000000000000000e+00 -1.990271100000000004e+01 6.054400000000000059e-02 2.111366762999999992e+03
1.200000000000000000e+04 8.030000000000000000e+03 -5.865400000000000000e+04 -1.427046499999999973e+01 8.247599999999999376e-02 5.900898999999999894e+00 1.368399999999999998e-02 -2.285290000000000099e-01 1.334399999999999996e-02 0.000000000000000000e+00 -1.991080699999999837e+01 5.064899999999999958e-02 2.314294370000000072e+03
1.200000000000000000e+04 8.030000000000000000e+03 -5.865400000000000000e+04 -1.426795800000000014e+01 6.839499999999999746e-02 6.006952000000000069e+00 1.120999999999999948e-02 -2.370849999999999902e-01 9.638000000000000733e-03 0.000000000000000000e+00 -1.990504599999999868e+01 5.475800000000000112e-02 2.522910301999999774e+03
1.200000000000000000e+04 8.030000000000000000e+03 -5.865400000000000000e+04 -1.425900500000000015e+01 7.384300000000000586e-02 5.913967999999999670e+00 1.298700000000000028e-02 -2.430029999999999968e-01 1.101500000000000049e-02 0.000000000000000000e+00 -1.990512000000000015e+01 4.419000000000000011e-02 2.684542547000000013e+03
1.200000000000000000e+04 8.030000000000000000e+03 -5.865400000000000000e+04 -1.421896399999999971e+01 8.054300000000000348e-02 5.976320000000000299e+00 1.192299999999999957e-02 -2.449260000000000048e-01 1.022200000000000018e-02 0.000000000000000000e+00 -1.989194799999999930e+01 4.660700000000000259e-02 2.893161478999999872e+03
1.200000000000000000e+04 8.030000000000000000e+03 -5.865400000000000000e+04 -1.428057899999999947e+01 7.634399999999999520e-02 5.941582000000000363e+00 1.363600000000000055e-02 -2.434800000000000020e-01 1.105899999999999939e-02 0.000000000000000000e+00 -1.989323900000000123e+01 4.852999999999999675e-02 3.054801723999999922e+03
1.600000000000000000e+04 -3.970000000000000000e+03 -5.865400000000000000e+04 -1.429942699999999967e+01 8.015999999999999515e-02 6.545770000000000088e+00 1.540000000000000049e-02 -3.013417000000000012e+00 2.967399999999999899e-02 0.000000000000000000e+00 -1.989493300000000175e+01 4.918199999999999655e-02 3.297320596000000023e+03
1.600000000000000000e+04 -3.970000000000000000e+03 -5.865400000000000000e+04 -1.422442599999999935e+01 6.210799999999999654e-02 6.696968000000000032e+00 1.304600000000000030e-02 -2.984446999999999850e+00 3.087200000000000014e-02 0.000000000000000000e+00 -1.990279100000000057e+01 5.534000000000000030e-02 3.458957840999999917e+03
1.600000000000000000e+04 -3.970000000000000000e+03 -5.865400000000000000e+04 -1.429370100000000043e+01 7.478100000000000025e-02 6.526666999999999774e+00 1.434000000000000032e-02 -3.029875999999999792e+00 2.725299999999999945e-02 0.000000000000000000e+00 -1.991384199999999893e+01 5.593200000000000255e-02 3.667573773000000074e+03
1.600000000000000000e+04 -3.970000000000000000e+03 -5.865400000000000000e+04 -1.421872100000000039e+01 6.515999999999999570e-02 6.692813000000000123e+00 1.157200000000000069e-02 -2.974124000000000212e+00 2.633900000000000130e-02 0.000000000000000000e+00 -1.987300300000000064e+01 4.762799999999999673e-02 3.829211017999999967e+03
1.600000000000000000e+04 -3.970000000000000000e+03 -5.865400000000000000e+04 -1.428700800000000015e+01 7.969199999999999895e-02 6.534055999999999642e+00 1.262199999999999954e-02 -3.010374000000000105e+00 2.706400000000000125e-02 0.000000000000000000e+00 -1.989301499999999834e+01 4.500500000000000334e-02 4.037848950999999943e+03
1.600000000000000000e+04 3.000000000000000000e+01 -5.865400000000000000e+04 -1.377834600000000087e+01 7.369399999999999562e-02 5.761650999999999634e+00 1.476399999999999935e-02 -8.046219999999999484e-01 1.166200000000000049e-02 0.000000000000000000e+00 -1.987329099999999826e+01 4.649799999999999767e-02 4.240889565000000403e+03
1.600000000000000000e+04 3.000000000000000000e+01 -5.865400000000000000e+04 -1.366493499999999983e+01 8.226400000000000379e-02 5.967564999999999564e+00 1.070899999999999977e-02 -8.086560000000000414e-01 8.807000000000000592e-03 0.000000000000000000e+00 -1.987583400000000111e+01 4.980400000000000105e-02 4.402544810999999754e+03
1.600000000000000000e+04 3.000000000000000000e+01 -5.865400000000000000e+04 -1.372680700000000087e+01 8.216700000000000392e-02 5.842012999999999678e+00 1.194500000000000076e-02 -8.089340000000000419e-01 1.158700000000000008e-02 0.000000000000000000e+00 -1.985405899999999946e+01 5.544700000000000323e-02 4.611166742999999769e+03
1.600000000000000000e+04 3.000000000000000000e+01 -5.865400000000000000e+04 -1.364705000000000013e+01 5.798799999999999788e-02 6.015926000000000329e+00 1.303999999999999951e-02 -8.060789999999999900e-01 1.015399999999999983e-02 0.000000000000000000e+00 -1.987964399999999898e+01 4.011599999999999888e-02 4.772810988999999608e+03
1.600000000000000000e+04 3.000000000000000000e+01 -5.865400000000000000e+04 -1.375583600000000040e+01 7.658700000000000230e-02 5.846592000000000233e+00 1.388700000000000004e-02 -8.289849999999999719e-01 1.157500000000000022e-02 0.000000000000000000e+00 -1.987466699999999875e+01 6.117199999999999721e-02 4.981429920999999922e+03
1.600000000000000000e+04 4.030000000000000000e+03 -5.865400000000000000e+04 -1.309706399999999960e+01 8.248400000000000176e-02 6.448800999999999561e+00 1.088199999999999931e-02 1.814807999999999977e+00 2.912800000000000111e-02 0.000000000000000000e+00 -1.989576200000000128e+01 6.320000000000000617e-02 1.394359752999999955e+03
1.600000000000000000e+04 4.030000000000000000e+03 -5.865400000000000000e+04 -1.306292400000000065e+01 6.487999999999999323e-02 6.513097000000000136e+00 1.377800000000000032e-02 1.825461999999999918e+00 2.485199999999999909e-02 0.000000000000000000e+00 -1.988745199999999969e+01 3.894999999999999851e-02 1.555996998000000076e+03
1.600000000000000000e+04 4.030000000000000000e+03 -5.865400000000000000e+04 -1.310040200000000077e+01 7.593300000000000050e-02 6.399303999999999881e+00 1.176800000000000068e-02 1.833096999999999976e+00 2.582299999999999873e-02 0.000000000000000000e+00 -1.992238100000000145e+01 5.017800000000000038e-02 1.764603929999999991e+03
1.600000000000000000e+04 4.030000000000000000e+03 -5.865400000000000000e+04 -1.307089700000000043e+01 6.794999999999999651e-02 6.506771999999999778e+00 9.116000000000000839e-03 1.812173000000000034e+00 2.412299999999999861e-02 0.000000000000000000e+00 -1.988540599999999969e+01 5.009999999999999870e-02 1.926240174000000025e+03
1.600000000000000000e+04 4.030000000000000000e+03 -5.865400000000000000e+04 -1.310821499999999951e+01 6.925000000000000600e-02 6.436238999999999599e+00 1.168800000000000047e-02 1.818691999999999975e+00 2.674199999999999841e-02 0.000000000000000000e+00 -1.993149000000000015e+01 5.242900000000000338e-02 2.134859107000000222e+03
1.600000000000000000e+04 8.030000000000000000e+03 -5.865400000000000000e+04 -1.420021000000000022e+01 7.452100000000000390e-02 6.068285000000000373e+00 1.495400000000000028e-02 -2.407219999999999915e-01 1.285900000000000064e-02 0.000000000000000000e+00 -1.990633199999999903e+01 5.098400000000000154e-02 2.337788712999999916e+03
1.600000000000000000e+04 8.030000000000000000e+03 -5.865400000000000000e+04 -1.415019000000000027e+01 7.064299999999999746e-02 6.212678999999999618e+00 1.383599999999999934e-02 -2.580239999999999756e-01 1.708700000000000149e-02 0.000000000000000000e+00 -1.989445100000000011e+01 4.374999999999999722e-02 2.499420959000000039e+03
1.600000000000000000e+04 8.030000000000000000e+03 -5.865400000000000000e+04 -1.420113800000000026e+01 6.209400000000000336e-02 6.086591000000000307e+00 1.771299999999999958e-02 -2.262899999999999912e-01 1.045300000000000049e-02 0.000000000000000000e+00 -1.991018199999999894e+01 4.061800000000000133e-02 2.708036891000000196e+03
1.600000000000000000e+04 8.030000000000000000e+03 -5.865400000000000000e+04 -1.415533300000000061e+01 5.166300000000000059e-02 6.188869000000000398e+00 1.230400000000000070e-02 -2.255870000000000097e-01 1.321499999999999932e-02 0.000000000000000000e+00 -1.990167299999999884e+01 4.031200000000000061e-02 2.869667135000000144e+03
1.600000000000000000e+04 8.030000000000000000e+03 -5.865400000000000000e+04 -1.417831499999999956e+01 7.841099999999999459e-02 6.096216000000000079e+00 1.544799999999999993e-02 -2.378540000000000099e-01 1.250700000000000076e-02 0.000000000000000000e+00 -1.990769799999999989e+01 5.532200000000000312e-02 3.078293067999999948e+03
2.000000000000000000e+04 -3.970000000000000000e+03 -5.865400000000000000e+04 -1.444107400000000041e+01 6.811899999999999900e-02 6.505704999999999849e+00 1.879400000000000168e-02 -3.586148000000000113e+00 2.836400000000000032e-02 0.000000000000000000e+00 -1.989799700000000016e+01 5.383000000000000285e-02 3.320814938999999868e+03
2.000000000000000000e+04 -3.970000000000000000e+03 -5.865400000000000000e+04 -1.437950799999999951e+01 5.821799999999999892e-02 6.588960000000000150e+00 9.851000000000000381e-03 -3.546424000000000021e+00 2.708999999999999950e-02 0.000000000000000000e+00 -1.988731299999999891e+01 4.939999999999999947e-02 3.435465497000000141e+03
2.000000000000000000e+04 -3.970000000000000000e+03 -5.865400000000000000e+04 -1.443776800000000016e+01 7.927900000000000225e-02 6.475420999999999871e+00 1.275399999999999971e-02 -3.611930000000000085e+00 2.421600000000000141e-02 0.000000000000000000e+00 -1.989146099999999961e+01 4.680399999999999838e-02 3.691061115999999856e+03
2.000000000000000000e+04 -3.970000000000000000e+03 -5.865400000000000000e+04 -1.439215399999999967e+01 1.017310000000000020e-01 6.593664000000000414e+00 1.398199999999999964e-02 -3.570081000000000060e+00 2.637899999999999967e-02 0.000000000000000000e+00 -1.988099000000000061e+01 4.854699999999999988e-02 3.805722674999999981e+03
2.000000000000000000e+04 -3.970000000000000000e+03 -5.865400000000000000e+04 -1.443150200000000005e+01 5.880500000000000310e-02 6.429980999999999725e+00 1.332200000000000051e-02 -3.606662000000000035e+00 2.571299999999999975e-02 0.000000000000000000e+00 -1.986898499999999856e+01 4.790400000000000214e-02 4.061340294999999969e+03
2.000000000000000000e+04 3.000000000000000000e+01 -5.865400000000000000e+04 -1.376407299999999978e+01 8.472100000000000464e-02 5.527999999999999581e+00 1.514599999999999974e-02 -8.306510000000000282e-01 8.940000000000000030e-03 0.000000000000000000e+00 -1.986844800000000077e+01 4.290700000000000069e-02 4.264381908000000294e+03
2.000000000000000000e+04 3.000000000000000000e+01 -5.865400000000000000e+04 -1.367350899999999925e+01 8.289499999999999647e-02 5.690787000000000262e+00 1.471399999999999965e-02 -8.141420000000000323e-01 1.173699999999999917e-02 0.000000000000000000e+00 -1.985619499999999960e+01 3.294400000000000106e-02 4.379052467000000433e+03
2.000000000000000000e+04 3.000000000000000000e+01 -5.865400000000000000e+04 -1.374803700000000006e+01 6.635099999999999332e-02 5.598454000000000264e+00 1.470899999999999985e-02 -7.702839999999999687e-01 1.163600000000000051e-02 0.000000000000000000e+00 -1.986515999999999948e+01 5.085300000000000237e-02 4.634652087000000392e+03
2.000000000000000000e+04 3.000000000000000000e+01 -5.865400000000000000e+04 -1.367798699999999990e+01 7.855399999999999883e-02 5.752578999999999887e+00 1.413000000000000020e-02 -7.888479999999999936e-01 8.250000000000000389e-03 0.000000000000000000e+00 -1.988873900000000106e+01 4.475900000000000017e-02 4.749319644999999582e+03
2.000000000000000000e+04 3.000000000000000000e+01 -5.865400000000000000e+04 -1.374079799999999985e+01 7.123300000000000465e-02 5.599344000000000321e+00 1.300199999999999967e-02 -8.082660000000000400e-01 1.194800000000000029e-02 0.000000000000000000e+00 -1.986903399999999920e+01 4.319300000000000223e-02 5.004923265000000356e+03
2.000000000000000000e+04 4.030000000000000000e+03 -5.865400000000000000e+04 -1.278788400000000003e+01 7.893400000000000416e-02 6.400047999999999959e+00 1.322199999999999938e-02 2.384230000000000071e+00 2.902499999999999872e-02 0.000000000000000000e+00 -1.990635199999999827e+01 5.671999999999999958e-02 1.417853096000000050e+03
2.000000000000000000e+04 4.030000000000000000e+03 -5.865400000000000000e+04 -1.273700599999999916e+01 5.274500000000000022e-02 6.488247000000000320e+00 1.637999999999999873e-02 2.365210999999999952e+00 2.802800000000000083e-02 0.000000000000000000e+00 -1.989590099999999850e+01 4.611400000000000221e-02 1.532508653999999979e+03
2.000000000000000000e+04 4.030000000000000000e+03 -5.865400000000000000e+04 -1.279711200000000026e+01 6.805200000000000138e-02 6.408055000000000057e+00 1.472399999999999924e-02 2.403016000000000041e+00 2.854500000000000093e-02 0.000000000000000000e+00 -1.989402400000000171e+01 6.365600000000000425e-02 1.788096273000000110e+03
2.000000000000000000e+04 4.030000000000000000e+03 -5.865400000000000000e+04 -1.274782300000000035e+01 7.002800000000000691e-02 6.502670000000000172e+00 1.281999999999999980e-02 2.348403999999999936e+00 2.611600000000000033e-02 0.000000000000000000e+00 -1.990892499999999998e+01 5.594299999999999967e-02 1.902751831000000038e+03
2.000000000000000000e+04 4.030000000000000000e+03 -5.865400000000000000e+04 -1.279450499999999913e+01 5.963999999999999857e-02 6.422912000000000177e+00 1.200599999999999931e-02 2.408999999999999808e+00 2.215699999999999961e-02 0.000000000000000000e+00 -1.989105299999999943e+01 4.498599999999999821e-02 2.158354451000000154e+03
2.000000000000000000e+04 8.030000000000000000e+03 -5.865400000000000000e+04 -1.413225300000000040e+01 7.358800000000000063e-02 6.156301000000000023e+00 1.219800000000000051e-02 -1.919029999999999903e-01 1.043600000000000083e-02 0.000000000000000000e+00 -1.990635699999999986e+01 4.063699999999999951e-02 2.361279057000000194e+03
2.000000000000000000e+04 8.030000000000000000e+03 -5.865400000000000000e+04 -1.410335899999999931e+01 7.247499999999999776e-02 6.279613999999999585e+00 1.384200000000000014e-02 -2.122290000000000010e-01 1.212899999999999916e-02 0.000000000000000000e+00 -1.989839999999999876e+01 4.453300000000000314e-02 2.475929615000000013e+03
2.000000000000000000e+04 8.030000000000000000e+03 -5.865400000000000000e+04 -1.411822300000000041e+01 7.276499999999999635e-02 6.174210000000000420e+00 1.136400000000000084e-02 -2.102120000000000100e-01 1.225300000000000000e-02 0.000000000000000000e+00 -1.988621600000000100e+01 5.143299999999999955e-02 2.731529234000000088e+03
2.000000000000000000e+04 8.030000000000000000e+03 -5.865400000000000000e+04 -1.410567200000000021e+01 5.016400000000000026e-02 6.265042000000000222e+00 1.018799999999999914e-02 -1.748240000000000072e-01 1.410100000000000069e-02 0.000000000000000000e+00 -1.989752999999999972e+01 7.249700000000000588e-02 2.846173791000000165e+03
2.000000000000000000e+04 8.030000000000000000e+03 -5.865400000000000000e+04 -1.412861900000000048e+01 7.133100000000000551e-02 6.183037999999999812e+00 1.532799999999999961e-02 -2.081820000000000059e-01 1.074499999999999934e-02 0.000000000000000000e+00 -1.989871799999999880e+01 4.345299999999999857e-02 3.101788411999999880e+03
2.400000000000000000e+04 -3.970000000000000000e+03 -5.865400000000000000e+04 -1.456900100000000009e+01 7.383399999999999685e-02 6.392352999999999952e+00 1.575500000000000164e-02 -4.142055000000000042e+00 2.920899999999999885e-02 0.000000000000000000e+00 -1.989162500000000122e+01 6.306599999999999706e-02 3.344305283000000145e+03
2.400000000000000000e+04 -3.970000000000000000e+03 -5.865400000000000000e+04 -1.453430499999999981e+01 6.999800000000000466e-02 6.464851000000000347e+00 1.778100000000000167e-02 -4.106993000000000116e+00 2.658800000000000052e-02 0.000000000000000000e+00 -1.990242800000000045e+01 5.744900000000000007e-02 3.411974153999999999e+03
2.400000000000000000e+04 -3.970000000000000000e+03 -5.865400000000000000e+04 -1.456232900000000008e+01 5.574799999999999894e-02 6.364103000000000065e+00 1.912799999999999917e-02 -4.130880000000000329e+00 2.419999999999999929e-02 0.000000000000000000e+00 -1.988459599999999838e+01 5.092200000000000198e-02 3.714555460000000039e+03
2.400000000000000000e+04 -3.970000000000000000e+03 -5.865400000000000000e+04 -1.453864100000000015e+01 7.323000000000000342e-02 6.436099999999999710e+00 1.401799999999999921e-02 -4.094409999999999883e+00 2.485599999999999962e-02 0.000000000000000000e+00 -1.986531400000000147e+01 5.133399999999999769e-02 3.782232331000000158e+03
2.400000000000000000e+04 -3.970000000000000000e+03 -5.865400000000000000e+04 -1.455729499999999987e+01 6.516099999999999670e-02 6.387169000000000096e+00 1.273799999999999932e-02 -4.115288999999999753e+00 2.676200000000000107e-02 0.000000000000000000e+00 -1.988923099999999877e+01 4.546300000000000341e-02 4.084834639000000152e+03
2.400000000000000000e+04 3.000000000000000000e+01 -5.865400000000000000e+04 -1.374275599999999997e+01 9.613900000000000223e-02 5.283888000000000140e+00 1.302000000000000032e-02 -8.184500000000000108e-01 1.168699999999999947e-02 0.000000000000000000e+00 -1.988263399999999947e+01 6.102300000000000085e-02 4.287876252000000022e+03
2.400000000000000000e+04 3.000000000000000000e+01 -5.865400000000000000e+04 -1.373838499999999918e+01 7.424799999999999456e-02 5.377894000000000396e+00 1.508999999999999925e-02 -7.976860000000000062e-01 1.061699999999999970e-02 0.000000000000000000e+00 -1.986752500000000055e+01 4.816800000000000248e-02 4.355557122999999592e+03
2.400000000000000000e+04 3.000000000000000000e+01 -5.865400000000000000e+04 -1.370369600000000077e+01 6.162499999999999922e-02 5.345102999999999938e+00 1.332799999999999957e-02 -7.866809999999999636e-01 1.196099999999999941e-02 0.000000000000000000e+00 -1.986275099999999938e+01 5.776300000000000184e-02 4.658145430999999917e+03
2.400000000000000000e+04 3.000000000000000000e+01 -5.865400000000000000e+04 -1.369937799999999939e+01 6.991600000000000592e-02 5.424484999999999779e+00 1.148599999999999968e-02 -7.889800000000000146e-01 1.089299999999999990e-02 0.000000000000000000e+00 -1.988301699999999883e+01 6.115700000000000303e-02 4.725824300999999650e+03
2.400000000000000000e+04 3.000000000000000000e+01 -5.865400000000000000e+04 -1.371417899999999968e+01 8.164399999999999435e-02 5.350124000000000102e+00 8.829999999999999308e-03 -7.780200000000000449e-01 1.172300000000000078e-02 0.000000000000000000e+00 -1.986234899999999826e+01 4.879000000000000004e-02 5.028417609000000084e+03
2.400000000000000000e+04 4.030000000000000000e+03 -5.865400000000000000e+04 -1.246330900000000064e+01 8.264199999999999324e-02 6.364131000000000427e+00 1.106399999999999918e-02 2.921253000000000100e+00 2.642100000000000004e-02 0.000000000000000000e+00 -1.989782399999999996e+01 5.688900000000000207e-02 1.441343440000000101e+03
2.400000000000000000e+04 4.030000000000000000e+03 -5.865400000000000000e+04 -1.244466199999999922e+01 6.917299999999999838e-02 6.450897999999999577e+00 1.143399999999999972e-02 2.901644000000000112e+00 2.387999999999999845e-02 0.000000000000000000e+00 -1.988598199999999849e+01 4.067099999999999882e-02 1.509021310999999969e+03
2.400000000000000000e+04 4.030000000000000000e+03 -5.865400000000000000e+04 -1.246590600000000038e+01 6.848500000000000421e-02 6.350146999999999764e+00 1.056799999999999927e-02 2.911049000000000220e+00 2.664199999999999902e-02 0.000000000000000000e+00 -1.990110699999999966e+01 4.970700000000000118e-02 1.811586616999999933e+03
2.400000000000000000e+04 4.030000000000000000e+03 -5.865400000000000000e+04 -1.242941599999999980e+01 9.818699999999999650e-02 6.450160999999999589e+00 9.516999999999999418e-03 2.898499999999999854e+00 2.375999999999999987e-02 0.000000000000000000e+00 -1.989366100000000159e+01 4.625100000000000044e-02 1.879263486999999941e+03
2.400000000000000000e+04 4.030000000000000000e+03 -5.865400000000000000e+04 -1.247039099999999934e+01 7.798299999999999677e-02 6.371904999999999930e+00 1.221900000000000069e-02 2.926750000000000185e+00 2.616200000000000123e-02 0.000000000000000000e+00 -1.990542299999999898e+01 4.056099999999999983e-02 2.181840794000000187e+03
2.400000000000000000e+04 8.030000000000000000e+03 -5.865400000000000000e+04 -1.408429499999999912e+01 8.727400000000000435e-02 6.252691999999999695e+00 1.476700000000000061e-02 -1.386570000000000025e-01 1.101399999999999949e-02 0.000000000000000000e+00 -1.991853100000000154e+01 4.533800000000000330e-02 2.384773400999999922e+03
2.400000000000000000e+04 8.030000000000000000e+03 -5.865400000000000000e+04 -1.404238400000000020e+01 6.690000000000000113e-02 6.306792999999999871e+00 1.393999999999999927e-02 -1.646330000000000016e-01 1.148500000000000042e-02 0.000000000000000000e+00 -1.992215200000000053e+01 5.680000000000000326e-02 2.452441271000000143e+03
2.400000000000000000e+04 8.030000000000000000e+03 -5.865400000000000000e+04 -1.407179600000000086e+01 8.859300000000000508e-02 6.265525000000000233e+00 1.247900000000000051e-02 -1.591150000000000064e-01 8.932999999999999968e-03 0.000000000000000000e+00 -1.989345700000000150e+01 4.206700000000000023e-02 2.755021577999999863e+03
2.400000000000000000e+04 8.030000000000000000e+03 -5.865400000000000000e+04 -1.405470299999999995e+01 6.649499999999999855e-02 6.307866999999999891e+00 1.495499999999999954e-02 -1.508539999999999881e-01 1.012099999999999979e-02 0.000000000000000000e+00 -1.989486799999999889e+01 4.957400000000000001e-02 2.822682448000000022e+03
2.400000000000000000e+04 8.030000000000000000e+03 -5.865400000000000000e+04 -1.407063499999999934e+01 7.518400000000000083e-02 6.262739999999999974e+00 1.120900000000000021e-02 -1.503180000000000072e-01 1.013999999999999971e-02 0.000000000000000000e+00 -1.992636399999999952e+01 4.987500000000000266e-02 3.125279755999999907e+03
2.800000000000000000e+04 -3.970000000000000000e+03 -5.865400000000000000e+04 -1.469930699999999923e+01 7.931799999999999962e-02 6.269707999999999615e+00 1.452499999999999972e-02 -4.673661000000000065e+00 3.047000000000000056e-02 0.000000000000000000e+00 -1.991573999999999955e+01 4.569100000000000245e-02 3.367795626999999968e+03
2.800000000000000000e+04 -3.970000000000000000e+03 -5.865400000000000000e+04 -1.470070100000000046e+01 7.801400000000000001e-02 6.270701999999999998e+00 1.535700000000000086e-02 -4.679522999999999655e+00 3.121700000000000169e-02 0.000000000000000000e+00 -1.989564800000000133e+01 6.070699999999999708e-02 3.388484809999999925e+03
2.800000000000000000e+04 -3.970000000000000000e+03 -5.865400000000000000e+04 -1.469541899999999934e+01 7.142500000000000238e-02 6.239917000000000158e+00 1.526500000000000079e-02 -4.678543000000000340e+00 2.617999999999999841e-02 0.000000000000000000e+00 -1.989944300000000155e+01 5.014799999999999813e-02 3.738045803999999862e+03
2.800000000000000000e+04 -3.970000000000000000e+03 -5.865400000000000000e+04 -1.469371199999999966e+01 5.373499999999999804e-02 6.259545000000000137e+00 1.449899999999999974e-02 -4.674430000000000085e+00 2.734800000000000078e-02 0.000000000000000000e+00 -1.987932599999999894e+01 4.432799999999999935e-02 3.758738987000000179e+03
2.800000000000000000e+04 -3.970000000000000000e+03 -5.865400000000000000e+04 -1.468796099999999960e+01 6.166100000000000053e-02 6.298798999999999815e+00 1.395599999999999966e-02 -4.645205999999999946e+00 2.949399999999999938e-02 0.000000000000000000e+00 -1.986298000000000030e+01 4.576199999999999712e-02 4.108327983000000131e+03
2.800000000000000000e+04 3.000000000000000000e+01 -5.865400000000000000e+04 -1.373510699999999929e+01 7.996000000000000330e-02 5.007738999999999940e+00 1.290200000000000027e-02 -8.130709999999999882e-01 1.537600000000000078e-02 0.000000000000000000e+00 -1.990063999999999922e+01 4.172700000000000020e-02 4.311368596000000252e+03
2.800000000000000000e+04 3.000000000000000000e+01 -5.865400000000000000e+04 -1.375396199999999958e+01 6.949199999999999822e-02 5.006578000000000195e+00 1.524599999999999914e-02 -8.134639999999999649e-01 1.077700000000000012e-02 0.000000000000000000e+00 -1.985271799999999942e+01 4.878699999999999704e-02 4.332061778999999660e+03
2.800000000000000000e+04 3.000000000000000000e+01 -5.865400000000000000e+04 -1.371035099999999929e+01 8.190799999999999470e-02 5.044970000000000176e+00 1.209299999999999958e-02 -7.954890000000000017e-01 9.839999999999999789e-03 0.000000000000000000e+00 -1.989693400000000167e+01 4.645900000000000030e-02 4.681639774000000216e+03
2.800000000000000000e+04 3.000000000000000000e+01 -5.865400000000000000e+04 -1.370707200000000014e+01 6.301299999999999957e-02 5.046166000000000373e+00 1.571799999999999933e-02 -7.925400000000000222e-01 1.252699999999999994e-02 0.000000000000000000e+00 -1.988528200000000012e+01 4.078999999999999987e-02 4.702331957999999759e+03
2.800000000000000000e+04 3.000000000000000000e+01 -5.865400000000000000e+04 -1.371160199999999918e+01 7.901900000000000590e-02 5.052467000000000041e+00 1.167499999999999961e-02 -7.539839999999999876e-01 1.028500000000000074e-02 0.000000000000000000e+00 -1.986489699999999914e+01 4.499100000000000321e-02 5.051905952000000070e+03
2.800000000000000000e+04 4.030000000000000000e+03 -5.865400000000000000e+04 -1.212264899999999912e+01 7.360200000000000076e-02 6.350182000000000215e+00 1.477700000000000020e-02 3.446219000000000143e+00 2.531800000000000023e-02 0.000000000000000000e+00 -1.990254200000000040e+01 4.237500000000000294e-02 1.464837784000000056e+03
2.800000000000000000e+04 4.030000000000000000e+03 -5.865400000000000000e+04 -1.211790599999999962e+01 6.012900000000000189e-02 6.348506000000000427e+00 1.288100000000000009e-02 3.450397999999999854e+00 2.389900000000000010e-02 0.000000000000000000e+00 -1.990084799999999987e+01 5.414999999999999675e-02 1.485527966999999990e+03
2.800000000000000000e+04 4.030000000000000000e+03 -5.865400000000000000e+04 -1.212267300000000070e+01 6.491600000000000148e-02 6.349566000000000265e+00 1.228399999999999978e-02 3.435865000000000169e+00 2.110199999999999923e-02 0.000000000000000000e+00 -1.990365500000000054e+01 5.069900000000000101e-02 1.835076960000000099e+03
2.800000000000000000e+04 4.030000000000000000e+03 -5.865400000000000000e+04 -1.212110200000000049e+01 6.836599999999999622e-02 6.360744000000000398e+00 1.025799999999999976e-02 3.441340999999999983e+00 2.598400000000000015e-02 0.000000000000000000e+00 -1.990720100000000059e+01 4.557400000000000340e-02 1.855772144000000026e+03
2.800000000000000000e+04 4.030000000000000000e+03 -5.865400000000000000e+04 -1.212986399999999954e+01 6.144700000000000162e-02 6.356968000000000174e+00 9.719999999999999474e-03 3.446047999999999778e+00 2.237400000000000153e-02 0.000000000000000000e+00 -1.992024999999999935e+01 4.048800000000000315e-02 2.205332138000000214e+03
2.800000000000000000e+04 8.030000000000000000e+03 -5.865400000000000000e+04 -1.402311899999999945e+01 6.195200000000000012e-02 6.334660000000000402e+00 9.967000000000000165e-03 -1.272000000000000075e-01 1.411899999999999961e-02 0.000000000000000000e+00 -1.990394300000000172e+01 5.391499999999999765e-02 2.408263743999999861e+03
2.800000000000000000e+04 8.030000000000000000e+03 -5.865400000000000000e+04 -1.401919299999999957e+01 6.623600000000000321e-02 6.329073000000000171e+00 1.317100000000000042e-02 -1.137620000000000020e-01 1.108400000000000010e-02 0.000000000000000000e+00 -1.990616299999999939e+01 5.474600000000000299e-02 2.428953927999999905e+03
2.800000000000000000e+04 8.030000000000000000e+03 -5.865400000000000000e+04 -1.395629899999999957e+01 7.911899999999999489e-02 6.340283000000000335e+00 1.502700000000000043e-02 -1.103549999999999948e-01 1.286900000000000023e-02 0.000000000000000000e+00 -1.990708199999999906e+01 5.172999999999999821e-02 2.778508921000000100e+03
2.800000000000000000e+04 8.030000000000000000e+03 -5.865400000000000000e+04 -1.396005099999999999e+01 7.123899999999999677e-02 6.337691999999999659e+00 1.142300000000000086e-02 -1.175479999999999997e-01 9.450999999999999332e-03 0.000000000000000000e+00 -1.989076999999999984e+01 3.220200000000000146e-02 2.799196104999999989e+03
2.800000000000000000e+04 8.030000000000000000e+03 -5.865400000000000000e+04 -1.397688199999999981e+01 7.832699999999999385e-02 6.339900000000000091e+00 1.181199999999999958e-02 -1.013209999999999944e-01 1.235499999999999966e-02 0.000000000000000000e+00 -1.990637200000000107e+01 4.649199999999999861e-02 3.148769099000000097e+03
