4.525000000000000000e+03 4.050000000000000000e+03 -7.000000000000000000e+04 -1.009939344236000025e+01 7.105783988954772479e-02 6.808016941110937914e+00 1.354122674895513224e-02 -2.799309475480023401e+00 1.248263511301924734e-02 0.000000000000000000e+00 -2.363572500000000076e+01 1.015899999999999963e-02 3.641108299999999787e+01
4.525000000000000000e+03 4.050000000000000000e+03 -7.000000000000000000e+04 -1.007010285987372811e+01 6.429832647753488950e-02 6.800121937307734399e+00 1.131912869407223146e-02 -2.791685338639541047e+00 7.991424390893505508e-03 0.000000000000000000e+00 -2.362045099999999920e+01 1.225900000000000080e-02 5.489113959999999679e+02
4.525000000000000000e+03 4.050000000000000000e+03 -7.000000000000000000e+04 -1.007202175656490262e+01 6.237811390904007131e-02 6.809539368804846227e+00 1.419643780053361781e-02 -2.789583809556744232e+00 9.403314199068394871e-03 0.000000000000000000e+00 -2.363135899999999978e+01 1.946700000000000166e-02 5.696035799999999654e+02
4.525000000000000000e+03 4.050000000000000000e+03 -7.000000000000000000e+04 -1.006227422322567122e+01 6.674554011822159127e-02 6.813582049962952247e+00 1.549872804381387768e-02 -2.785323616503075694e+00 1.072032407862605688e-02 0.000000000000000000e+00 -2.362593999999999994e+01 1.391399999999999929e-02 1.082121894000000111e+03
4.525000000000000000e+03 4.050000000000000000e+03 -6.650000000000000000e+04 -1.024845436338212146e+01 6.900976253097351742e-02 6.770757622468247305e+00 1.374485606089983353e-02 -2.842511817017483899e+00 9.042821256874904526e-03 0.000000000000000000e+00 -2.362049599999999927e+01 9.284000000000000585e-03 6.100248899999999708e+01
4.525000000000000000e+03 4.050000000000000000e+03 -6.650000000000000000e+04 -1.024400960628266510e+01 5.872932403121988026e-02 6.798364553116783782e+00 1.089501380548921726e-02 -2.831142306760056293e+00 7.698668392272629835e-03 0.000000000000000000e+00 -2.362775299999999845e+01 1.147600000000000009e-02 5.243199899999999616e+02
4.525000000000000000e+03 4.050000000000000000e+03 -6.650000000000000000e+04 -1.022283596342035139e+01 6.243938940041346419e-02 6.822747971130642242e+00 1.230469076241495069e-02 -2.812752791842566769e+00 1.077902011060721116e-02 0.000000000000000000e+00 -2.362839400000000012e+01 1.588399999999999881e-02 5.941929860000000190e+02
4.525000000000000000e+03 4.050000000000000000e+03 -6.650000000000000000e+04 -1.023121348196955616e+01 5.330478942117564817e-02 6.817543877644427042e+00 1.195227673132101716e-02 -2.814157809616286254e+00 1.158330892716079828e-02 0.000000000000000000e+00 -2.362442000000000064e+01 9.636000000000000468e-03 1.057527487000000065e+03
4.525000000000000000e+03 4.050000000000000000e+03 -6.300000000000000000e+04 -1.044706013958441027e+01 4.536763896991669737e-02 6.769750909662183957e+00 1.282451978522392531e-02 -2.751191630845901237e+00 8.022119394131171574e-03 0.000000000000000000e+00 -2.363200000000000145e+01 1.318399999999999954e-02 8.559689600000000098e+01
4.525000000000000000e+03 4.050000000000000000e+03 -6.300000000000000000e+04 -1.044446373076795886e+01 6.040148102075375280e-02 6.788649539494768348e+00 9.796546049385047861e-03 -2.735907976809355713e+00 9.451993705129212511e-03 0.000000000000000000e+00 -2.361944300000000041e+01 9.530000000000000276e-03 4.997295829999999910e+02
4.525000000000000000e+03 4.050000000000000000e+03 -6.300000000000000000e+04 -1.042546025581013325e+01 4.206175544192325422e-02 6.789479143605627876e+00 1.052824094942718045e-02 -2.752095394316376620e+00 8.310230661939786018e-03 0.000000000000000000e+00 -2.361727799999999888e+01 9.556999999999999523e-03 6.187783920000000535e+02
4.525000000000000000e+03 4.050000000000000000e+03 -6.300000000000000000e+04 -1.042958667800186490e+01 5.963041403070105245e-02 6.798414343136932381e+00 1.058731675575654008e-02 -2.748240746442527804e+00 9.106233438719158260e-03 0.000000000000000000e+00 -2.361477400000000060e+01 7.696999999999999849e-03 1.032938081000000011e+03
4.525000000000000000e+03 4.050000000000000000e+03 -5.950000000000000000e+04 -1.064654417379793472e+01 6.758044187028337813e-02 6.778477450464780674e+00 7.562536922753375357e-03 -2.675044218516145378e+00 1.035404780311749082e-02 0.000000000000000000e+00 -2.361472399999999894e+01 9.043999999999999956e-03 1.101873030000000000e+02
4.525000000000000000e+03 4.050000000000000000e+03 -5.950000000000000000e+04 -1.065421543315154551e+01 7.671825265888429501e-02 6.810982717640510664e+00 1.247138077330348094e-02 -2.662586832082221022e+00 7.064197447330517604e-03 0.000000000000000000e+00 -2.363295400000000157e+01 1.005299999999999944e-02 4.751441770000000133e+02
4.525000000000000000e+03 4.050000000000000000e+03 -5.950000000000000000e+04 -1.063433514250860767e+01 4.721374610325740351e-02 6.771237052654594635e+00 1.015910983576384131e-02 -2.670744341247379694e+00 6.834859709023441074e-03 0.000000000000000000e+00 -2.363003300000000095e+01 1.276300000000000004e-02 6.433677989999999909e+02
4.525000000000000000e+03 4.050000000000000000e+03 -5.950000000000000000e+04 -1.064571967564308252e+01 7.527629733322044325e-02 6.789624314943964123e+00 1.132535738767958579e-02 -2.647481051479764869e+00 1.055497322791102907e-02 0.000000000000000000e+00 -2.361837999999999838e+01 1.220399999999999957e-02 1.008347673999999984e+03
4.525000000000000000e+03 4.050000000000000000e+03 -5.600000000000000000e+04 -1.085607497465421289e+01 6.309299970917647826e-02 6.781498862097979696e+00 1.284608722561624873e-02 -2.589055196552464633e+00 1.292573153402605361e-02 0.000000000000000000e+00 -2.364749700000000132e+01 8.498999999999999611e-03 1.347777089999999873e+02
4.525000000000000000e+03 4.050000000000000000e+03 -5.600000000000000000e+04 -1.086643037089143071e+01 4.853969184583144941e-02 6.779270269124056725e+00 1.297462126562784479e-02 -2.592060948392980624e+00 9.608518071234539021e-03 0.000000000000000000e+00 -2.363050499999999943e+01 1.125199999999999985e-02 4.505567710000000261e+02
4.525000000000000000e+03 4.050000000000000000e+03 -5.600000000000000000e+04 -1.084060321386937176e+01 8.056961152238190094e-02 6.786181904769982509e+00 1.192249620857399432e-02 -2.604234284125465759e+00 9.860896981968937658e-03 0.000000000000000000e+00 -2.362930800000000175e+01 1.567299999999999943e-02 6.679582050000000208e+02
4.525000000000000000e+03 4.050000000000000000e+03 -5.600000000000000000e+04 -1.085555846438048988e+01 8.693768832659805323e-02 6.802195906817050108e+00 1.131226631742501126e-02 -2.576927805487856826e+00 1.146876598379024947e-02 0.000000000000000000e+00 -2.363443900000000042e+01 1.120499999999999968e-02 9.837572679999999536e+02
4.525000000000000000e+03 4.050000000000000000e+03 -5.250000000000000000e+04 -1.106284922908576185e+01 6.630956773562111939e-02 6.817680308147072488e+00 1.163967899643298526e-02 -2.516675023009753431e+00 7.473327075343997629e-03 0.000000000000000000e+00 -2.361459500000000133e+01 9.024000000000000771e-03 1.593711160000000007e+02
4.525000000000000000e+03 4.050000000000000000e+03 -5.250000000000000000e+04 -1.107445009003995118e+01 5.979227644484041981e-02 6.776269274088646100e+00 1.064424607466146235e-02 -2.479404914110886704e+00 8.613258213117459816e-03 0.000000000000000000e+00 -2.363570500000000152e+01 9.884000000000000424e-03 4.259653640000000223e+02
4.525000000000000000e+03 4.050000000000000000e+03 -5.250000000000000000e+04 -1.105282830691960427e+01 4.402135702928689637e-02 6.827479710244744204e+00 1.149780694292701182e-02 -2.517282409598297743e+00 1.067582571997276880e-02 0.000000000000000000e+00 -2.363591399999999965e+01 1.081900000000000049e-02 6.925486120000000483e+02
4.525000000000000000e+03 4.050000000000000000e+03 -5.250000000000000000e+04 -1.106912987747232613e+01 5.311348212792078860e-02 6.801648642242613008e+00 1.064537308704573484e-02 -2.480089475533023169e+00 1.083691533992222483e-02 0.000000000000000000e+00 -2.362176799999999943e+01 1.128900000000000042e-02 9.591658609999999499e+02
4.525000000000000000e+03 4.050000000000000000e+03 -4.900000000000000000e+04 -1.127553320277247551e+01 3.966850313971612141e-02 6.788876199281931534e+00 9.325999926628072631e-03 -2.433351835082777193e+00 7.312354273615644974e-03 0.000000000000000000e+00 -2.361503700000000094e+01 9.417000000000000023e-03 1.839555220000000020e+02
4.525000000000000000e+03 4.050000000000000000e+03 -4.900000000000000000e+04 -1.128429218695603886e+01 5.510259905870307923e-02 6.799210249071743206e+00 1.069954888429741624e-02 -2.406252534999310466e+00 6.308133452008138006e-03 0.000000000000000000e+00 -2.360638499999999951e+01 8.928999999999999437e-03 4.013739580000000160e+02
4.525000000000000000e+03 4.050000000000000000e+03 -4.900000000000000000e+04 -1.126024120317364741e+01 6.718410742547967218e-02 6.828212590283902372e+00 9.107169140616941730e-03 -2.440042043316430043e+00 8.588595734216539213e-03 0.000000000000000000e+00 -2.362677000000000049e+01 7.548000000000000022e-03 7.171400180000000546e+02
4.525000000000000000e+03 4.050000000000000000e+03 -4.900000000000000000e+04 -1.127779291434263520e+01 4.843793229762518443e-02 6.838489669878632604e+00 1.107063739294968964e-02 -2.423969816804708799e+00 5.522008008370072121e-03 0.000000000000000000e+00 -2.362299499999999952e+01 7.353000000000000161e-03 9.345734549999999672e+02
4.525000000000000000e+03 4.050000000000000000e+03 -4.550000000000000000e+04 -1.148988603172805867e+01 4.537546218689502558e-02 6.826508013311185508e+00 1.244516352832523813e-02 -2.347498669633819368e+00 8.764161458970458340e-03 0.000000000000000000e+00 -2.365072100000000077e+01 1.281999999999999980e-02 2.085459280000000035e+02
4.525000000000000000e+03 4.050000000000000000e+03 -4.550000000000000000e+04 -1.151300375944088827e+01 6.347387559512204791e-02 6.825537071092425023e+00 1.055660250527362329e-02 -2.334380691946565722e+00 9.326865844463487140e-03 0.000000000000000000e+00 -2.362434100000000115e+01 6.633000000000000007e-03 3.767855509999999981e+02
4.525000000000000000e+03 4.050000000000000000e+03 -4.550000000000000000e+04 -1.147989980933066789e+01 6.167003682539207166e-02 6.832624325216788641e+00 8.788585279944768555e-03 -2.395058404156871212e+00 7.285553426605523644e-03 0.000000000000000000e+00 -2.364273899999999884e+01 8.876999999999999474e-03 7.417294249999999920e+02
4.525000000000000000e+03 4.050000000000000000e+03 -4.550000000000000000e+04 -1.150013879161381070e+01 4.986862184710205009e-02 6.819170348226482048e+00 1.103246730046434504e-02 -2.364940873044794056e+00 9.261384687773243848e-03 0.000000000000000000e+00 -2.362820500000000123e+01 9.043999999999999956e-03 9.099850480000000061e+02
4.525000000000000000e+03 4.050000000000000000e+03 -4.200000000000000000e+04 -1.171467426167203207e+01 5.248230817633899037e-02 6.834929897607817217e+00 1.377277088802516744e-02 -2.267674064645443188e+00 1.075488635689604740e-02 0.000000000000000000e+00 -2.363656999999999897e+01 1.256400000000000051e-02 2.331343349999999930e+02
4.525000000000000000e+03 4.050000000000000000e+03 -4.200000000000000000e+04 -1.173328113975501630e+01 7.189542282658437089e-02 6.845397512012548091e+00 1.144218307923731449e-02 -2.280054246577820187e+00 1.089646139661237800e-02 0.000000000000000000e+00 -2.362154900000000168e+01 1.320299999999999946e-02 3.521971449999999777e+02
4.525000000000000000e+03 4.050000000000000000e+03 -4.200000000000000000e+04 -1.170500300961555418e+01 5.677530687686797167e-02 6.857449095398043148e+00 1.133544915321598595e-02 -2.290696118627327138e+00 1.012830457343791637e-02 0.000000000000000000e+00 -2.361158500000000160e+01 1.791699999999999890e-02 7.663208309999999983e+02
4.525000000000000000e+03 4.050000000000000000e+03 -4.200000000000000000e+04 -1.172127917857138435e+01 6.662549801132375271e-02 6.854493286053194190e+00 1.510176415160910911e-02 -2.272736956140225306e+00 1.076217534944808388e-02 0.000000000000000000e+00 -2.362719699999999889e+01 1.282600000000000059e-02 8.853936419999999998e+02
4.525000000000000000e+03 4.050000000000000000e+03 -3.850000000000000000e+04 -1.194534485779296418e+01 7.194779323704607321e-02 6.851813126840546886e+00 1.287065816845507638e-02 -2.186934199566981540e+00 1.143960430391051733e-02 0.000000000000000000e+00 -2.361595600000000061e+01 7.886000000000000648e-03 2.577297419999999875e+02
4.525000000000000000e+03 4.050000000000000000e+03 -3.850000000000000000e+04 -1.196271954048744668e+01 5.567974621366373472e-02 6.869931001967467310e+00 9.562439917028462549e-03 -2.219200816559647738e+00 9.351823855014535294e-03 0.000000000000000000e+00 -2.362859699999999918e+01 8.819000000000000450e-03 3.276067380000000071e+02
4.525000000000000000e+03 4.050000000000000000e+03 -3.850000000000000000e+04 -1.192716498574749906e+01 6.806802499876853096e-02 6.869778215652991626e+00 1.178314523868487923e-02 -2.213319603114615397e+00 1.045127528347989526e-02 0.000000000000000000e+00 -2.364421899999999965e+01 9.861999999999999239e-03 7.909132379999999785e+02
4.525000000000000000e+03 4.050000000000000000e+03 -3.850000000000000000e+04 -1.195199744908267547e+01 4.368856341544000849e-02 6.883236341148132986e+00 1.129041483300854617e-02 -2.209873438889845332e+00 9.659540030128612592e-03 0.000000000000000000e+00 -2.362660599999999889e+01 7.781999999999999855e-03 8.608032359999999699e+02
4.525000000000000000e+03 4.050000000000000000e+03 -3.500000000000000000e+04 -1.217525064554794945e+01 4.706688524589356520e-02 6.892441611255484268e+00 1.258019109291484000e-02 -2.139543435098509416e+00 7.219195960467664902e-03 0.000000000000000000e+00 -2.363698199999999972e+01 7.576000000000000269e-03 2.823221480000000270e+02
4.525000000000000000e+03 4.050000000000000000e+03 -3.500000000000000000e+04 -1.217117921360019928e+01 6.418229555942463194e-02 6.868188526481117329e+00 1.088041325387892853e-02 -2.152485410288650591e+00 7.107971380603326020e-03 0.000000000000000000e+00 -2.363477599999999867e+01 9.789000000000000826e-03 3.030153320000000008e+02
4.525000000000000000e+03 4.050000000000000000e+03 -3.500000000000000000e+04 -1.215921613706704996e+01 5.352772181183638317e-02 6.878592148048914723e+00 9.679443364056614096e-03 -2.140706360575872491e+00 5.721912075231077449e-03 0.000000000000000000e+00 -2.362044699999999864e+01 5.350999999999999854e-03 8.155176450000000159e+02
4.525000000000000000e+03 4.050000000000000000e+03 -3.500000000000000000e+04 -1.215941385063312552e+01 3.921218423038792811e-02 6.888702264559299238e+00 7.105081269449347453e-03 -2.148153540679256679e+00 9.886702232627249745e-03 0.000000000000000000e+00 -2.362390900000000116e+01 9.915000000000000202e-03 8.362108289999999897e+02
