0.000000000000000000e+00 4.030000000000000000e+03 -7.000000000000000000e+04 -1.354541500000000021e+01 5.051200000000000134e-02 6.295973000000000042e+00 1.285299999999999984e-02 -8.658789999999999543e-01 2.227900000000000019e-02 0.000000000000000000e+00 -1.991450299999999984e+01 4.358999999999999680e-02 2.473741499999999860e+01
0.000000000000000000e+00 4.030000000000000000e+03 -7.000000000000000000e+04 -1.351733899999999977e+01 6.193800000000000000e-02 6.318502999999999759e+00 1.396400000000000072e-02 -8.590989999999999460e-01 2.724499999999999839e-02 0.000000000000000000e+00 -1.989875699999999981e+01 4.137300000000000005e-02 5.092091249999999718e+02
0.000000000000000000e+00 4.030000000000000000e+03 -7.000000000000000000e+04 -1.351540600000000047e+01 5.551899999999999891e-02 6.335365999999999609e+00 1.031199999999999999e-02 -8.455080000000000373e-01 2.258500000000000091e-02 0.000000000000000000e+00 -1.989349199999999840e+01 4.582900000000000168e-02 5.299113089999999602e+02
0.000000000000000000e+00 4.030000000000000000e+03 -7.000000000000000000e+04 -1.350272499999999987e+01 7.231400000000000328e-02 6.376443000000000083e+00 9.671000000000000776e-03 -8.333660000000000512e-01 2.449499999999999941e-02 0.000000000000000000e+00 -1.988852500000000134e+01 6.631199999999999595e-02 1.014512025999999992e+03
0.000000000000000000e+00 4.030000000000000000e+03 -7.000000000000000000e+04 -1.350501000000000040e+01 5.182500000000000301e-02 6.358838999999999686e+00 1.101800000000000002e-02 -8.689249999999999474e-01 2.598400000000000015e-02 0.000000000000000000e+00 -1.989740600000000015e+01 5.279299999999999965e-02 1.035202209999999923e+03
0.000000000000000000e+00 4.030000000000000000e+03 -6.650000000000000000e+04 -1.371761799999999987e+01 6.664699999999999791e-02 6.242758000000000251e+00 6.447999999999999739e-03 -8.410539999999999683e-01 2.113999999999999907e-02 0.000000000000000000e+00 -1.988826699999999903e+01 5.735400000000000220e-02 4.792574100000000215e+01
0.000000000000000000e+00 4.030000000000000000e+03 -6.650000000000000000e+04 -1.371087600000000073e+01 5.879700000000000204e-02 6.307171999999999557e+00 1.411500000000000081e-02 -8.074320000000000386e-01 2.344600000000000156e-02 0.000000000000000000e+00 -1.988523199999999846e+01 3.232999999999999763e-02 4.860157980000000180e+02
0.000000000000000000e+00 4.030000000000000000e+03 -6.650000000000000000e+04 -1.368380800000000086e+01 4.708199999999999885e-02 6.299320999999999948e+00 1.074199999999999981e-02 -8.139549999999999841e-01 2.632400000000000018e-02 0.000000000000000000e+00 -1.988263399999999947e+01 4.443400000000000127e-02 5.531106359999999995e+02
0.000000000000000000e+00 4.030000000000000000e+03 -6.650000000000000000e+04 -1.369951000000000008e+01 5.725000000000000228e-02 6.334559999999999746e+00 1.032300000000000058e-02 -7.854440000000000310e-01 2.881299999999999834e-02 0.000000000000000000e+00 -1.987297300000000178e+01 4.943399999999999878e-02 9.913206999999999880e+02
0.000000000000000000e+00 4.030000000000000000e+03 -6.650000000000000000e+04 -1.367784499999999959e+01 5.726500000000000340e-02 6.349186999999999692e+00 1.076599999999999953e-02 -8.403690000000000326e-01 2.444400000000000045e-02 0.000000000000000000e+00 -1.989035300000000106e+01 5.229199999999999821e-02 1.058395535999999993e+03
0.000000000000000000e+00 4.030000000000000000e+03 -6.300000000000000000e+04 -1.392559100000000072e+01 4.324299999999999672e-02 6.222487000000000101e+00 7.506999999999999784e-03 -6.898450000000000415e-01 2.398000000000000131e-02 0.000000000000000000e+00 -1.988595700000000122e+01 5.362000000000000099e-02 7.111106700000000558e+01
0.000000000000000000e+00 4.030000000000000000e+03 -6.300000000000000000e+04 -1.392331300000000027e+01 4.945000000000000090e-02 6.272152000000000172e+00 9.681000000000000369e-03 -6.606039999999999690e-01 2.290400000000000075e-02 0.000000000000000000e+00 -1.988560500000000175e+01 4.533100000000000324e-02 4.628234719999999811e+02
0.000000000000000000e+00 4.030000000000000000e+03 -6.300000000000000000e+04 -1.389689199999999936e+01 5.115200000000000302e-02 6.282634999999999970e+00 7.676999999999999796e-03 -6.736839999999999495e-01 2.724599999999999939e-02 0.000000000000000000e+00 -1.988125799999999899e+01 4.333999999999999658e-02 5.763069619999999986e+02
0.000000000000000000e+00 4.030000000000000000e+03 -6.300000000000000000e+04 -1.391250699999999973e+01 3.529700000000000198e-02 6.295465000000000089e+00 8.942000000000000295e-03 -6.651759999999999895e-01 2.495999999999999955e-02 0.000000000000000000e+00 -1.987855100000000164e+01 4.589300000000000324e-02 9.681293739999999843e+02
0.000000000000000000e+00 4.030000000000000000e+03 -6.300000000000000000e+04 -1.388872800000000041e+01 4.748800000000000243e-02 6.300919999999999632e+00 6.929000000000000263e-03 -7.028659999999999908e-01 2.375999999999999987e-02 0.000000000000000000e+00 -1.988257000000000119e+01 4.356299999999999756e-02 1.081582863000000089e+03
0.000000000000000000e+00 4.030000000000000000e+03 -5.950000000000000000e+04 -1.413870999999999967e+01 4.930299999999999960e-02 6.211020999999999681e+00 8.302000000000000351e-03 -5.690770000000000550e-01 2.493300000000000030e-02 0.000000000000000000e+00 -1.988974199999999826e+01 4.242499999999999744e-02 9.429839300000000435e+01
0.000000000000000000e+00 4.030000000000000000e+03 -5.950000000000000000e+04 -1.414809699999999992e+01 6.247099999999999875e-02 6.254677000000000042e+00 1.091499999999999936e-02 -5.548809999999999576e-01 2.565999999999999878e-02 0.000000000000000000e+00 -1.988783499999999904e+01 4.568300000000000138e-02 4.396361459999999965e+02
0.000000000000000000e+00 4.030000000000000000e+03 -5.950000000000000000e+04 -1.411372399999999949e+01 3.836099999999999927e-02 6.229322999999999944e+00 9.029999999999999832e-03 -5.590389999999999526e-01 2.555599999999999886e-02 0.000000000000000000e+00 -1.987753299999999967e+01 4.053999999999999965e-02 5.995132899999999836e+02
0.000000000000000000e+00 4.030000000000000000e+03 -5.950000000000000000e+04 -1.412987099999999963e+01 4.062799999999999745e-02 6.275532000000000110e+00 9.610000000000000486e-03 -5.034290000000000154e-01 2.278499999999999970e-02 0.000000000000000000e+00 -1.989546400000000048e+01 4.555700000000000027e-02 9.449420479999999998e+02
0.000000000000000000e+00 4.030000000000000000e+03 -5.950000000000000000e+04 -1.412075100000000027e+01 5.774499999999999772e-02 6.262572999999999723e+00 9.997999999999999943e-03 -5.603749999999999565e-01 2.199699999999999919e-02 0.000000000000000000e+00 -1.988774499999999890e+01 5.057299999999999990e-02 1.104774188999999978e+03
0.000000000000000000e+00 4.030000000000000000e+03 -5.600000000000000000e+04 -1.434971400000000052e+01 5.387499999999999928e-02 6.232987999999999751e+00 9.324999999999999956e-03 -4.191659999999999831e-01 2.536199999999999913e-02 0.000000000000000000e+00 -1.989119699999999824e+01 4.770499999999999741e-02 1.174967199999999963e+02
0.000000000000000000e+00 4.030000000000000000e+03 -5.600000000000000000e+04 -1.436609799999999915e+01 5.808499999999999774e-02 6.226207999999999743e+00 1.118500000000000050e-02 -3.882800000000000140e-01 2.417499999999999857e-02 0.000000000000000000e+00 -1.990362500000000168e+01 4.680600000000000038e-02 4.164468190000000050e+02
0.000000000000000000e+00 4.030000000000000000e+03 -5.600000000000000000e+04 -1.433301100000000083e+01 7.170500000000000485e-02 6.262017000000000166e+00 9.816000000000000072e-03 -4.107720000000000260e-01 1.965099999999999833e-02 0.000000000000000000e+00 -1.989007000000000147e+01 4.778899999999999815e-02 6.227046169999999847e+02
0.000000000000000000e+00 4.030000000000000000e+03 -5.600000000000000000e+04 -1.435466199999999937e+01 5.867499999999999799e-02 6.256804999999999950e+00 9.062999999999999876e-03 -3.808389999999999831e-01 2.581299999999999914e-02 0.000000000000000000e+00 -1.986034700000000086e+01 5.068199999999999789e-02 9.217537210000000414e+02
0.000000000000000000e+00 4.030000000000000000e+03 -5.600000000000000000e+04 -1.433689500000000017e+01 5.298300000000000232e-02 6.235629999999999562e+00 1.068000000000000026e-02 -4.176079999999999792e-01 2.636600000000000055e-02 0.000000000000000000e+00 -1.989084000000000074e+01 4.289500000000000257e-02 1.127965515999999980e+03
0.000000000000000000e+00 4.030000000000000000e+03 -5.250000000000000000e+04 -1.456448100000000068e+01 4.710000000000000298e-02 6.223065000000000069e+00 8.557999999999999635e-03 -2.765000000000000235e-01 2.503199999999999870e-02 0.000000000000000000e+00 -1.988251500000000149e+01 5.131100000000000244e-02 1.406840459999999950e+02
0.000000000000000000e+00 4.030000000000000000e+03 -5.250000000000000000e+04 -1.458722799999999964e+01 4.247299999999999687e-02 6.241030000000000300e+00 1.111000000000000008e-02 -2.417549999999999977e-01 2.454399999999999984e-02 0.000000000000000000e+00 -1.990097799999999850e+01 5.702399999999999830e-02 3.932574930000000109e+02
0.000000000000000000e+00 4.030000000000000000e+03 -5.250000000000000000e+04 -1.455437399999999926e+01 5.454400000000000220e-02 6.243165000000000298e+00 1.090799999999999929e-02 -2.686459999999999959e-01 2.302900000000000086e-02 0.000000000000000000e+00 -1.988509300000000124e+01 4.725700000000000039e-02 6.459109439999999722e+02
0.000000000000000000e+00 4.030000000000000000e+03 -5.250000000000000000e+04 -1.457028099999999959e+01 5.078599999999999781e-02 6.242816999999999616e+00 8.071000000000000049e-03 -2.696990000000000220e-01 2.955400000000000041e-02 0.000000000000000000e+00 -1.989915500000000037e+01 4.433200000000000335e-02 8.985603939999999739e+02
0.000000000000000000e+00 4.030000000000000000e+03 -5.250000000000000000e+04 -1.455588299999999968e+01 4.615799999999999764e-02 6.270781999999999634e+00 9.690000000000000696e-03 -2.692120000000000068e-01 2.645199999999999982e-02 0.000000000000000000e+00 -1.987791599999999903e+01 4.938300000000000328e-02 1.151154841999999917e+03
0.000000000000000000e+00 4.030000000000000000e+03 -4.900000000000000000e+04 -1.478284700000000029e+01 3.024699999999999958e-02 6.252556000000000225e+00 8.186000000000000568e-03 -1.461570000000000091e-01 2.379799999999999971e-02 0.000000000000000000e+00 -1.988769599999999826e+01 4.053799999999999765e-02 1.638713730000000055e+02
0.000000000000000000e+00 4.030000000000000000e+03 -4.900000000000000000e+04 -1.480598299999999945e+01 5.465099999999999819e-02 6.233567999999999998e+00 7.813000000000000500e-03 -9.614399999999999336e-02 2.501700000000000104e-02 0.000000000000000000e+00 -1.988523700000000005e+01 4.797099999999999975e-02 3.700681660000000193e+02
0.000000000000000000e+00 4.030000000000000000e+03 -4.900000000000000000e+04 -1.477195700000000045e+01 4.281999999999999695e-02 6.265111000000000097e+00 6.318999999999999964e-03 -1.659400000000000042e-01 2.452199999999999866e-02 0.000000000000000000e+00 -1.988264399999999910e+01 4.279800000000000271e-02 6.691152710000000070e+02
0.000000000000000000e+00 4.030000000000000000e+03 -4.900000000000000000e+04 -1.479476200000000041e+01 4.710400000000000004e-02 6.226573000000000135e+00 5.487999999999999823e-03 -1.176979999999999971e-01 2.500399999999999845e-02 0.000000000000000000e+00 -1.988855999999999824e+01 5.084799999999999737e-02 8.753710680000000366e+02
0.000000000000000000e+00 4.030000000000000000e+03 -4.900000000000000000e+04 -1.477619600000000055e+01 4.802200000000000218e-02 6.275864999999999583e+00 7.577000000000000401e-03 -1.155140000000000056e-01 2.219300000000000092e-02 0.000000000000000000e+00 -1.987531299999999845e+01 4.267499999999999766e-02 1.174342167999999901e+03
0.000000000000000000e+00 4.030000000000000000e+03 -4.550000000000000000e+04 -1.500902899999999995e+01 5.588699999999999918e-02 6.268894000000000410e+00 1.051900000000000057e-02 1.696100000000000038e-02 2.365300000000000041e-02 0.000000000000000000e+00 -1.989492299999999858e+01 3.523400000000000143e-02 1.870606989999999996e+02
0.000000000000000000e+00 4.030000000000000000e+03 -4.550000000000000000e+04 -1.503161799999999992e+01 4.478599999999999942e-02 6.247455000000000425e+00 8.569999999999999493e-03 1.950599999999999903e-02 2.328399999999999914e-02 0.000000000000000000e+00 -1.989768400000000170e+01 5.582000000000000156e-02 3.468788400000000252e+02
0.000000000000000000e+00 4.030000000000000000e+03 -4.550000000000000000e+04 -1.499773899999999927e+01 5.721299999999999997e-02 6.264554999999999652e+00 7.941999999999999407e-03 -2.857999999999999863e-03 2.301299999999999873e-02 0.000000000000000000e+00 -1.987599799999999917e+01 4.666200000000000209e-02 6.923165979999999990e+02
0.000000000000000000e+00 4.030000000000000000e+03 -4.550000000000000000e+04 -1.501972699999999961e+01 5.283600000000000102e-02 6.263408000000000087e+00 1.008399999999999921e-02 1.244400000000000020e-02 2.079599999999999851e-02 0.000000000000000000e+00 -1.987349999999999994e+01 5.848799999999999832e-02 8.521817419999999856e+02
0.000000000000000000e+00 4.030000000000000000e+03 -4.550000000000000000e+04 -1.500387599999999999e+01 4.929900000000000254e-02 6.284818999999999711e+00 1.067300000000000020e-02 1.347699999999999940e-02 2.649500000000000119e-02 0.000000000000000000e+00 -1.987733899999999920e+01 3.994799999999999740e-02 1.197536495000000059e+03
0.000000000000000000e+00 4.030000000000000000e+03 -4.200000000000000000e+04 -1.523559599999999925e+01 4.761200000000000154e-02 6.301427999999999585e+00 9.593000000000000832e-03 1.328779999999999961e-01 2.296300000000000077e-02 0.000000000000000000e+00 -1.992552500000000038e+01 5.439700000000000091e-02 2.102540250000000128e+02
0.000000000000000000e+00 4.030000000000000000e+03 -4.200000000000000000e+04 -1.526110700000000087e+01 5.591499999999999942e-02 6.261891999999999570e+00 9.908999999999999406e-03 1.828380000000000005e-01 2.463100000000000012e-02 0.000000000000000000e+00 -1.990368499999999941e+01 4.631300000000000000e-02 3.236875130000000240e+02
0.000000000000000000e+00 4.030000000000000000e+03 -4.200000000000000000e+04 -1.522761700000000040e+01 6.096800000000000136e-02 6.287749999999999950e+00 1.110599999999999955e-02 1.494489999999999985e-01 2.418899999999999870e-02 0.000000000000000000e+00 -1.988095500000000015e+01 3.958300000000000013e-02 7.155149249999999483e+02
0.000000000000000000e+00 4.030000000000000000e+03 -4.200000000000000000e+04 -1.525061700000000009e+01 6.850499999999999645e-02 6.267545000000000144e+00 1.551199999999999975e-02 1.805229999999999890e-01 2.357100000000000167e-02 0.000000000000000000e+00 -1.989086500000000157e+01 5.620399999999999702e-02 8.289944150000000036e+02
0.000000000000000000e+00 4.030000000000000000e+03 -4.200000000000000000e+04 -1.523203600000000080e+01 4.782100000000000239e-02 6.281869999999999621e+00 1.294999999999999971e-02 1.286750000000000116e-01 2.402800000000000075e-02 0.000000000000000000e+00 -1.990139999999999887e+01 6.315999999999999392e-02 1.220724821000000020e+03
0.000000000000000000e+00 4.030000000000000000e+03 -3.850000000000000000e+04 -1.547250099999999939e+01 6.021900000000000169e-02 6.312940000000000218e+00 1.283699999999999945e-02 2.570850000000000080e-01 2.469299999999999967e-02 0.000000000000000000e+00 -1.990152399999999844e+01 5.548399999999999860e-02 2.334443520000000092e+02
0.000000000000000000e+00 4.030000000000000000e+03 -3.850000000000000000e+04 -1.549213499999999932e+01 5.519500000000000101e-02 6.286425000000000374e+00 1.116699999999999984e-02 3.001289999999999791e-01 2.511000000000000038e-02 0.000000000000000000e+00 -1.989520600000000172e+01 4.764399999999999885e-02 3.004981869999999731e+02
0.000000000000000000e+00 4.030000000000000000e+03 -3.850000000000000000e+04 -1.546340499999999984e+01 4.999699999999999978e-02 6.297286999999999857e+00 9.905999999999999875e-03 2.974729999999999874e-01 2.291999999999999940e-02 0.000000000000000000e+00 -1.987381299999999840e+01 4.183200000000000113e-02 7.387132520000000113e+02
0.000000000000000000e+00 4.030000000000000000e+03 -3.850000000000000000e+04 -1.547919800000000023e+01 5.663499999999999784e-02 6.283845000000000347e+00 1.698099999999999957e-02 3.325520000000000143e-01 2.700699999999999976e-02 0.000000000000000000e+00 -1.987034099999999981e+01 5.295699999999999713e-02 8.058000889999999572e+02
0.000000000000000000e+00 4.030000000000000000e+03 -3.850000000000000000e+04 -1.546758099999999914e+01 5.268300000000000066e-02 6.310092000000000034e+00 9.157999999999999474e-03 2.655339999999999923e-01 2.595099999999999837e-02 0.000000000000000000e+00 -1.990158900000000131e+01 3.810000000000000192e-02 1.243920147999999926e+03
0.000000000000000000e+00 4.030000000000000000e+03 -3.500000000000000000e+04 -1.571419700000000041e+01 5.312999999999999667e-02 6.315460999999999991e+00 8.881999999999999271e-03 4.096699999999999786e-01 2.475899999999999976e-02 0.000000000000000000e+00 -1.988864900000000091e+01 5.285800000000000221e-02 2.566336779999999749e+02
0.000000000000000000e+00 4.030000000000000000e+03 -3.500000000000000000e+04 -1.571447799999999972e+01 5.085699999999999943e-02 6.322383000000000308e+00 6.452000000000000270e-03 4.189220000000000166e-01 2.642200000000000104e-02 0.000000000000000000e+00 -1.989571300000000065e+01 5.004299999999999721e-02 2.773208619999999769e+02
0.000000000000000000e+00 4.030000000000000000e+03 -3.500000000000000000e+04 -1.570674200000000020e+01 4.995999999999999747e-02 6.313295000000000101e+00 1.002800000000000046e-02 4.304029999999999800e-01 2.426199999999999884e-02 0.000000000000000000e+00 -1.987873000000000090e+01 5.036199999999999705e-02 7.619125790000000507e+02
0.000000000000000000e+00 4.030000000000000000e+03 -3.500000000000000000e+04 -1.570419399999999932e+01 4.612100000000000227e-02 6.342343999999999760e+00 7.007000000000000207e-03 4.143540000000000001e-01 2.421699999999999894e-02 0.000000000000000000e+00 -1.988375699999999924e+01 4.051099999999999840e-02 7.826117629999999963e+02
0.000000000000000000e+00 4.030000000000000000e+03 -3.500000000000000000e+04 -1.571237099999999920e+01 3.987799999999999678e-02 6.328693999999999598e+00 9.145999999999999616e-03 4.058140000000000081e-01 2.341999999999999985e-02 0.000000000000000000e+00 -1.989667100000000133e+01 4.058400000000000202e-02 1.267111474999999928e+03
