4.525000000000000000e+03 4.010000000000000000e+03 -7.200000000000000000e+04 -1.009181799999999996e+01 5.097999999999999754e-02 6.933722999999999637e+00 1.049800000000000039e-02 -2.390047000000000033e+00 1.143500000000000072e-02 0.000000000000000000e+00 -2.377055599999999913e+01 1.433899999999999932e-02 1.786102199999999840e+01
4.525000000000000000e+03 4.010000000000000000e+03 -7.200000000000000000e+04 -1.006159700000000079e+01 5.829600000000000060e-02 6.970957000000000292e+00 1.640099999999999891e-02 -2.424093000000000053e+00 1.530899999999999969e-02 0.000000000000000000e+00 -2.378173200000000165e+01 1.556699999999999924e-02 5.922928769999999759e+02
4.525000000000000000e+03 4.010000000000000000e+03 -7.200000000000000000e+04 -1.006047399999999925e+01 7.213500000000000467e-02 7.005188000000000415e+00 9.794999999999999887e-03 -2.428835999999999995e+00 1.105199999999999932e-02 0.000000000000000000e+00 -2.378697199999999867e+01 1.596500000000000002e-02 6.129820600000000468e+02
4.525000000000000000e+03 4.010000000000000000e+03 -7.200000000000000000e+04 -1.005916299999999985e+01 6.426900000000000668e-02 6.956997999999999571e+00 1.699900000000000022e-02 -2.412907999999999831e+00 1.159600000000000040e-02 0.000000000000000000e+00 -2.378098200000000162e+01 1.370500000000000017e-02 1.187472919000000047e+03
4.525000000000000000e+03 4.010000000000000000e+03 -6.540000000000000000e+04 -1.038777499999999954e+01 3.788799999999999807e-02 6.898728000000000193e+00 6.231000000000000427e-03 -2.493587000000000220e+00 8.337000000000000660e-03 0.000000000000000000e+00 -2.375879899999999978e+01 1.197400000000000027e-02 4.553860499999999689e+01
4.525000000000000000e+03 4.010000000000000000e+03 -6.540000000000000000e+04 -1.037021299999999968e+01 5.548299999999999760e-02 6.954375999999999891e+00 9.728999999999999801e-03 -2.472599999999999909e+00 8.217000000000000345e-03 0.000000000000000000e+00 -2.376415799999999834e+01 1.565700000000000078e-02 5.646062940000000481e+02
4.525000000000000000e+03 4.010000000000000000e+03 -6.540000000000000000e+04 -1.036238999999999955e+01 6.479000000000000037e-02 6.906881000000000270e+00 9.995000000000000412e-03 -2.490985999999999922e+00 7.087999999999999683e-03 0.000000000000000000e+00 -2.377303900000000070e+01 1.025500000000000023e-02 6.406716440000000148e+02
4.525000000000000000e+03 4.010000000000000000e+03 -6.540000000000000000e+04 -1.036850300000000047e+01 4.448400000000000271e-02 6.933605000000000018e+00 1.204399999999999915e-02 -2.458938999999999986e+00 9.062000000000000610e-03 0.000000000000000000e+00 -2.377426600000000079e+01 1.258399999999999970e-02 1.159780334999999923e+03
4.525000000000000000e+03 4.010000000000000000e+03 -5.880000000000000000e+04 -1.076868799999999915e+01 5.626699999999999757e-02 6.867417999999999800e+00 9.691999999999999227e-03 -2.341692999999999802e+00 1.353700000000000042e-02 0.000000000000000000e+00 -2.379476999999999975e+01 1.272700000000000047e-02 7.323118800000000306e+01
4.525000000000000000e+03 4.010000000000000000e+03 -5.880000000000000000e+04 -1.077782900000000055e+01 8.780899999999999817e-02 6.931486999999999732e+00 1.242300000000000001e-02 -2.322041000000000022e+00 1.368600000000000025e-02 0.000000000000000000e+00 -2.377846299999999857e+01 1.597499999999999962e-02 5.369167099999999664e+02
4.525000000000000000e+03 4.010000000000000000e+03 -5.880000000000000000e+04 -1.074392500000000084e+01 7.577799999999999814e-02 6.916328000000000031e+00 8.987999999999999462e-03 -2.300717000000000123e+00 8.477999999999999425e-03 0.000000000000000000e+00 -2.377440999999999960e+01 1.533099999999999914e-02 6.683612279999999828e+02
4.525000000000000000e+03 4.010000000000000000e+03 -5.880000000000000000e+04 -1.077030099999999990e+01 6.917900000000000438e-02 6.900970000000000049e+00 1.324000000000000003e-02 -2.303008999999999862e+00 1.234400000000000081e-02 0.000000000000000000e+00 -2.377130599999999916e+01 1.479699999999999939e-02 1.132093751999999995e+03
4.525000000000000000e+03 4.010000000000000000e+03 -5.220000000000000000e+04 -1.115140099999999990e+01 2.864600000000000132e-02 6.898859999999999992e+00 7.252999999999999899e-03 -2.185887999999999831e+00 6.786999999999999630e-03 0.000000000000000000e+00 -2.378328600000000037e+01 1.514199999999999921e-02 1.008627690000000001e+02
4.525000000000000000e+03 4.010000000000000000e+03 -5.220000000000000000e+04 -1.117693599999999954e+01 6.218699999999999922e-02 6.870790000000000397e+00 7.415999999999999849e-03 -2.140657000000000032e+00 7.610999999999999710e-03 0.000000000000000000e+00 -2.375147700000000128e+01 1.151199999999999966e-02 5.092241260000000125e+02
4.525000000000000000e+03 4.010000000000000000e+03 -5.220000000000000000e+04 -1.113992000000000004e+01 5.996200000000000141e-02 6.907301999999999609e+00 8.243000000000000327e-03 -2.185290000000000177e+00 8.713000000000000259e-03 0.000000000000000000e+00 -2.377615899999999982e+01 1.217599999999999932e-02 6.960468120000000454e+02
4.525000000000000000e+03 4.010000000000000000e+03 -5.220000000000000000e+04 -1.117031899999999922e+01 5.571099999999999663e-02 6.913726999999999734e+00 1.198199999999999960e-02 -2.152074999999999960e+00 9.905000000000000610e-03 0.000000000000000000e+00 -2.376925900000000169e+01 1.141799999999999933e-02 1.104398167999999941e+03
4.525000000000000000e+03 4.010000000000000000e+03 -4.560000000000000000e+04 -1.155444100000000063e+01 5.732500000000000095e-02 6.893132999999999733e+00 1.343600000000000003e-02 -2.006120000000000125e+00 8.760000000000000425e-03 0.000000000000000000e+00 -2.378127999999999886e+01 1.497799999999999999e-02 1.285523530000000108e+02
4.525000000000000000e+03 4.010000000000000000e+03 -4.560000000000000000e+04 -1.158646700000000074e+01 6.244799999999999657e-02 6.919634000000000285e+00 1.339300000000000039e-02 -2.019519999999999982e+00 9.766000000000000375e-03 0.000000000000000000e+00 -2.377596000000000132e+01 1.261499999999999948e-02 4.815335420000000113e+02
4.525000000000000000e+03 4.010000000000000000e+03 -4.560000000000000000e+04 -1.154108199999999940e+01 5.780500000000000221e-02 6.961687999999999654e+00 1.248999999999999937e-02 -2.047607000000000177e+00 7.841000000000000747e-03 0.000000000000000000e+00 -2.379058300000000159e+01 1.325100000000000063e-02 7.237323949999999968e+02
4.525000000000000000e+03 4.010000000000000000e+03 -4.560000000000000000e+04 -1.158032000000000039e+01 5.025199999999999806e-02 6.909600000000000186e+00 8.855999999999999289e-03 -2.003254999999999786e+00 8.264999999999999777e-03 0.000000000000000000e+00 -2.378221800000000030e+01 1.092300000000000042e-02 1.076707583999999997e+03
4.525000000000000000e+03 4.010000000000000000e+03 -3.900000000000000000e+04 -1.197902400000000078e+01 3.724999999999999839e-02 6.954206000000000110e+00 7.413000000000000318e-03 -1.881340000000000012e+00 7.901000000000000037e-03 0.000000000000000000e+00 -2.377619800000000083e+01 9.667000000000000245e-03 1.562419370000000072e+02
4.525000000000000000e+03 4.010000000000000000e+03 -3.900000000000000000e+04 -1.201710699999999932e+01 5.920000000000000262e-02 6.942026000000000252e+00 1.124700000000000005e-02 -1.836211999999999955e+00 8.715999999999999789e-03 0.000000000000000000e+00 -2.375037000000000020e+01 1.119299999999999982e-02 4.538439579999999864e+02
4.525000000000000000e+03 4.010000000000000000e+03 -3.900000000000000000e+04 -1.196765100000000004e+01 5.603400000000000047e-02 6.959480000000000111e+00 9.034000000000000363e-03 -1.890800000000000036e+00 8.200999999999999956e-03 0.000000000000000000e+00 -2.376755599999999902e+01 1.032199999999999958e-02 7.514119779999999764e+02
4.525000000000000000e+03 4.010000000000000000e+03 -3.900000000000000000e+04 -1.200741299999999967e+01 5.333800000000000346e-02 6.950127000000000166e+00 9.764000000000000110e-03 -1.862762000000000029e+00 8.229000000000000203e-03 0.000000000000000000e+00 -2.378047000000000111e+01 1.119999999999999989e-02 1.049018000000000029e+03
4.525000000000000000e+03 4.010000000000000000e+03 -3.240000000000000000e+04 -1.242129000000000083e+01 5.672100000000000058e-02 7.014026000000000316e+00 1.208799999999999979e-02 -1.734714000000000089e+00 8.921000000000000110e-03 0.000000000000000000e+00 -2.378703700000000154e+01 1.206899999999999987e-02 1.839325200000000109e+02
4.525000000000000000e+03 4.010000000000000000e+03 -3.240000000000000000e+04 -1.245072900000000082e+01 8.178900000000000059e-02 6.991989000000000232e+00 1.350299999999999938e-02 -1.728499999999999925e+00 1.004200000000000058e-02 0.000000000000000000e+00 -2.377762900000000101e+01 1.592999999999999972e-02 4.261523740000000089e+02
4.525000000000000000e+03 4.010000000000000000e+03 -3.240000000000000000e+04 -1.240326199999999979e+01 7.803999999999999826e-02 7.021608999999999767e+00 1.360500000000000077e-02 -1.741810000000000080e+00 8.160999999999999852e-03 0.000000000000000000e+00 -2.378039100000000161e+01 1.594200000000000131e-02 7.791015619999999444e+02
4.525000000000000000e+03 4.010000000000000000e+03 -3.240000000000000000e+04 -1.244267699999999977e+01 5.611000000000000015e-02 7.005480000000000373e+00 1.188600000000000073e-02 -1.717673000000000005e+00 1.025000000000000043e-02 0.000000000000000000e+00 -2.377794700000000105e+01 1.231299999999999929e-02 1.021329417000000035e+03
4.525000000000000000e+03 4.010000000000000000e+03 -2.580000000000000000e+04 -1.287074999999999925e+01 3.779899999999999927e-02 7.044560999999999851e+00 6.311999999999999902e-03 -1.606324000000000085e+00 7.896000000000000241e-03 0.000000000000000000e+00 -2.376967700000000150e+01 1.641400000000000151e-02 2.116301049999999861e+02
4.525000000000000000e+03 4.010000000000000000e+03 -2.580000000000000000e+04 -1.290428499999999978e+01 6.356000000000000538e-02 7.061639000000000443e+00 1.207500000000000066e-02 -1.584676999999999891e+00 6.973000000000000032e-03 0.000000000000000000e+00 -2.378875499999999832e+01 1.339599999999999992e-02 3.984637910000000147e+02
4.525000000000000000e+03 4.010000000000000000e+03 -2.580000000000000000e+04 -1.285986399999999996e+01 4.194300000000000112e-02 7.069799999999999862e+00 1.103999999999999947e-02 -1.603399999999999936e+00 1.089200000000000064e-02 0.000000000000000000e+00 -2.377146000000000114e+01 1.506700000000000053e-02 8.067931459999999788e+02
4.525000000000000000e+03 4.010000000000000000e+03 -2.580000000000000000e+04 -1.289393100000000025e+01 4.861100000000000143e-02 7.044272000000000311e+00 1.148099999999999989e-02 -1.582945000000000046e+00 8.560999999999999166e-03 0.000000000000000000e+00 -2.376296100000000067e+01 1.269699999999999995e-02 9.936408330000000433e+02
4.525000000000000000e+03 4.010000000000000000e+03 -1.920000000000000000e+04 -1.335222300000000040e+01 6.454899999999999527e-02 7.113101999999999592e+00 1.198399999999999986e-02 -1.446555999999999953e+00 1.203399999999999956e-02 0.000000000000000000e+00 -2.381138999999999939e+01 9.468999999999999986e-03 2.393246880000000090e+02
4.525000000000000000e+03 4.010000000000000000e+03 -1.920000000000000000e+04 -1.337949200000000083e+01 9.807000000000000439e-02 7.150815999999999839e+00 1.078699999999999971e-02 -1.431059000000000081e+00 1.074999999999999914e-02 0.000000000000000000e+00 -2.378244199999999964e+01 1.637699999999999920e-02 3.707692069999999944e+02
4.525000000000000000e+03 4.010000000000000000e+03 -1.920000000000000000e+04 -1.333882999999999974e+01 7.906900000000000039e-02 7.135792000000000357e+00 1.545400000000000072e-02 -1.443127000000000049e+00 1.227600000000000045e-02 0.000000000000000000e+00 -2.379389099999999857e+01 2.510799999999999838e-02 8.344867299999999659e+02
4.525000000000000000e+03 4.010000000000000000e+03 -1.920000000000000000e+04 -1.337338300000000046e+01 6.584700000000000275e-02 7.120663999999999660e+00 1.268200000000000056e-02 -1.427637999999999963e+00 1.143500000000000072e-02 0.000000000000000000e+00 -2.375438799999999873e+01 1.514099999999999994e-02 9.659492490000000089e+02
4.525000000000000000e+03 4.010000000000000000e+03 -1.260000000000000000e+04 -1.383914000000000044e+01 5.214900000000000091e-02 7.187369000000000341e+00 1.152899999999999932e-02 -1.296959999999999891e+00 8.021000000000000352e-03 0.000000000000000000e+00 -2.377437600000000018e+01 1.718799999999999842e-02 2.670132719999999722e+02
4.525000000000000000e+03 4.010000000000000000e+03 -1.260000000000000000e+04 -1.386677800000000005e+01 7.219000000000000417e-02 7.205574000000000368e+00 1.179099999999999940e-02 -1.278825000000000101e+00 6.813999999999999745e-03 0.000000000000000000e+00 -2.377210099999999926e+01 9.934000000000000122e-03 3.430816229999999791e+02
4.525000000000000000e+03 4.010000000000000000e+03 -1.260000000000000000e+04 -1.382393899999999931e+01 5.840599999999999958e-02 7.212149000000000143e+00 8.012999999999999290e-03 -1.308372000000000090e+00 1.094299999999999960e-02 0.000000000000000000e+00 -2.377018800000000098e+01 1.421000000000000041e-02 8.621803139999999530e+02
4.525000000000000000e+03 4.010000000000000000e+03 -1.260000000000000000e+04 -1.386016500000000029e+01 6.376300000000000023e-02 7.204502999999999879e+00 9.846000000000000585e-03 -1.274367000000000028e+00 1.103499999999999967e-02 0.000000000000000000e+00 -2.377032200000000017e+01 1.100100000000000036e-02 9.382566649999999981e+02
4.525000000000000000e+03 4.010000000000000000e+03 -6.000000000000000000e+03 -1.435891100000000087e+01 6.569400000000000239e-02 7.251472999999999836e+00 1.147600000000000009e-02 -1.204063000000000105e+00 8.536999999999999450e-03 0.000000000000000000e+00 -2.377051099999999906e+01 1.303900000000000024e-02 2.946958559999999920e+02
4.525000000000000000e+03 4.010000000000000000e+03 -6.000000000000000000e+03 -1.436308299999999960e+01 7.520899999999999808e-02 7.253744000000000192e+00 1.351199999999999971e-02 -1.163790000000000102e+00 1.232800000000000042e-02 0.000000000000000000e+00 -2.382161199999999823e+01 1.363800000000000082e-02 3.153880389999999920e+02
4.525000000000000000e+03 4.010000000000000000e+03 -6.000000000000000000e+03 -1.435365000000000002e+01 7.163400000000000323e-02 7.290377000000000329e+00 1.447700000000000028e-02 -1.182638999999999996e+00 1.494799999999999948e-02 0.000000000000000000e+00 -2.378164200000000150e+01 1.350400000000000038e-02 8.898718979999999874e+02
4.525000000000000000e+03 4.010000000000000000e+03 -6.000000000000000000e+03 -1.434884899999999952e+01 7.639700000000000657e-02 7.253659999999999997e+00 1.267800000000000003e-02 -1.168226999999999904e+00 1.007399999999999962e-02 0.000000000000000000e+00 -2.378519899999999865e+01 2.154999999999999971e-02 9.105660820000000513e+02
