4.525000000000000000e+03 4.160000000000000000e+03 -7.000000000000000000e+04 -1.021011777122464359e+01 4.572133370149877862e-02 6.817115180723913426e+00 1.282920291988802648e-02 -3.099728102207565339e+00 1.068934282341661018e-02 0.000000000000000000e+00 -2.358412699999999873e+01 1.761899999999999925e-02 3.651308800000000332e+01
4.525000000000000000e+03 4.160000000000000000e+03 -7.000000000000000000e+04 -1.015725370911730607e+01 5.763818864900270567e-02 6.878431425645674224e+00 9.886967340973601762e-03 -3.057416384785480723e+00 1.261770609344257596e-02 0.000000000000000000e+00 -2.358975999999999829e+01 9.716000000000000678e-03 5.490224020000000564e+02
4.525000000000000000e+03 4.160000000000000000e+03 -7.000000000000000000e+04 -1.016002184440083944e+01 7.041622917242740254e-02 6.877696220398456184e+00 1.020827562472442600e-02 -3.056558017558403062e+00 1.117388929181966674e-02 0.000000000000000000e+00 -2.360926100000000005e+01 2.273299999999999974e-02 5.697095849999999473e+02
4.525000000000000000e+03 4.160000000000000000e+03 -6.650000000000000000e+04 -1.036055605006708369e+01 4.576722930764400010e-02 6.782962263014043813e+00 1.016381738611948221e-02 -3.079691106978063697e+00 9.706749746601454898e-03 0.000000000000000000e+00 -2.358076499999999953e+01 2.064699999999999869e-02 6.110549499999999767e+01
4.525000000000000000e+03 4.160000000000000000e+03 -6.650000000000000000e+04 -1.033911562701820408e+01 5.310608837197967891e-02 6.849671677175849460e+00 9.422869850385312898e-03 -3.086339706730933052e+00 1.055999813495177124e-02 0.000000000000000000e+00 -2.360585299999999975e+01 2.410100000000000089e-02 5.244319960000000265e+02
4.525000000000000000e+03 4.160000000000000000e+03 -6.650000000000000000e+04 -1.031301897946745072e+01 4.543954808877884860e-02 6.816387250412738297e+00 9.816342177458071278e-03 -3.091665609439652851e+00 1.135957911819853415e-02 0.000000000000000000e+00 -2.360995099999999880e+01 2.981599999999999875e-02 5.943009919999999511e+02
4.525000000000000000e+03 4.160000000000000000e+03 -6.300000000000000000e+04 -1.055288646209531045e+01 3.948065079441317321e-02 6.793008285356177289e+00 1.041816031045184922e-02 -3.016997880803671706e+00 1.142236904478790074e-02 0.000000000000000000e+00 -2.358555300000000088e+01 2.387500000000000039e-02 8.569790100000000166e+01
4.525000000000000000e+03 4.160000000000000000e+03 -6.300000000000000000e+04 -1.054827632835531048e+01 3.703611702618708756e-02 6.836266520540621450e+00 9.718478674168060799e-03 -3.013170255217654248e+00 1.193265908682199922e-02 0.000000000000000000e+00 -2.360576400000000064e+01 2.412299999999999861e-02 4.998455890000000181e+02
4.525000000000000000e+03 4.160000000000000000e+03 -6.300000000000000000e+04 -1.051975294989053822e+01 3.179256509250433932e-02 6.831257623021128822e+00 6.944434715346121077e-03 -3.028912591340176874e+00 8.604869570375241195e-03 0.000000000000000000e+00 -2.360057799999999872e+01 1.803400000000000142e-02 6.188913979999999810e+02
4.525000000000000000e+03 4.160000000000000000e+03 -5.950000000000000000e+04 -1.075661797458107394e+01 5.268959001918121360e-02 6.780566672448325782e+00 9.151932697505813299e-03 -2.950775634620731669e+00 9.209086030161904232e-03 0.000000000000000000e+00 -2.358085900000000024e+01 2.869000000000000022e-02 1.102863080000000053e+02
4.525000000000000000e+03 4.160000000000000000e+03 -5.950000000000000000e+04 -1.076904590354158664e+01 2.918036479562790414e-02 6.804816012450409346e+00 6.320030443475708332e-03 -2.943249273932072807e+00 9.122104120630280741e-03 0.000000000000000000e+00 -2.360287299999999888e+01 2.338900000000000007e-02 4.752521820000000048e+02
4.525000000000000000e+03 4.160000000000000000e+03 -5.950000000000000000e+04 -1.073671841260395965e+01 5.693612675313190763e-02 6.805183102259135808e+00 9.585221193305334952e-03 -2.947418939596109677e+00 1.121454729477332213e-02 0.000000000000000000e+00 -2.360880399999999923e+01 2.544199999999999934e-02 6.434808050000000321e+02
4.525000000000000000e+03 4.160000000000000000e+03 -5.600000000000000000e+04 -1.096212811531352926e+01 5.416508951474384437e-02 6.787433441906612686e+00 1.214715138281530042e-02 -2.891928605449039402e+00 1.399025261182781227e-02 0.000000000000000000e+00 -2.358916899999999828e+01 2.840099999999999916e-02 1.348767139999999927e+02
4.525000000000000000e+03 4.160000000000000000e+03 -5.600000000000000000e+04 -1.098487292782160374e+01 5.865751197502876851e-02 6.800771091552610947e+00 1.459404277359695017e-02 -2.854007544442085820e+00 1.029246843190595971e-02 0.000000000000000000e+00 -2.359204000000000079e+01 2.041300000000000059e-02 4.506547760000000267e+02
4.525000000000000000e+03 4.160000000000000000e+03 -5.600000000000000000e+04 -1.094598531918087225e+01 5.474587690525795775e-02 6.829724774074091620e+00 1.008874408032529001e-02 -2.863112119811135337e+00 1.265198663278007708e-02 0.000000000000000000e+00 -2.360037000000000162e+01 1.717399999999999829e-02 6.680772120000000314e+02
4.525000000000000000e+03 4.160000000000000000e+03 -5.250000000000000000e+04 -1.117339539109873847e+01 3.843775532795152411e-02 6.794135675324167067e+00 9.675145533544034920e-03 -2.807118963930443467e+00 9.733926353392910805e-03 0.000000000000000000e+00 -2.359589400000000126e+01 2.293099999999999999e-02 1.594681209999999965e+02
4.525000000000000000e+03 4.160000000000000000e+03 -5.250000000000000000e+04 -1.119723175499771806e+01 4.360430791963056801e-02 6.802870416822146105e+00 9.496443592523259869e-03 -2.789881348868058275e+00 1.264154950724263524e-02 0.000000000000000000e+00 -2.358916899999999828e+01 2.111000000000000029e-02 4.260653699999999731e+02
4.525000000000000000e+03 4.160000000000000000e+03 -5.250000000000000000e+04 -1.115719828030953842e+01 4.385817968913084675e-02 6.824936516931557229e+00 6.374855419396865779e-03 -2.793213747306496852e+00 1.137499247198418828e-02 0.000000000000000000e+00 -2.359478199999999859e+01 2.459599999999999981e-02 6.926676179999999476e+02
4.525000000000000000e+03 4.160000000000000000e+03 -4.900000000000000000e+04 -1.138534644744056834e+01 4.813585466514502115e-02 6.815987280046893027e+00 7.285976939467504222e-03 -2.721487316202375162e+00 9.773084962977887993e-03 0.000000000000000000e+00 -2.360438299999999856e+01 2.142499999999999960e-02 1.840605270000000075e+02
4.525000000000000000e+03 4.160000000000000000e+03 -4.900000000000000000e+04 -1.140645875435694201e+01 3.833271013034889735e-02 6.807048061352054980e+00 1.064581296049533360e-02 -2.692428349328194415e+00 1.032468471541847510e-02 0.000000000000000000e+00 -2.359047500000000142e+01 1.945200000000000054e-02 4.014769630000000120e+02
4.525000000000000000e+03 4.160000000000000000e+03 -4.900000000000000000e+04 -1.137280718701165050e+01 5.647952386757483512e-02 6.829090272518629767e+00 8.941060820402548653e-03 -2.720544720752925194e+00 1.070180111466793350e-02 0.000000000000000000e+00 -2.360755699999999990e+01 2.186300000000000049e-02 7.172580249999999751e+02
4.525000000000000000e+03 4.160000000000000000e+03 -4.550000000000000000e+04 -1.160159858118237075e+01 3.478795678633075233e-02 6.836472639139874019e+00 8.655345043228842433e-03 -2.651610103915753136e+00 1.086159356701572702e-02 0.000000000000000000e+00 -2.360342400000000040e+01 1.691799999999999901e-02 2.086509340000000066e+02
4.525000000000000000e+03 4.160000000000000000e+03 -4.550000000000000000e+04 -1.163066379550698315e+01 3.833270736561698866e-02 6.833357450614838235e+00 7.848835708318343402e-03 -2.634004201362408537e+00 1.213767683890948183e-02 0.000000000000000000e+00 -2.358798200000000023e+01 1.878799999999999915e-02 3.768865569999999821e+02
4.525000000000000000e+03 4.160000000000000000e+03 -4.550000000000000000e+04 -1.158566200259996570e+01 4.519615485391383081e-02 6.864048644437288793e+00 6.531113812895801736e-03 -2.622930349507393011e+00 1.170911870227826432e-02 0.000000000000000000e+00 -2.360521800000000070e+01 2.253499999999999948e-02 7.418484310000000050e+02
4.525000000000000000e+03 4.160000000000000000e+03 -4.200000000000000000e+04 -1.182776648747830173e+01 6.680305720487154930e-02 6.850691824991715251e+00 1.050764889687266432e-02 -2.588825128058264813e+00 1.325271959798103236e-02 0.000000000000000000e+00 -2.359749400000000108e+01 2.426299999999999985e-02 2.332423410000000104e+02
4.525000000000000000e+03 4.160000000000000000e+03 -4.200000000000000000e+04 -1.185071658270935657e+01 6.809849974495868485e-02 6.837073963773354635e+00 1.334271293383925902e-02 -2.533954097197500310e+00 1.165686501813500454e-02 0.000000000000000000e+00 -2.359178700000000006e+01 2.156100000000000030e-02 3.522931500000000256e+02
4.525000000000000000e+03 4.160000000000000000e+03 -4.200000000000000000e+04 -1.181044706708720682e+01 5.185277447577690824e-02 6.902144883219838434e+00 1.214359704022547996e-02 -2.555375430581459106e+00 1.027215727531691040e-02 0.000000000000000000e+00 -2.359163300000000163e+01 2.151499999999999940e-02 7.664388380000000325e+02
4.525000000000000000e+03 4.160000000000000000e+03 -3.850000000000000000e+04 -1.205617193703753998e+01 6.027599040852861523e-02 6.875350422725700739e+00 9.877349400990855649e-03 -2.521365466575009151e+00 9.572274185464659663e-03 0.000000000000000000e+00 -2.358870699999999943e+01 2.388799999999999951e-02 2.578337470000000167e+02
4.525000000000000000e+03 4.160000000000000000e+03 -3.850000000000000000e+04 -1.208085379457437902e+01 3.994916876921172921e-02 6.880789934607526526e+00 9.520400003357489677e-03 -2.465996266228438927e+00 8.617978731994520650e-03 0.000000000000000000e+00 -2.357401499999999928e+01 2.445200000000000151e-02 3.277007429999999886e+02
4.525000000000000000e+03 4.160000000000000000e+03 -3.850000000000000000e+04 -1.204080393042286090e+01 5.430271161562794796e-02 6.899735841359846411e+00 1.035545486306946317e-02 -2.489284783372673004e+00 1.098606775734055178e-02 0.000000000000000000e+00 -2.358376000000000161e+01 2.472500000000000045e-02 7.910292439999999488e+02
4.525000000000000000e+03 4.160000000000000000e+03 -3.500000000000000000e+04 -1.228485611468085459e+01 3.716041412221929296e-02 6.913048374781930683e+00 7.641790015749435477e-03 -2.409969583525555237e+00 9.541578099054535619e-03 0.000000000000000000e+00 -2.358997899999999959e+01 2.138999999999999929e-02 2.824221529999999802e+02
4.525000000000000000e+03 4.160000000000000000e+03 -3.500000000000000000e+04 -1.228731648761717921e+01 4.163448236844095179e-02 6.902424527714508429e+00 1.090742823223556611e-02 -2.414548827841183076e+00 9.858699877296707784e-03 0.000000000000000000e+00 -2.360255499999999884e+01 2.525499999999999967e-02 3.031093369999999823e+02
4.525000000000000000e+03 4.160000000000000000e+03 -3.500000000000000000e+04 -1.226813803963514893e+01 3.644579424823406882e-02 6.922138092232974493e+00 7.979968924637767871e-03 -2.411546947600932800e+00 1.069191603863422178e-02 0.000000000000000000e+00 -2.360961299999999952e+01 1.646699999999999900e-02 8.156176510000000235e+02
