2.525000000000000000e+03 -3.950000000000000000e+03 -5.203200000000000000e+04 -1.055092400000000019e+01 8.072200000000000208e-02 7.211311000000000249e+00 1.911099999999999952e-02 -2.562656000000000045e+00 1.552399999999999960e-02 0.000000000000000000e+00 -2.365065099999999987e+01 1.203300000000000029e-02 3.954970212000000174e+03
2.525000000000000000e+03 -3.950000000000000000e+03 -5.203200000000000000e+04 -1.055544399999999960e+01 7.452000000000000290e-02 7.221446000000000254e+00 2.023600000000000051e-02 -2.607448999999999906e+00 1.841699999999999934e-02 0.000000000000000000e+00 -2.366206000000000031e+01 1.264700000000000026e-02 4.622481391000000258e+03
2.525000000000000000e+03 -3.950000000000000000e+03 -5.203200000000000000e+04 -1.055720999999999954e+01 9.170300000000000673e-02 7.236415000000000042e+00 1.298400000000000075e-02 -2.617208999999999897e+00 1.468299999999999987e-02 0.000000000000000000e+00 -2.366249300000000133e+01 1.732300000000000159e-02 4.643170573999999760e+03
2.525000000000000000e+03 -3.950000000000000000e+03 -5.203200000000000000e+04 -1.055190799999999918e+01 1.210890000000000022e-01 7.272442999999999991e+00 2.353999999999999843e-02 -2.617434999999999956e+00 1.566299999999999984e-02 0.000000000000000000e+00 -2.367157699999999920e+01 1.164600000000000010e-02 5.310593748999999661e+03
2.525000000000000000e+03 5.000000000000000000e+01 -5.203200000000000000e+04 -1.075371600000000072e+01 6.022700000000000276e-02 6.870327999999999768e+00 1.591000000000000053e-02 -2.978213000000000221e+00 9.844000000000000319e-03 0.000000000000000000e+00 -2.365791300000000064e+01 1.788599999999999912e-02 5.351787105000000338e+03
2.525000000000000000e+03 5.000000000000000000e+01 -5.203200000000000000e+04 -1.066101399999999977e+01 8.926199999999999413e-02 7.018473000000000184e+00 1.358600000000000085e-02 -2.944631999999999916e+00 1.073799999999999928e-02 0.000000000000000000e+00 -2.364842099999999903e+01 1.057199999999999980e-02 6.019189277999999831e+03
2.525000000000000000e+03 5.000000000000000000e+01 -5.203200000000000000e+04 -1.067563400000000051e+01 9.536799999999999444e-02 7.021880999999999595e+00 1.566499999999999837e-02 -2.957666999999999824e+00 1.520400000000000050e-02 0.000000000000000000e+00 -2.364947899999999947e+01 2.234399999999999928e-02 6.039882461999999578e+03
2.525000000000000000e+03 5.000000000000000000e+01 -5.203200000000000000e+04 -1.068309900000000034e+01 7.923800000000000288e-02 7.067810999999999844e+00 1.219499999999999924e-02 -2.986838999999999800e+00 1.178300000000000007e-02 0.000000000000000000e+00 -2.367359899999999939e+01 1.743899999999999964e-02 6.707319636999999602e+03
2.525000000000000000e+03 4.050000000000000000e+03 -5.203200000000000000e+04 -1.106057999999999986e+01 8.217599999999999905e-02 7.041737000000000357e+00 8.956000000000000419e-03 -2.441275999999999780e+00 9.830000000000000196e-03 0.000000000000000000e+00 -2.361569300000000027e+01 9.620000000000000079e-03 1.121413140999999996e+03
2.525000000000000000e+03 4.050000000000000000e+03 -5.203200000000000000e+04 -1.106449199999999955e+01 9.169299999999999673e-02 7.010275000000000034e+00 1.437000000000000083e-02 -2.475909999999999833e+00 1.299499999999999961e-02 0.000000000000000000e+00 -2.364352799999999988e+01 1.119200000000000056e-02 1.788832315000000108e+03
2.525000000000000000e+03 4.050000000000000000e+03 -5.203200000000000000e+04 -1.107053499999999957e+01 8.946500000000000286e-02 7.005368999999999957e+00 2.028100000000000042e-02 -2.484987999999999975e+00 1.292599999999999999e-02 0.000000000000000000e+00 -2.363715099999999936e+01 1.214800000000000081e-02 1.809524499000000105e+03
2.525000000000000000e+03 4.050000000000000000e+03 -5.203200000000000000e+04 -1.105368499999999976e+01 7.696699999999999375e-02 7.055638000000000076e+00 1.645800000000000041e-02 -2.464647999999999950e+00 1.062100000000000023e-02 0.000000000000000000e+00 -2.363550700000000049e+01 1.032100000000000031e-02 2.476879669999999805e+03
2.525000000000000000e+03 8.050000000000000000e+03 -5.203200000000000000e+04 -1.129404300000000028e+01 7.878999999999999893e-02 6.481269000000000169e+00 2.062500000000000097e-02 -2.265572999999999837e+00 1.368699999999999951e-02 0.000000000000000000e+00 -2.364294699999999949e+01 1.667700000000000085e-02 2.518061024999999972e+03
2.525000000000000000e+03 8.050000000000000000e+03 -5.203200000000000000e+04 -1.138650799999999919e+01 7.535600000000000631e-02 6.397300999999999682e+00 1.588499999999999981e-02 -2.300946999999999854e+00 1.541999999999999968e-02 0.000000000000000000e+00 -2.366155399999999887e+01 1.357900000000000079e-02 3.185559204000000136e+03
2.525000000000000000e+03 8.050000000000000000e+03 -5.203200000000000000e+04 -1.134602600000000017e+01 6.013799999999999701e-02 6.395698000000000327e+00 1.848400000000000043e-02 -2.283481999999999790e+00 1.256499999999999978e-02 0.000000000000000000e+00 -2.366506100000000146e+01 1.752799999999999844e-02 3.206251386999999795e+03
2.525000000000000000e+03 8.050000000000000000e+03 -5.203200000000000000e+04 -1.135335899999999931e+01 8.465000000000000302e-02 6.403977000000000253e+00 1.616499999999999881e-02 -2.295870999999999995e+00 1.492800000000000030e-02 0.000000000000000000e+00 -2.364566900000000160e+01 8.226999999999999938e-03 3.873683562000000165e+03
4.525000000000000000e+03 -3.950000000000000000e+03 -5.203200000000000000e+04 -1.061339399999999955e+01 8.980399999999999494e-02 7.148419999999999774e+00 1.601999999999999952e-02 -2.878390000000000004e+00 1.441100000000000020e-02 0.000000000000000000e+00 -2.364870399999999862e+01 1.780999999999999944e-02 3.978063532000000123e+03
4.525000000000000000e+03 -3.950000000000000000e+03 -5.203200000000000000e+04 -1.060590799999999945e+01 5.341200000000000114e-02 7.222586999999999868e+00 1.575000000000000011e-02 -2.899728000000000083e+00 1.876999999999999849e-02 0.000000000000000000e+00 -2.365353700000000003e+01 1.386000000000000079e-02 4.599296065000000453e+03
4.525000000000000000e+03 -3.950000000000000000e+03 -5.203200000000000000e+04 -1.061434599999999939e+01 8.442700000000000204e-02 7.231595999999999691e+00 1.600499999999999839e-02 -2.921051999999999982e+00 1.357399999999999926e-02 0.000000000000000000e+00 -2.364871399999999824e+01 1.943500000000000089e-02 4.666261894999999640e+03
4.525000000000000000e+03 -3.950000000000000000e+03 -5.203200000000000000e+04 -1.060360299999999967e+01 9.264000000000000012e-02 7.183265999999999707e+00 1.875699999999999937e-02 -2.894711000000000034e+00 1.422200000000000027e-02 0.000000000000000000e+00 -2.361030399999999929e+01 1.238700000000000044e-02 5.287402422000000115e+03
4.525000000000000000e+03 5.000000000000000000e+01 -5.203200000000000000e+04 -1.071883500000000033e+01 9.139700000000000601e-02 6.926891000000000354e+00 1.991800000000000168e-02 -2.891493999999999787e+00 1.370500000000000017e-02 0.000000000000000000e+00 -2.364339899999999872e+01 1.396999999999999978e-02 5.374879426000000421e+03
4.525000000000000000e+03 5.000000000000000000e+01 -5.203200000000000000e+04 -1.068310299999999913e+01 1.042860000000000037e-01 7.000821000000000183e+00 1.511400000000000070e-02 -2.870458999999999872e+00 1.377899999999999958e-02 0.000000000000000000e+00 -2.364138300000000115e+01 1.175499999999999982e-02 5.995995952000000216e+03
4.525000000000000000e+03 5.000000000000000000e+01 -5.203200000000000000e+04 -1.067941700000000083e+01 1.020220000000000016e-01 7.003212999999999688e+00 1.568599999999999856e-02 -2.900412999999999908e+00 1.505100000000000014e-02 0.000000000000000000e+00 -2.365513599999999883e+01 9.686000000000000165e-03 6.062977783000000272e+03
4.525000000000000000e+03 5.000000000000000000e+01 -5.203200000000000000e+04 -1.067092000000000063e+01 8.419500000000000595e-02 7.047812000000000410e+00 1.120999999999999948e-02 -2.871658000000000044e+00 1.204799999999999968e-02 0.000000000000000000e+00 -2.367001799999999889e+01 1.890100000000000113e-02 6.684127309999999852e+03
4.525000000000000000e+03 4.050000000000000000e+03 -5.203200000000000000e+04 -1.102003200000000049e+01 7.773599999999999954e-02 7.008515000000000050e+00 1.741600000000000092e-02 -2.137823000000000029e+00 1.150100000000000081e-02 0.000000000000000000e+00 -2.362722199999999972e+01 1.013599999999999918e-02 1.144503461999999899e+03
4.525000000000000000e+03 4.050000000000000000e+03 -5.203200000000000000e+04 -1.100551600000000008e+01 1.126309999999999950e-01 6.971269999999999634e+00 1.514099999999999994e-02 -2.169156999999999780e+00 1.252600000000000068e-02 0.000000000000000000e+00 -2.362552300000000116e+01 1.466800000000000048e-02 1.765641988999999967e+03
4.525000000000000000e+03 4.050000000000000000e+03 -5.203200000000000000e+04 -1.102719500000000075e+01 9.486999999999999600e-02 7.003025000000000055e+00 1.795499999999999874e-02 -2.172810999999999826e+00 1.058800000000000019e-02 0.000000000000000000e+00 -2.363771200000000050e+01 1.043499999999999983e-02 1.832616819999999962e+03
4.525000000000000000e+03 4.050000000000000000e+03 -5.203200000000000000e+04 -1.100484499999999954e+01 1.035559999999999953e-01 7.072713000000000250e+00 1.356399999999999967e-02 -2.174331000000000014e+00 1.119900000000000062e-02 0.000000000000000000e+00 -2.363334599999999952e+01 2.067300000000000040e-02 2.453691342999999961e+03
4.525000000000000000e+03 8.050000000000000000e+03 -5.203200000000000000e+04 -1.130053099999999944e+01 6.924399999999999999e-02 6.476195999999999842e+00 1.389699999999999963e-02 -2.367564999999999920e+00 1.449300000000000067e-02 0.000000000000000000e+00 -2.362373499999999993e+01 2.092400000000000163e-02 2.541249351999999817e+03
4.525000000000000000e+03 8.050000000000000000e+03 -5.203200000000000000e+04 -1.134615800000000085e+01 7.884599999999999942e-02 6.437302999999999997e+00 1.632400000000000170e-02 -2.378843999999999959e+00 1.656099999999999933e-02 0.000000000000000000e+00 -2.364925500000000014e+01 1.182000000000000065e-02 3.162365877000000182e+03
4.525000000000000000e+03 8.050000000000000000e+03 -5.203200000000000000e+04 -1.136673500000000026e+01 8.612300000000000511e-02 6.416705999999999577e+00 1.784000000000000169e-02 -2.340524999999999967e+00 1.241199999999999942e-02 0.000000000000000000e+00 -2.365418800000000132e+01 1.944500000000000048e-02 3.229341707999999926e+03
4.525000000000000000e+03 8.050000000000000000e+03 -5.203200000000000000e+04 -1.135153700000000043e+01 1.087059999999999971e-01 6.450066999999999773e+00 1.937600000000000086e-02 -2.381743999999999861e+00 1.679800000000000043e-02 0.000000000000000000e+00 -2.362980400000000003e+01 1.508600000000000045e-02 3.850494236000000001e+03
6.525000000000000000e+03 -3.950000000000000000e+03 -5.203200000000000000e+04 -1.067040899999999937e+01 1.222820000000000018e-01 7.158231999999999928e+00 1.597600000000000062e-02 -3.207057999999999964e+00 1.655299999999999827e-02 0.000000000000000000e+00 -2.365290600000000154e+01 1.791600000000000137e-02 4.001254859000000124e+03
6.525000000000000000e+03 -3.950000000000000000e+03 -5.203200000000000000e+04 -1.064529800000000037e+01 1.023939999999999989e-01 7.213017999999999930e+00 1.683199999999999974e-02 -3.173808000000000185e+00 1.649300000000000072e-02 0.000000000000000000e+00 -2.366165799999999919e+01 1.171600000000000072e-02 4.576202744000000166e+03
6.525000000000000000e+03 -3.950000000000000000e+03 -5.203200000000000000e+04 -1.066721000000000075e+01 6.717800000000000160e-02 7.204823000000000199e+00 1.645800000000000041e-02 -3.201897999999999911e+00 1.609199999999999867e-02 0.000000000000000000e+00 -2.362690900000000127e+01 1.029300000000000007e-02 4.689452220999999554e+03
6.525000000000000000e+03 -3.950000000000000000e+03 -5.203200000000000000e+04 -1.065878499999999995e+01 8.389000000000000623e-02 7.188985999999999876e+00 1.864400000000000085e-02 -3.210075999999999929e+00 1.996799999999999964e-02 0.000000000000000000e+00 -2.364216199999999901e+01 2.421699999999999894e-02 5.264311101000000235e+03
6.525000000000000000e+03 5.000000000000000000e+01 -5.203200000000000000e+04 -1.076992899999999942e+01 1.072140000000000037e-01 6.913020999999999638e+00 1.422200000000000027e-02 -2.800784999999999858e+00 1.402400000000000001e-02 0.000000000000000000e+00 -2.363639099999999971e+01 9.804999999999999480e-03 5.398069752000000335e+03
6.525000000000000000e+03 5.000000000000000000e+01 -5.203200000000000000e+04 -1.069540100000000038e+01 8.448700000000000654e-02 6.973770000000000024e+00 1.839599999999999916e-02 -2.806430999999999898e+00 1.302999999999999992e-02 0.000000000000000000e+00 -2.365334800000000115e+01 1.908599999999999880e-02 5.972906630999999834e+03
6.525000000000000000e+03 5.000000000000000000e+01 -5.203200000000000000e+04 -1.068332499999999996e+01 9.183900000000000396e-02 6.970254999999999868e+00 1.271199999999999934e-02 -2.833057000000000158e+00 1.428600000000000009e-02 0.000000000000000000e+00 -2.366035199999999961e+01 7.367000000000000284e-03 6.086167108999999982e+03
6.525000000000000000e+03 5.000000000000000000e+01 -5.203200000000000000e+04 -1.071272300000000044e+01 6.776400000000000479e-02 7.002716000000000385e+00 1.564499999999999919e-02 -2.825488000000000000e+00 9.235000000000000153e-03 0.000000000000000000e+00 -2.368094999999999928e+01 2.180700000000000000e-02 6.661038990000000013e+03
6.525000000000000000e+03 4.050000000000000000e+03 -5.203200000000000000e+04 -1.094888300000000037e+01 8.006699999999999928e-02 7.034678999999999682e+00 1.854000000000000092e-02 -1.827787999999999968e+00 2.013300000000000159e-02 0.000000000000000000e+00 -2.363269499999999823e+01 6.539999999999999807e-03 1.167693788999999924e+03
6.525000000000000000e+03 4.050000000000000000e+03 -5.203200000000000000e+04 -1.093821600000000061e+01 9.110000000000000042e-02 7.028932000000000180e+00 1.498700000000000032e-02 -1.898317999999999950e+00 1.518899999999999938e-02 0.000000000000000000e+00 -2.364117900000000105e+01 1.194100000000000023e-02 1.742550668000000087e+03
6.525000000000000000e+03 4.050000000000000000e+03 -5.203200000000000000e+04 -1.095138999999999996e+01 9.101299999999999668e-02 7.031480000000000175e+00 1.591599999999999959e-02 -1.860992999999999897e+00 1.434200000000000058e-02 0.000000000000000000e+00 -2.363386300000000162e+01 9.615000000000000283e-03 1.855808146000000079e+03
6.525000000000000000e+03 4.050000000000000000e+03 -5.203200000000000000e+04 -1.094087299999999985e+01 9.057400000000000173e-02 7.030211000000000432e+00 1.577599999999999836e-02 -1.896088999999999913e+00 1.327500000000000034e-02 0.000000000000000000e+00 -2.363977300000000170e+01 1.215699999999999940e-02 2.430613022999999885e+03
6.525000000000000000e+03 8.050000000000000000e+03 -5.203200000000000000e+04 -1.132924299999999995e+01 7.349300000000000277e-02 6.516347999999999807e+00 1.406899999999999991e-02 -2.391218999999999983e+00 1.737599999999999908e-02 0.000000000000000000e+00 -2.365372599999999892e+01 1.679200000000000137e-02 2.564429677000000083e+03
6.525000000000000000e+03 8.050000000000000000e+03 -5.203200000000000000e+04 -1.134407200000000060e+01 1.172080000000000066e-01 6.479530999999999707e+00 1.853600000000000039e-02 -2.387744999999999784e+00 1.560699999999999935e-02 0.000000000000000000e+00 -2.364800400000000025e+01 1.074499999999999934e-02 3.139274557000000186e+03
6.525000000000000000e+03 8.050000000000000000e+03 -5.203200000000000000e+04 -1.132789799999999936e+01 7.109699999999999354e-02 6.460891000000000162e+00 1.434000000000000032e-02 -2.389333999999999847e+00 1.083800000000000041e-02 0.000000000000000000e+00 -2.366141999999999967e+01 1.198199999999999960e-02 3.252531034000000091e+03
6.525000000000000000e+03 8.050000000000000000e+03 -5.203200000000000000e+04 -1.131991400000000070e+01 1.056030000000000024e-01 6.490899999999999892e+00 2.385699999999999973e-02 -2.382784000000000013e+00 1.534899999999999980e-02 0.000000000000000000e+00 -2.365162499999999923e+01 1.362099999999999943e-02 3.827402915000000121e+03
8.525000000000000000e+03 -3.950000000000000000e+03 -5.203200000000000000e+04 -1.073608100000000043e+01 1.050230000000000052e-01 7.198965000000000281e+00 1.959199999999999831e-02 -3.452720999999999929e+00 1.280099999999999988e-02 0.000000000000000000e+00 -2.364057299999999984e+01 1.648399999999999865e-02 4.024347180000000208e+03
8.525000000000000000e+03 -3.950000000000000000e+03 -5.203200000000000000e+04 -1.070665600000000062e+01 7.116999999999999715e-02 7.225946000000000424e+00 1.660400000000000070e-02 -3.483280000000000154e+00 1.677299999999999972e-02 0.000000000000000000e+00 -2.365387499999999932e+01 1.022699999999999998e-02 4.553111423000000286e+03
8.525000000000000000e+03 -3.950000000000000000e+03 -5.203200000000000000e+04 -1.070559199999999933e+01 8.792899999999999328e-02 7.193596000000000323e+00 1.396900000000000051e-02 -3.507610999999999812e+00 1.549500000000000009e-02 0.000000000000000000e+00 -2.364944900000000061e+01 8.770999999999999283e-03 4.712542542000000140e+03
8.525000000000000000e+03 -3.950000000000000000e+03 -5.203200000000000000e+04 -1.070345299999999966e+01 8.888899999999999579e-02 7.232346999999999859e+00 1.791600000000000137e-02 -3.477685000000000137e+00 1.899299999999999947e-02 0.000000000000000000e+00 -2.366175799999999896e+01 1.170700000000000039e-02 5.241220780999999988e+03
8.525000000000000000e+03 5.000000000000000000e+01 -5.203200000000000000e+04 -1.074500300000000053e+01 7.998099999999999654e-02 6.896168000000000298e+00 1.520499999999999977e-02 -2.813544999999999963e+00 1.314599999999999970e-02 0.000000000000000000e+00 -2.363353999999999999e+01 6.642999999999999600e-03 5.421156073000000106e+03
8.525000000000000000e+03 5.000000000000000000e+01 -5.203200000000000000e+04 -1.068695499999999932e+01 8.687300000000000577e-02 6.942311000000000121e+00 1.458300000000000048e-02 -2.822832000000000008e+00 1.355400000000000008e-02 0.000000000000000000e+00 -2.364462599999999881e+01 1.677700000000000025e-02 5.949818309999999656e+03
8.525000000000000000e+03 5.000000000000000000e+01 -5.203200000000000000e+04 -1.068094699999999975e+01 9.275400000000000311e-02 6.935241999999999685e+00 1.366200000000000053e-02 -2.829670999999999825e+00 9.362999999999999795e-03 0.000000000000000000e+00 -2.363528799999999919e+01 1.472000000000000045e-02 6.109257429999999658e+03
8.525000000000000000e+03 5.000000000000000000e+01 -5.203200000000000000e+04 -1.069972600000000007e+01 7.993599999999999317e-02 6.985267999999999589e+00 1.215800000000000040e-02 -2.842525000000000190e+00 1.602200000000000152e-02 0.000000000000000000e+00 -2.367886899999999883e+01 1.274800000000000065e-02 6.637946668999999929e+03
8.525000000000000000e+03 4.050000000000000000e+03 -5.203200000000000000e+04 -1.086187999999999931e+01 9.432899999999999618e-02 7.025586999999999804e+00 2.043000000000000024e-02 -1.579684000000000088e+00 1.690099999999999936e-02 0.000000000000000000e+00 -2.362438500000000019e+01 1.553099999999999967e-02 1.190786108999999897e+03
8.525000000000000000e+03 4.050000000000000000e+03 -5.203200000000000000e+04 -1.084965200000000074e+01 9.398199999999999610e-02 7.078412000000000148e+00 2.178000000000000075e-02 -1.599550999999999945e+00 1.541999999999999968e-02 0.000000000000000000e+00 -2.363535800000000009e+01 1.218200000000000012e-02 1.719461348000000044e+03
8.525000000000000000e+03 4.050000000000000000e+03 -5.203200000000000000e+04 -1.087264099999999978e+01 8.038900000000000212e-02 7.028197999999999723e+00 1.729599999999999888e-02 -1.592389000000000054e+00 1.498200000000000053e-02 0.000000000000000000e+00 -2.363629600000000153e+01 1.382899999999999928e-02 1.878898466999999982e+03
8.525000000000000000e+03 4.050000000000000000e+03 -5.203200000000000000e+04 -1.084482599999999941e+01 7.429700000000000193e-02 7.088999000000000272e+00 1.730999999999999900e-02 -1.615952000000000055e+00 1.596500000000000002e-02 0.000000000000000000e+00 -2.366311800000000076e+01 1.657000000000000139e-02 2.407534702999999809e+03
8.525000000000000000e+03 8.050000000000000000e+03 -5.203200000000000000e+04 -1.130233199999999982e+01 6.936599999999999711e-02 6.555498000000000047e+00 1.543100000000000027e-02 -2.421425999999999856e+00 1.287899999999999982e-02 0.000000000000000000e+00 -2.365074600000000160e+01 2.213299999999999990e-02 2.587520997999999963e+03
8.525000000000000000e+03 8.050000000000000000e+03 -5.203200000000000000e+04 -1.132133299999999920e+01 7.796599999999999364e-02 6.532032000000000060e+00 2.058799999999999866e-02 -2.375592999999999844e+00 1.063399999999999936e-02 0.000000000000000000e+00 -2.367065799999999953e+01 2.102700000000000055e-02 3.116182236000000103e+03
8.525000000000000000e+03 8.050000000000000000e+03 -5.203200000000000000e+04 -1.133476100000000031e+01 8.368799999999999850e-02 6.510735999999999635e+00 1.797500000000000139e-02 -2.397299999999999986e+00 1.294200000000000038e-02 0.000000000000000000e+00 -2.364411000000000129e+01 1.926900000000000140e-02 3.275617354999999861e+03
8.525000000000000000e+03 8.050000000000000000e+03 -5.203200000000000000e+04 -1.129965100000000078e+01 8.921900000000000663e-02 6.546799000000000035e+00 1.671200000000000116e-02 -2.415963999999999778e+00 1.253400000000000000e-02 0.000000000000000000e+00 -2.364752700000000019e+01 1.286999999999999950e-02 3.804309593999999834e+03
1.052500000000000000e+04 -3.950000000000000000e+03 -5.203200000000000000e+04 -1.076911499999999933e+01 1.047909999999999953e-01 7.163761000000000045e+00 1.561000000000000061e-02 -3.746213000000000015e+00 1.577100000000000030e-02 0.000000000000000000e+00 -2.366741499999999832e+01 1.668800000000000144e-02 4.047436501000000135e+03
1.052500000000000000e+04 -3.950000000000000000e+03 -5.203200000000000000e+04 -1.074496099999999998e+01 1.095750000000000057e-01 7.189573000000000214e+00 2.086599999999999913e-02 -3.779886999999999997e+00 1.550699999999999995e-02 0.000000000000000000e+00 -2.364995599999999953e+01 2.076700000000000074e-02 4.530020102999999835e+03
1.052500000000000000e+04 -3.950000000000000000e+03 -5.203200000000000000e+04 -1.075805899999999937e+01 1.119799999999999962e-01 7.196443999999999619e+00 1.869099999999999928e-02 -3.790512000000000103e+00 1.627599999999999880e-02 0.000000000000000000e+00 -2.367849599999999910e+01 1.083899999999999968e-02 4.735634863000000223e+03
1.052500000000000000e+04 -3.950000000000000000e+03 -5.203200000000000000e+04 -1.074249200000000037e+01 8.058800000000000685e-02 7.204663000000000039e+00 1.792099999999999943e-02 -3.793665999999999983e+00 1.742199999999999999e-02 0.000000000000000000e+00 -2.364250499999999988e+01 1.053699999999999949e-02 5.218131459999999606e+03
1.052500000000000000e+04 5.000000000000000000e+01 -5.203200000000000000e+04 -1.072529600000000016e+01 9.671599999999999642e-02 6.842032999999999809e+00 1.588399999999999881e-02 -2.816952000000000123e+00 1.320499999999999972e-02 0.000000000000000000e+00 -2.365036299999999869e+01 1.543899999999999960e-02 5.444245393000000149e+03
1.052500000000000000e+04 5.000000000000000000e+01 -5.203200000000000000e+04 -1.071203799999999973e+01 8.758199999999999319e-02 6.906259000000000370e+00 2.073399999999999896e-02 -2.831496000000000013e+00 1.200700000000000031e-02 0.000000000000000000e+00 -2.367636600000000158e+01 1.124700000000000005e-02 5.926725988999999572e+03
1.052500000000000000e+04 5.000000000000000000e+01 -5.203200000000000000e+04 -1.071640799999999949e+01 8.762499999999999456e-02 6.899996999999999936e+00 1.340700000000000051e-02 -2.788939000000000057e+00 1.014299999999999924e-02 0.000000000000000000e+00 -2.366313299999999842e+01 1.921099999999999891e-02 6.132343750000000000e+03
1.052500000000000000e+04 5.000000000000000000e+01 -5.203200000000000000e+04 -1.068913200000000074e+01 6.914499999999999813e-02 6.962995000000000267e+00 1.308499999999999941e-02 -2.823207000000000022e+00 1.272299999999999993e-02 0.000000000000000000e+00 -2.363377799999999951e+01 6.575000000000000115e-03 6.614852348000000347e+03
1.052500000000000000e+04 4.050000000000000000e+03 -5.203200000000000000e+04 -1.077964399999999934e+01 8.212300000000000155e-02 7.016755999999999993e+00 2.417700000000000057e-02 -1.288710000000000022e+00 1.602400000000000005e-02 0.000000000000000000e+00 -2.361612999999999829e+01 1.793900000000000008e-02 1.213875430000000051e+03
1.052500000000000000e+04 4.050000000000000000e+03 -5.203200000000000000e+04 -1.076275300000000001e+01 1.064449999999999980e-01 7.073565000000000325e+00 2.022900000000000045e-02 -1.329844999999999944e+00 1.328999999999999973e-02 0.000000000000000000e+00 -2.361794799999999839e+01 8.970999999999999808e-03 1.696372026999999889e+03
1.052500000000000000e+04 4.050000000000000000e+03 -5.203200000000000000e+04 -1.078825900000000004e+01 8.467099999999999627e-02 7.036497999999999919e+00 1.788700000000000012e-02 -1.311887000000000025e+00 1.537200000000000025e-02 0.000000000000000000e+00 -2.364483999999999853e+01 9.636999999999999733e-03 1.901989788000000090e+03
1.052500000000000000e+04 4.050000000000000000e+03 -5.203200000000000000e+04 -1.075533599999999979e+01 8.899300000000000266e-02 7.085195999999999827e+00 1.689799999999999983e-02 -1.340648000000000062e+00 1.717799999999999883e-02 0.000000000000000000e+00 -2.364373199999999997e+01 1.571300000000000127e-02 2.384445383000000220e+03
1.052500000000000000e+04 8.050000000000000000e+03 -5.203200000000000000e+04 -1.129474100000000014e+01 8.820300000000000362e-02 6.582938000000000400e+00 1.782299999999999857e-02 -2.414353999999999889e+00 9.900000000000000813e-03 0.000000000000000000e+00 -2.363400199999999884e+01 9.435999999999999943e-03 2.610609319000000141e+03
1.052500000000000000e+04 8.050000000000000000e+03 -5.203200000000000000e+04 -1.128408100000000047e+01 1.160270000000000051e-01 6.592406000000000432e+00 1.587799999999999975e-02 -2.393635000000000179e+00 1.088700000000000084e-02 0.000000000000000000e+00 -2.365267800000000165e+01 1.716600000000000070e-02 3.093092915000000175e+03
1.052500000000000000e+04 8.050000000000000000e+03 -5.203200000000000000e+04 -1.130041600000000024e+01 7.581999999999999851e-02 6.558178999999999981e+00 1.519799999999999970e-02 -2.362137999999999849e+00 1.699099999999999916e-02 0.000000000000000000e+00 -2.366716200000000114e+01 1.581300000000000067e-02 3.298710676000000149e+03
1.052500000000000000e+04 8.050000000000000000e+03 -5.203200000000000000e+04 -1.130991099999999960e+01 7.756299999999999306e-02 6.600037999999999627e+00 1.562799999999999953e-02 -2.389473000000000180e+00 1.719299999999999995e-02 0.000000000000000000e+00 -2.367573499999999953e+01 9.608000000000000221e-03 3.781221273999999994e+03
1.252500000000000000e+04 -3.950000000000000000e+03 -5.203200000000000000e+04 -1.079177800000000076e+01 8.306700000000000195e-02 7.182901000000000202e+00 1.366700000000000033e-02 -4.055888999999999633e+00 1.493899999999999915e-02 0.000000000000000000e+00 -2.366179199999999838e+01 1.068000000000000026e-02 4.070526820999999927e+03
1.252500000000000000e+04 -3.950000000000000000e+03 -5.203200000000000000e+04 -1.075116700000000058e+01 1.025400000000000061e-01 7.283760000000000012e+00 2.369599999999999831e-02 -4.050333000000000183e+00 1.812400000000000122e-02 0.000000000000000000e+00 -2.366076400000000035e+01 1.152700000000000079e-02 4.506928781999999956e+03
1.252500000000000000e+04 -3.950000000000000000e+03 -5.203200000000000000e+04 -1.080088800000000049e+01 8.917700000000000626e-02 7.175353000000000314e+00 1.646900000000000100e-02 -4.089121999999999701e+00 1.686999999999999958e-02 0.000000000000000000e+00 -2.366362499999999969e+01 1.520900000000000030e-02 4.758726184000000103e+03
1.252500000000000000e+04 -3.950000000000000000e+03 -5.203200000000000000e+04 -1.074417900000000081e+01 9.509599999999999997e-02 7.238678000000000168e+00 2.196800000000000141e-02 -4.042544999999999611e+00 1.283800000000000045e-02 0.000000000000000000e+00 -2.364789400000000086e+01 1.865800000000000097e-02 5.195045140000000174e+03
1.252500000000000000e+04 5.000000000000000000e+01 -5.203200000000000000e+04 -1.075306600000000046e+01 7.634000000000000508e-02 6.803844999999999921e+00 1.751000000000000126e-02 -2.804870000000000196e+00 1.533099999999999914e-02 0.000000000000000000e+00 -2.367448299999999861e+01 1.672699999999999881e-02 5.467332714000000124e+03
1.252500000000000000e+04 5.000000000000000000e+01 -5.203200000000000000e+04 -1.064922400000000025e+01 9.306300000000000683e-02 6.915956000000000437e+00 1.416300000000000024e-02 -2.786100999999999939e+00 1.444999999999999930e-02 0.000000000000000000e+00 -2.365313499999999891e+01 1.568200000000000149e-02 5.903637668999999732e+03
1.252500000000000000e+04 5.000000000000000000e+01 -5.203200000000000000e+04 -1.069798800000000050e+01 8.774300000000000155e-02 6.866864999999999775e+00 1.473400000000000057e-02 -2.761786999999999992e+00 1.125999999999999918e-02 0.000000000000000000e+00 -2.366335199999999972e+01 1.173000000000000084e-02 6.155436071000000084e+03
1.252500000000000000e+04 5.000000000000000000e+01 -5.203200000000000000e+04 -1.060652299999999926e+01 8.332199999999999329e-02 6.999253000000000391e+00 1.679699999999999943e-02 -2.808514000000000177e+00 1.499699999999999991e-02 0.000000000000000000e+00 -2.368411400000000100e+01 2.020100000000000021e-02 6.591764027999999598e+03
1.252500000000000000e+04 4.050000000000000000e+03 -5.203200000000000000e+04 -1.068655599999999950e+01 8.900800000000000378e-02 7.081107000000000262e+00 1.428600000000000009e-02 -1.013203999999999994e+00 1.529600000000000057e-02 0.000000000000000000e+00 -2.362261700000000175e+01 2.059499999999999872e-02 1.236971751000000040e+03
1.252500000000000000e+04 4.050000000000000000e+03 -5.203200000000000000e+04 -1.065269400000000033e+01 7.527799999999999769e-02 7.130365000000000286e+00 1.511200000000000043e-02 -1.037037999999999904e+00 1.591000000000000053e-02 0.000000000000000000e+00 -2.362309899999999985e+01 8.486000000000000487e-03 1.673283707000000049e+03
1.252500000000000000e+04 4.050000000000000000e+03 -5.203200000000000000e+04 -1.068854800000000083e+01 7.329600000000000004e-02 7.057286000000000392e+00 1.733300000000000118e-02 -1.025671999999999917e+00 1.399700000000000076e-02 0.000000000000000000e+00 -2.362789700000000082e+01 9.440999999999999739e-03 1.925081108999999969e+03
1.252500000000000000e+04 4.050000000000000000e+03 -5.203200000000000000e+04 -1.063830300000000051e+01 1.055819999999999953e-01 7.155568999999999846e+00 1.632000000000000117e-02 -1.050375999999999976e+00 1.559199999999999996e-02 0.000000000000000000e+00 -2.365437199999999862e+01 1.734899999999999984e-02 2.361362062000000151e+03
1.252500000000000000e+04 8.050000000000000000e+03 -5.203200000000000000e+04 -1.126035500000000056e+01 8.563300000000000078e-02 6.624706999999999901e+00 1.714299999999999852e-02 -2.411777999999999977e+00 1.491999999999999924e-02 0.000000000000000000e+00 -2.366777300000000039e+01 1.341099999999999931e-02 2.633696638999999777e+03
1.252500000000000000e+04 8.050000000000000000e+03 -5.203200000000000000e+04 -1.124967999999999968e+01 9.136800000000000477e-02 6.651409000000000127e+00 1.339500000000000066e-02 -2.393298000000000147e+00 1.290700000000000007e-02 0.000000000000000000e+00 -2.367699100000000101e+01 1.239400000000000050e-02 3.070001593999999841e+03
1.252500000000000000e+04 8.050000000000000000e+03 -5.203200000000000000e+04 -1.129583000000000048e+01 6.603699999999999848e-02 6.600799000000000305e+00 1.925699999999999981e-02 -2.404854999999999965e+00 1.619500000000000106e-02 0.000000000000000000e+00 -2.367055900000000079e+01 1.580600000000000060e-02 3.321800995999999941e+03
1.252500000000000000e+04 8.050000000000000000e+03 -5.203200000000000000e+04 -1.123367200000000032e+01 9.646499999999999519e-02 6.663610000000000255e+00 1.506000000000000047e-02 -2.422289000000000136e+00 1.327300000000000008e-02 0.000000000000000000e+00 -2.364877900000000110e+01 1.204999999999999995e-02 3.758132952999999816e+03
1.452500000000000000e+04 -3.950000000000000000e+03 -5.203200000000000000e+04 -1.083027799999999985e+01 9.408500000000000196e-02 7.181243000000000265e+00 1.460499999999999993e-02 -4.381924999999999848e+00 1.784000000000000169e-02 0.000000000000000000e+00 -2.365342300000000009e+01 1.318199999999999927e-02 4.093608141000000160e+03
1.452500000000000000e+04 -3.950000000000000000e+03 -5.203200000000000000e+04 -1.075480800000000059e+01 9.481399999999999550e-02 7.268012999999999835e+00 1.713500000000000092e-02 -4.354029999999999845e+00 1.554700000000000006e-02 0.000000000000000000e+00 -2.365834500000000062e+01 1.064999999999999974e-02 4.483840460999999777e+03
1.452500000000000000e+04 -3.950000000000000000e+03 -5.203200000000000000e+04 -1.082513900000000007e+01 7.741000000000000658e-02 7.126443000000000083e+00 2.108799999999999911e-02 -4.413759999999999906e+00 1.572799999999999893e-02 0.000000000000000000e+00 -2.364979699999999951e+01 9.443000000000000005e-03 4.781814503999999943e+03
1.452500000000000000e+04 -3.950000000000000000e+03 -5.203200000000000000e+04 -1.076312500000000050e+01 9.470599999999999852e-02 7.263549000000000255e+00 1.916400000000000048e-02 -4.395923999999999943e+00 2.111999999999999988e-02 0.000000000000000000e+00 -2.365884199999999993e+01 1.056099999999999921e-02 5.171953819000000294e+03
1.452500000000000000e+04 5.000000000000000000e+01 -5.203200000000000000e+04 -1.072082400000000035e+01 8.493900000000000061e-02 6.777416999999999803e+00 1.869099999999999928e-02 -2.786163999999999863e+00 1.549500000000000009e-02 0.000000000000000000e+00 -2.366773799999999994e+01 1.088300000000000031e-02 5.490422034000000167e+03
1.452500000000000000e+04 5.000000000000000000e+01 -5.203200000000000000e+04 -1.061006599999999978e+01 1.040100000000000052e-01 6.888431999999999888e+00 1.698399999999999910e-02 -2.770360999999999851e+00 1.085799999999999960e-02 0.000000000000000000e+00 -2.364956300000000056e+01 1.211399999999999977e-02 5.880543348000000151e+03
1.452500000000000000e+04 5.000000000000000000e+01 -5.203200000000000000e+04 -1.064192199999999922e+01 9.916800000000000614e-02 6.826011000000000273e+00 2.084400000000000142e-02 -2.768831000000000042e+00 1.125100000000000058e-02 0.000000000000000000e+00 -2.363642099999999857e+01 1.878000000000000155e-02 6.178530391999999665e+03
1.452500000000000000e+04 5.000000000000000000e+01 -5.203200000000000000e+04 -1.061878699999999931e+01 9.080699999999999883e-02 6.952073999999999643e+00 1.471500000000000065e-02 -2.773536000000000001e+00 1.444299999999999924e-02 0.000000000000000000e+00 -2.369167399999999901e+01 1.689099999999999976e-02 6.568672706999999718e+03
1.452500000000000000e+04 4.050000000000000000e+03 -5.203200000000000000e+04 -1.058329400000000042e+01 9.901200000000000279e-02 7.098869999999999791e+00 1.875200000000000131e-02 -7.167569999999999775e-01 1.381300000000000062e-02 0.000000000000000000e+00 -2.362995300000000043e+01 1.914799999999999836e-02 1.260063071999999920e+03
1.452500000000000000e+04 4.050000000000000000e+03 -5.203200000000000000e+04 -1.051868200000000009e+01 8.765100000000000668e-02 7.171548999999999729e+00 1.950100000000000097e-02 -7.631080000000000085e-01 1.375900000000000040e-02 0.000000000000000000e+00 -2.362595999999999918e+01 1.414600000000000059e-02 1.650189384999999902e+03
1.452500000000000000e+04 4.050000000000000000e+03 -5.203200000000000000e+04 -1.059003200000000078e+01 8.952200000000000435e-02 7.081255999999999773e+00 1.707799999999999943e-02 -7.263739999999999641e-01 1.200299999999999978e-02 0.000000000000000000e+00 -2.364086100000000101e+01 1.225799999999999980e-02 1.948169429000000036e+03
1.452500000000000000e+04 4.050000000000000000e+03 -5.203200000000000000e+04 -1.051138000000000083e+01 9.379700000000000537e-02 7.224874999999999936e+00 1.494599999999999922e-02 -7.569989999999999775e-01 1.353000000000000036e-02 0.000000000000000000e+00 -2.364611100000000121e+01 1.678800000000000084e-02 2.338277742000000217e+03
1.452500000000000000e+04 8.050000000000000000e+03 -5.203200000000000000e+04 -1.124087300000000056e+01 6.780700000000000616e-02 6.665015000000000356e+00 1.608199999999999907e-02 -2.399611999999999856e+00 1.318300000000000027e-02 0.000000000000000000e+00 -2.364061799999999991e+01 1.388900000000000030e-02 2.656785960000000159e+03
1.452500000000000000e+04 8.050000000000000000e+03 -5.203200000000000000e+04 -1.118159799999999926e+01 9.612300000000000011e-02 6.754671000000000092e+00 1.367100000000000086e-02 -2.393857999999999819e+00 1.733200000000000018e-02 0.000000000000000000e+00 -2.364785499999999985e+01 2.115300000000000166e-02 3.046913274000000001e+03
1.452500000000000000e+04 8.050000000000000000e+03 -5.203200000000000000e+04 -1.120361399999999996e+01 8.895300000000000429e-02 6.647796999999999734e+00 1.605900000000000036e-02 -2.406416000000000111e+00 1.609899999999999873e-02 0.000000000000000000e+00 -2.366948599999999914e+01 1.524200000000000034e-02 3.344892316999999821e+03
1.452500000000000000e+04 8.050000000000000000e+03 -5.203200000000000000e+04 -1.119195599999999935e+01 6.864199999999999469e-02 6.747824999999999740e+00 1.421500000000000020e-02 -2.423977999999999966e+00 1.323299999999999997e-02 0.000000000000000000e+00 -2.363807999999999865e+01 1.074999999999999914e-02 3.735038631999999780e+03
1.652500000000000000e+04 -3.950000000000000000e+03 -5.203200000000000000e+04 -1.085705399999999976e+01 9.081100000000000283e-02 7.169977000000000267e+00 1.531300000000000022e-02 -4.673632999999999704e+00 1.572399999999999839e-02 0.000000000000000000e+00 -2.365484299999999962e+01 1.444299999999999924e-02 4.116696461999999883e+03
1.652500000000000000e+04 -3.950000000000000000e+03 -5.203200000000000000e+04 -1.080103000000000080e+01 8.168100000000000360e-02 7.305505000000000138e+00 2.033199999999999938e-02 -4.661275999999999975e+00 1.813499999999999834e-02 0.000000000000000000e+00 -2.365787299999999860e+01 1.218799999999999918e-02 4.460751140999999734e+03
1.652500000000000000e+04 -3.950000000000000000e+03 -5.203200000000000000e+04 -1.084889000000000081e+01 7.571300000000000252e-02 7.138806999999999903e+00 1.826099999999999945e-02 -4.679367000000000054e+00 1.264700000000000026e-02 0.000000000000000000e+00 -2.365711299999999895e+01 1.187999999999999994e-02 4.804902825000000121e+03
1.652500000000000000e+04 -3.950000000000000000e+03 -5.203200000000000000e+04 -1.081477100000000036e+01 8.683200000000000640e-02 7.246573999999999849e+00 2.113599999999999854e-02 -4.660039000000000264e+00 1.861300000000000107e-02 0.000000000000000000e+00 -2.365301499999999990e+01 1.329200000000000000e-02 5.148861498000000211e+03
1.652500000000000000e+04 5.000000000000000000e+01 -5.203200000000000000e+04 -1.071902299999999997e+01 6.857699999999999907e-02 6.732181999999999888e+00 1.670100000000000057e-02 -2.731203999999999965e+00 9.369000000000000591e-03 0.000000000000000000e+00 -2.366350600000000171e+01 1.294200000000000038e-02 5.513509355000000141e+03
1.652500000000000000e+04 5.000000000000000000e+01 -5.203200000000000000e+04 -1.064558300000000024e+01 8.401200000000000334e-02 6.826031999999999655e+00 1.538699999999999964e-02 -2.734907000000000199e+00 1.419600000000000029e-02 0.000000000000000000e+00 -2.365280699999999925e+01 1.692300000000000054e-02 5.857455028000000311e+03
1.652500000000000000e+04 5.000000000000000000e+01 -5.203200000000000000e+04 -1.064259000000000022e+01 7.675800000000000678e-02 6.763442999999999650e+00 1.807699999999999932e-02 -2.716959000000000124e+00 1.294999999999999971e-02 0.000000000000000000e+00 -2.365341799999999850e+01 1.475100000000000022e-02 6.201622712999999749e+03
1.652500000000000000e+04 5.000000000000000000e+01 -5.203200000000000000e+04 -1.063794099999999965e+01 8.236000000000000265e-02 6.888721000000000316e+00 1.518800000000000011e-02 -2.747663999999999884e+00 1.245699999999999932e-02 0.000000000000000000e+00 -2.366410199999999975e+01 1.434999999999999991e-02 6.545580385999999635e+03
1.652500000000000000e+04 4.050000000000000000e+03 -5.203200000000000000e+04 -1.048105800000000087e+01 1.081659999999999983e-01 7.063555000000000028e+00 1.986299999999999871e-02 -4.391340000000000243e-01 1.865999999999999950e-02 0.000000000000000000e+00 -2.363220400000000154e+01 1.128200000000000036e-02 1.283155393000000004e+03
1.652500000000000000e+04 4.050000000000000000e+03 -5.203200000000000000e+04 -1.042659199999999942e+01 7.562299999999999578e-02 7.190057000000000365e+00 1.303400000000000045e-02 -4.709650000000000225e-01 1.552399999999999960e-02 0.000000000000000000e+00 -2.363663400000000081e+01 1.302099999999999959e-02 1.627101065000000062e+03
1.652500000000000000e+04 4.050000000000000000e+03 -5.203200000000000000e+04 -1.048372099999999918e+01 1.129030000000000034e-01 7.100157000000000274e+00 1.659700000000000064e-02 -4.444119999999999737e-01 1.400200000000000056e-02 0.000000000000000000e+00 -2.365110299999999910e+01 1.565700000000000078e-02 1.971256750000000011e+03
1.652500000000000000e+04 4.050000000000000000e+03 -5.203200000000000000e+04 -1.041295200000000065e+01 7.354800000000000226e-02 7.210275000000000212e+00 1.700499999999999928e-02 -4.759479999999999822e-01 1.562099999999999947e-02 0.000000000000000000e+00 -2.366023300000000162e+01 2.098200000000000065e-02 2.315196421999999984e+03
1.652500000000000000e+04 8.050000000000000000e+03 -5.203200000000000000e+04 -1.121179200000000087e+01 8.139100000000000501e-02 6.700148999999999688e+00 1.443499999999999991e-02 -2.378499999999999837e+00 1.302900000000000065e-02 0.000000000000000000e+00 -2.364502799999999993e+01 1.682900000000000021e-02 2.679876279999999952e+03
1.652500000000000000e+04 8.050000000000000000e+03 -5.203200000000000000e+04 -1.115636300000000070e+01 7.807999999999999663e-02 6.769308999999999799e+00 1.404700000000000046e-02 -2.368625999999999898e+00 1.545799999999999952e-02 0.000000000000000000e+00 -2.366941200000000123e+01 1.162400000000000065e-02 3.023824952999999823e+03
1.652500000000000000e+04 8.050000000000000000e+03 -5.203200000000000000e+04 -1.121525500000000086e+01 5.979500000000000093e-02 6.684599999999999653e+00 1.966000000000000039e-02 -2.399480000000000057e+00 1.503999999999999955e-02 0.000000000000000000e+00 -2.364541099999999929e+01 1.065200000000000001e-02 3.367983638000000155e+03
1.652500000000000000e+04 8.050000000000000000e+03 -5.203200000000000000e+04 -1.116938400000000087e+01 8.678700000000000303e-02 6.790254000000000012e+00 1.756699999999999928e-02 -2.397609000000000101e+00 1.404900000000000072e-02 0.000000000000000000e+00 -2.364155200000000079e+01 1.714999999999999858e-02 3.711947310999999900e+03
1.852500000000000000e+04 -3.950000000000000000e+03 -5.203200000000000000e+04 -1.087745699999999971e+01 1.086870000000000058e-01 7.118911999999999907e+00 1.429399999999999941e-02 -4.982638999999999818e+00 1.390699999999999922e-02 0.000000000000000000e+00 -2.365941300000000069e+01 1.056900000000000027e-02 4.139788782999999967e+03
1.852500000000000000e+04 -3.950000000000000000e+03 -5.203200000000000000e+04 -1.081368600000000058e+01 8.985700000000000631e-02 7.288912999999999975e+00 1.734600000000000031e-02 -4.938839999999999897e+00 2.399700000000000097e-02 0.000000000000000000e+00 -2.365044800000000080e+01 2.104400000000000021e-02 4.437662819999999556e+03
1.852500000000000000e+04 -3.950000000000000000e+03 -5.203200000000000000e+04 -1.086452599999999968e+01 1.149219999999999964e-01 7.129783999999999899e+00 1.832999999999999907e-02 -4.997005999999999837e+00 1.628299999999999886e-02 0.000000000000000000e+00 -2.365058700000000158e+01 1.345700000000000021e-02 4.827992145999999593e+03
1.852500000000000000e+04 -3.950000000000000000e+03 -5.203200000000000000e+04 -1.081691999999999965e+01 9.666299999999999892e-02 7.283046999999999827e+00 1.573099999999999846e-02 -4.950172000000000239e+00 1.208000000000000046e-02 0.000000000000000000e+00 -2.365088000000000079e+01 1.235900000000000019e-02 5.125772178000000167e+03
1.852500000000000000e+04 5.000000000000000000e+01 -5.203200000000000000e+04 -1.069035900000000083e+01 8.949999999999999623e-02 6.674305000000000376e+00 1.955499999999999947e-02 -2.708099999999999952e+00 1.467300000000000028e-02 0.000000000000000000e+00 -2.365479399999999899e+01 1.251900000000000061e-02 5.536598675999999614e+03
1.852500000000000000e+04 5.000000000000000000e+01 -5.203200000000000000e+04 -1.062665800000000083e+01 7.803899999999999726e-02 6.778345999999999982e+00 2.124399999999999900e-02 -2.727434999999999832e+00 1.131099999999999987e-02 0.000000000000000000e+00 -2.363751299999999844e+01 1.741600000000000092e-02 5.834361707000000024e+03
1.852500000000000000e+04 5.000000000000000000e+01 -5.203200000000000000e+04 -1.066087500000000077e+01 8.083500000000000407e-02 6.706890999999999714e+00 1.597300000000000109e-02 -2.718856999999999857e+00 1.291300000000000087e-02 0.000000000000000000e+00 -2.367566000000000059e+01 9.010999999999999913e-03 6.224711032999999588e+03
1.852500000000000000e+04 5.000000000000000000e+01 -5.203200000000000000e+04 -1.059134300000000017e+01 1.131140000000000062e-01 6.847629999999999661e+00 1.670500000000000110e-02 -2.718312000000000062e+00 1.317499999999999921e-02 0.000000000000000000e+00 -2.367131399999999886e+01 1.295400000000000024e-02 6.522494066000000203e+03
1.852500000000000000e+04 4.050000000000000000e+03 -5.203200000000000000e+04 -1.036843000000000004e+01 8.319200000000000206e-02 7.084361000000000352e+00 1.733600000000000071e-02 -1.540529999999999955e-01 1.730999999999999900e-02 0.000000000000000000e+00 -2.361442600000000169e+01 1.078100000000000065e-02 1.306241712999999891e+03
1.852500000000000000e+04 4.050000000000000000e+03 -5.203200000000000000e+04 -1.030578200000000066e+01 6.914700000000000013e-02 7.219451000000000285e+00 1.476599999999999961e-02 -1.959220000000000128e-01 1.383700000000000034e-02 0.000000000000000000e+00 -2.363365399999999994e+01 1.406699999999999964e-02 1.604016744999999901e+03
1.852500000000000000e+04 4.050000000000000000e+03 -5.203200000000000000e+04 -1.038538699999999970e+01 7.142800000000000538e-02 7.109009000000000356e+00 1.782999999999999863e-02 -1.655719999999999970e-01 8.829999999999999308e-03 0.000000000000000000e+00 -2.363427000000000078e+01 1.126599999999999997e-02 1.994344070000000102e+03
1.852500000000000000e+04 4.050000000000000000e+03 -5.203200000000000000e+04 -1.029761099999999985e+01 7.505900000000000072e-02 7.228689000000000142e+00 1.213099999999999942e-02 -2.036229999999999984e-01 1.674799999999999900e-02 0.000000000000000000e+00 -2.365589599999999848e+01 1.661800000000000083e-02 2.292115102000000206e+03
1.852500000000000000e+04 8.050000000000000000e+03 -5.203200000000000000e+04 -1.117034699999999958e+01 1.227960000000000024e-01 6.730756999999999657e+00 1.444499999999999951e-02 -2.462098999999999815e+00 1.234000000000000027e-02 0.000000000000000000e+00 -2.366799599999999870e+01 9.405000000000000165e-03 2.702967600999999831e+03
1.852500000000000000e+04 8.050000000000000000e+03 -5.203200000000000000e+04 -1.112447899999999912e+01 8.353700000000000014e-02 6.836663999999999852e+00 1.281999999999999980e-02 -2.429419999999999913e+00 1.472200000000000071e-02 0.000000000000000000e+00 -2.368961300000000136e+01 1.723200000000000079e-02 3.000735631999999896e+03
1.852500000000000000e+04 8.050000000000000000e+03 -5.203200000000000000e+04 -1.115746799999999972e+01 1.051969999999999988e-01 6.720068999999999626e+00 2.099000000000000171e-02 -2.427271000000000178e+00 1.351600000000000024e-02 0.000000000000000000e+00 -2.365181799999999868e+01 2.562899999999999900e-02 3.391073957999999948e+03
1.852500000000000000e+04 8.050000000000000000e+03 -5.203200000000000000e+04 -1.109256099999999989e+01 9.720900000000000374e-02 6.847220000000000084e+00 1.439299999999999954e-02 -2.377731999999999957e+00 1.130500000000000081e-02 0.000000000000000000e+00 -2.363737400000000122e+01 1.158999999999999961e-02 3.688858991000000060e+03
2.052500000000000000e+04 -3.950000000000000000e+03 -5.203200000000000000e+04 -1.090925000000000011e+01 9.196300000000000308e-02 7.090262000000000064e+00 1.839000000000000010e-02 -5.254883999999999666e+00 1.145200000000000037e-02 0.000000000000000000e+00 -2.364961299999999866e+01 1.064099999999999942e-02 4.162878103000000010e+03
2.052500000000000000e+04 -3.950000000000000000e+03 -5.203200000000000000e+04 -1.084037200000000034e+01 1.131729999999999958e-01 7.224923000000000428e+00 2.061899999999999844e-02 -5.224686000000000163e+00 1.754999999999999963e-02 0.000000000000000000e+00 -2.364022999999999897e+01 1.091600000000000036e-02 4.414569499000000178e+03
2.052500000000000000e+04 -3.950000000000000000e+03 -5.203200000000000000e+04 -1.091068899999999964e+01 7.320999999999999730e-02 7.121275999999999939e+00 1.663600000000000148e-02 -5.242172000000000054e+00 1.566899999999999890e-02 0.000000000000000000e+00 -2.363541700000000034e+01 6.964999999999999837e-03 4.851085466000000451e+03
2.052500000000000000e+04 -3.950000000000000000e+03 -5.203200000000000000e+04 -1.083863700000000030e+01 1.111700000000000049e-01 7.286419999999999675e+00 1.437800000000000016e-02 -5.210353999999999708e+00 1.297899999999999922e-02 0.000000000000000000e+00 -2.365560800000000086e+01 2.842499999999999888e-02 5.102681856999999582e+03
2.052500000000000000e+04 5.000000000000000000e+01 -5.203200000000000000e+04 -1.068943100000000079e+01 6.952800000000000646e-02 6.600635999999999726e+00 1.404500000000000019e-02 -2.692439999999999944e+00 1.348899999999999925e-02 0.000000000000000000e+00 -2.367197000000000173e+01 1.771700000000000011e-02 5.559691996999999901e+03
2.052500000000000000e+04 5.000000000000000000e+01 -5.203200000000000000e+04 -1.059479600000000055e+01 1.024059999999999970e-01 6.701457000000000441e+00 1.554299999999999952e-02 -2.714515000000000011e+00 1.309199999999999947e-02 0.000000000000000000e+00 -2.363276499999999913e+01 1.833600000000000160e-02 5.811270386000000144e+03
2.052500000000000000e+04 5.000000000000000000e+01 -5.203200000000000000e+04 -1.067109699999999961e+01 7.416699999999999682e-02 6.628009999999999735e+00 1.597499999999999962e-02 -2.700743000000000116e+00 1.380299999999999930e-02 0.000000000000000000e+00 -2.365057699999999841e+01 1.269200000000000016e-02 6.247799353999999767e+03
2.052500000000000000e+04 5.000000000000000000e+01 -5.203200000000000000e+04 -1.058047799999999938e+01 8.859000000000000208e-02 6.778032999999999753e+00 1.719400000000000095e-02 -2.732347999999999999e+00 1.330800000000000038e-02 0.000000000000000000e+00 -2.364952900000000113e+01 1.553200000000000067e-02 6.499405745000000024e+03
2.052500000000000000e+04 4.050000000000000000e+03 -5.203200000000000000e+04 -1.027028999999999925e+01 9.367000000000000326e-02 7.100571000000000410e+00 2.227799999999999919e-02 1.702799999999999869e-01 2.050300000000000039e-02 0.000000000000000000e+00 -2.362889499999999998e+01 1.791299999999999837e-02 1.329330032999999958e+03
2.052500000000000000e+04 4.050000000000000000e+03 -5.203200000000000000e+04 -1.020129299999999972e+01 9.081000000000000183e-02 7.183461000000000318e+00 1.553999999999999999e-02 1.306879999999999986e-01 1.418099999999999916e-02 0.000000000000000000e+00 -2.364615600000000128e+01 9.558000000000000523e-03 1.580924424000000045e+03
2.052500000000000000e+04 4.050000000000000000e+03 -5.203200000000000000e+04 -1.027473999999999954e+01 7.973299999999999832e-02 7.095004000000000310e+00 1.578099999999999989e-02 1.292619999999999880e-01 8.925999999999999907e-03 0.000000000000000000e+00 -2.367053900000000155e+01 1.114000000000000060e-02 2.017439390999999887e+03
2.052500000000000000e+04 4.050000000000000000e+03 -5.203200000000000000e+04 -1.020886600000000044e+01 9.700499999999999401e-02 7.195574999999999832e+00 1.601500000000000146e-02 1.049999999999999961e-01 1.093900000000000081e-02 0.000000000000000000e+00 -2.365520599999999973e+01 8.793000000000000468e-03 2.269029781000000185e+03
2.052500000000000000e+04 8.050000000000000000e+03 -5.203200000000000000e+04 -1.114287599999999934e+01 8.898599999999999566e-02 6.745880999999999794e+00 1.936799999999999980e-02 -2.371296000000000070e+00 1.180199999999999999e-02 0.000000000000000000e+00 -2.362620799999999832e+01 1.028500000000000074e-02 2.726056922000000213e+03
2.052500000000000000e+04 8.050000000000000000e+03 -5.203200000000000000e+04 -1.111741100000000060e+01 8.318799999999999806e-02 6.856504000000000154e+00 1.806500000000000120e-02 -2.379952999999999985e+00 8.397999999999999216e-03 0.000000000000000000e+00 -2.365193299999999965e+01 1.406999999999999917e-02 2.977642311999999947e+03
2.052500000000000000e+04 8.050000000000000000e+03 -5.203200000000000000e+04 -1.114972500000000011e+01 1.112130000000000063e-01 6.742543000000000397e+00 2.087500000000000119e-02 -2.340980000000000061e+00 1.359100000000000065e-02 0.000000000000000000e+00 -2.364959800000000101e+01 1.016599999999999969e-02 3.414166279000000031e+03
2.052500000000000000e+04 8.050000000000000000e+03 -5.203200000000000000e+04 -1.109704600000000063e+01 7.938800000000000023e-02 6.865596000000000032e+00 1.270300000000000075e-02 -2.368555999999999884e+00 1.608800000000000160e-02 0.000000000000000000e+00 -2.366483200000000053e+01 1.093099999999999974e-02 3.665767670000000180e+03
2.252500000000000000e+04 -3.950000000000000000e+03 -5.203200000000000000e+04 -1.093407200000000046e+01 8.516500000000000459e-02 7.077170999999999879e+00 2.026400000000000076e-02 -5.533079999999999998e+00 1.036499999999999921e-02 0.000000000000000000e+00 -2.367242200000000096e+01 1.242000000000000048e-02 4.185966424000000188e+03
2.252500000000000000e+04 -3.950000000000000000e+03 -5.203200000000000000e+04 -1.086766899999999936e+01 1.007320000000000021e-01 7.236584999999999823e+00 1.743700000000000111e-02 -5.506992999999999583e+00 1.781399999999999997e-02 0.000000000000000000e+00 -2.362516000000000105e+01 1.752199999999999938e-02 4.391382172999999966e+03
2.252500000000000000e+04 -3.950000000000000000e+03 -5.203200000000000000e+04 -1.091945499999999925e+01 8.189100000000000545e-02 7.097876000000000296e+00 1.520400000000000050e-02 -5.537029999999999674e+00 1.319599999999999940e-02 0.000000000000000000e+00 -2.362910899999999970e+01 1.516600000000000066e-02 4.874176787000000331e+03
2.252500000000000000e+04 -3.950000000000000000e+03 -5.203200000000000000e+04 -1.088389600000000002e+01 8.557599999999999929e-02 7.206197000000000408e+00 2.328799999999999967e-02 -5.522979999999999556e+00 1.485500000000000015e-02 0.000000000000000000e+00 -2.363569499999999834e+01 8.519000000000000530e-03 5.079592536000000109e+03
2.252500000000000000e+04 5.000000000000000000e+01 -5.203200000000000000e+04 -1.067120099999999994e+01 8.526000000000000245e-02 6.517603000000000257e+00 1.620200000000000112e-02 -2.676375999999999866e+00 1.330600000000000012e-02 0.000000000000000000e+00 -2.364151199999999875e+01 1.378899999999999917e-02 5.582777317000000039e+03
2.252500000000000000e+04 5.000000000000000000e+01 -5.203200000000000000e+04 -1.061410000000000053e+01 1.116069999999999979e-01 6.626901000000000153e+00 2.048600000000000074e-02 -2.676372999999999891e+00 1.688100000000000017e-02 0.000000000000000000e+00 -2.362467300000000137e+01 1.022600000000000071e-02 5.788180064999999558e+03
2.252500000000000000e+04 5.000000000000000000e+01 -5.203200000000000000e+04 -1.064260699999999993e+01 6.725799999999999834e-02 6.564259999999999984e+00 1.351699999999999950e-02 -2.673372000000000082e+00 1.156399999999999963e-02 0.000000000000000000e+00 -2.364567399999999964e+01 1.059799999999999978e-02 6.270888675000000148e+03
2.252500000000000000e+04 5.000000000000000000e+01 -5.203200000000000000e+04 -1.063213099999999933e+01 1.103470000000000006e-01 6.675285999999999831e+00 1.386100000000000006e-02 -2.679189000000000043e+00 1.420699999999999914e-02 0.000000000000000000e+00 -2.364085599999999943e+01 1.082999999999999935e-02 6.476312423999999737e+03
2.252500000000000000e+04 4.050000000000000000e+03 -5.203200000000000000e+04 -1.015994899999999923e+01 8.115600000000000591e-02 7.097611999999999810e+00 1.463300000000000017e-02 4.221179999999999932e-01 2.043299999999999977e-02 0.000000000000000000e+00 -2.362864199999999926e+01 1.666000000000000120e-02 1.352419354000000112e+03
2.252500000000000000e+04 4.050000000000000000e+03 -5.203200000000000000e+04 -1.011664400000000086e+01 9.460599999999999565e-02 7.144059999999999633e+00 1.523099999999999975e-02 3.860930000000000195e-01 1.384099999999999914e-02 0.000000000000000000e+00 -2.362498599999999982e+01 9.173999999999999863e-03 1.557838103000000046e+03
2.252500000000000000e+04 4.050000000000000000e+03 -5.203200000000000000e+04 -1.015869700000000009e+01 8.308400000000000507e-02 7.096968999999999639e+00 1.733000000000000165e-02 4.032069999999999821e-01 1.625100000000000156e-02 0.000000000000000000e+00 -2.363461799999999968e+01 1.195700000000000061e-02 2.040529712000000018e+03
2.252500000000000000e+04 4.050000000000000000e+03 -5.203200000000000000e+04 -1.010754799999999953e+01 8.344699999999999340e-02 7.203981999999999886e+00 1.873800000000000118e-02 4.014190000000000258e-01 1.590099999999999847e-02 0.000000000000000000e+00 -2.364897200000000055e+01 1.799100000000000005e-02 2.245940461000000141e+03
2.252500000000000000e+04 8.050000000000000000e+03 -5.203200000000000000e+04 -1.113312600000000074e+01 7.448000000000000453e-02 6.766405999999999921e+00 2.121800000000000075e-02 -2.410880999999999830e+00 1.366099999999999953e-02 0.000000000000000000e+00 -2.366267099999999957e+01 1.480399999999999945e-02 2.749147242999999889e+03
2.252500000000000000e+04 8.050000000000000000e+03 -5.203200000000000000e+04 -1.107353200000000015e+01 7.230699999999999628e-02 6.840531000000000361e+00 1.989900000000000002e-02 -2.363782000000000050e+00 1.400200000000000056e-02 0.000000000000000000e+00 -2.365056200000000075e+01 1.725099999999999897e-02 2.954547990999999911e+03
2.252500000000000000e+04 8.050000000000000000e+03 -5.203200000000000000e+04 -1.108516200000000040e+01 8.999000000000000055e-02 6.753811999999999927e+00 2.010999999999999940e-02 -2.367557999999999829e+00 1.788199999999999859e-02 0.000000000000000000e+00 -2.363255600000000101e+01 1.912000000000000158e-02 3.437256600000000162e+03
2.252500000000000000e+04 8.050000000000000000e+03 -5.203200000000000000e+04 -1.103658199999999923e+01 8.738700000000000634e-02 6.858454000000000050e+00 1.750399999999999873e-02 -2.354057000000000066e+00 1.372999999999999915e-02 0.000000000000000000e+00 -2.364348899999999887e+01 1.734199999999999978e-02 3.642674348999999893e+03
2.452500000000000000e+04 -3.950000000000000000e+03 -5.203200000000000000e+04 -1.095240899999999939e+01 9.334699999999999942e-02 7.029467000000000354e+00 2.238100000000000159e-02 -5.818018999999999608e+00 1.575899999999999870e-02 0.000000000000000000e+00 -2.362464900000000156e+01 1.329299999999999926e-02 4.209058743999999933e+03
2.452500000000000000e+04 -3.950000000000000000e+03 -5.203200000000000000e+04 -1.091535900000000048e+01 7.854899999999999383e-02 7.170854000000000283e+00 1.607099999999999848e-02 -5.803787999999999947e+00 1.984599999999999906e-02 0.000000000000000000e+00 -2.364440799999999854e+01 1.369700000000000084e-02 4.368290852000000086e+03
2.452500000000000000e+04 -3.950000000000000000e+03 -5.203200000000000000e+04 -1.094638699999999965e+01 8.716300000000000436e-02 7.062789999999999679e+00 1.728400000000000075e-02 -5.852300999999999753e+00 1.666000000000000120e-02 0.000000000000000000e+00 -2.365554900000000060e+01 1.460400000000000066e-02 4.897267108000000007e+03
2.452500000000000000e+04 -3.950000000000000000e+03 -5.203200000000000000e+04 -1.090034200000000020e+01 8.583000000000000351e-02 7.127679999999999794e+00 1.617100000000000135e-02 -5.812602000000000046e+00 1.531800000000000002e-02 0.000000000000000000e+00 -2.362249299999999863e+01 8.215000000000000080e-03 5.056500216000000364e+03
2.452500000000000000e+04 5.000000000000000000e+01 -5.203200000000000000e+04 -1.072028899999999929e+01 7.591499999999999637e-02 6.427974999999999994e+00 1.801799999999999929e-02 -2.708238999999999841e+00 1.495999999999999934e-02 0.000000000000000000e+00 -2.363659900000000036e+01 1.148199999999999915e-02 5.605867637999999715e+03
2.452500000000000000e+04 5.000000000000000000e+01 -5.203200000000000000e+04 -1.060295900000000024e+01 1.136550000000000060e-01 6.531120999999999732e+00 1.069799999999999918e-02 -2.681779000000000135e+00 1.422400000000000053e-02 0.000000000000000000e+00 -2.363710100000000125e+01 9.228999999999999357e-03 5.765095744999999624e+03
2.452500000000000000e+04 5.000000000000000000e+01 -5.203200000000000000e+04 -1.065823600000000049e+01 7.849000000000000421e-02 6.467754000000000225e+00 1.303799999999999924e-02 -2.651098999999999872e+00 1.379200000000000044e-02 0.000000000000000000e+00 -2.364181500000000113e+01 2.334299999999999917e-02 6.293979994999999690e+03
2.452500000000000000e+04 5.000000000000000000e+01 -5.203200000000000000e+04 -1.057634400000000063e+01 9.871800000000000019e-02 6.579126999999999725e+00 1.037300000000000028e-02 -2.678605000000000125e+00 1.284700000000000078e-02 0.000000000000000000e+00 -2.368290199999999857e+01 1.480700000000000072e-02 6.453221102999999857e+03
2.452500000000000000e+04 4.050000000000000000e+03 -5.203200000000000000e+04 -1.004245300000000007e+01 8.545700000000000518e-02 7.070313999999999766e+00 2.027999999999999942e-02 6.956449999999999578e-01 1.539599999999999996e-02 0.000000000000000000e+00 -2.362121600000000043e+01 1.435400000000000044e-02 1.375511674999999968e+03
2.452500000000000000e+04 4.050000000000000000e+03 -5.203200000000000000e+04 -9.998639999999999972e+00 8.901399999999999590e-02 7.178366999999999720e+00 1.584899999999999851e-02 6.635459999999999692e-01 1.700399999999999828e-02 0.000000000000000000e+00 -2.363283900000000060e+01 1.052999999999999943e-02 1.534742782999999918e+03
2.452500000000000000e+04 4.050000000000000000e+03 -5.203200000000000000e+04 -1.005193099999999973e+01 1.328479999999999939e-01 7.120128000000000235e+00 2.050799999999999845e-02 7.042329999999999979e-01 1.297300000000000016e-02 0.000000000000000000e+00 -2.363830300000000051e+01 2.007300000000000056e-02 2.063621032999999898e+03
2.452500000000000000e+04 4.050000000000000000e+03 -5.203200000000000000e+04 -9.988296000000000063e+00 9.495399999999999674e-02 7.192142999999999731e+00 1.295199999999999997e-02 6.824529999999999763e-01 1.540200000000000076e-02 0.000000000000000000e+00 -2.364959299999999942e+01 1.137799999999999923e-02 2.222852139999999963e+03
2.452500000000000000e+04 8.050000000000000000e+03 -5.203200000000000000e+04 -1.107086800000000082e+01 9.416099999999999470e-02 6.768769999999999953e+00 1.833999999999999866e-02 -2.382449999999999957e+00 1.352399999999999956e-02 0.000000000000000000e+00 -2.368021999999999849e+01 1.439000000000000001e-02 2.772235563000000184e+03
2.452500000000000000e+04 8.050000000000000000e+03 -5.203200000000000000e+04 -1.099597200000000008e+01 9.360699999999999577e-02 6.841103999999999630e+00 1.467300000000000028e-02 -2.344231000000000176e+00 1.515500000000000007e-02 0.000000000000000000e+00 -2.365080999999999989e+01 1.678800000000000084e-02 2.931459670000000187e+03
2.452500000000000000e+04 8.050000000000000000e+03 -5.203200000000000000e+04 -1.107858700000000063e+01 8.069700000000000484e-02 6.751955999999999847e+00 1.546499999999999958e-02 -2.370467999999999797e+00 1.662599999999999842e-02 0.000000000000000000e+00 -2.365355200000000124e+01 1.039799999999999926e-02 3.460348920999999791e+03
2.452500000000000000e+04 8.050000000000000000e+03 -5.203200000000000000e+04 -1.104561200000000021e+01 6.754699999999999593e-02 6.840694000000000052e+00 1.808099999999999985e-02 -2.355614999999999792e+00 1.558299999999999963e-02 0.000000000000000000e+00 -2.366107200000000077e+01 1.970099999999999976e-02 3.619584029000000100e+03
2.652500000000000000e+04 -3.950000000000000000e+03 -5.203200000000000000e+04 -1.098105200000000004e+01 1.227479999999999960e-01 6.974514000000000102e+00 1.883500000000000105e-02 -6.120606000000000435e+00 1.872499999999999859e-02 0.000000000000000000e+00 -2.362498599999999982e+01 8.968999999999999542e-03 4.232148065000000315e+03
2.652500000000000000e+04 -3.950000000000000000e+03 -5.203200000000000000e+04 -1.094603599999999943e+01 7.916900000000000326e-02 7.116005000000000358e+00 1.417799999999999963e-02 -6.102227000000000068e+00 1.680600000000000149e-02 0.000000000000000000e+00 -2.362381399999999942e+01 1.001900000000000013e-02 4.345200531000000410e+03
2.652500000000000000e+04 -3.950000000000000000e+03 -5.203200000000000000e+04 -1.097174099999999974e+01 8.676899999999999891e-02 7.015388999999999875e+00 1.517699999999999952e-02 -6.153888000000000247e+00 1.825399999999999939e-02 0.000000000000000000e+00 -2.365640799999999899e+01 1.186700000000000081e-02 4.920356429000000389e+03
2.652500000000000000e+04 -3.950000000000000000e+03 -5.203200000000000000e+04 -1.093369299999999988e+01 9.884300000000000030e-02 7.047126999999999697e+00 1.792600000000000096e-02 -6.081744999999999735e+00 2.070800000000000071e-02 0.000000000000000000e+00 -2.363431999999999888e+01 2.009100000000000122e-02 5.033410894999999982e+03
2.652500000000000000e+04 5.000000000000000000e+01 -5.203200000000000000e+04 -1.069336299999999973e+01 7.546999999999999542e-02 6.334678000000000253e+00 1.862899999999999973e-02 -2.697821999999999942e+00 1.283499999999999919e-02 0.000000000000000000e+00 -2.362518499999999833e+01 1.062199999999999950e-02 5.628959958999999799e+03
2.652500000000000000e+04 5.000000000000000000e+01 -5.203200000000000000e+04 -1.064443600000000067e+01 7.701600000000000112e-02 6.406390000000000029e+00 1.640000000000000138e-02 -2.667419999999999902e+00 1.447999999999999982e-02 0.000000000000000000e+00 -2.364125399999999999e+01 1.159400000000000014e-02 5.741999423999999635e+03
2.652500000000000000e+04 5.000000000000000000e+01 -5.203200000000000000e+04 -1.064920599999999951e+01 8.082000000000000295e-02 6.381005000000000038e+00 1.403700000000000087e-02 -2.661067000000000071e+00 1.459300000000000007e-02 0.000000000000000000e+00 -2.365404900000000055e+01 9.091000000000000122e-03 6.317072315999999773e+03
2.652500000000000000e+04 5.000000000000000000e+01 -5.203200000000000000e+04 -1.061968399999999946e+01 9.719300000000000161e-02 6.461113000000000106e+00 1.685000000000000039e-02 -2.642653000000000141e+00 9.171000000000000332e-03 0.000000000000000000e+00 -2.366089799999999954e+01 1.463500000000000044e-02 6.430128783000000112e+03
2.652500000000000000e+04 4.050000000000000000e+03 -5.203200000000000000e+04 -9.928983000000000558e+00 1.236330000000000068e-01 7.054765999999999870e+00 1.239200000000000024e-02 9.895500000000000407e-01 1.172699999999999958e-02 0.000000000000000000e+00 -2.363719999999999999e+01 1.507400000000000059e-02 1.398604996000000028e+03
2.652500000000000000e+04 4.050000000000000000e+03 -5.203200000000000000e+04 -9.899143999999999721e+00 1.024909999999999988e-01 7.141515000000000057e+00 1.870399999999999840e-02 9.600490000000000412e-01 1.093200000000000074e-02 0.000000000000000000e+00 -2.362366000000000099e+01 8.861000000000000820e-03 1.511654461999999967e+03
2.652500000000000000e+04 4.050000000000000000e+03 -5.203200000000000000e+04 -9.947143000000000512e+00 1.004290000000000044e-01 7.044265000000000221e+00 1.581600000000000020e-02 9.697909999999999586e-01 1.355300000000000081e-02 0.000000000000000000e+00 -2.363489099999999965e+01 2.455299999999999844e-02 2.086712352999999894e+03
2.652500000000000000e+04 4.050000000000000000e+03 -5.203200000000000000e+04 -9.903256999999999977e+00 8.021300000000000652e-02 7.106332000000000093e+00 1.420300000000000035e-02 9.525379999999999958e-01 1.206499999999999934e-02 0.000000000000000000e+00 -2.365210700000000088e+01 8.670000000000000623e-03 2.199763820000000123e+03
2.652500000000000000e+04 8.050000000000000000e+03 -5.203200000000000000e+04 -1.106411300000000075e+01 7.423799999999999844e-02 6.760407999999999973e+00 1.355300000000000081e-02 -2.357749999999999790e+00 1.023100000000000051e-02 0.000000000000000000e+00 -2.366821500000000000e+01 2.219000000000000139e-02 2.795325883999999860e+03
2.652500000000000000e+04 8.050000000000000000e+03 -5.203200000000000000e+04 -1.103372799999999998e+01 1.024690000000000045e-01 6.805882999999999683e+00 1.652100000000000096e-02 -2.352100000000000080e+00 1.196999999999999974e-02 0.000000000000000000e+00 -2.364871899999999982e+01 1.919600000000000126e-02 2.908372350000000097e+03
2.652500000000000000e+04 8.050000000000000000e+03 -5.203200000000000000e+04 -1.105347300000000033e+01 1.021100000000000063e-01 6.746256999999999948e+00 2.184799999999999937e-02 -2.352648999999999990e+00 1.617000000000000035e-02 0.000000000000000000e+00 -2.364797899999999942e+01 1.409000000000000009e-02 3.483438240999999834e+03
2.652500000000000000e+04 8.050000000000000000e+03 -5.203200000000000000e+04 -1.102029300000000056e+01 1.066570000000000018e-01 6.813397000000000148e+00 1.769400000000000139e-02 -2.354846000000000217e+00 1.707799999999999943e-02 0.000000000000000000e+00 -2.363748400000000061e+01 1.401600000000000068e-02 3.596492708000000221e+03
2.852500000000000000e+04 -3.950000000000000000e+03 -5.203200000000000000e+04 -1.098767600000000044e+01 1.125950000000000006e-01 6.978384000000000142e+00 2.192500000000000004e-02 -6.397658999999999985e+00 1.302099999999999959e-02 0.000000000000000000e+00 -2.364501900000000134e+01 2.468400000000000108e-02 4.255238385999999991e+03
2.852500000000000000e+04 -3.950000000000000000e+03 -5.203200000000000000e+04 -1.097284299999999924e+01 7.304199999999999582e-02 7.002506999999999593e+00 1.506399999999999927e-02 -6.376351999999999798e+00 1.302799999999999965e-02 0.000000000000000000e+00 -2.366268099999999919e+01 1.153700000000000038e-02 4.322112210999999661e+03
2.852500000000000000e+04 -3.950000000000000000e+03 -5.203200000000000000e+04 -1.097895899999999969e+01 1.031340000000000034e-01 6.973095999999999961e+00 1.533200000000000014e-02 -6.402548000000000350e+00 1.927399999999999947e-02 0.000000000000000000e+00 -2.363973899999999873e+01 2.357100000000000167e-02 4.943449749000000338e+03
2.852500000000000000e+04 -3.950000000000000000e+03 -5.203200000000000000e+04 -1.095920300000000047e+01 8.296299999999999508e-02 7.040443999999999924e+00 1.371200000000000023e-02 -6.377603999999999829e+00 2.079500000000000098e-02 0.000000000000000000e+00 -2.364328499999999877e+01 1.094700000000000013e-02 5.010324574000000212e+03
2.852500000000000000e+04 5.000000000000000000e+01 -5.203200000000000000e+04 -1.068944800000000050e+01 7.751299999999999857e-02 6.248536999999999786e+00 9.027999999999999567e-03 -2.670694999999999819e+00 1.451599999999999939e-02 0.000000000000000000e+00 -2.364385100000000151e+01 2.002200000000000160e-02 5.652048278999999638e+03
2.852500000000000000e+04 5.000000000000000000e+01 -5.203200000000000000e+04 -1.062906100000000009e+01 1.096440000000000053e-01 6.278056000000000303e+00 1.870099999999999887e-02 -2.653880000000000017e+00 1.217200000000000053e-02 0.000000000000000000e+00 -2.363575499999999963e+01 1.948199999999999932e-02 5.718917102999999770e+03
2.852500000000000000e+04 5.000000000000000000e+01 -5.203200000000000000e+04 -1.066337099999999971e+01 1.017149999999999999e-01 6.285429999999999851e+00 1.194100000000000023e-02 -2.630288999999999877e+00 1.078499999999999945e-02 0.000000000000000000e+00 -2.364882800000000174e+01 2.156200000000000130e-02 6.340164636999999857e+03
2.852500000000000000e+04 5.000000000000000000e+01 -5.203200000000000000e+04 -1.063108100000000000e+01 9.790600000000000691e-02 6.325060999999999822e+00 1.523799999999999981e-02 -2.610206999999999944e+00 1.227999999999999925e-02 0.000000000000000000e+00 -2.363638100000000009e+01 1.109599999999999996e-02 6.407039461999999730e+03
2.852500000000000000e+04 4.050000000000000000e+03 -5.203200000000000000e+04 -9.816580999999999335e+00 7.889699999999999491e-02 7.061059000000000196e+00 1.984199999999999853e-02 1.257409999999999917e+00 1.614200000000000010e-02 0.000000000000000000e+00 -2.363009800000000027e+01 1.348799999999999999e-02 1.421694316000000072e+03
2.852500000000000000e+04 4.050000000000000000e+03 -5.203200000000000000e+04 -9.796526000000000067e+00 6.367200000000000637e-02 7.082160000000000011e+00 1.265600000000000058e-02 1.240296999999999983e+00 1.292300000000000046e-02 0.000000000000000000e+00 -2.362269200000000069e+01 1.222099999999999922e-02 1.488566141000000016e+03
2.852500000000000000e+04 4.050000000000000000e+03 -5.203200000000000000e+04 -9.819378999999999635e+00 8.309099999999999819e-02 7.056980000000000253e+00 1.716200000000000017e-02 1.252115000000000089e+00 1.209200000000000032e-02 0.000000000000000000e+00 -2.362436999999999898e+01 9.509000000000000091e-03 2.109803673999999774e+03
2.852500000000000000e+04 4.050000000000000000e+03 -5.203200000000000000e+04 -9.803632000000000346e+00 9.407300000000000384e-02 7.089062000000000197e+00 1.481400000000000078e-02 1.216153000000000040e+00 1.307000000000000002e-02 0.000000000000000000e+00 -2.365205699999999922e+01 2.140900000000000095e-02 2.176673498999999993e+03
2.852500000000000000e+04 8.050000000000000000e+03 -5.203200000000000000e+04 -1.102897500000000086e+01 7.672700000000000353e-02 6.738294999999999924e+00 1.704599999999999865e-02 -2.371734000000000009e+00 1.250300000000000022e-02 0.000000000000000000e+00 -2.363488600000000162e+01 9.079000000000000264e-03 2.818411203999999998e+03
2.852500000000000000e+04 8.050000000000000000e+03 -5.203200000000000000e+04 -1.102916600000000003e+01 9.472200000000000064e-02 6.782180999999999571e+00 1.754000000000000004e-02 -2.420939999999999870e+00 1.497399999999999946e-02 0.000000000000000000e+00 -2.365637299999999854e+01 2.021399999999999933e-02 2.885284028999999919e+03
2.852500000000000000e+04 8.050000000000000000e+03 -5.203200000000000000e+04 -1.104497199999999957e+01 7.021399999999999864e-02 6.744345000000000034e+00 2.351800000000000071e-02 -2.384522000000000030e+00 1.101800000000000002e-02 0.000000000000000000e+00 -2.364348400000000083e+01 1.533099999999999914e-02 3.506529562000000169e+03
2.852500000000000000e+04 8.050000000000000000e+03 -5.203200000000000000e+04 -1.099132999999999960e+01 9.738399999999999834e-02 6.781263000000000041e+00 1.804199999999999901e-02 -2.352005999999999819e+00 1.616199999999999928e-02 0.000000000000000000e+00 -2.365459999999999852e+01 1.904099999999999890e-02 3.573402387000000090e+03
3.052500000000000000e+04 -3.950000000000000000e+03 -5.203200000000000000e+04 -1.100581099999999957e+01 1.103470000000000006e-01 6.886307999999999652e+00 2.271700000000000108e-02 -6.696665000000000312e+00 1.704299999999999912e-02 0.000000000000000000e+00 -2.366260700000000128e+01 2.186199999999999949e-02 4.278328706999999667e+03
3.052500000000000000e+04 -3.950000000000000000e+03 -5.203200000000000000e+04 -1.101397900000000085e+01 7.648800000000000043e-02 6.904715000000000380e+00 1.681399999999999909e-02 -6.668473999999999791e+00 1.655900000000000080e-02 0.000000000000000000e+00 -2.364678699999999978e+01 1.684199999999999933e-02 4.299020889999999781e+03
3.052500000000000000e+04 -3.950000000000000000e+03 -5.203200000000000000e+04 -1.100908699999999918e+01 6.947000000000000397e-02 6.859138999999999875e+00 1.608300000000000007e-02 -6.700207999999999942e+00 2.244099999999999914e-02 0.000000000000000000e+00 -2.361393500000000145e+01 8.224000000000000407e-03 4.966543069999999716e+03
3.052500000000000000e+04 -3.950000000000000000e+03 -5.203200000000000000e+04 -1.101115899999999925e+01 1.168669999999999987e-01 6.901233999999999646e+00 1.799200000000000105e-02 -6.686157999999999824e+00 9.957000000000000572e-03 0.000000000000000000e+00 -2.364165600000000111e+01 1.436899999999999983e-02 4.987233253000000332e+03
3.052500000000000000e+04 5.000000000000000000e+01 -5.203200000000000000e+04 -1.064158499999999918e+01 8.779299999999999604e-02 6.127201999999999593e+00 1.645100000000000035e-02 -2.674551000000000123e+00 1.583400000000000085e-02 0.000000000000000000e+00 -2.363180099999999939e+01 1.064099999999999942e-02 5.675139600000000428e+03
3.052500000000000000e+04 5.000000000000000000e+01 -5.203200000000000000e+04 -1.065669199999999961e+01 1.237160000000000065e-01 6.129197999999999702e+00 1.447099999999999949e-02 -2.661459999999999937e+00 1.087600000000000025e-02 0.000000000000000000e+00 -2.364116900000000143e+01 1.229899999999999917e-02 5.695826783000000432e+03
3.052500000000000000e+04 5.000000000000000000e+01 -5.203200000000000000e+04 -1.063728399999999930e+01 8.316700000000000481e-02 6.163372999999999990e+00 1.274600000000000039e-02 -2.622564000000000117e+00 1.381100000000000036e-02 0.000000000000000000e+00 -2.366023300000000162e+01 1.575800000000000117e-02 6.363256957999999941e+03
3.052500000000000000e+04 5.000000000000000000e+01 -5.203200000000000000e+04 -1.064132399999999912e+01 8.384600000000000386e-02 6.163257999999999903e+00 1.457199999999999988e-02 -2.646053999999999906e+00 1.033300000000000017e-02 0.000000000000000000e+00 -2.365568800000000138e+01 1.928799999999999959e-02 6.383948140999999850e+03
3.052500000000000000e+04 4.050000000000000000e+03 -5.203200000000000000e+04 -9.700457999999999359e+00 9.316800000000000082e-02 7.015628999999999671e+00 1.435999999999999950e-02 1.526907999999999932e+00 9.485999999999999641e-03 0.000000000000000000e+00 -2.362801599999999880e+01 1.143599999999999998e-02 1.444781637000000046e+03
3.052500000000000000e+04 4.050000000000000000e+03 -5.203200000000000000e+04 -9.700037000000000020e+00 1.046990000000000004e-01 7.047346000000000110e+00 1.881000000000000033e-02 1.511289000000000105e+00 1.186300000000000028e-02 0.000000000000000000e+00 -2.362300000000000111e+01 1.202800000000000050e-02 1.465473821000000044e+03
3.052500000000000000e+04 4.050000000000000000e+03 -5.203200000000000000e+04 -9.710200000000000387e+00 7.522399999999999920e-02 7.024136999999999631e+00 1.328099999999999940e-02 1.502788000000000013e+00 1.233500000000000048e-02 0.000000000000000000e+00 -2.363831300000000013e+01 1.590300000000000047e-02 2.132893994999999904e+03
3.052500000000000000e+04 4.050000000000000000e+03 -5.203200000000000000e+04 -9.709612999999999161e+00 7.835200000000000498e-02 7.011231000000000435e+00 1.172499999999999931e-02 1.505417000000000005e+00 1.379400000000000071e-02 0.000000000000000000e+00 -2.362820999999999927e+01 1.035400000000000036e-02 2.153582178000000113e+03
3.052500000000000000e+04 8.050000000000000000e+03 -5.203200000000000000e+04 -1.101272999999999946e+01 9.816099999999999826e-02 6.724338000000000370e+00 2.100899999999999990e-02 -2.350121000000000127e+00 1.453400000000000004e-02 0.000000000000000000e+00 -2.364321500000000142e+01 1.356500000000000067e-02 2.841501525000000129e+03
3.052500000000000000e+04 8.050000000000000000e+03 -5.203200000000000000e+04 -1.099370500000000028e+01 1.129170000000000035e-01 6.720182999999999574e+00 1.484300000000000029e-02 -2.347249000000000141e+00 1.318700000000000080e-02 0.000000000000000000e+00 -2.366554700000000011e+01 1.274499999999999938e-02 2.862191707999999835e+03
3.052500000000000000e+04 8.050000000000000000e+03 -5.203200000000000000e+04 -1.097594400000000014e+01 9.052599999999999536e-02 6.724702999999999875e+00 2.021200000000000080e-02 -2.333800000000000097e+00 1.635100000000000095e-02 0.000000000000000000e+00 -2.365614000000000061e+01 1.952900000000000122e-02 3.529622883000000002e+03
3.052500000000000000e+04 8.050000000000000000e+03 -5.203200000000000000e+04 -1.101965299999999992e+01 9.650999999999999857e-02 6.724052999999999614e+00 2.063999999999999863e-02 -2.332323000000000146e+00 1.296600000000000009e-02 0.000000000000000000e+00 -2.365782899999999955e+01 1.154499999999999971e-02 3.550312066999999843e+03
