2.525000000000000000e+03 -3.990000000000000000e+03 -5.203200000000000000e+04 -1.090234924581034015e+01 8.039428710695914471e-02 6.723911065285240518e+00 1.469186687370856344e-02 -2.543759692695335861e+00 1.875537441185990209e-02 0.000000000000000000e+00 -2.377225999999999928e+01 1.138100000000000049e-02 4.062276349000000209e+03
2.525000000000000000e+03 -3.990000000000000000e+03 -5.203200000000000000e+04 -1.091878170423228944e+01 8.025916181129336135e-02 6.671200710579046955e+00 1.926736919753727420e-02 -2.578219617984838230e+00 1.720904978650531977e-02 0.000000000000000000e+00 -2.376404399999999839e+01 1.182399999999999944e-02 4.729816530000000057e+03
2.525000000000000000e+03 -3.990000000000000000e+03 -5.203200000000000000e+04 -1.091924073259518302e+01 9.422935434569865154e-02 6.682963586175105775e+00 1.475648495767228896e-02 -2.577069624648472335e+00 1.624149365935156561e-02 0.000000000000000000e+00 -2.376418299999999917e+01 1.707200000000000037e-02 4.750504713999999694e+03
2.525000000000000000e+03 -3.990000000000000000e+03 -5.203200000000000000e+04 -1.091446331407784420e+01 7.829728873765641473e-02 6.661927737763750024e+00 1.827765344203530207e-02 -2.615681014884056577e+00 1.962779394086149390e-02 0.000000000000000000e+00 -2.376376600000000039e+01 1.875599999999999837e-02 5.417950888999999734e+03
2.525000000000000000e+03 1.000000000000000000e+01 -5.203200000000000000e+04 -1.100270011836416728e+01 9.383316030493468740e-02 6.713474783015953129e+00 1.580294263275853345e-02 -2.576041523595855587e+00 1.449809623137368782e-02 0.000000000000000000e+00 -2.375540600000000069e+01 1.801699999999999829e-02 5.459138245000000097e+03
2.525000000000000000e+03 1.000000000000000000e+01 -5.203200000000000000e+04 -1.085586312778926299e+01 8.375057878233471698e-02 6.947322552568952148e+00 1.445309088925465085e-02 -2.567967415905690665e+00 1.206819718810102880e-02 0.000000000000000000e+00 -2.376209199999999910e+01 2.122299999999999881e-02 6.126560419000000365e+03
2.525000000000000000e+03 1.000000000000000000e+01 -5.203200000000000000e+04 -1.086397592385343813e+01 8.355246731003142246e-02 6.950078755011017684e+00 1.812137674239792939e-02 -2.561022184079505326e+00 1.359331862961397040e-02 0.000000000000000000e+00 -2.375615099999999913e+01 1.818099999999999924e-02 6.147248601999999664e+03
2.525000000000000000e+03 1.000000000000000000e+01 -5.203200000000000000e+04 -1.083946850547006768e+01 7.500726809951677176e-02 6.978698977542696191e+00 1.765575161590435607e-02 -2.593706418603504371e+00 1.685067203777659145e-02 0.000000000000000000e+00 -2.375282299999999935e+01 1.920600000000000085e-02 6.814689777999999933e+03
2.525000000000000000e+03 4.010000000000000000e+03 -5.203200000000000000e+04 -1.116177184293871427e+01 6.348282419782325103e-02 6.820610576963876071e+00 1.576561135916896422e-02 -2.789644993999065292e+00 1.432429625984851448e-02 0.000000000000000000e+00 -2.379013600000000039e+01 1.349400000000000079e-02 1.228663275000000112e+03
2.525000000000000000e+03 4.010000000000000000e+03 -5.203200000000000000e+04 -1.113816414970918167e+01 1.061092096750203689e-01 6.803487406724502584e+00 2.456685666116930830e-02 -2.838289878790105636e+00 1.205938078560131639e-02 0.000000000000000000e+00 -2.373294999999999888e+01 1.389800000000000063e-02 1.896097451000000092e+03
2.525000000000000000e+03 4.010000000000000000e+03 -5.203200000000000000e+04 -1.114166166768162292e+01 7.652134093745156795e-02 6.813823616511756498e+00 1.380241451392863125e-02 -2.834994947339177784e+00 1.175152605919734146e-02 0.000000000000000000e+00 -2.375990600000000086e+01 2.143000000000000113e-02 1.916786634000000049e+03
2.525000000000000000e+03 4.010000000000000000e+03 -5.203200000000000000e+04 -1.114235086192057977e+01 6.644905380004392792e-02 6.859434509238351296e+00 2.187949946783279004e-02 -2.819026219995270921e+00 1.355358351566011976e-02 0.000000000000000000e+00 -2.381015800000000127e+01 1.574000000000000052e-02 2.584189807000000201e+03
2.525000000000000000e+03 8.010000000000000000e+03 -5.203200000000000000e+04 -1.112154848971404952e+01 8.078734436500294158e-02 6.656718962482367274e+00 1.482838194785540686e-02 -3.011273953209144150e+00 1.256974575156325109e-02 0.000000000000000000e+00 -2.375214300000000023e+01 1.170599999999999939e-02 2.625383162999999968e+03
2.525000000000000000e+03 8.010000000000000000e+03 -5.203200000000000000e+04 -1.115662527089477862e+01 6.669925375239854626e-02 6.564844453125019186e+00 1.726903912819124226e-02 -2.982587786920392947e+00 1.206243157336649684e-02 0.000000000000000000e+00 -2.377582100000000054e+01 1.444900000000000004e-02 3.292835340000000087e+03
2.525000000000000000e+03 8.010000000000000000e+03 -5.203200000000000000e+04 -1.118198415069359086e+01 6.938507045850923760e-02 6.562362696483461377e+00 1.251201286942573224e-02 -2.981742547710760860e+00 1.588453072718966699e-02 0.000000000000000000e+00 -2.376863399999999871e+01 1.081400000000000070e-02 3.313531523000000107e+03
2.525000000000000000e+03 8.010000000000000000e+03 -5.203200000000000000e+04 -1.112646210161851634e+01 9.553221138430015302e-02 6.556505678442823282e+00 1.348832167956061194e-02 -3.002976639242458834e+00 1.321553102580771966e-02 0.000000000000000000e+00 -2.376728299999999905e+01 1.547100000000000038e-02 3.980987700000000132e+03
4.525000000000000000e+03 -3.990000000000000000e+03 -5.203200000000000000e+04 -1.097413628361912252e+01 7.441803870703120327e-02 6.705375570963137299e+00 1.252351993474173919e-02 -2.771659904962376686e+00 1.497076325518953248e-02 0.000000000000000000e+00 -2.376622000000000057e+01 1.561700000000000067e-02 4.085365670000000136e+03
4.525000000000000000e+03 -3.990000000000000000e+03 -5.203200000000000000e+04 -1.097105385972079361e+01 8.996425801175349235e-02 6.687417131898833134e+00 1.566941779994348097e-02 -2.795468962824557480e+00 1.096780375487545200e-02 0.000000000000000000e+00 -2.377198599999999828e+01 2.114699999999999913e-02 4.706627203000000009e+03
4.525000000000000000e+03 -3.990000000000000000e+03 -5.203200000000000000e+04 -1.097362968439764686e+01 6.068806133549782544e-02 6.659818006947058500e+00 1.804600594150833348e-02 -2.792837230670540904e+00 1.656569584707808657e-02 0.000000000000000000e+00 -2.377269199999999927e+01 1.506500000000000027e-02 4.773596034000000145e+03
4.525000000000000000e+03 -3.990000000000000000e+03 -5.203200000000000000e+04 -1.096453644127896609e+01 7.718683390008974909e-02 6.732544945568931460e+00 1.840756859377435870e-02 -2.815731295518770327e+00 1.725705641021805029e-02 0.000000000000000000e+00 -2.376223600000000147e+01 1.460299999999999966e-02 5.394758563000000322e+03
4.525000000000000000e+03 1.000000000000000000e+01 -5.203200000000000000e+04 -1.097108010597347594e+01 6.014104273697245401e-02 6.784037857373888869e+00 1.605686154151180975e-02 -2.500513487782636268e+00 1.497773120156627863e-02 0.000000000000000000e+00 -2.375818299999999894e+01 1.444499999999999951e-02 5.482229565999999977e+03
4.525000000000000000e+03 1.000000000000000000e+01 -5.203200000000000000e+04 -1.084955900829601383e+01 7.002105907473397950e-02 6.913043848130719482e+00 1.174437684419392218e-02 -2.503075701105701434e+00 1.327024263509055807e-02 0.000000000000000000e+00 -2.375459700000000041e+01 1.762999999999999984e-02 6.103371092999999746e+03
4.525000000000000000e+03 1.000000000000000000e+01 -5.203200000000000000e+04 -1.088232548265520805e+01 8.916417511756567771e-02 6.904676351919171395e+00 2.018437645227815283e-02 -2.514937862933043000e+00 1.137753351288408460e-02 0.000000000000000000e+00 -2.375357299999999938e+01 2.167699999999999835e-02 6.170339923000000454e+03
4.525000000000000000e+03 1.000000000000000000e+01 -5.203200000000000000e+04 -1.085352132906218259e+01 9.054268842865800804e-02 6.938439496899287739e+00 2.067064743100978375e-02 -2.514249605829184553e+00 1.459396820244053539e-02 0.000000000000000000e+00 -2.375847600000000170e+01 1.694899999999999879e-02 6.791498451000000387e+03
4.525000000000000000e+03 4.010000000000000000e+03 -5.203200000000000000e+04 -1.112312749993209771e+01 8.644259257500314098e-02 6.806339092955111525e+00 1.025948128754203791e-02 -2.578393832493268256e+00 1.178340505213088668e-02 0.000000000000000000e+00 -2.377040699999999873e+01 1.828600000000000017e-02 1.251752596000000040e+03
4.525000000000000000e+03 4.010000000000000000e+03 -5.203200000000000000e+04 -1.107212861375294999e+01 8.046152705260491145e-02 6.820625373469482611e+00 1.546293995633635406e-02 -2.556702124640930052e+00 1.146006436586042947e-02 0.000000000000000000e+00 -2.375732899999999859e+01 2.201799999999999938e-02 1.872907124000000067e+03
4.525000000000000000e+03 4.010000000000000000e+03 -5.203200000000000000e+04 -1.109695960646541124e+01 7.890395586391894811e-02 6.805560229116350612e+00 1.607862715020979411e-02 -2.591505609818897327e+00 1.071531623375016583e-02 0.000000000000000000e+00 -2.374276499999999857e+01 1.864800000000000138e-02 1.939886954999999944e+03
4.525000000000000000e+03 4.010000000000000000e+03 -5.203200000000000000e+04 -1.108110024801342419e+01 8.735747774518347331e-02 6.847551876962718609e+00 1.694653763554713685e-02 -2.585374900427813927e+00 1.597754293271522880e-02 0.000000000000000000e+00 -2.377446499999999929e+01 2.107699999999999851e-02 2.560999480999999832e+03
4.525000000000000000e+03 8.010000000000000000e+03 -5.203200000000000000e+04 -1.110477170466024965e+01 8.682080545879200528e-02 6.671761769200563741e+00 1.231285305592917136e-02 -2.997221110483649031e+00 1.331573764797460216e-02 0.000000000000000000e+00 -2.373420700000000139e+01 1.114700000000000066e-02 2.648463482999999997e+03
4.525000000000000000e+03 8.010000000000000000e+03 -5.203200000000000000e+04 -1.111811648811286268e+01 9.905540588261012303e-02 6.610348213180000876e+00 1.425741353840795714e-02 -2.979987470661724203e+00 1.451398338245519191e-02 0.000000000000000000e+00 -2.376615500000000125e+01 1.258800000000000023e-02 3.269644013000000086e+03
4.525000000000000000e+03 8.010000000000000000e+03 -5.203200000000000000e+04 -1.115775326575785975e+01 9.395128574339138561e-02 6.588147334028795932e+00 1.812366331060451599e-02 -2.989333877663063799e+00 1.466633005790715476e-02 0.000000000000000000e+00 -2.377315400000000167e+01 1.906400000000000108e-02 3.336621843999999783e+03
4.525000000000000000e+03 8.010000000000000000e+03 -5.203200000000000000e+04 -1.109934156515225290e+01 6.518381917197547948e-02 6.611001728754008155e+00 1.425696514773847935e-02 -3.016964598013881282e+00 1.269925871582168291e-02 0.000000000000000000e+00 -2.376254899999999992e+01 1.472799999999999977e-02 3.957795372999999927e+03
6.525000000000000000e+03 -3.990000000000000000e+03 -5.203200000000000000e+04 -1.102908177697559822e+01 9.129535526337391460e-02 6.686268920940868554e+00 1.511806727244497002e-02 -3.067006924104172416e+00 1.853185158801382709e-02 0.000000000000000000e+00 -2.376505200000000073e+01 2.204100000000000156e-02 4.108555996000000050e+03
6.525000000000000000e+03 -3.990000000000000000e+03 -5.203200000000000000e+04 -1.102721319057895499e+01 1.150418230156643462e-01 6.690973685151094585e+00 1.824650244002472624e-02 -3.091444426443905602e+00 1.338172540962976470e-02 0.000000000000000000e+00 -2.375539099999999948e+01 1.666899999999999979e-02 4.683532882999999856e+03
6.525000000000000000e+03 -3.990000000000000000e+03 -5.203200000000000000e+04 -1.103662489658805512e+01 1.008755949462094709e-01 6.654608208527227120e+00 1.530506390878746785e-02 -3.121610644352639241e+00 1.789326222342389403e-02 0.000000000000000000e+00 -2.375218800000000030e+01 1.769799999999999846e-02 4.796787360999999692e+03
6.525000000000000000e+03 -3.990000000000000000e+03 -5.203200000000000000e+04 -1.101714969393085752e+01 9.656517719753268669e-02 6.706597197740951088e+00 1.578384438635415180e-02 -3.109415485805232304e+00 1.848593322492722221e-02 0.000000000000000000e+00 -2.376922000000000068e+01 1.890899999999999873e-02 5.371666242000000238e+03
6.525000000000000000e+03 1.000000000000000000e+01 -5.203200000000000000e+04 -1.091747148174159321e+01 7.217463969479437358e-02 6.767552447553737416e+00 1.696936361383977535e-02 -2.451433404162236318e+00 1.222016045180684095e-02 0.000000000000000000e+00 -2.375441800000000114e+01 1.710000000000000062e-02 5.505420892000000094e+03
6.525000000000000000e+03 1.000000000000000000e+01 -5.203200000000000000e+04 -1.090752669194335311e+01 8.178164211538795081e-02 6.858994600653867124e+00 1.694292086964327773e-02 -2.481521130385418772e+00 1.464638833691125214e-02 0.000000000000000000e+00 -2.375037000000000020e+01 2.040300000000000100e-02 6.080280772000000070e+03
6.525000000000000000e+03 1.000000000000000000e+01 -5.203200000000000000e+04 -1.089047856120127555e+01 7.165004687656470472e-02 6.860679916779083953e+00 1.133427084500064110e-02 -2.507409136059071564e+00 1.163819504898622355e-02 0.000000000000000000e+00 -2.375456700000000154e+01 1.196099999999999941e-02 6.193533250000000407e+03
6.525000000000000000e+03 1.000000000000000000e+01 -5.203200000000000000e+04 -1.090436461992283945e+01 5.761502552644710146e-02 6.896668052486589318e+00 1.254651048616975059e-02 -2.483983466175812893e+00 1.190628062021389759e-02 0.000000000000000000e+00 -2.376330899999999957e+01 1.874100000000000071e-02 6.768406130999999732e+03
6.525000000000000000e+03 4.010000000000000000e+03 -5.203200000000000000e+04 -1.105717684093474951e+01 6.980629133952637178e-02 6.817002401411236256e+00 1.293160105363930397e-02 -2.245312362677108986e+00 1.636474700723114864e-02 0.000000000000000000e+00 -2.379270899999999855e+01 1.905899999999999955e-02 1.274945922999999993e+03
6.525000000000000000e+03 4.010000000000000000e+03 -5.203200000000000000e+04 -1.100882832829304903e+01 9.877088253343344060e-02 6.858177228905917744e+00 1.516243569331026005e-02 -2.281808886074799592e+00 1.392232808882628604e-02 0.000000000000000000e+00 -2.376369100000000145e+01 1.203100000000000003e-02 1.849818802999999889e+03
6.525000000000000000e+03 4.010000000000000000e+03 -5.203200000000000000e+04 -1.102440689850238087e+01 9.364050970843343369e-02 6.843784273981843747e+00 1.407631789633554363e-02 -2.294825076484685145e+00 1.368721480163479810e-02 0.000000000000000000e+00 -2.377255299999999849e+01 2.729399999999999882e-02 1.963073280999999952e+03
6.525000000000000000e+03 4.010000000000000000e+03 -5.203200000000000000e+04 -1.101868450278750799e+01 8.428063740680502569e-02 6.853896644123229187e+00 1.428843807896289925e-02 -2.275879855862955825e+00 1.279631886779556554e-02 0.000000000000000000e+00 -2.380236500000000177e+01 2.031200000000000019e-02 2.537908159999999953e+03
6.525000000000000000e+03 8.010000000000000000e+03 -5.203200000000000000e+04 -1.108281385932927066e+01 6.213260546540805979e-02 6.705777135861949567e+00 1.028016913353339314e-02 -2.981690240041558582e+00 1.578017064755297266e-02 0.000000000000000000e+00 -2.376717299999999966e+01 3.114600000000000007e-02 2.671652810000000045e+03
6.525000000000000000e+03 8.010000000000000000e+03 -5.203200000000000000e+04 -1.112297710098194337e+01 6.767815260213025375e-02 6.659103181770321456e+00 1.403448138086668510e-02 -2.940828722468153522e+00 1.486144426806748978e-02 0.000000000000000000e+00 -2.377111700000000027e+01 1.268400000000000083e-02 3.246552692000000206e+03
6.525000000000000000e+03 8.010000000000000000e+03 -5.203200000000000000e+04 -1.112864574067696921e+01 6.839944113625805178e-02 6.642222447121914897e+00 1.375154969029954329e-02 -3.003562471118604638e+00 1.090949633863969384e-02 0.000000000000000000e+00 -2.375173099999999948e+01 1.837799999999999850e-02 3.359809169999999995e+03
6.525000000000000000e+03 8.010000000000000000e+03 -5.203200000000000000e+04 -1.111507877505661313e+01 8.592437523418093581e-02 6.660245604985065349e+00 1.293878977220509416e-02 -3.005470680094571634e+00 1.370060133156026684e-02 0.000000000000000000e+00 -2.377652099999999891e+01 1.331199999999999918e-02 3.934705051999999796e+03
8.525000000000000000e+03 -3.990000000000000000e+03 -5.203200000000000000e+04 -1.109163804726575542e+01 7.245407965018114960e-02 6.661847037138590721e+00 1.703889385231970727e-02 -3.420731512814549014e+00 1.598745922073268114e-02 0.000000000000000000e+00 -2.376345299999999838e+01 1.854700000000000099e-02 4.131644317000000228e+03
8.525000000000000000e+03 -3.990000000000000000e+03 -5.203200000000000000e+04 -1.108847128734380050e+01 8.204435360803072341e-02 6.672093623695784181e+00 1.624797200539169692e-02 -3.442273070662639434e+00 1.598510837474752949e-02 0.000000000000000000e+00 -2.376057700000000139e+01 1.133400000000000032e-02 4.660440561999999773e+03
8.525000000000000000e+03 -3.990000000000000000e+03 -5.203200000000000000e+04 -1.108934895773350071e+01 9.507577270008521486e-02 6.641370273608006691e+00 1.086218908673039843e-02 -3.437316774356832472e+00 1.562615246072576389e-02 0.000000000000000000e+00 -2.376412799999999947e+01 1.691900000000000001e-02 4.819885682000000088e+03
8.525000000000000000e+03 -3.990000000000000000e+03 -5.203200000000000000e+04 -1.107356772879600371e+01 8.827725873962390113e-02 6.674432768065866384e+00 1.856034354486226987e-02 -3.439760701615649285e+00 1.891556676164335427e-02 0.000000000000000000e+00 -2.376390500000000117e+01 1.427800000000000076e-02 5.348576920999999857e+03
8.525000000000000000e+03 1.000000000000000000e+01 -5.203200000000000000e+04 -1.094474269182434689e+01 7.383908753415488468e-02 6.724402184795030379e+00 1.754877375461996736e-02 -2.459149437586167330e+00 1.689176130048529803e-02 0.000000000000000000e+00 -2.373454999999999870e+01 1.865299999999999944e-02 5.528513213000000178e+03
8.525000000000000000e+03 1.000000000000000000e+01 -5.203200000000000000e+04 -1.092075121040228325e+01 6.151305423167698072e-02 6.815462431617417494e+00 1.553295527149030353e-02 -2.463977823840471704e+00 1.274056351283751713e-02 0.000000000000000000e+00 -2.377116200000000035e+01 2.001700000000000007e-02 6.057188450999999986e+03
8.525000000000000000e+03 1.000000000000000000e+01 -5.203200000000000000e+04 -1.087182036405176966e+01 9.496461500092588659e-02 6.827624984402137720e+00 1.514571110420573699e-02 -2.457853124159564473e+00 1.547803578862174539e-02 0.000000000000000000e+00 -2.375726900000000086e+01 1.968699999999999964e-02 6.216624569999999949e+03
8.525000000000000000e+03 1.000000000000000000e+01 -5.203200000000000000e+04 -1.086365397722098969e+01 6.127831549925124438e-02 6.846855525282581567e+00 1.651286968166377350e-02 -2.487335460796534559e+00 1.085907217264038202e-02 0.000000000000000000e+00 -2.376470000000000127e+01 2.373899999999999968e-02 6.745311810000000150e+03
8.525000000000000000e+03 4.010000000000000000e+03 -5.203200000000000000e+04 -1.097567561423386451e+01 7.569153783906139299e-02 6.865991128070271010e+00 1.451065525206887349e-02 -1.967337912293277702e+00 1.383205240423645080e-02 0.000000000000000000e+00 -2.376335399999999964e+01 3.069600000000000106e-02 1.298036243000000013e+03
8.525000000000000000e+03 4.010000000000000000e+03 -5.203200000000000000e+04 -1.094666576207256448e+01 7.562529774657460180e-02 6.872990044176683355e+00 1.684514979640200014e-02 -1.994781783993804236e+00 1.342827561821392096e-02 0.000000000000000000e+00 -2.376728299999999905e+01 1.388200000000000024e-02 1.826729483000000073e+03
8.525000000000000000e+03 4.010000000000000000e+03 -5.203200000000000000e+04 -1.096146871076987495e+01 6.995810320121197134e-02 6.848769409437200473e+00 1.513575319520986742e-02 -1.990200388062281833e+00 1.456004411745618135e-02 0.000000000000000000e+00 -2.373676999999999992e+01 1.412799999999999993e-02 1.986165602000000035e+03
8.525000000000000000e+03 4.010000000000000000e+03 -5.203200000000000000e+04 -1.095273011411086017e+01 7.893389910217950278e-02 6.891134915412388651e+00 1.729540064282098638e-02 -1.963995092645183682e+00 1.709901678843710540e-02 0.000000000000000000e+00 -2.376150099999999910e+01 2.581400000000000014e-02 2.514812839000000167e+03
8.525000000000000000e+03 8.010000000000000000e+03 -5.203200000000000000e+04 -1.109922291757494683e+01 7.235996060746366365e-02 6.714817789551410065e+00 1.425602468452423152e-02 -3.027453681713552225e+00 1.439917147201671098e-02 0.000000000000000000e+00 -2.378324699999999936e+01 1.679500000000000090e-02 2.694757130999999845e+03
8.525000000000000000e+03 8.010000000000000000e+03 -5.203200000000000000e+04 -1.109727937128850961e+01 7.727175594588897578e-02 6.688556474355337400e+00 1.477058491142254140e-02 -3.010857330126382791e+00 1.200406707801261567e-02 0.000000000000000000e+00 -2.376491800000000154e+01 2.046299999999999855e-02 3.223460371000000123e+03
8.525000000000000000e+03 8.010000000000000000e+03 -5.203200000000000000e+04 -1.110641477303288660e+01 7.973623183147594828e-02 6.664006536499773148e+00 1.419504499051505927e-02 -3.029505465911408457e+00 1.151989223189066151e-02 0.000000000000000000e+00 -2.375897799999999904e+01 1.092599999999999995e-02 3.382900490999999874e+03
8.525000000000000000e+03 8.010000000000000000e+03 -5.203200000000000000e+04 -1.109423538270510612e+01 9.418994744444800227e-02 6.686976302423017771e+00 1.568050210738389239e-02 -3.005256609532707124e+00 1.375819388845975211e-02 0.000000000000000000e+00 -2.377742999999999896e+01 1.910099999999999992e-02 3.911612731000000167e+03
1.052500000000000000e+04 -3.990000000000000000e+03 -5.203200000000000000e+04 -1.113868208920955816e+01 1.369567968356486809e-01 6.658570888795521725e+00 1.997668536608381007e-02 -3.750825623957082300e+00 1.921140529225674742e-02 0.000000000000000000e+00 -2.377108199999999982e+01 2.033899999999999944e-02 4.154740636999999879e+03
1.052500000000000000e+04 -3.990000000000000000e+03 -5.203200000000000000e+04 -1.112212674667481416e+01 1.159155426521211174e-01 6.636818253700585757e+00 1.560704668656569434e-02 -3.750679805632095132e+00 1.698067856087180638e-02 0.000000000000000000e+00 -2.376945299999999861e+01 2.489999999999999852e-02 4.637347241000000395e+03
1.052500000000000000e+04 -3.990000000000000000e+03 -5.203200000000000000e+04 -1.113768566008798366e+01 9.622009309146842271e-02 6.592652056345748690e+00 1.829216623868630195e-02 -3.737283722300950295e+00 2.113383249118377591e-02 0.000000000000000000e+00 -2.376965699999999870e+01 1.667499999999999885e-02 4.842976002000000335e+03
1.052500000000000000e+04 -3.990000000000000000e+03 -5.203200000000000000e+04 -1.112188650632560183e+01 9.232153716462837556e-02 6.659705144784515696e+00 1.869893053391186513e-02 -3.753920064122861167e+00 1.449518107676055385e-02 0.000000000000000000e+00 -2.375618100000000155e+01 1.664300000000000154e-02 5.325484599999999773e+03
1.052500000000000000e+04 1.000000000000000000e+01 -5.203200000000000000e+04 -1.097050032753224968e+01 6.908689620525709785e-02 6.671074256071613640e+00 1.625509621394865406e-02 -2.500268111546911420e+00 1.070698934338243889e-02 0.000000000000000000e+00 -2.374410599999999860e+01 1.845400000000000165e-02 5.551603533999999854e+03
1.052500000000000000e+04 1.000000000000000000e+01 -5.203200000000000000e+04 -1.088792409953284235e+01 7.768856910866224486e-02 6.763618302264023718e+00 1.851264755167510156e-02 -2.469443927636750580e+00 1.248128589032654508e-02 0.000000000000000000e+00 -2.375547100000000000e+01 1.895600000000000063e-02 6.034097130000000107e+03
1.052500000000000000e+04 1.000000000000000000e+01 -5.203200000000000000e+04 -1.087873024012748679e+01 5.087291290574792041e-02 6.754136841575101968e+00 1.603347577185524134e-02 -2.467450393478799686e+00 1.145425423838306554e-02 0.000000000000000000e+00 -2.373344700000000174e+01 2.193300000000000111e-02 6.239716891000000032e+03
1.052500000000000000e+04 1.000000000000000000e+01 -5.203200000000000000e+04 -1.084924884404854062e+01 7.446307603673914255e-02 6.795008234901607658e+00 1.238059307248116567e-02 -2.467105669260996503e+00 1.240436339843508859e-02 0.000000000000000000e+00 -2.376006500000000088e+01 1.491999999999999924e-02 6.722218488999999863e+03
1.052500000000000000e+04 4.010000000000000000e+03 -5.203200000000000000e+04 -1.089497995339340619e+01 8.040723987193884592e-02 6.856041601686061249e+00 1.902410774678803262e-02 -1.680357319372244085e+00 1.204969002153521984e-02 0.000000000000000000e+00 -2.380247900000000172e+01 1.146499999999999950e-02 1.321128564000000097e+03
1.052500000000000000e+04 4.010000000000000000e+03 -5.203200000000000000e+04 -1.087820613832903760e+01 8.053375434656973031e-02 6.911838232866447385e+00 1.572812654563301299e-02 -1.704104811263104535e+00 1.502494666249822725e-02 0.000000000000000000e+00 -2.378965900000000033e+01 1.870399999999999840e-02 1.803636162000000013e+03
1.052500000000000000e+04 4.010000000000000000e+03 -5.203200000000000000e+04 -1.088048200483180672e+01 1.108847492013544239e-01 6.829036494929021650e+00 1.531871256649978280e-02 -1.699631700465966455e+00 1.458983964468738015e-02 0.000000000000000000e+00 -2.376215200000000038e+01 2.256599999999999925e-02 2.009253922999999986e+03
1.052500000000000000e+04 4.010000000000000000e+03 -5.203200000000000000e+04 -1.086675664588960188e+01 8.480761560360923490e-02 6.848884461998856032e+00 1.859142015183565949e-02 -1.709087377813600206e+00 1.237171182045451907e-02 0.000000000000000000e+00 -2.379167599999999894e+01 1.329100000000000073e-02 2.491726518999999826e+03
1.052500000000000000e+04 8.010000000000000000e+03 -5.203200000000000000e+04 -1.107562021840442412e+01 9.122067576133018052e-02 6.728608971826768759e+00 2.071370953590227423e-02 -3.035386658252030578e+00 1.473023407514411492e-02 0.000000000000000000e+00 -2.375161599999999851e+01 1.771000000000000005e-02 2.717846452000000227e+03
1.052500000000000000e+04 8.010000000000000000e+03 -5.203200000000000000e+04 -1.107279394517560966e+01 6.839898354871370989e-02 6.727204286099390806e+00 1.349131739018657843e-02 -3.047902562959377448e+00 1.456076253429191072e-02 0.000000000000000000e+00 -2.377936199999999900e+01 1.211500000000000077e-02 3.200367051000000174e+03
1.052500000000000000e+04 8.010000000000000000e+03 -5.203200000000000000e+04 -1.107456527645406652e+01 7.269571747398448358e-02 6.682779417602140448e+00 1.571017989516483929e-02 -3.037846355398675868e+00 1.200671352220018459e-02 0.000000000000000000e+00 -2.375456199999999995e+01 1.391500000000000029e-02 3.405992811999999958e+03
1.052500000000000000e+04 8.010000000000000000e+03 -5.203200000000000000e+04 -1.106659696014100902e+01 9.184009335836570975e-02 6.727061999831327910e+00 1.808023816925240224e-02 -3.034808476656817966e+00 1.070116618270071374e-02 0.000000000000000000e+00 -2.375027000000000044e+01 1.279800000000000035e-02 3.888515409999999974e+03
1.252500000000000000e+04 -3.990000000000000000e+03 -5.203200000000000000e+04 -1.118586067936419326e+01 1.027522864538670533e-01 6.521608319961663014e+00 1.724690606807151999e-02 -4.177789524350862038e+00 1.903920451546132347e-02 0.000000000000000000e+00 -2.376138200000000111e+01 1.855400000000000105e-02 4.177829958000000261e+03
1.252500000000000000e+04 -3.990000000000000000e+03 -5.203200000000000000e+04 -1.115792385457039693e+01 9.137587137389524550e-02 6.593015924133472261e+00 1.747191363288285587e-02 -4.155663135176781431e+00 1.372295808732333471e-02 0.000000000000000000e+00 -2.374597899999999839e+01 1.635999999999999954e-02 4.614157914999999775e+03
1.252500000000000000e+04 -3.990000000000000000e+03 -5.203200000000000000e+04 -1.119260295940593153e+01 6.183811308602304990e-02 6.512250782065433619e+00 1.590585481359934467e-02 -4.208888606818990574e+00 1.340646156183362622e-02 0.000000000000000000e+00 -2.375791999999999859e+01 1.967700000000000005e-02 4.866068323000000419e+03
1.252500000000000000e+04 -3.990000000000000000e+03 -5.203200000000000000e+04 -1.115849124095445610e+01 1.115268864576823421e-01 6.571308827942473840e+00 1.324736036810768985e-02 -4.168521883896852742e+00 1.697142030982439972e-02 0.000000000000000000e+00 -2.376986499999999936e+01 1.847700000000000037e-02 5.302399279999999635e+03
1.252500000000000000e+04 1.000000000000000000e+01 -5.203200000000000000e+04 -1.097036191550869511e+01 8.363230467351885633e-02 6.620969258053548856e+00 1.889220347592171501e-02 -2.438439745708552930e+00 1.397186024908948429e-02 0.000000000000000000e+00 -2.378780100000000175e+01 1.299299999999999934e-02 5.574690854000000400e+03
1.252500000000000000e+04 1.000000000000000000e+01 -5.203200000000000000e+04 -1.091718843109592996e+01 7.786621686295415457e-02 6.717004930937559237e+00 1.422300191658969898e-02 -2.444784084611907549e+00 1.424966602879088572e-02 0.000000000000000000e+00 -2.374852200000000124e+01 1.636400000000000007e-02 6.011005809999999656e+03
1.252500000000000000e+04 1.000000000000000000e+01 -5.203200000000000000e+04 -1.088920355093300429e+01 6.818683275469784866e-02 6.699038083060229631e+00 1.732092296745111476e-02 -2.434626519321957172e+00 1.148264392195837841e-02 0.000000000000000000e+00 -2.373811600000000155e+01 1.472599999999999951e-02 6.262802211999999599e+03
1.252500000000000000e+04 1.000000000000000000e+01 -5.203200000000000000e+04 -1.088659667770117423e+01 6.884525330507113017e-02 6.759923075309835383e+00 2.089651207775952702e-02 -2.403809672781168416e+00 1.332568667441350226e-02 0.000000000000000000e+00 -2.375924600000000098e+01 1.256999999999999958e-02 6.699126167999999780e+03
1.252500000000000000e+04 4.010000000000000000e+03 -5.203200000000000000e+04 -1.083274562758378501e+01 7.714014930926159364e-02 6.840537816776011582e+00 1.466466148953986075e-02 -1.371405678301905073e+00 1.342528483653279529e-02 0.000000000000000000e+00 -2.375448199999999943e+01 1.593999999999999931e-02 1.344220884999999953e+03
1.252500000000000000e+04 4.010000000000000000e+03 -5.203200000000000000e+04 -1.079139004139007696e+01 9.483688720145672102e-02 6.943925179483482424e+00 1.627984770320969887e-02 -1.398594845500792161e+00 1.000036017843728038e-02 0.000000000000000000e+00 -2.379142200000000074e+01 1.584800000000000098e-02 1.780544840999999906e+03
1.252500000000000000e+04 4.010000000000000000e+03 -5.203200000000000000e+04 -1.081731234105453510e+01 7.501700185808832244e-02 6.872300379332495268e+00 1.780195630975888940e-02 -1.362933103501314358e+00 1.534982947035600474e-02 0.000000000000000000e+00 -2.376818700000000106e+01 2.764300000000000090e-02 2.032340243000000100e+03
1.252500000000000000e+04 4.010000000000000000e+03 -5.203200000000000000e+04 -1.077405590391709644e+01 8.823012996220101767e-02 6.953316846639100213e+00 1.538156581442952364e-02 -1.411803909514029565e+00 1.259671810232692625e-02 0.000000000000000000e+00 -2.378700200000000109e+01 2.059899999999999926e-02 2.468637197999999898e+03
1.252500000000000000e+04 8.010000000000000000e+03 -5.203200000000000000e+04 -1.108848746174534128e+01 7.238623652730595548e-02 6.751105467233735169e+00 1.154045084462435554e-02 -2.975583874413077368e+00 1.690323817248418070e-02 0.000000000000000000e+00 -2.376339799999999869e+01 1.643700000000000022e-02 2.740945772999999917e+03
1.252500000000000000e+04 8.010000000000000000e+03 -5.203200000000000000e+04 -1.105268407407635500e+01 7.280267575802346069e-02 6.804468435064619847e+00 1.478564662814376568e-02 -2.986678043048188957e+00 1.388377777334988059e-02 0.000000000000000000e+00 -2.375648400000000038e+01 1.335599999999999982e-02 3.177269729999999981e+03
1.252500000000000000e+04 8.010000000000000000e+03 -5.203200000000000000e+04 -1.107884967944594123e+01 8.153984089397064983e-02 6.713088537908692643e+00 1.327020388000881533e-02 -3.002169696782230446e+00 1.513946699751859797e-02 0.000000000000000000e+00 -2.375702599999999975e+01 1.589300000000000088e-02 3.429082132000000001e+03
1.252500000000000000e+04 8.010000000000000000e+03 -5.203200000000000000e+04 -1.104605625513657685e+01 9.260592837317839499e-02 6.805705409107147830e+00 1.549148052588101773e-02 -2.982626046957417731e+00 1.838561185432790318e-02 0.000000000000000000e+00 -2.375619599999999920e+01 1.836399999999999838e-02 3.865424089000000095e+03
1.452500000000000000e+04 -3.990000000000000000e+03 -5.203200000000000000e+04 -1.122976099377184056e+01 8.860306535614399792e-02 6.500058897940053093e+00 1.669302137439441017e-02 -4.459903396389193198e+00 1.770409110598139199e-02 0.000000000000000000e+00 -2.375335000000000107e+01 1.812499999999999875e-02 4.200924278999999842e+03
1.452500000000000000e+04 -3.990000000000000000e+03 -5.203200000000000000e+04 -1.118525012513853412e+01 9.087123050410396419e-02 6.633972663297001304e+00 1.660598001925629730e-02 -4.413902877017859439e+00 1.612718916209717260e-02 0.000000000000000000e+00 -2.375852599999999981e+01 1.648600000000000065e-02 4.591069593999999597e+03
1.452500000000000000e+04 -3.990000000000000000e+03 -5.203200000000000000e+04 -1.122454686761406073e+01 8.843679678661042765e-02 6.510376826204553602e+00 1.499103637026751902e-02 -4.483163622070372334e+00 1.653679308902098952e-02 0.000000000000000000e+00 -2.376551900000000117e+01 1.583199999999999885e-02 4.889161643999999797e+03
1.452500000000000000e+04 -3.990000000000000000e+03 -5.203200000000000000e+04 -1.116381977972305428e+01 1.095939454477535963e-01 6.582057870212598694e+00 1.614991399266924033e-02 -4.433763747098925734e+00 1.308332921026609044e-02 0.000000000000000000e+00 -2.376089999999999947e+01 1.992400000000000074e-02 5.279304959000000053e+03
1.452500000000000000e+04 1.000000000000000000e+01 -5.203200000000000000e+04 -1.101511518793715361e+01 9.380300460813056906e-02 6.529408332487475874e+00 1.815877626109666312e-02 -2.469977679325132680e+00 1.231437441311854404e-02 0.000000000000000000e+00 -2.376192800000000105e+01 2.060999999999999985e-02 5.597783174999999574e+03
1.452500000000000000e+04 1.000000000000000000e+01 -5.203200000000000000e+04 -1.090291985684541487e+01 7.963145821819296588e-02 6.655937959711760499e+00 1.658037459582750381e-02 -2.448029832193847621e+00 1.430037923644781120e-02 0.000000000000000000e+00 -2.375195400000000134e+01 2.156699999999999937e-02 5.987918488999999681e+03
1.452500000000000000e+04 1.000000000000000000e+01 -5.203200000000000000e+04 -1.092780004651208436e+01 8.303337165801361053e-02 6.604047594775943608e+00 1.532362440387659112e-02 -2.433754679726073178e+00 1.261962539979289907e-02 0.000000000000000000e+00 -2.374173700000000053e+01 1.596699999999999856e-02 6.285891531999999643e+03
1.452500000000000000e+04 1.000000000000000000e+01 -5.203200000000000000e+04 -1.086851855299389058e+01 8.310144395633967118e-02 6.712828550553108009e+00 1.513644238417465905e-02 -2.421856546575923197e+00 1.521940545231310025e-02 0.000000000000000000e+00 -2.375008700000000061e+01 1.333299999999999937e-02 6.676036847999999736e+03
1.452500000000000000e+04 4.010000000000000000e+03 -5.203200000000000000e+04 -1.075633804444769126e+01 8.115493699150400086e-02 6.834343216916742847e+00 1.818493477941733258e-02 -1.069091093353305988e+00 1.387737352575600484e-02 0.000000000000000000e+00 -2.375533199999999923e+01 1.718199999999999936e-02 1.367308205999999927e+03
1.452500000000000000e+04 4.010000000000000000e+03 -5.203200000000000000e+04 -1.067889517826447410e+01 7.757230552476630792e-02 6.980161427023258369e+00 1.648654501671485695e-02 -1.089343334356718707e+00 1.368495166173948688e-02 0.000000000000000000e+00 -2.377258199999999988e+01 1.396400000000000072e-02 1.757454521000000113e+03
1.452500000000000000e+04 4.010000000000000000e+03 -5.203200000000000000e+04 -1.073782146589211806e+01 7.928677175698436996e-02 6.816981526528307356e+00 1.917335656230013605e-02 -1.077330855391823494e+00 1.094560699508106104e-02 0.000000000000000000e+00 -2.376116299999999981e+01 1.029500000000000033e-02 2.055429564000000028e+03
1.452500000000000000e+04 4.010000000000000000e+03 -5.203200000000000000e+04 -1.068517148747317158e+01 7.836161489572530947e-02 6.958653787139610358e+00 1.640262371382833831e-02 -1.081668397526222680e+00 1.188613049888828481e-02 0.000000000000000000e+00 -2.378550200000000103e+01 2.301800000000000027e-02 2.445549877999999808e+03
1.452500000000000000e+04 8.010000000000000000e+03 -5.203200000000000000e+04 -1.105037546291046269e+01 8.399783148510336916e-02 6.756476721262122176e+00 2.266072575367672828e-02 -2.972418422595218157e+00 1.302801516413097313e-02 0.000000000000000000e+00 -2.376215699999999842e+01 1.672999999999999834e-02 2.764035093999999845e+03
1.452500000000000000e+04 8.010000000000000000e+03 -5.203200000000000000e+04 -1.099352314951293685e+01 7.498227053829187305e-02 6.852142279802467151e+00 1.988357715088340943e-02 -2.990449716212522535e+00 1.429319441577961772e-02 0.000000000000000000e+00 -2.377901999999999916e+01 2.157099999999999990e-02 3.154176407999999810e+03
1.452500000000000000e+04 8.010000000000000000e+03 -5.203200000000000000e+04 -1.105038336999938764e+01 6.809691025015876531e-02 6.736108376173735479e+00 1.022528990318528203e-02 -2.988912643699542127e+00 1.312567886921051086e-02 0.000000000000000000e+00 -2.376346799999999959e+01 1.512499999999999956e-02 3.452176453000000038e+03
1.452500000000000000e+04 8.010000000000000000e+03 -5.203200000000000000e+04 -1.099781653259767467e+01 1.012971093907738818e-01 6.852372490458495058e+00 1.391042784407139736e-02 -2.958005724908406187e+00 1.396379992224439093e-02 0.000000000000000000e+00 -2.376392999999999844e+01 1.470499999999999932e-02 3.842332769000000098e+03
1.652500000000000000e+04 -3.990000000000000000e+03 -5.203200000000000000e+04 -1.125132887990904784e+01 1.090361068551986418e-01 6.486247418164975187e+00 1.831875103800740048e-02 -4.778099170418690811e+00 1.855767720565281928e-02 0.000000000000000000e+00 -2.375848600000000133e+01 1.936299999999999827e-02 4.224013600000000224e+03
1.652500000000000000e+04 -3.990000000000000000e+03 -5.203200000000000000e+04 -1.120399352386996839e+01 9.889991023493754918e-02 6.559554239854756830e+00 1.541972632880598063e-02 -4.736786052412469417e+00 1.616721288491070746e-02 0.000000000000000000e+00 -2.376654699999999920e+01 1.457100000000000062e-02 4.567975273000000016e+03
1.652500000000000000e+04 -3.990000000000000000e+03 -5.203200000000000000e+04 -1.124492228784714598e+01 7.981554806882963649e-02 6.468608181496708021e+00 1.760688412963960087e-02 -4.747318803593175929e+00 1.212474575889281592e-02 0.000000000000000000e+00 -2.375068800000000024e+01 1.960500000000000090e-02 4.912251965000000382e+03
1.652500000000000000e+04 -3.990000000000000000e+03 -5.203200000000000000e+04 -1.120556695666098257e+01 9.863228495086438785e-02 6.580677511812026204e+00 1.901832842870644288e-02 -4.709481439375998946e+00 1.643883776759624132e-02 0.000000000000000000e+00 -2.377364000000000033e+01 1.384799999999999920e-02 5.256214638000000377e+03
1.652500000000000000e+04 1.000000000000000000e+01 -5.203200000000000000e+04 -1.097944786364377734e+01 9.850889988076416692e-02 6.481930818496220326e+00 1.661318479250150845e-02 -2.458702863847927134e+00 1.345644044061346592e-02 0.000000000000000000e+00 -2.376510700000000043e+01 2.124200000000000046e-02 5.620874496000000363e+03
1.652500000000000000e+04 1.000000000000000000e+01 -5.203200000000000000e+04 -1.086964737935158354e+01 8.639095780807284908e-02 6.594482255728849829e+00 1.379238738465665345e-02 -2.473949576282732821e+00 1.417563502053213742e-02 0.000000000000000000e+00 -2.377187199999999834e+01 1.977100000000000038e-02 5.964829168999999638e+03
1.652500000000000000e+04 1.000000000000000000e+01 -5.203200000000000000e+04 -1.090869183562996980e+01 8.795511460859731234e-02 6.551813636455953826e+00 1.451462704997229756e-02 -2.422408307620912193e+00 1.183324793912122856e-02 0.000000000000000000e+00 -2.374964999999999904e+01 2.224500000000000088e-02 6.308982853000000432e+03
1.652500000000000000e+04 1.000000000000000000e+01 -5.203200000000000000e+04 -1.086442390765899013e+01 8.366450761952759496e-02 6.637410028076994095e+00 1.538691373057323591e-02 -2.438493970044756320e+00 1.251259811669438657e-02 0.000000000000000000e+00 -2.376284700000000072e+01 1.850999999999999868e-02 6.652950526999999965e+03
1.652500000000000000e+04 4.010000000000000000e+03 -5.203200000000000000e+04 -1.064036548420028616e+01 7.774804442976133989e-02 6.869376652019377971e+00 1.764066745459103719e-02 -7.537406458486071159e-01 1.240346198060816515e-02 0.000000000000000000e+00 -2.379057299999999842e+01 2.228300000000000072e-02 1.390398525999999947e+03
1.652500000000000000e+04 4.010000000000000000e+03 -5.203200000000000000e+04 -1.059688458410153444e+01 6.105977871116232553e-02 6.958738901270597133e+00 1.713708460953087750e-02 -7.780183529966331335e-01 1.316937230203736944e-02 0.000000000000000000e+00 -2.379582299999999861e+01 2.586499999999999910e-02 1.734368199999999888e+03
1.652500000000000000e+04 4.010000000000000000e+03 -5.203200000000000000e+04 -1.062854239776772580e+01 9.477094462325959257e-02 6.831612584608169669e+00 1.685693309941153906e-02 -7.945876059285180704e-01 1.516288840218213418e-02 0.000000000000000000e+00 -2.375598300000000052e+01 1.747500000000000095e-02 2.078517883999999867e+03
1.652500000000000000e+04 4.010000000000000000e+03 -5.203200000000000000e+04 -1.058637685693733665e+01 1.090966719404332652e-01 6.947203025913043284e+00 1.803455467376596788e-02 -7.853609930925222748e-01 1.471140310237039478e-02 0.000000000000000000e+00 -2.375126399999999904e+01 1.423999999999999919e-02 2.422460556999999881e+03
1.652500000000000000e+04 8.010000000000000000e+03 -5.203200000000000000e+04 -1.101584678109454352e+01 6.406291217365915613e-02 6.769359338670457582e+00 1.685482798043186348e-02 -3.012971769255242460e+00 1.733596200330641407e-02 0.000000000000000000e+00 -2.380551900000000032e+01 1.905300000000000049e-02 2.787124413999999888e+03
1.652500000000000000e+04 8.010000000000000000e+03 -5.203200000000000000e+04 -1.098292608918189828e+01 7.482759381563132417e-02 6.845608399878371664e+00 1.514234434076535026e-02 -2.989679069564044944e+00 1.209557409255908843e-02 0.000000000000000000e+00 -2.375957899999999867e+01 1.546400000000000031e-02 3.131089088000000174e+03
1.652500000000000000e+04 8.010000000000000000e+03 -5.203200000000000000e+04 -1.106866241767345116e+01 7.764096356458767556e-02 6.742930973894063484e+00 1.633575254792541537e-02 -3.002263049023080832e+00 1.443102187841590993e-02 0.000000000000000000e+00 -2.377144499999999994e+01 1.974300000000000013e-02 3.475266774000000169e+03
1.652500000000000000e+04 8.010000000000000000e+03 -5.203200000000000000e+04 -1.098815141251061789e+01 8.178754030229322403e-02 6.837211752545100829e+00 1.953691710741214602e-02 -3.022617831891597717e+00 1.595323673236467496e-02 0.000000000000000000e+00 -2.374535799999999952e+01 2.088900000000000132e-02 3.819241448000000219e+03
1.852500000000000000e+04 -3.990000000000000000e+03 -5.203200000000000000e+04 -1.127829390913383456e+01 9.218976131058322088e-02 6.466387230416009935e+00 1.941138457123021618e-02 -5.053430953501632850e+00 1.772666822969000411e-02 0.000000000000000000e+00 -2.374973900000000171e+01 1.790200000000000125e-02 4.247102920999999697e+03
1.852500000000000000e+04 -3.990000000000000000e+03 -5.203200000000000000e+04 -1.123123700494019417e+01 8.436958122178182806e-02 6.550705566962081505e+00 1.744030820585800931e-02 -5.020627817465364906e+00 1.864302604583929074e-02 0.000000000000000000e+00 -2.376745599999999925e+01 2.392199999999999882e-02 4.544883952999999565e+03
1.852500000000000000e+04 -3.990000000000000000e+03 -5.203200000000000000e+04 -1.127846326960560042e+01 7.765000591858890744e-02 6.463978178803415631e+00 1.740908395903699446e-02 -5.064596538141877602e+00 1.519690891432562245e-02 0.000000000000000000e+00 -2.376142600000000016e+01 2.086000000000000007e-02 4.935342286000000058e+03
1.852500000000000000e+04 -3.990000000000000000e+03 -5.203200000000000000e+04 -1.122901067509852879e+01 8.786183815232850858e-02 6.615694029554617828e+00 1.704846649246270079e-02 -5.035911281643840276e+00 1.957932316882809651e-02 0.000000000000000000e+00 -2.376609499999999997e+01 1.994299999999999892e-02 5.233122317000000294e+03
1.852500000000000000e+04 1.000000000000000000e+01 -5.203200000000000000e+04 -1.095088302901151422e+01 8.868457575529516135e-02 6.395282779891426017e+00 1.831154233969887676e-02 -2.462493072416192863e+00 1.432521361951462867e-02 0.000000000000000000e+00 -2.376159000000000177e+01 1.696699999999999944e-02 5.643964815999999701e+03
1.852500000000000000e+04 1.000000000000000000e+01 -5.203200000000000000e+04 -1.089610004024320844e+01 8.074494086835178053e-02 6.533691861992200423e+00 1.584778013081640166e-02 -2.440253580141576784e+00 1.403514599466910463e-02 0.000000000000000000e+00 -2.375553100000000128e+01 1.499200000000000012e-02 5.941736847999999554e+03
1.852500000000000000e+04 1.000000000000000000e+01 -5.203200000000000000e+04 -1.089039498614145351e+01 8.232981640053567418e-02 6.461842798779428243e+00 1.551954509203859987e-02 -2.446309068820712085e+00 1.200584580903264406e-02 0.000000000000000000e+00 -2.376323899999999867e+01 1.907500000000000168e-02 6.332068172999999661e+03
1.852500000000000000e+04 1.000000000000000000e+01 -5.203200000000000000e+04 -1.084805538702659078e+01 1.026332216149892645e-01 6.560113384555874561e+00 1.780404499329164489e-02 -2.440955609850412156e+00 1.507697279978133936e-02 0.000000000000000000e+00 -2.375499399999999994e+01 1.606300000000000089e-02 6.629858205999999882e+03
1.852500000000000000e+04 4.010000000000000000e+03 -5.203200000000000000e+04 -1.055823168875669715e+01 8.531860222222051315e-02 6.861657551053632176e+00 1.877100312479822869e-02 -4.477864928877054451e-01 1.503939129537246525e-02 0.000000000000000000e+00 -2.378491599999999906e+01 2.222000000000000017e-02 1.413492846999999983e+03
1.852500000000000000e+04 4.010000000000000000e+03 -5.203200000000000000e+04 -1.049076073862389968e+01 8.394523089454337950e-02 6.973103783156028079e+00 1.363188729025393425e-02 -4.971312760705015044e-01 1.140321248454207598e-02 0.000000000000000000e+00 -2.379039900000000074e+01 2.160700000000000121e-02 1.711275879000000032e+03
1.852500000000000000e+04 4.010000000000000000e+03 -5.203200000000000000e+04 -1.054693083476856863e+01 7.746921807972578788e-02 6.824433631104661835e+00 1.574868103444420145e-02 -5.059218196329096084e-01 1.674530411163760446e-02 0.000000000000000000e+00 -2.373988399999999999e+01 1.638600000000000126e-02 2.101611205000000155e+03
1.852500000000000000e+04 4.010000000000000000e+03 -5.203200000000000000e+04 -1.047821076263878304e+01 8.648722480450818373e-02 7.025178878389945147e+00 2.342037399620614663e-02 -4.851503109528102486e-01 1.317154085489990155e-02 0.000000000000000000e+00 -2.378012700000000024e+01 2.040499999999999953e-02 2.399370236000000205e+03
1.852500000000000000e+04 8.010000000000000000e+03 -5.203200000000000000e+04 -1.099692515069662946e+01 4.607958689555798071e-02 6.784217487671747371e+00 1.625074431886080681e-02 -2.973841294217753006e+00 1.579137475388806000e-02 0.000000000000000000e+00 -2.375639999999999930e+01 1.125100000000000058e-02 2.810213734999999815e+03
1.852500000000000000e+04 8.010000000000000000e+03 -5.203200000000000000e+04 -1.095141577950825607e+01 7.002576139058346028e-02 6.903609002868917877e+00 1.260096658911995585e-02 -2.897183018441663815e+00 1.208259192760200926e-02 0.000000000000000000e+00 -2.375609700000000046e+01 1.162799999999999945e-02 3.107995766999999887e+03
1.852500000000000000e+04 8.010000000000000000e+03 -5.203200000000000000e+04 -1.101901130199785328e+01 7.137002873982961626e-02 6.775827768278306351e+00 2.380119064102368884e-02 -2.942801279684915894e+00 1.471355958786119134e-02 0.000000000000000000e+00 -2.376904599999999945e+01 1.590199999999999947e-02 3.498361093999999866e+03
1.852500000000000000e+04 8.010000000000000000e+03 -5.203200000000000000e+04 -1.095630833183104613e+01 8.452433472155740368e-02 6.919809055953576760e+00 1.578349065325723374e-02 -2.964295274884306330e+00 1.124750868755681164e-02 0.000000000000000000e+00 -2.374962000000000018e+01 1.782600000000000157e-02 3.796151127000000088e+03
2.052500000000000000e+04 -3.990000000000000000e+03 -5.203200000000000000e+04 -1.129579053612999218e+01 6.417110487176160005e-02 6.364450510335755595e+00 1.674477776626943915e-02 -5.395872962824825869e+00 1.922267999254068452e-02 0.000000000000000000e+00 -2.375514799999999838e+01 1.271100000000000008e-02 4.270197240999999849e+03
2.052500000000000000e+04 -3.990000000000000000e+03 -5.203200000000000000e+04 -1.125283769958432600e+01 9.067622116122314724e-02 6.514329303406148242e+00 1.504279979056209228e-02 -5.356507298529107786e+00 1.903541626500482309e-02 0.000000000000000000e+00 -2.376265300000000025e+01 1.962399999999999908e-02 4.521792631999999685e+03
2.052500000000000000e+04 -3.990000000000000000e+03 -5.203200000000000000e+04 -1.129548824582253808e+01 1.115720405326373621e-01 6.430556907377439124e+00 1.378200147205265250e-02 -5.394036549816489057e+00 1.691726386883711172e-02 0.000000000000000000e+00 -2.375728900000000010e+01 2.007000000000000103e-02 4.958435606000000007e+03
2.052500000000000000e+04 -3.990000000000000000e+03 -5.203200000000000000e+04 -1.124326614730434493e+01 9.128860716874280523e-02 6.547580063403736439e+00 1.764852770044017527e-02 -5.374913056202576200e+00 1.701650375951987634e-02 0.000000000000000000e+00 -2.375968800000000059e+01 1.406499999999999938e-02 5.210032997000000250e+03
2.052500000000000000e+04 1.000000000000000000e+01 -5.203200000000000000e+04 -1.095957363066694690e+01 8.258099653111644622e-02 6.312773800637139665e+00 1.488359927593274103e-02 -2.467505948355951162e+00 1.379649526224639537e-02 0.000000000000000000e+00 -2.375954899999999981e+01 1.982000000000000081e-02 5.667055137000000286e+03
2.052500000000000000e+04 1.000000000000000000e+01 -5.203200000000000000e+04 -1.085677234130687374e+01 8.939818528012724586e-02 6.466188000390145518e+00 1.760440239109034924e-02 -2.440551163436552429e+00 1.605472756145708349e-02 0.000000000000000000e+00 -2.374870599999999854e+01 1.236499999999999926e-02 5.918642526999999973e+03
2.052500000000000000e+04 1.000000000000000000e+01 -5.203200000000000000e+04 -1.093584500625526168e+01 6.079007817395205848e-02 6.370192443060347820e+00 1.491021591470927804e-02 -2.421805926257434738e+00 1.247304734142967025e-02 0.000000000000000000e+00 -2.377080899999999986e+01 2.070400000000000018e-02 6.355159494000000450e+03
2.052500000000000000e+04 1.000000000000000000e+01 -5.203200000000000000e+04 -1.084173615890131082e+01 6.160105952831439191e-02 6.488162414505306508e+00 1.252703344937617334e-02 -2.443715649486764896e+00 1.204775995557995708e-02 0.000000000000000000e+00 -2.375153699999999901e+01 1.667799999999999838e-02 6.606756884999999784e+03
2.052500000000000000e+04 4.010000000000000000e+03 -5.203200000000000000e+04 -1.044816181851373038e+01 8.883540356799056459e-02 6.861192939172555683e+00 1.505005307122051286e-02 -1.451721879339298027e-01 1.309161855790536878e-02 0.000000000000000000e+00 -2.376471499999999892e+01 1.893900000000000097e-02 1.436585168000000067e+03
2.052500000000000000e+04 4.010000000000000000e+03 -5.203200000000000000e+04 -1.036498505780950730e+01 9.448210064887724302e-02 7.031229011131414630e+00 1.563827197353285722e-02 -2.049728451005060625e-01 1.037274465400754055e-02 0.000000000000000000e+00 -2.378157799999999966e+01 2.576000000000000165e-02 1.688182559000000083e+03
2.052500000000000000e+04 4.010000000000000000e+03 -5.203200000000000000e+04 -1.043157983610082518e+01 7.398347367269662855e-02 6.839843818277398846e+00 1.649738351557016383e-02 -1.873351693306722909e-01 1.090865571285478883e-02 0.000000000000000000e+00 -2.374856199999999973e+01 1.411600000000000008e-02 2.124703525999999783e+03
2.052500000000000000e+04 4.010000000000000000e+03 -5.203200000000000000e+04 -1.036418155920953055e+01 9.744871239748584268e-02 7.000211702837232153e+00 1.487837244450265599e-02 -2.133130785015215081e-01 1.693929489308077657e-02 0.000000000000000000e+00 -2.378615699999999933e+01 1.614000000000000157e-02 2.376278914999999870e+03
2.052500000000000000e+04 8.010000000000000000e+03 -5.203200000000000000e+04 -1.099807858048212239e+01 6.670716747468458108e-02 6.783003721885962456e+00 1.482311390571036669e-02 -2.944513016240805303e+00 1.246440065316900721e-02 0.000000000000000000e+00 -2.375474099999999922e+01 1.871099999999999847e-02 2.833303056000000197e+03
2.052500000000000000e+04 8.010000000000000000e+03 -5.203200000000000000e+04 -1.092464872330819858e+01 8.488381454518262315e-02 6.897577140961880460e+00 1.612450562691079142e-02 -2.970751646896224951e+00 1.192403235263816280e-02 0.000000000000000000e+00 -2.376362200000000158e+01 1.772100000000000064e-02 3.084905447000000095e+03
2.052500000000000000e+04 8.010000000000000000e+03 -5.203200000000000000e+04 -1.100100042841918935e+01 6.095345255633319997e-02 6.772248050550298437e+00 1.543710909793035053e-02 -3.008080437879187219e+00 1.134875632663919290e-02 0.000000000000000000e+00 -2.377278599999999997e+01 1.517899999999999978e-02 3.521455415999999786e+03
2.052500000000000000e+04 8.010000000000000000e+03 -5.203200000000000000e+04 -1.089252691616428237e+01 8.217024173851794622e-02 6.910698201870832946e+00 1.512887233063149421e-02 -2.959750832952129151e+00 1.666353232772013054e-02 0.000000000000000000e+00 -2.374821899999999886e+01 2.082399999999999876e-02 3.773054806000000099e+03
2.252500000000000000e+04 -3.990000000000000000e+03 -5.203200000000000000e+04 -1.130363008828251381e+01 9.675516519189034104e-02 6.411851629804675490e+00 1.657126070312504515e-02 -5.634308099995188890e+00 1.496301000464398540e-02 0.000000000000000000e+00 -2.376231599999999844e+01 2.111100000000000129e-02 4.293291562000000340e+03
2.252500000000000000e+04 -3.990000000000000000e+03 -5.203200000000000000e+04 -1.127699171204567818e+01 1.073836585300407542e-01 6.521444360752969516e+00 1.298001311343132541e-02 -5.607234374526392173e+00 1.487154212846651148e-02 0.000000000000000000e+00 -2.376670599999999922e+01 1.461999999999999932e-02 4.498698311000000103e+03
2.252500000000000000e+04 -3.990000000000000000e+03 -5.203200000000000000e+04 -1.129574261552869352e+01 7.962826105754862438e-02 6.422692303128018310e+00 1.383802197749729214e-02 -5.643012408896781906e+00 1.609874105951110412e-02 0.000000000000000000e+00 -2.376413799999999910e+01 1.694800000000000126e-02 4.981528927000000294e+03
2.252500000000000000e+04 -3.990000000000000000e+03 -5.203200000000000000e+04 -1.123967834099004648e+01 1.147263413343360960e-01 6.530106080728869777e+00 2.183133563702667826e-02 -5.634285764870030633e+00 1.685369521324312642e-02 0.000000000000000000e+00 -2.376218100000000177e+01 1.989499999999999949e-02 5.186943675999999869e+03
2.252500000000000000e+04 1.000000000000000000e+01 -5.203200000000000000e+04 -1.095463858361297760e+01 9.587429692978809148e-02 6.247685121527569940e+00 1.369874622633824625e-02 -2.422943205754077844e+00 1.608630032186420325e-02 0.000000000000000000e+00 -2.374748400000000004e+01 1.616899999999999935e-02 5.690143457000000126e+03
2.252500000000000000e+04 1.000000000000000000e+01 -5.203200000000000000e+04 -1.086644197727207306e+01 8.339562681291337598e-02 6.374354765976161907e+00 1.355182004328039577e-02 -2.419965674022126922e+00 1.182862185530612724e-02 0.000000000000000000e+00 -2.376353200000000143e+01 1.883200000000000152e-02 5.895552206000000297e+03
2.252500000000000000e+04 1.000000000000000000e+01 -5.203200000000000000e+04 -1.090546462878876710e+01 6.312983510354854000e-02 6.313782140958016598e+00 1.178632004342968463e-02 -2.412215527377204349e+00 1.265420260753788266e-02 0.000000000000000000e+00 -2.377250300000000038e+01 1.790299999999999878e-02 6.378250815000000330e+03
2.252500000000000000e+04 1.000000000000000000e+01 -5.203200000000000000e+04 -1.083612058822354740e+01 8.047243511690309326e-02 6.415649584470413558e+00 1.409514119752496540e-02 -2.447210012676142021e+00 1.087340710070468751e-02 0.000000000000000000e+00 -2.374466800000000077e+01 2.364300000000000082e-02 6.583662564000000202e+03
2.252500000000000000e+04 4.010000000000000000e+03 -5.203200000000000000e+04 -1.033380470451172073e+01 5.914755442480726377e-02 6.911297937694735438e+00 1.659564622924540600e-02 1.493655071790928046e-01 1.518289276778950897e-02 0.000000000000000000e+00 -2.379717899999999986e+01 1.929700000000000165e-02 1.459676488000000063e+03
2.252500000000000000e+04 4.010000000000000000e+03 -5.203200000000000000e+04 -1.026969192213483950e+01 7.227971633043192567e-02 7.004862406176043166e+00 1.497196891357605898e-02 8.990599866527414219e-02 1.172203169434393039e-02 0.000000000000000000e+00 -2.380393400000000170e+01 1.956799999999999859e-02 1.665090237999999999e+03
2.252500000000000000e+04 4.010000000000000000e+03 -5.203200000000000000e+04 -1.032493769650019289e+01 1.024780280383811998e-01 6.863069545992901865e+00 1.523643484812200327e-02 1.213271277006360976e-01 1.313184619479257874e-02 0.000000000000000000e+00 -2.378046000000000149e+01 1.293900000000000085e-02 2.147791846999999962e+03
2.252500000000000000e+04 4.010000000000000000e+03 -5.203200000000000000e+04 -1.027713190204167049e+01 5.949729801484145847e-02 6.972674611320734073e+00 1.331137191897435561e-02 9.299513435969306019e-02 1.490536737446893599e-02 0.000000000000000000e+00 -2.377228399999999908e+01 2.028999999999999901e-02 2.353193595000000187e+03
2.252500000000000000e+04 8.010000000000000000e+03 -5.203200000000000000e+04 -1.094882326146057139e+01 9.674823542077853888e-02 6.808493931295040547e+00 1.799598939489033614e-02 -2.943810934484836661e+00 1.209538381634106194e-02 0.000000000000000000e+00 -2.378909300000000115e+01 1.421500000000000020e-02 2.856393375999999989e+03
2.252500000000000000e+04 8.010000000000000000e+03 -5.203200000000000000e+04 -1.088529352481204704e+01 6.141326415699448205e-02 6.918007858909191121e+00 1.153900693080194342e-02 -2.942465893633527507e+00 1.365076809685527096e-02 0.000000000000000000e+00 -2.377512600000000020e+01 2.281000000000000041e-02 3.061816126000000168e+03
2.252500000000000000e+04 8.010000000000000000e+03 -5.203200000000000000e+04 -1.097782335569140777e+01 8.505294414922237589e-02 6.788000873232854282e+00 1.202574464985311023e-02 -2.983116354440136231e+00 1.454237993472134657e-02 0.000000000000000000e+00 -2.376692500000000052e+01 1.879099999999999868e-02 3.544539736000000175e+03
2.252500000000000000e+04 8.010000000000000000e+03 -5.203200000000000000e+04 -1.090752839296623655e+01 7.464268152501940534e-02 6.903104719590457350e+00 1.176690618159166590e-02 -2.961999342858182338e+00 1.801508436472461228e-02 0.000000000000000000e+00 -2.376735199999999892e+01 1.404399999999999919e-02 3.749967486000000008e+03
2.452500000000000000e+04 -3.990000000000000000e+03 -5.203200000000000000e+04 -1.130434642271545798e+01 1.058622134021248995e-01 6.397801268466131397e+00 1.811640887108987782e-02 -5.927594309555885843e+00 1.645247374161287746e-02 0.000000000000000000e+00 -2.375852099999999822e+01 1.346999999999999933e-02 4.316382883000000220e+03
2.452500000000000000e+04 -3.990000000000000000e+03 -5.203200000000000000e+04 -1.128005345655246927e+01 9.192411828781041350e-02 6.510222215724744466e+00 1.592278404252844490e-02 -5.888440855181077183e+00 1.825125185689018686e-02 0.000000000000000000e+00 -2.376878800000000069e+01 1.533299999999999941e-02 4.475609989999999925e+03
2.452500000000000000e+04 -3.990000000000000000e+03 -5.203200000000000000e+04 -1.130528886228400332e+01 8.883606457066159368e-02 6.389036924735618683e+00 1.945083868940476399e-02 -5.948143385876563549e+00 1.700131303388052392e-02 0.000000000000000000e+00 -2.374559599999999904e+01 1.727599999999999969e-02 5.004617247999999563e+03
2.452500000000000000e+04 -3.990000000000000000e+03 -5.203200000000000000e+04 -1.125641465386961571e+01 8.864266074859028510e-02 6.507093244708214819e+00 1.709956120209829566e-02 -5.913638598058145845e+00 1.544613343545953206e-02 0.000000000000000000e+00 -2.374281999999999826e+01 1.841299999999999881e-02 5.163852354999999989e+03
2.452500000000000000e+04 1.000000000000000000e+01 -5.203200000000000000e+04 -1.092936472593740760e+01 8.571624154404194895e-02 6.167474373911973728e+00 1.421032059901252385e-02 -2.399877334030902976e+00 1.413068317657495583e-02 0.000000000000000000e+00 -2.376932400000000101e+01 1.875299999999999884e-02 5.713235778000000209e+03
2.452500000000000000e+04 1.000000000000000000e+01 -5.203200000000000000e+04 -1.086860541596859342e+01 7.560458999625349619e-02 6.287176385966113834e+00 1.283890193038170723e-02 -2.399260986479636593e+00 1.373822618537224802e-02 0.000000000000000000e+00 -2.375187499999999829e+01 2.340199999999999919e-02 5.872460885999999846e+03
2.452500000000000000e+04 1.000000000000000000e+01 -5.203200000000000000e+04 -1.086812634234461328e+01 9.028921027473142680e-02 6.240629225035374539e+00 1.461382890516575543e-02 -2.401363026144006430e+00 1.174544208175555549e-02 0.000000000000000000e+00 -2.375502399999999881e+01 2.239400000000000071e-02 6.401341136000000006e+03
2.452500000000000000e+04 1.000000000000000000e+01 -5.203200000000000000e+04 -1.085101123340194640e+01 1.018567633970378222e-01 6.331873015735935972e+00 1.505258781270133774e-02 -2.371426005609675425e+00 1.094127005519788913e-02 0.000000000000000000e+00 -2.377061499999999938e+01 2.251399999999999929e-02 6.560571243000000322e+03
2.452500000000000000e+04 4.010000000000000000e+03 -5.203200000000000000e+04 -1.022289138218459215e+01 7.996568914076886136e-02 6.904697975629742857e+00 1.697109922003620791e-02 4.539187988886911884e-01 1.395849879126004681e-02 0.000000000000000000e+00 -2.378179099999999835e+01 2.568700000000000150e-02 1.482764809000000014e+03
2.452500000000000000e+04 4.010000000000000000e+03 -5.203200000000000000e+04 -1.014930796714142680e+01 9.325144584940901760e-02 7.013344394519175573e+00 1.309998008444327941e-02 4.122659916353106913e-01 1.218619898827896959e-02 0.000000000000000000e+00 -2.377747000000000099e+01 2.013500000000000012e-02 1.642000917000000072e+03
2.452500000000000000e+04 4.010000000000000000e+03 -5.203200000000000000e+04 -1.020566614585108134e+01 7.847722555806828371e-02 6.892447964183856968e+00 1.908970256227826220e-02 4.003803771914620224e-01 1.550919813503654453e-02 0.000000000000000000e+00 -2.374192599999999942e+01 1.495400000000000028e-02 2.170879167000000052e+03
2.452500000000000000e+04 4.010000000000000000e+03 -5.203200000000000000e+04 -1.016047102499991261e+01 9.448090623643615182e-02 6.983300844314315192e+00 1.389517329929883423e-02 4.161635832424674386e-01 1.733914674152716232e-02 0.000000000000000000e+00 -2.380416800000000066e+01 1.420899999999999941e-02 2.330105274000000009e+03
2.452500000000000000e+04 8.010000000000000000e+03 -5.203200000000000000e+04 -1.090928677594386187e+01 8.296816524775843527e-02 6.807028915629868671e+00 1.699855989353420138e-02 -2.987093641992039750e+00 1.228779662781662695e-02 0.000000000000000000e+00 -2.380546899999999866e+01 1.778499999999999873e-02 2.879482696999999916e+03
2.452500000000000000e+04 8.010000000000000000e+03 -5.203200000000000000e+04 -1.084238662062014313e+01 7.890689668144808266e-02 6.911308675012250546e+00 1.675651173482943859e-02 -2.989036540552112431e+00 1.087031133794266399e-02 0.000000000000000000e+00 -2.377211600000000047e+01 2.023799999999999905e-02 3.038718804999999975e+03
2.452500000000000000e+04 8.010000000000000000e+03 -5.203200000000000000e+04 -1.093867221072950890e+01 9.974095318527524678e-02 6.775046482591367436e+00 1.330707002884181159e-02 -2.990173181632353128e+00 1.362183643787544252e-02 0.000000000000000000e+00 -2.376689999999999969e+01 1.637800000000000020e-02 3.567631057000000055e+03
2.452500000000000000e+04 8.010000000000000000e+03 -5.203200000000000000e+04 -1.085819397808593223e+01 9.666683347025292750e-02 6.890317258422947511e+00 1.919386620487661954e-02 -2.999613466784393001e+00 1.402738336054474601e-02 0.000000000000000000e+00 -2.376260399999999962e+01 2.222100000000000117e-02 3.726878165000000081e+03
2.652500000000000000e+04 -3.990000000000000000e+03 -5.203200000000000000e+04 -1.128880419312440253e+01 1.057238308926569670e-01 6.333285989671425753e+00 1.915216766519927533e-02 -6.312549817864452351e+00 1.559990343255247304e-02 0.000000000000000000e+00 -2.376991999999999905e+01 1.260999999999999968e-02 4.339470202999999856e+03
2.652500000000000000e+04 -3.990000000000000000e+03 -5.203200000000000000e+04 -1.127400984533437978e+01 9.313388513162645932e-02 6.401038379186801741e+00 1.789713295574022964e-02 -6.266853758532990426e+00 1.313334193012431414e-02 0.000000000000000000e+00 -2.376726299999999981e+01 1.601500000000000146e-02 4.452521668999999747e+03
2.652500000000000000e+04 -3.990000000000000000e+03 -5.203200000000000000e+04 -1.128994581750734305e+01 1.039099515071677388e-01 6.309260527286390641e+00 1.459824202771851064e-02 -6.301359825194499997e+00 1.711145126744657505e-02 0.000000000000000000e+00 -2.375801900000000089e+01 2.574999999999999858e-02 5.027702567999999701e+03
2.652500000000000000e+04 -3.990000000000000000e+03 -5.203200000000000000e+04 -1.125412649363255468e+01 7.334995936231392122e-02 6.409191447812805364e+00 1.731510293228514033e-02 -6.258509802511933451e+00 1.955907119449349502e-02 0.000000000000000000e+00 -2.375774099999999933e+01 1.656399999999999886e-02 5.140766034999999647e+03
2.652500000000000000e+04 1.000000000000000000e+01 -5.203200000000000000e+04 -1.087346976359762607e+01 8.034391859788952983e-02 6.123191548486363267e+00 1.449692304453448904e-02 -2.351932755979505352e+00 1.596526077383472395e-02 0.000000000000000000e+00 -2.376581200000000038e+01 1.462100000000000032e-02 5.736325098999999682e+03
2.652500000000000000e+04 1.000000000000000000e+01 -5.203200000000000000e+04 -1.085472451589734888e+01 6.517239022108468893e-02 6.212137599748361438e+00 1.652559308668880705e-02 -2.330609822256558328e+00 9.868129711543511401e-03 0.000000000000000000e+00 -2.375893800000000056e+01 1.680500000000000049e-02 5.849369564999999966e+03
2.652500000000000000e+04 1.000000000000000000e+01 -5.203200000000000000e+04 -1.087028883357720055e+01 9.682974060063728738e-02 6.186216392949810405e+00 1.427798094470470076e-02 -2.319189643305794579e+00 1.420443101134102187e-02 0.000000000000000000e+00 -2.372203800000000129e+01 1.580000000000000154e-02 6.424429455999999846e+03
2.652500000000000000e+04 1.000000000000000000e+01 -5.203200000000000000e+04 -1.080524695155120085e+01 7.935046255150345063e-02 6.254461041633285312e+00 1.384603851331679680e-02 -2.286732932218789482e+00 1.659618565665603104e-02 0.000000000000000000e+00 -2.374233800000000016e+01 1.921099999999999891e-02 6.537488922999999886e+03
2.652500000000000000e+04 4.010000000000000000e+03 -5.203200000000000000e+04 -1.007799531997043196e+01 6.999534568974032089e-02 6.920018063758753613e+00 1.542833481804460616e-02 7.485281710060157634e-01 1.256903972131779255e-02 0.000000000000000000e+00 -2.376885199999999898e+01 2.118499999999999897e-02 1.505857130000000097e+03
2.652500000000000000e+04 4.010000000000000000e+03 -5.203200000000000000e+04 -1.003910259176447894e+01 7.173950832615791362e-02 6.980841507491768461e+00 1.516729931428959649e-02 7.621084616934310496e-01 1.167642319513427680e-02 0.000000000000000000e+00 -2.379950900000000047e+01 2.302099999999999980e-02 1.618912595999999894e+03
2.652500000000000000e+04 4.010000000000000000e+03 -5.203200000000000000e+04 -1.005479257398695836e+01 1.057400585157355910e-01 6.923821355248323428e+00 1.097532232618035793e-02 7.514207621751731736e-01 1.386604831685167398e-02 0.000000000000000000e+00 -2.374417100000000147e+01 2.190299999999999886e-02 2.193968487999999979e+03
2.652500000000000000e+04 4.010000000000000000e+03 -5.203200000000000000e+04 -1.003787933941648447e+01 8.008976995825223266e-02 6.962189579866160827e+00 1.509421873214584174e-02 7.438940882059300597e-01 1.192200007970042538e-02 0.000000000000000000e+00 -2.379238099999999889e+01 1.267000000000000071e-02 2.307020954000000074e+03
2.652500000000000000e+04 8.010000000000000000e+03 -5.203200000000000000e+04 -1.088141733640905251e+01 9.487648967534201283e-02 6.819256526967314436e+00 1.340795828928228149e-02 -2.974009941887242547e+00 1.227192040381563237e-02 0.000000000000000000e+00 -2.377810600000000107e+01 1.398600000000000017e-02 2.902577017999999953e+03
2.652500000000000000e+04 8.010000000000000000e+03 -5.203200000000000000e+04 -1.083209862139462842e+01 7.027377339322021799e-02 6.892393273855914160e+00 1.421165560206285282e-02 -2.986707563588925307e+00 1.501932685331434578e-02 0.000000000000000000e+00 -2.375429899999999961e+01 2.125700000000000159e-02 3.015627484000000095e+03
2.652500000000000000e+04 8.010000000000000000e+03 -5.203200000000000000e+04 -1.086533607545816515e+01 8.445342601806844762e-02 6.804917776459456391e+00 1.516866302120306598e-02 -2.962545547393732548e+00 1.192402289329512650e-02 0.000000000000000000e+00 -2.375958400000000026e+01 1.606700000000000142e-02 3.590724377999999888e+03
2.652500000000000000e+04 8.010000000000000000e+03 -5.203200000000000000e+04 -1.086145508478475996e+01 9.338318758520348928e-02 6.873481468472172118e+00 1.811011894086979671e-02 -3.011077663801100979e+00 1.039940485673303966e-02 0.000000000000000000e+00 -2.376699899999999843e+01 1.923499999999999863e-02 3.703784843999999794e+03
2.852500000000000000e+04 -3.990000000000000000e+03 -5.203200000000000000e+04 -1.126914935407930152e+01 9.389830990582920256e-02 6.416792071478498727e+00 1.575645088352441159e-02 -6.513782509523455388e+00 1.305276646477428366e-02 0.000000000000000000e+00 -2.376474400000000031e+01 1.414900000000000012e-02 4.362560524000000441e+03
2.852500000000000000e+04 -3.990000000000000000e+03 -5.203200000000000000e+04 -1.126486204597650165e+01 9.466549937152718419e-02 6.444899448227621619e+00 1.788094735297341212e-02 -6.505211422864545234e+00 1.633316321168612473e-02 0.000000000000000000e+00 -2.376078599999999952e+01 1.644199999999999828e-02 4.429433348999999907e+03
2.852500000000000000e+04 -3.990000000000000000e+03 -5.203200000000000000e+04 -1.127365899609198330e+01 9.321552620532304323e-02 6.366980571956139201e+00 1.842269027212459220e-02 -6.521951367047701176e+00 1.518534554766878299e-02 0.000000000000000000e+00 -2.375966800000000134e+01 1.892299999999999885e-02 5.050794888999999785e+03
2.852500000000000000e+04 -3.990000000000000000e+03 -5.203200000000000000e+04 -1.126080707629325950e+01 8.363302994305429894e-02 6.457722901088366108e+00 1.694249827357781346e-02 -6.476365520042891788e+00 2.034197045013082933e-02 0.000000000000000000e+00 -2.374453300000000056e+01 1.459799999999999986e-02 5.117673713999999563e+03
2.852500000000000000e+04 1.000000000000000000e+01 -5.203200000000000000e+04 -1.088520425101133426e+01 8.072022629994252130e-02 6.051203601293106082e+00 1.819146445493864672e-02 -2.304337050185847779e+00 1.352761490695129389e-02 0.000000000000000000e+00 -2.376917500000000061e+01 9.721999999999999739e-03 5.759407419000000118e+03
2.852500000000000000e+04 1.000000000000000000e+01 -5.203200000000000000e+04 -1.085963846118415610e+01 1.136069396512247032e-01 6.108805150315972377e+00 1.633987693952266423e-02 -2.292263981202402157e+00 1.140418193840519318e-02 0.000000000000000000e+00 -2.374140399999999929e+01 1.545999999999999978e-02 5.826278244000000086e+03
2.852500000000000000e+04 1.000000000000000000e+01 -5.203200000000000000e+04 -1.084036108554759181e+01 7.423843599794634207e-02 6.126252102797125509e+00 1.619720406400091545e-02 -2.298214814059001743e+00 1.351832922693980282e-02 0.000000000000000000e+00 -2.376536000000000115e+01 1.568500000000000102e-02 6.447523777000000337e+03
2.852500000000000000e+04 1.000000000000000000e+01 -5.203200000000000000e+04 -1.079822610831267582e+01 7.509989279820633579e-02 6.162640477713649645e+00 1.499410178764038273e-02 -2.297485115252937860e+00 1.717426453388314414e-02 0.000000000000000000e+00 -2.375336000000000070e+01 1.597399999999999862e-02 6.514399602000000414e+03
2.852500000000000000e+04 4.010000000000000000e+03 -5.203200000000000000e+04 -9.936831931503862236e+00 1.019624001592344259e-01 6.937651186308800177e+00 1.510187668937982251e-02 1.026915104771231491e+00 1.055747489823760307e-02 0.000000000000000000e+00 -2.378473200000000176e+01 1.857200000000000170e-02 1.528948450999999977e+03
2.852500000000000000e+04 4.010000000000000000e+03 -5.203200000000000000e+04 -9.923678415742394066e+00 8.882382649660246210e-02 6.952823382828939636e+00 1.257181229261864971e-02 1.050464455969663424e+00 1.137540698966956268e-02 0.000000000000000000e+00 -2.378337600000000052e+01 1.992800000000000127e-02 1.595822276000000102e+03
2.852500000000000000e+04 4.010000000000000000e+03 -5.203200000000000000e+04 -9.925172520952427746e+00 9.045385941102876415e-02 6.928548353053677999e+00 1.778374945139939850e-02 1.012149799243659887e+00 1.613277812714521142e-02 0.000000000000000000e+00 -2.378535300000000063e+01 1.727599999999999969e-02 2.217056807999999819e+03
2.852500000000000000e+04 4.010000000000000000e+03 -5.203200000000000000e+04 -9.922742268314211245e+00 9.452046594117040346e-02 6.966644959552234617e+00 2.028337183514624872e-02 1.054700060634261138e+00 1.407362541285092465e-02 0.000000000000000000e+00 -2.381589500000000115e+01 1.294200000000000038e-02 2.283931633000000147e+03
2.852500000000000000e+04 8.010000000000000000e+03 -5.203200000000000000e+04 -1.085161180203631837e+01 8.254657191901108859e-02 6.806008586088443835e+00 1.901116077489090408e-02 -3.002971056143809214e+00 1.190423102979688667e-02 0.000000000000000000e+00 -2.378907299999999836e+01 1.460900000000000046e-02 2.925665339000000131e+03
2.852500000000000000e+04 8.010000000000000000e+03 -5.203200000000000000e+04 -1.083194881660777220e+01 1.050062459502663359e-01 6.853079126973725899e+00 1.288978748566515717e-02 -3.019117844518088845e+00 1.382983843024061105e-02 0.000000000000000000e+00 -2.377066500000000104e+01 2.343999999999999903e-02 2.992537162999999964e+03
2.852500000000000000e+04 8.010000000000000000e+03 -5.203200000000000000e+04 -1.082989600595882074e+01 6.841494695225291967e-02 6.793347008897153039e+00 1.987058355393413536e-02 -3.033043994040687252e+00 1.476349378523049254e-02 0.000000000000000000e+00 -2.375685700000000011e+01 1.672099999999999975e-02 3.613818698000000040e+03
2.852500000000000000e+04 8.010000000000000000e+03 -5.203200000000000000e+04 -1.081345681124143709e+01 9.635285015596342650e-02 6.840044224042602039e+00 1.219307316025455834e-02 -3.040487852428887194e+00 1.459165541435037024e-02 0.000000000000000000e+00 -2.377061000000000135e+01 1.822100000000000108e-02 3.680695524000000205e+03
3.052500000000000000e+04 -3.990000000000000000e+03 -5.203200000000000000e+04 -1.124964320799593054e+01 1.048591782649702098e-01 6.362139223395389287e+00 1.426777304289714339e-02 -6.829043311326186583e+00 1.496205059447315057e-02 0.000000000000000000e+00 -2.376743199999999945e+01 1.654500000000000068e-02 4.385651845000000321e+03
3.052500000000000000e+04 -3.990000000000000000e+03 -5.203200000000000000e+04 -1.125666970987304083e+01 7.174800042576601200e-02 6.342225603322969363e+00 2.223934049345690361e-02 -6.822961951035737549e+00 1.678238452426729713e-02 0.000000000000000000e+00 -2.377335199999999915e+01 2.031600000000000072e-02 4.406345027999999729e+03
3.052500000000000000e+04 -3.990000000000000000e+03 -5.203200000000000000e+04 -1.125467584849517877e+01 1.130236778853684759e-01 6.344193444635553902e+00 1.827374259651695296e-02 -6.833317290304654179e+00 1.686565779270729828e-02 0.000000000000000000e+00 -2.375536200000000164e+01 1.592400000000000065e-02 5.073884210000000166e+03
3.052500000000000000e+04 -3.990000000000000000e+03 -5.203200000000000000e+04 -1.124977079375873501e+01 9.009906323148618446e-02 6.337552840003620069e+00 1.135151836793393647e-02 -6.814747373176275325e+00 1.580661300061190003e-02 0.000000000000000000e+00 -2.375850099999999898e+01 1.494200000000000042e-02 5.094584394000000430e+03
3.052500000000000000e+04 1.000000000000000000e+01 -5.203200000000000000e+04 -1.085431515094234278e+01 7.909117540915912292e-02 5.985607503259633866e+00 1.325263124568685884e-02 -2.303122028909132979e+00 1.403289444353763432e-02 0.000000000000000000e+00 -2.375556999999999874e+01 1.746599999999999889e-02 5.782502739999999903e+03
3.052500000000000000e+04 1.000000000000000000e+01 -5.203200000000000000e+04 -1.082254267379232182e+01 5.547025842489551606e-02 5.985915818869286475e+00 1.467853099009652426e-02 -2.296469377014112467e+00 1.491530208370194822e-02 0.000000000000000000e+00 -2.376548000000000016e+01 1.667799999999999838e-02 5.803188922999999704e+03
3.052500000000000000e+04 1.000000000000000000e+01 -5.203200000000000000e+04 -1.081428976868424918e+01 7.958345700594622596e-02 6.065008801689236506e+00 2.051460068051887478e-02 -2.255801450586516488e+00 1.389927807123677271e-02 0.000000000000000000e+00 -2.374880999999999887e+01 1.663800000000000001e-02 6.470619098000000122e+03
3.052500000000000000e+04 1.000000000000000000e+01 -5.203200000000000000e+04 -1.077297833978228425e+01 8.661216411584153618e-02 6.060154681502034180e+00 1.511948232099542475e-02 -2.246384378839633822e+00 1.254602305575914720e-02 0.000000000000000000e+00 -2.375329500000000138e+01 1.807900000000000132e-02 6.491308280999999624e+03
3.052500000000000000e+04 4.010000000000000000e+03 -5.203200000000000000e+04 -9.799566541767784855e+00 9.257637097321855246e-02 6.937650745552417675e+00 1.229928450365093233e-02 1.308817210998296732e+00 1.608825820675646029e-02 0.000000000000000000e+00 -2.377651600000000087e+01 1.475300000000000049e-02 1.552041770999999926e+03
3.052500000000000000e+04 4.010000000000000000e+03 -5.203200000000000000e+04 -9.798024977967227045e+00 6.775465109445857892e-02 6.949869479360445190e+00 1.213442214011150634e-02 1.310478149039700169e+00 1.236892733399929528e-02 0.000000000000000000e+00 -2.378477200000000025e+01 2.053200000000000164e-02 1.572730954999999994e+03
3.052500000000000000e+04 4.010000000000000000e+03 -5.203200000000000000e+04 -9.794204847006371395e+00 9.538466848323304270e-02 6.959671753148043649e+00 1.722931518074342916e-02 1.279748427969783942e+00 1.419671623109837640e-02 0.000000000000000000e+00 -2.377718199999999982e+01 1.801499999999999976e-02 2.240147128999999950e+03
3.052500000000000000e+04 4.010000000000000000e+03 -5.203200000000000000e+04 -9.763871533297093563e+00 9.117925768500249883e-02 6.953604343371765140e+00 1.326001413079528832e-02 1.300292905695471735e+00 1.763808193265420030e-02 0.000000000000000000e+00 -2.371820299999999904e+01 1.786799999999999847e-02 2.260838313000000198e+03
3.052500000000000000e+04 8.010000000000000000e+03 -5.203200000000000000e+04 -1.077687059440368067e+01 7.141091794870696452e-02 6.874076914544916761e+00 1.503810369060398951e-02 -2.879232025551241581e+00 1.240090174598938721e-02 0.000000000000000000e+00 -2.379141299999999859e+01 1.469699999999999999e-02 2.948757658999999876e+03
3.052500000000000000e+04 8.010000000000000000e+03 -5.203200000000000000e+04 -1.076412944529172044e+01 8.484983048138433626e-02 6.874166559324579318e+00 1.551937711427129642e-02 -2.888791266322365381e+00 1.318975250963304660e-02 0.000000000000000000e+00 -2.377593999999999852e+01 2.183799999999999977e-02 2.969443842000000132e+03
3.052500000000000000e+04 8.010000000000000000e+03 -5.203200000000000000e+04 -1.080948315382480374e+01 6.107742279893271092e-02 6.870735977133294980e+00 1.413436866649472878e-02 -2.877126057789080704e+00 1.782085976152740503e-02 0.000000000000000000e+00 -2.377117700000000156e+01 1.582000000000000073e-02 3.636907019000000219e+03
3.052500000000000000e+04 8.010000000000000000e+03 -5.203200000000000000e+04 -1.077527177731681718e+01 7.577450450347855693e-02 6.868620651967645152e+00 1.470142364232865720e-02 -2.888543069564166732e+00 1.390753177746102166e-02 0.000000000000000000e+00 -2.375491999999999848e+01 1.561799999999999994e-02 3.657602202999999918e+03
