0.000000000000000000e+00 -3.950000000000000000e+03 -5.865400000000000000e+04 -1.371898099999999943e+01 8.068400000000000571e-02 6.975198999999999927e+00 1.199799999999999998e-02 -5.326809999999999601e-01 2.631500000000000158e-02 0.000000000000000000e+00 -2.737955300000000136e+01 3.715999999999999859e-02 2.133202013000000079e+03
0.000000000000000000e+00 -3.950000000000000000e+03 -5.865400000000000000e+04 -1.358801799999999993e+01 5.408999999999999919e-02 6.935819000000000401e+00 1.560800000000000035e-02 -6.053870000000000084e-01 2.985200000000000006e-02 0.000000000000000000e+00 -2.724436400000000091e+01 3.643400000000000111e-02 2.505176288000000113e+03
0.000000000000000000e+00 -3.950000000000000000e+03 -5.865400000000000000e+04 -1.360341400000000078e+01 6.167500000000000066e-02 6.975077999999999889e+00 1.610200000000000173e-02 -6.106129999999999614e-01 5.208999999999999742e-02 0.000000000000000000e+00 -2.724051000000000045e+01 5.293199999999999988e-02 2.525868472000000111e+03
0.000000000000000000e+00 5.000000000000000000e+01 -5.865400000000000000e+04 -1.385831899999999983e+01 8.294700000000000684e-02 6.601967000000000141e+00 1.413900000000000053e-02 -9.133670000000000400e-01 1.073400000000000049e-02 0.000000000000000000e+00 -2.722340300000000113e+01 5.141199999999999937e-02 2.757092697000000044e+03
0.000000000000000000e+00 5.000000000000000000e+01 -5.865400000000000000e+04 -1.386227899999999913e+01 4.734599999999999920e-02 6.861290999999999585e+00 1.163100000000000071e-02 -9.264440000000000452e-01 1.105500000000000059e-02 0.000000000000000000e+00 -2.736420899999999889e+01 5.791199999999999820e-02 3.129050972000000002e+03
0.000000000000000000e+00 5.000000000000000000e+01 -5.865400000000000000e+04 -1.386398999999999937e+01 9.656099999999999406e-02 6.858061000000000185e+00 1.339599999999999992e-02 -9.049289999999999834e-01 1.435600000000000070e-02 0.000000000000000000e+00 -2.734846900000000147e+01 6.252599999999999825e-02 3.149742154999999912e+03
0.000000000000000000e+00 4.050000000000000000e+03 -5.865400000000000000e+04 -1.442470199999999991e+01 7.143199999999999550e-02 6.437472999999999779e+00 1.345900000000000048e-02 -3.655300000000000216e-01 2.611700000000000133e-02 0.000000000000000000e+00 -2.736325599999999980e+01 7.701099999999999612e-02 8.536128240000000460e+02
0.000000000000000000e+00 4.050000000000000000e+03 -5.865400000000000000e+04 -1.445557699999999990e+01 7.660899999999999654e-02 6.359058000000000099e+00 1.361300000000000010e-02 -3.411429999999999740e-01 2.906600000000000156e-02 0.000000000000000000e+00 -2.739385800000000160e+01 5.240899999999999725e-02 1.225711107000000084e+03
0.000000000000000000e+00 4.050000000000000000e+03 -5.865400000000000000e+04 -1.441364800000000024e+01 6.605600000000000360e-02 6.354872000000000298e+00 1.024599999999999990e-02 -3.439630000000000187e-01 4.448900000000000077e-02 0.000000000000000000e+00 -2.733094499999999982e+01 6.589799999999999824e-02 1.246405291000000034e+03
0.000000000000000000e+00 8.050000000000000000e+03 -5.865400000000000000e+04 -1.449433400000000027e+01 7.608199999999999685e-02 5.647460999999999842e+00 1.251999999999999988e-02 -1.128269999999999967e-01 1.419400000000000002e-02 0.000000000000000000e+00 -2.729556499999999986e+01 7.258199999999999374e-02 1.477429503999999952e+03
0.000000000000000000e+00 8.050000000000000000e+03 -5.865400000000000000e+04 -1.455989199999999961e+01 7.823599999999999999e-02 5.640747000000000178e+00 1.265499999999999958e-02 -9.906099999999999628e-02 1.515500000000000007e-02 0.000000000000000000e+00 -2.739522399999999891e+01 4.305099999999999899e-02 1.849384778999999980e+03
0.000000000000000000e+00 8.050000000000000000e+03 -5.865400000000000000e+04 -1.446912299999999973e+01 7.974199999999999344e-02 5.637826999999999700e+00 1.278100000000000069e-02 -8.988899999999999668e-02 1.090499999999999976e-02 0.000000000000000000e+00 -2.723953099999999949e+01 5.548999999999999766e-02 1.870075963000000002e+03
4.000000000000000000e+03 -3.950000000000000000e+03 -5.865400000000000000e+04 -1.390308100000000024e+01 6.584900000000000475e-02 6.939518999999999771e+00 1.496100000000000034e-02 -1.262642999999999960e+00 2.395500000000000060e-02 0.000000000000000000e+00 -2.737404899999999941e+01 5.545300000000000229e-02 2.158293447000000015e+03
4.000000000000000000e+03 -3.950000000000000000e+03 -5.865400000000000000e+04 -1.380642199999999953e+01 6.905000000000000027e-02 6.933705999999999925e+00 1.394600000000000006e-02 -1.275719999999999965e+00 6.006000000000000227e-02 0.000000000000000000e+00 -2.725622600000000162e+01 7.258199999999999374e-02 2.480084852999999839e+03
4.000000000000000000e+03 -3.950000000000000000e+03 -5.865400000000000000e+04 -1.387049900000000058e+01 7.350900000000000489e-02 6.913306000000000395e+00 1.280099999999999988e-02 -1.306521999999999961e+00 4.374999999999999722e-02 0.000000000000000000e+00 -2.730848399999999998e+01 7.020400000000000251e-02 2.551057912000000215e+03
4.000000000000000000e+03 5.000000000000000000e+01 -5.865400000000000000e+04 -1.397045999999999921e+01 9.074999999999999734e-02 6.591264999999999930e+00 1.332200000000000051e-02 -7.168780000000000152e-01 1.229200000000000084e-02 0.000000000000000000e+00 -2.737564800000000176e+01 4.552300000000000096e-02 2.782184131999999863e+03
4.000000000000000000e+03 5.000000000000000000e+01 -5.865400000000000000e+04 -1.373581199999999924e+01 7.742000000000000270e-02 6.748141000000000389e+00 1.350200000000000011e-02 -7.581459999999999866e-01 1.378300000000000011e-02 0.000000000000000000e+00 -2.724711599999999834e+01 5.315399999999999986e-02 3.103961535999999796e+03
4.000000000000000000e+03 5.000000000000000000e+01 -5.865400000000000000e+04 -1.374897999999999954e+01 8.665499999999999592e-02 6.745419000000000054e+00 1.305300000000000037e-02 -7.306369999999999809e-01 1.269600000000000069e-02 0.000000000000000000e+00 -2.725314600000000098e+01 5.568900000000000239e-02 3.174836589999999887e+03
4.000000000000000000e+03 4.050000000000000000e+03 -5.865400000000000000e+04 -1.416251600000000010e+01 7.858999999999999320e-02 6.446050999999999753e+00 1.241699999999999922e-02 2.858950000000000102e-01 4.358700000000000074e-02 0.000000000000000000e+00 -2.729839099999999874e+01 8.954600000000000060e-02 8.787122600000000148e+02
4.000000000000000000e+03 4.050000000000000000e+03 -5.865400000000000000e+04 -1.419269199999999920e+01 9.211400000000000143e-02 6.441987000000000130e+00 1.150299999999999934e-02 2.664520000000000222e-01 3.770400000000000140e-02 0.000000000000000000e+00 -2.733400500000000122e+01 4.612800000000000233e-02 1.200616672000000108e+03
4.000000000000000000e+03 4.050000000000000000e+03 -5.865400000000000000e+04 -1.422360899999999972e+01 8.797499999999999765e-02 6.446079000000000114e+00 1.202399999999999997e-02 3.014850000000000030e-01 2.541699999999999862e-02 0.000000000000000000e+00 -2.741120300000000043e+01 5.565099999999999908e-02 1.271497724999999946e+03
4.000000000000000000e+03 8.050000000000000000e+03 -5.865400000000000000e+04 -1.446204400000000057e+01 6.406299999999999495e-02 5.846884000000000192e+00 1.389300000000000083e-02 -2.902230000000000087e-01 1.057800000000000060e-02 0.000000000000000000e+00 -2.729676200000000108e+01 5.329600000000000309e-02 1.502517939000000069e+03
4.000000000000000000e+03 8.050000000000000000e+03 -5.865400000000000000e+04 -1.453166300000000000e+01 7.701600000000000112e-02 5.845367999999999675e+00 1.554799999999999932e-02 -2.910610000000000142e-01 1.353999999999999995e-02 0.000000000000000000e+00 -2.730362099999999970e+01 8.446299999999999641e-02 1.824292343999999957e+03
4.000000000000000000e+03 8.050000000000000000e+03 -5.865400000000000000e+04 -1.443181500000000028e+01 8.512200000000000322e-02 5.828452999999999662e+00 9.823000000000000134e-03 -2.858629999999999782e-01 1.231499999999999956e-02 0.000000000000000000e+00 -2.726526600000000045e+01 3.517499999999999793e-02 1.895165398000000096e+03
8.000000000000000000e+03 -3.950000000000000000e+03 -5.865400000000000000e+04 -1.408311699999999966e+01 7.233000000000000540e-02 6.944956999999999603e+00 1.263000000000000060e-02 -1.847158000000000078e+00 2.962599999999999956e-02 0.000000000000000000e+00 -2.740678199999999975e+01 4.100000000000000172e-02 2.183379882000000180e+03
8.000000000000000000e+03 -3.950000000000000000e+03 -5.865400000000000000e+04 -1.402026099999999964e+01 6.740200000000000358e-02 6.911230999999999902e+00 1.369399999999999958e-02 -1.840732000000000035e+00 5.777000000000000191e-02 0.000000000000000000e+00 -2.728907299999999836e+01 7.049800000000000511e-02 2.454987416999999823e+03
8.000000000000000000e+03 -3.950000000000000000e+03 -5.865400000000000000e+04 -1.408141999999999960e+01 8.441200000000000092e-02 6.930412999999999712e+00 1.737299999999999955e-02 -1.873491999999999935e+00 3.102600000000000149e-02 0.000000000000000000e+00 -2.737762000000000029e+01 5.783200000000000146e-02 2.576151347999999871e+03
8.000000000000000000e+03 5.000000000000000000e+01 -5.865400000000000000e+04 -1.389470500000000008e+01 7.492300000000000348e-02 6.473258000000000401e+00 1.209600000000000085e-02 -7.170980000000000132e-01 9.221000000000000030e-03 0.000000000000000000e+00 -2.733622000000000085e+01 5.512100000000000333e-02 2.807274566999999934e+03
8.000000000000000000e+03 5.000000000000000000e+01 -5.865400000000000000e+04 -1.374627800000000022e+01 5.340999999999999914e-02 6.590138999999999747e+00 1.430299999999999974e-02 -6.887919999999999598e-01 1.056999999999999953e-02 0.000000000000000000e+00 -2.725040900000000121e+01 4.818499999999999867e-02 3.078869102000000112e+03
8.000000000000000000e+03 5.000000000000000000e+01 -5.865400000000000000e+04 -1.382538199999999939e+01 8.753800000000000470e-02 6.578776000000000401e+00 1.627599999999999880e-02 -7.039889999999999759e-01 1.142600000000000039e-02 0.000000000000000000e+00 -2.734767899999999941e+01 7.167500000000000260e-02 3.199928026000000045e+03
8.000000000000000000e+03 4.050000000000000000e+03 -5.865400000000000000e+04 -1.392763500000000043e+01 7.614700000000000635e-02 6.482092999999999883e+00 1.107700000000000004e-02 8.606639999999999846e-01 2.677300000000000166e-02 0.000000000000000000e+00 -2.736861999999999995e+01 4.186900000000000344e-02 9.038106950000000097e+02
8.000000000000000000e+03 4.050000000000000000e+03 -5.865400000000000000e+04 -1.392211400000000054e+01 6.447700000000000653e-02 6.501814000000000426e+00 9.598999999999999894e-03 8.331190000000000540e-01 3.777099999999999902e-02 0.000000000000000000e+00 -2.735626200000000097e+01 5.731300000000000283e-02 1.175527235999999903e+03
8.000000000000000000e+03 4.050000000000000000e+03 -5.865400000000000000e+04 -1.395679600000000065e+01 8.301300000000000345e-02 6.471523000000000359e+00 1.421799999999999974e-02 8.558449999999999669e-01 2.506900000000000100e-02 0.000000000000000000e+00 -2.738689400000000163e+01 5.536699999999999955e-02 1.296589161000000104e+03
8.000000000000000000e+03 8.050000000000000000e+03 -5.865400000000000000e+04 -1.439014399999999938e+01 7.776199999999999779e-02 6.005387999999999948e+00 1.776399999999999854e-02 -2.928239999999999732e-01 1.301300000000000026e-02 0.000000000000000000e+00 -2.727308400000000077e+01 4.766700000000000104e-02 1.527609375000000000e+03
8.000000000000000000e+03 8.050000000000000000e+03 -5.865400000000000000e+04 -1.450267499999999998e+01 6.009599999999999664e-02 6.007354999999999556e+00 1.623099999999999890e-02 -2.749079999999999857e-01 1.278600000000000049e-02 0.000000000000000000e+00 -2.738865699999999848e+01 4.543900000000000022e-02 1.799199908999999934e+03
8.000000000000000000e+03 8.050000000000000000e+03 -5.865400000000000000e+04 -1.436046200000000006e+01 7.624999999999999833e-02 6.011614999999999931e+00 1.490400000000000058e-02 -2.718059999999999921e-01 1.087699999999999952e-02 0.000000000000000000e+00 -2.727119100000000174e+01 5.078200000000000075e-02 1.920259833000000071e+03
1.200000000000000000e+04 -3.950000000000000000e+03 -5.865400000000000000e+04 -1.424881000000000064e+01 8.619999999999999885e-02 6.903919000000000139e+00 1.536299999999999992e-02 -2.414544999999999941e+00 2.685200000000000087e-02 0.000000000000000000e+00 -2.738013400000000175e+01 5.813600000000000018e-02 2.208465317000000141e+03
1.200000000000000000e+04 -3.950000000000000000e+03 -5.865400000000000000e+04 -1.423843199999999953e+01 7.165900000000000047e-02 6.943079000000000001e+00 1.180400000000000026e-02 -2.437301999999999857e+00 2.490300000000000152e-02 0.000000000000000000e+00 -2.735336099999999959e+01 3.592800000000000160e-02 2.429893982000000051e+03
1.200000000000000000e+04 -3.950000000000000000e+03 -5.865400000000000000e+04 -1.410336999999999996e+01 8.249700000000000089e-02 6.911856000000000222e+00 1.100100000000000036e-02 -2.462095999999999840e+00 2.796099999999999974e-02 0.000000000000000000e+00 -2.722780399999999901e+01 6.226199999999999790e-02 2.601238781999999901e+03
1.200000000000000000e+04 5.000000000000000000e+01 -5.865400000000000000e+04 -1.390343599999999924e+01 7.494099999999999373e-02 6.347027999999999892e+00 1.550400000000000042e-02 -6.903629999999999489e-01 1.377899999999999958e-02 0.000000000000000000e+00 -2.736413500000000099e+01 5.021199999999999969e-02 2.832362001999999848e+03
1.200000000000000000e+04 5.000000000000000000e+01 -5.865400000000000000e+04 -1.382789200000000029e+01 7.972899999999999432e-02 6.470487000000000322e+00 1.327200000000000081e-02 -6.711920000000000108e-01 1.044699999999999969e-02 0.000000000000000000e+00 -2.736879400000000118e+01 4.292900000000000188e-02 3.053777665999999954e+03
1.200000000000000000e+04 5.000000000000000000e+01 -5.865400000000000000e+04 -1.382839300000000016e+01 1.065220000000000056e-01 6.456169000000000047e+00 1.418499999999999969e-02 -6.864900000000000446e-01 1.336799999999999967e-02 0.000000000000000000e+00 -2.737072600000000122e+01 5.342800000000000327e-02 3.225018461000000116e+03
1.200000000000000000e+04 4.050000000000000000e+03 -5.865400000000000000e+04 -1.362259300000000017e+01 6.938400000000000123e-02 6.512283000000000044e+00 1.650700000000000084e-02 1.395872000000000002e+00 2.865600000000000092e-02 0.000000000000000000e+00 -2.737037799999999876e+01 5.729800000000000171e-02 9.289181310000000167e+02
1.200000000000000000e+04 4.050000000000000000e+03 -5.865400000000000000e+04 -1.360529499999999992e+01 9.030199999999999338e-02 6.549687999999999732e+00 1.358000000000000006e-02 1.377027000000000001e+00 3.975000000000000061e-02 0.000000000000000000e+00 -2.735423499999999919e+01 7.445599999999999441e-02 1.150429800999999998e+03
1.200000000000000000e+04 4.050000000000000000e+03 -5.865400000000000000e+04 -1.364363499999999974e+01 7.119699999999999640e-02 6.503115000000000201e+00 1.591899999999999912e-02 1.418879000000000001e+00 2.245700000000000127e-02 0.000000000000000000e+00 -2.739017199999999974e+01 5.579599999999999838e-02 1.321679595999999947e+03
1.200000000000000000e+04 8.050000000000000000e+03 -5.865400000000000000e+04 -1.448089599999999955e+01 8.596700000000000175e-02 6.171497999999999706e+00 1.079199999999999951e-02 -2.550189999999999957e-01 1.242300000000000001e-02 0.000000000000000000e+00 -2.739634099999999961e+01 4.675499999999999795e-02 1.552699810000000070e+03
1.200000000000000000e+04 8.050000000000000000e+03 -5.865400000000000000e+04 -1.438547800000000088e+01 7.999900000000000067e-02 6.258707000000000242e+00 1.204000000000000035e-02 -2.352150000000000074e-01 1.383000000000000028e-02 0.000000000000000000e+00 -2.737343299999999857e+01 6.311600000000000543e-02 1.774110474000000067e+03
1.200000000000000000e+04 8.050000000000000000e+03 -5.865400000000000000e+04 -1.429445899999999980e+01 8.788500000000000478e-02 6.159551000000000442e+00 1.238599999999999944e-02 -2.378780000000000061e-01 1.055200000000000062e-02 0.000000000000000000e+00 -2.725997600000000176e+01 5.449199999999999877e-02 1.945352268000000095e+03
1.600000000000000000e+04 -3.950000000000000000e+03 -5.865400000000000000e+04 -1.438873599999999975e+01 6.073200000000000126e-02 6.877835000000000143e+00 1.315599999999999929e-02 -3.015884999999999927e+00 2.396200000000000066e-02 0.000000000000000000e+00 -2.738436599999999999e+01 4.874400000000000260e-02 2.233555752000000211e+03
1.600000000000000000e+04 -3.950000000000000000e+03 -5.865400000000000000e+04 -1.435764499999999977e+01 8.639600000000000057e-02 6.984708999999999612e+00 1.968800000000000064e-02 -2.992833000000000077e+00 2.541600000000000109e-02 0.000000000000000000e+00 -2.735925699999999949e+01 5.809600000000000181e-02 2.404802546999999777e+03
1.600000000000000000e+04 -3.950000000000000000e+03 -5.865400000000000000e+04 -1.424597299999999933e+01 7.971399999999999320e-02 6.895105000000000040e+00 1.661999999999999936e-02 -3.037247999999999948e+00 2.233600000000000169e-02 0.000000000000000000e+00 -2.721942500000000109e+01 5.392099999999999671e-02 2.626327217999999903e+03
1.600000000000000000e+04 5.000000000000000000e+01 -5.865400000000000000e+04 -1.372936600000000062e+01 7.931499999999999662e-02 6.191150000000000375e+00 1.419400000000000002e-02 -7.005649999999999933e-01 9.509000000000000091e-03 0.000000000000000000e+00 -2.725082599999999999e+01 5.052600000000000147e-02 2.857451437000000169e+03
1.600000000000000000e+04 5.000000000000000000e+01 -5.865400000000000000e+04 -1.365747700000000009e+01 7.207900000000000418e-02 6.310259000000000285e+00 1.320099999999999919e-02 -6.625830000000000330e-01 9.591999999999999832e-03 0.000000000000000000e+00 -2.724844699999999875e+01 4.708099999999999785e-02 3.028688231000000087e+03
1.600000000000000000e+04 5.000000000000000000e+01 -5.865400000000000000e+04 -1.382094200000000050e+01 7.146099999999999675e-02 6.261857000000000006e+00 1.372400000000000009e-02 -6.555560000000000276e-01 1.201499999999999964e-02 0.000000000000000000e+00 -2.736668299999999832e+01 6.454400000000000415e-02 3.250105896000000030e+03
1.600000000000000000e+04 4.050000000000000000e+03 -5.865400000000000000e+04 -1.319301399999999980e+01 6.598999999999999311e-02 6.558805000000000440e+00 1.144399999999999931e-02 1.954107999999999956e+00 4.421699999999999936e-02 0.000000000000000000e+00 -2.725224199999999897e+01 5.910800000000000082e-02 9.540265670000000000e+02
1.600000000000000000e+04 4.050000000000000000e+03 -5.865400000000000000e+04 -1.324934700000000021e+01 7.197800000000000031e-02 6.610215000000000174e+00 1.307900000000000035e-02 1.947043000000000079e+00 4.005100000000000326e-02 0.000000000000000000e+00 -2.731484700000000032e+01 6.412800000000000444e-02 1.125326364999999896e+03
1.600000000000000000e+04 4.050000000000000000e+03 -5.865400000000000000e+04 -1.333402399999999943e+01 7.726399999999999935e-02 6.562897000000000425e+00 1.393299999999999920e-02 1.983338999999999963e+00 2.888800000000000048e-02 0.000000000000000000e+00 -2.738219000000000136e+01 3.846600000000000019e-02 1.346772030999999970e+03
1.600000000000000000e+04 8.050000000000000000e+03 -5.865400000000000000e+04 -1.438444600000000051e+01 8.193499999999999395e-02 6.325703999999999994e+00 1.450899999999999933e-02 -2.379860000000000031e-01 1.508699999999999972e-02 0.000000000000000000e+00 -2.739624200000000087e+01 5.458500000000000157e-02 1.577793245000000070e+03
1.600000000000000000e+04 8.050000000000000000e+03 -5.865400000000000000e+04 -1.427712600000000087e+01 8.522100000000000508e-02 6.439847999999999573e+00 1.156899999999999942e-02 -2.230489999999999973e-01 1.489099999999999972e-02 0.000000000000000000e+00 -2.730404300000000006e+01 6.927999999999999436e-02 1.749020038999999997e+03
1.600000000000000000e+04 8.050000000000000000e+03 -5.865400000000000000e+04 -1.438489399999999918e+01 7.519099999999999395e-02 6.319444999999999979e+00 1.278499999999999949e-02 -2.574150000000000049e-01 7.751000000000000077e-03 0.000000000000000000e+00 -2.740568400000000082e+01 6.862500000000000544e-02 1.970444702999999890e+03
2.000000000000000000e+04 -3.950000000000000000e+03 -5.865400000000000000e+04 -1.440053299999999936e+01 7.611199999999999910e-02 6.800552999999999848e+00 1.156100000000000010e-02 -3.602945000000000064e+00 2.964299999999999921e-02 0.000000000000000000e+00 -2.725594200000000100e+01 6.285799999999999721e-02 2.258648188000000118e+03
2.000000000000000000e+04 -3.950000000000000000e+03 -5.865400000000000000e+04 -1.451134700000000066e+01 7.789300000000000390e-02 6.891694000000000209e+00 1.455299999999999996e-02 -3.574494000000000060e+00 2.801800000000000124e-02 0.000000000000000000e+00 -2.740186900000000136e+01 5.412200000000000344e-02 2.379714112000000114e+03
2.000000000000000000e+04 -3.950000000000000000e+03 -5.865400000000000000e+04 -1.453560500000000033e+01 7.783400000000000041e-02 6.826135999999999981e+00 1.620200000000000112e-02 -3.632105999999999835e+00 2.431799999999999934e-02 0.000000000000000000e+00 -2.734643700000000166e+01 4.226499999999999702e-02 2.651418653000000177e+03
2.000000000000000000e+04 5.000000000000000000e+01 -5.865400000000000000e+04 -1.370961400000000019e+01 1.000520000000000020e-01 5.945128999999999664e+00 1.245699999999999932e-02 -6.583480000000000443e-01 1.119000000000000029e-02 0.000000000000000000e+00 -2.724057900000000032e+01 5.158800000000000191e-02 2.882539871999999832e+03
2.000000000000000000e+04 5.000000000000000000e+01 -5.865400000000000000e+04 -1.379404800000000009e+01 7.721200000000000285e-02 6.050988000000000255e+00 1.430099999999999948e-02 -6.776550000000000074e-01 1.056799999999999927e-02 0.000000000000000000e+00 -2.731200600000000023e+01 4.619199999999999695e-02 3.003595796000000064e+03
2.000000000000000000e+04 5.000000000000000000e+01 -5.865400000000000000e+04 -1.383298600000000000e+01 7.172599999999999809e-02 6.014427999999999663e+00 1.345700000000000021e-02 -6.429799999999999960e-01 1.359899999999999998e-02 0.000000000000000000e+00 -2.733639900000000011e+01 4.549799999999999678e-02 3.275196331000000100e+03
2.000000000000000000e+04 4.050000000000000000e+03 -5.865400000000000000e+04 -1.300713299999999961e+01 4.688099999999999906e-02 6.524122000000000199e+00 1.044400000000000016e-02 2.509132000000000140e+00 2.705499999999999919e-02 0.000000000000000000e+00 -2.738681899999999914e+01 5.380100000000000160e-02 9.791280030000000352e+02
2.000000000000000000e+04 4.050000000000000000e+03 -5.865400000000000000e+04 -1.286485000000000056e+01 7.115699999999999803e-02 6.600012999999999685e+00 1.314099999999999990e-02 2.485802000000000067e+00 5.280599999999999877e-02 0.000000000000000000e+00 -2.724791600000000003e+01 5.346100000000000158e-02 1.100223928999999998e+03
2.000000000000000000e+04 4.050000000000000000e+03 -5.865400000000000000e+04 -1.301374599999999937e+01 8.452600000000000391e-02 6.548043999999999976e+00 1.571399999999999880e-02 2.520801000000000069e+00 2.847200000000000078e-02 0.000000000000000000e+00 -2.741601100000000102e+01 6.060800000000000215e-02 1.371861466000000064e+03
2.000000000000000000e+04 8.050000000000000000e+03 -5.865400000000000000e+04 -1.434027500000000011e+01 7.329900000000000304e-02 6.432773000000000074e+00 1.404099999999999966e-02 -2.084809999999999997e-01 1.247000000000000018e-02 0.000000000000000000e+00 -2.740073699999999945e+01 3.557500000000000245e-02 1.602883679999999913e+03
2.000000000000000000e+04 8.050000000000000000e+03 -5.865400000000000000e+04 -1.429496699999999976e+01 8.344999999999999640e-02 6.542354999999999698e+00 1.471300000000000038e-02 -2.022150000000000059e-01 1.478800000000000080e-02 0.000000000000000000e+00 -2.738607899999999873e+01 4.632100000000000106e-02 1.723923602999999957e+03
2.000000000000000000e+04 8.050000000000000000e+03 -5.865400000000000000e+04 -1.429502199999999945e+01 8.348700000000000565e-02 6.399709999999999788e+00 1.120499999999999968e-02 -1.915479999999999960e-01 1.057699999999999960e-02 0.000000000000000000e+00 -2.735480199999999940e+01 6.726300000000000334e-02 1.995538137999999890e+03
2.400000000000000000e+04 -3.950000000000000000e+03 -5.865400000000000000e+04 -1.464829600000000021e+01 4.636699999999999849e-02 6.744810000000000194e+00 1.491100000000000064e-02 -4.160252999999999979e+00 3.039199999999999888e-02 0.000000000000000000e+00 -2.736375200000000163e+01 4.982899999999999829e-02 2.283740623000000141e+03
2.400000000000000000e+04 -3.950000000000000000e+03 -5.865400000000000000e+04 -1.465802099999999975e+01 5.920500000000000068e-02 6.762296000000000085e+00 1.461900000000000005e-02 -4.145566999999999780e+00 3.106300000000000033e-02 0.000000000000000000e+00 -2.738691899999999890e+01 4.620799999999999907e-02 2.354622676999999840e+03
2.400000000000000000e+04 -3.950000000000000000e+03 -5.865400000000000000e+04 -1.461606199999999944e+01 8.395700000000000385e-02 6.738500000000000156e+00 1.517699999999999952e-02 -4.192210000000000214e+00 4.190200000000000174e-02 0.000000000000000000e+00 -2.734086399999999983e+01 6.924900000000000500e-02 2.676515088000000105e+03
2.400000000000000000e+04 5.000000000000000000e+01 -5.865400000000000000e+04 -1.370134900000000044e+01 7.384300000000000586e-02 5.690459999999999852e+00 1.244900000000000000e-02 -6.500099999999999767e-01 1.375499999999999987e-02 0.000000000000000000e+00 -2.724393699999999896e+01 5.078699999999999881e-02 2.907626306999999997e+03
2.400000000000000000e+04 5.000000000000000000e+01 -5.865400000000000000e+04 -1.366606200000000015e+01 7.012699999999999489e-02 5.758574000000000304e+00 1.232899999999999968e-02 -6.425170000000000048e-01 1.299699999999999987e-02 0.000000000000000000e+00 -2.724615700000000018e+01 5.178200000000000164e-02 2.978502360999999837e+03
2.400000000000000000e+04 5.000000000000000000e+01 -5.865400000000000000e+04 -1.366996600000000051e+01 7.280699999999999672e-02 5.759146999999999572e+00 1.362599999999999922e-02 -6.081619999999999804e-01 1.066699999999999940e-02 0.000000000000000000e+00 -2.726231500000000096e+01 3.598599999999999716e-02 3.300279766000000109e+03
2.400000000000000000e+04 4.050000000000000000e+03 -5.865400000000000000e+04 -1.255884799999999935e+01 6.794400000000000439e-02 6.509956999999999994e+00 1.583000000000000032e-02 3.036694999999999922e+00 5.702600000000000030e-02 0.000000000000000000e+00 -2.724493999999999971e+01 6.218499999999999722e-02 1.004226439000000028e+03
2.400000000000000000e+04 4.050000000000000000e+03 -5.865400000000000000e+04 -1.265118900000000046e+01 6.619500000000000384e-02 6.547323999999999700e+00 1.105899999999999939e-02 3.035318000000000183e+00 2.993200000000000027e-02 0.000000000000000000e+00 -2.737807199999999952e+01 6.126199999999999701e-02 1.075119492999999920e+03
2.400000000000000000e+04 4.050000000000000000e+03 -5.865400000000000000e+04 -1.254836199999999913e+01 8.608599999999999586e-02 6.522199999999999775e+00 9.521999999999999215e-03 3.054457999999999895e+00 2.430699999999999875e-02 0.000000000000000000e+00 -2.727851799999999827e+01 5.313999999999999974e-02 1.396951900999999907e+03
2.400000000000000000e+04 8.050000000000000000e+03 -5.865400000000000000e+04 -1.424593800000000066e+01 7.557300000000000129e-02 6.515547999999999895e+00 1.081599999999999923e-02 -1.552000000000000046e-01 1.608100000000000154e-02 0.000000000000000000e+00 -2.740355299999999872e+01 4.388500000000000040e-02 1.627975114999999960e+03
2.400000000000000000e+04 8.050000000000000000e+03 -5.865400000000000000e+04 -1.405912599999999912e+01 6.895099999999999840e-02 6.587907000000000401e+00 1.444400000000000024e-02 -1.897429999999999950e-01 1.104199999999999973e-02 0.000000000000000000e+00 -2.727278599999999997e+01 5.325499999999999678e-02 1.698840167999999949e+03
2.400000000000000000e+04 8.050000000000000000e+03 -5.865400000000000000e+04 -1.415609800000000007e+01 1.060539999999999955e-01 6.484732000000000163e+00 1.220800000000000010e-02 -1.401100000000000123e-01 1.180699999999999979e-02 0.000000000000000000e+00 -2.729304600000000036e+01 7.147799999999999987e-02 2.020628572999999960e+03
2.800000000000000000e+04 -3.950000000000000000e+03 -5.865400000000000000e+04 -1.469077799999999989e+01 5.808900000000000174e-02 6.612961000000000311e+00 1.309899999999999953e-02 -4.664012999999999742e+00 5.119599999999999845e-02 0.000000000000000000e+00 -2.727648599999999846e+01 6.797999999999999876e-02 2.308837058000000070e+03
2.800000000000000000e+04 -3.950000000000000000e+03 -5.865400000000000000e+04 -1.480231099999999955e+01 7.067800000000000471e-02 6.576221000000000316e+00 1.383200000000000054e-02 -4.694777000000000200e+00 2.655400000000000121e-02 0.000000000000000000e+00 -2.736978200000000072e+01 3.602600000000000247e-02 2.329533241999999973e+03
2.800000000000000000e+04 -3.950000000000000000e+03 -5.865400000000000000e+04 -1.476287899999999986e+01 5.865800000000000181e-02 6.585569999999999702e+00 1.744199999999999917e-02 -4.710658999999999708e+00 3.614499999999999658e-02 0.000000000000000000e+00 -2.733840999999999966e+01 6.475899999999999712e-02 2.701599522999999863e+03
2.800000000000000000e+04 5.000000000000000000e+01 -5.865400000000000000e+04 -1.369485399999999942e+01 7.968600000000000683e-02 5.388035999999999603e+00 1.396799999999999951e-02 -6.298610000000000042e-01 9.270999999999999727e-03 0.000000000000000000e+00 -2.722773499999999913e+01 5.173599999999999727e-02 2.932717741999999816e+03
2.800000000000000000e+04 5.000000000000000000e+01 -5.865400000000000000e+04 -1.369856000000000051e+01 6.927400000000000224e-02 5.387058999999999820e+00 1.828099999999999864e-02 -6.155359999999999721e-01 1.544700000000000066e-02 0.000000000000000000e+00 -2.724010200000000026e+01 4.952000000000000152e-02 2.953410925000000134e+03
2.800000000000000000e+04 5.000000000000000000e+01 -5.865400000000000000e+04 -1.376646900000000073e+01 8.553099999999999592e-02 5.463465000000000238e+00 1.392999999999999967e-02 -6.291379999999999750e-01 1.144700000000000058e-02 0.000000000000000000e+00 -2.731104200000000048e+01 6.454600000000000615e-02 3.325371200999999928e+03
2.800000000000000000e+04 4.050000000000000000e+03 -5.865400000000000000e+04 -1.232629999999999981e+01 6.811100000000000487e-02 6.466826000000000185e+00 1.826200000000000045e-02 3.564802999999999944e+00 2.773400000000000171e-02 0.000000000000000000e+00 -2.736920599999999837e+01 4.654599999999999710e-02 1.029329874999999902e+03
2.800000000000000000e+04 4.050000000000000000e+03 -5.865400000000000000e+04 -1.232363999999999926e+01 6.674399999999999777e-02 6.484220999999999790e+00 1.243099999999999934e-02 3.544782999999999795e+00 3.029700000000000101e-02 0.000000000000000000e+00 -2.737867299999999915e+01 5.436099999999999960e-02 1.050020058000000063e+03
2.800000000000000000e+04 4.050000000000000000e+03 -5.865400000000000000e+04 -1.233338999999999963e+01 7.717499999999999361e-02 6.475037999999999627e+00 1.387200000000000065e-02 3.573310999999999904e+00 2.709200000000000150e-02 0.000000000000000000e+00 -2.736531199999999941e+01 5.879600000000000104e-02 1.422041337000000112e+03
2.800000000000000000e+04 8.050000000000000000e+03 -5.865400000000000000e+04 -1.419281400000000026e+01 8.537300000000000444e-02 6.550188999999999595e+00 1.203599999999999982e-02 -8.532800000000000107e-02 1.464900000000000056e-02 0.000000000000000000e+00 -2.741034799999999905e+01 6.037399999999999711e-02 1.653065550000000030e+03
2.800000000000000000e+04 8.050000000000000000e+03 -5.865400000000000000e+04 -1.417921199999999970e+01 8.631500000000000283e-02 6.545595999999999748e+00 1.525999999999999926e-02 -1.211819999999999981e-01 1.010999999999999920e-02 0.000000000000000000e+00 -2.741002500000000097e+01 5.592400000000000149e-02 1.673751733000000058e+03
2.800000000000000000e+04 8.050000000000000000e+03 -5.865400000000000000e+04 -1.416155999999999970e+01 7.806799999999999851e-02 6.537439000000000000e+00 1.219699999999999951e-02 -1.233650000000000024e-01 1.100899999999999969e-02 0.000000000000000000e+00 -2.737051699999999954e+01 6.554500000000000604e-02 2.045716008000000102e+03
