0.000000000000000000e+00 4.150000000000000000e+03 -7.000000000000000000e+04 -1.361176455902932148e+01 5.352417841348353772e-02 6.159527052169249117e+00 9.453189933317602753e-03 -1.098850453133898064e+00 2.405586355228607476e-02 0.000000000000000000e+00 -2.717596800000000101e+01 5.403800000000000270e-02 2.031416199999999961e+01
0.000000000000000000e+00 4.150000000000000000e+03 -7.000000000000000000e+04 -1.350284246615361816e+01 6.596782221571567684e-02 6.399666698022697275e+00 1.083812647954183160e-02 -1.107323406276538469e+00 2.267856548658186283e-02 0.000000000000000000e+00 -2.718710899999999953e+01 5.063000000000000139e-02 5.048198740000000271e+02
0.000000000000000000e+00 4.150000000000000000e+03 -7.000000000000000000e+04 -1.349985767458852948e+01 7.305814078113524734e-02 6.390263799424500846e+00 9.870177648031216305e-03 -1.101024217339456435e+00 2.639824804414355949e-02 0.000000000000000000e+00 -2.719819499999999834e+01 4.933300000000000185e-02 5.255080580000000054e+02
0.000000000000000000e+00 4.150000000000000000e+03 -7.000000000000000000e+04 -1.350838503194708728e+01 7.816844477166683125e-02 6.396623651074415662e+00 1.028681704502475147e-02 -1.118251504313050537e+00 2.145334661681156177e-02 0.000000000000000000e+00 -2.720940099999999973e+01 4.010400000000000076e-02 1.009991767999999979e+03
0.000000000000000000e+00 4.150000000000000000e+03 -7.000000000000000000e+04 -1.350302902109119074e+01 6.513070102719334398e-02 6.379128333160713815e+00 1.098836758769447357e-02 -1.121460274920313305e+00 2.630500797308495814e-02 0.000000000000000000e+00 -2.717658899999999988e+01 4.774799999999999878e-02 1.030679951999999957e+03
0.000000000000000000e+00 4.150000000000000000e+03 -6.650000000000000000e+04 -1.378957740861723735e+01 5.112683182023498862e-02 6.113094195776973550e+00 1.079742652037546206e-02 -1.069960838431042172e+00 2.082186911788901779e-02 0.000000000000000000e+00 -2.718930399999999992e+01 5.380700000000000066e-02 4.351048899999999975e+01
0.000000000000000000e+00 4.150000000000000000e+03 -6.650000000000000000e+04 -1.374565530131277669e+01 6.620456160778150079e-02 6.259249359972632654e+00 9.246162267982714622e-03 -1.035970962072402690e+00 2.488070317807754631e-02 0.000000000000000000e+00 -2.718951300000000160e+01 5.501099999999999740e-02 4.816315480000000093e+02
0.000000000000000000e+00 4.150000000000000000e+03 -6.650000000000000000e+04 -1.367646620784164746e+01 6.458055335240113493e-02 6.368400658429798966e+00 9.166509479683386530e-03 -1.023660912407281520e+00 2.365484634607766673e-02 0.000000000000000000e+00 -2.721499400000000080e+01 5.798500000000000182e-02 5.486953839999999900e+02
0.000000000000000000e+00 4.150000000000000000e+03 -6.650000000000000000e+04 -1.371639769846619217e+01 5.659957349985513669e-02 6.314495498138457563e+00 1.069635471667333519e-02 -1.022210596763510893e+00 2.690556478518145792e-02 0.000000000000000000e+00 -2.718637400000000071e+01 4.563400000000000095e-02 9.868024420000000418e+02
0.000000000000000000e+00 4.150000000000000000e+03 -6.650000000000000000e+04 -1.368685903473133791e+01 6.340766219476492993e-02 6.325083232023233748e+00 9.780311908808977592e-03 -1.075649645126522280e+00 2.628214998741520980e-02 0.000000000000000000e+00 -2.720045500000000160e+01 5.613300000000000234e-02 1.053859277000000020e+03
0.000000000000000000e+00 4.150000000000000000e+03 -6.300000000000000000e+04 -1.399412339534486982e+01 4.986531744176458253e-02 6.101620327509674979e+00 6.374717169890446559e-03 -9.200609669647749067e-01 2.542950881232182783e-02 0.000000000000000000e+00 -2.718400000000000105e+01 4.131900000000000156e-02 6.670181499999999630e+01
0.000000000000000000e+00 4.150000000000000000e+03 -6.300000000000000000e+04 -1.398034772806742154e+01 4.569584577311756185e-02 6.168565091226122732e+00 5.728004138610660358e-03 -8.992832695945240928e-01 2.309998391054662870e-02 0.000000000000000000e+00 -2.719076000000000093e+01 4.464400000000000313e-02 4.584412209999999845e+02
0.000000000000000000e+00 4.150000000000000000e+03 -6.300000000000000000e+04 -1.391795891832891563e+01 5.033627783733882199e-02 6.243595120199519677e+00 7.974487791504910814e-03 -8.871895321381447763e-01 2.575453717202799350e-02 0.000000000000000000e+00 -2.719453999999999994e+01 4.161600000000000021e-02 5.718887099999999464e+02
0.000000000000000000e+00 4.150000000000000000e+03 -6.300000000000000000e+04 -1.395447878024198651e+01 4.237577363896108396e-02 6.248601996428318373e+00 7.491272625883060865e-03 -8.989407698720814910e-01 2.592149883676147376e-02 0.000000000000000000e+00 -2.719755999999999929e+01 5.561200000000000171e-02 9.636101159999999481e+02
0.000000000000000000e+00 4.150000000000000000e+03 -6.300000000000000000e+04 -1.392245208900817666e+01 4.918672589857955163e-02 6.268270096744878117e+00 7.445950397192291868e-03 -8.890155766975430529e-01 2.326038071615671790e-02 0.000000000000000000e+00 -2.720339099999999988e+01 5.468300000000000244e-02 1.077051603999999998e+03
0.000000000000000000e+00 4.150000000000000000e+03 -5.950000000000000000e+04 -1.420598493499801585e+01 4.102873485184851954e-02 6.096622068793386084e+00 9.194728483109530781e-03 -7.913139792578641751e-01 2.290225105919951529e-02 0.000000000000000000e+00 -2.718228099999999969e+01 4.109100000000000252e-02 8.988514100000000440e+01
0.000000000000000000e+00 4.150000000000000000e+03 -5.950000000000000000e+04 -1.421059859085786492e+01 4.359511524927794229e-02 6.127157449283901158e+00 5.702325393320102458e-03 -7.515050270246500519e-01 2.147695498693590749e-02 0.000000000000000000e+00 -2.718897199999999970e+01 4.195399999999999824e-02 4.352498949999999809e+02
0.000000000000000000e+00 4.150000000000000000e+03 -5.950000000000000000e+04 -1.417086232364577647e+01 4.153876904710702977e-02 6.154631799639639134e+00 7.370244280276361769e-03 -7.523143567347579941e-01 2.103233135675064772e-02 0.000000000000000000e+00 -2.718357699999999966e+01 4.682599999999999957e-02 5.950800369999999475e+02
0.000000000000000000e+00 4.150000000000000000e+03 -5.950000000000000000e+04 -1.419052425258820804e+01 6.171726529244186965e-02 6.177491685977423153e+00 7.855746514697267702e-03 -7.621104545745295278e-01 2.327856833053039420e-02 0.000000000000000000e+00 -2.718990499999999955e+01 4.616499999999999770e-02 9.404237890000000561e+02
0.000000000000000000e+00 4.150000000000000000e+03 -5.950000000000000000e+04 -1.417194279058008632e+01 3.383122538886496056e-02 6.183694638322126735e+00 1.007684537804242469e-02 -7.808559909192185344e-01 2.294379560828687867e-02 0.000000000000000000e+00 -2.719341700000000017e+01 5.539299999999999780e-02 1.100239929999999958e+03
0.000000000000000000e+00 4.150000000000000000e+03 -5.600000000000000000e+04 -1.442553971247553690e+01 6.326468693951432798e-02 6.102126115863047318e+00 9.650468578708401232e-03 -6.575978217051915431e-01 2.568450847605629334e-02 0.000000000000000000e+00 -2.719115700000000047e+01 4.154200000000000254e-02 1.130744679999999960e+02
0.000000000000000000e+00 4.150000000000000000e+03 -5.600000000000000000e+04 -1.443480198066509779e+01 4.851708579358321449e-02 6.118246304937143165e+00 1.153691114676380289e-02 -5.923138774830475350e-01 2.349595897787029597e-02 0.000000000000000000e+00 -2.720774700000000124e+01 4.973799999999999749e-02 4.120535679999999843e+02
0.000000000000000000e+00 4.150000000000000000e+03 -5.600000000000000000e+04 -1.439949751298101077e+01 6.520419595918949818e-02 6.136357844182185772e+00 8.333537786364982047e-03 -6.543175281555543288e-01 2.601326429494850434e-02 0.000000000000000000e+00 -2.719785800000000009e+01 4.890699999999999908e-02 6.182613629999999603e+02
0.000000000000000000e+00 4.150000000000000000e+03 -5.600000000000000000e+04 -1.442226926739922455e+01 5.073529034078126665e-02 6.144640047935784111e+00 1.073518332834300093e-02 -6.009021615210329292e-01 2.306618821876500747e-02 0.000000000000000000e+00 -2.720202000000000098e+01 5.483999999999999986e-02 9.172344630000000052e+02
0.000000000000000000e+00 4.150000000000000000e+03 -5.600000000000000000e+04 -1.439274036131359757e+01 4.772061016657858090e-02 6.123534920868974218e+00 1.077145317747463249e-02 -6.557663535580976477e-01 2.498186759981946975e-02 0.000000000000000000e+00 -2.716603900000000138e+01 5.725000000000000228e-02 1.123430256999999983e+03
0.000000000000000000e+00 4.150000000000000000e+03 -5.250000000000000000e+04 -1.463898515930576671e+01 5.339533649217356043e-02 6.093280841867651176e+00 8.713214057486607864e-03 -4.937509739345044002e-01 2.617558755168596443e-02 0.000000000000000000e+00 -2.719154500000000141e+01 5.657000000000000223e-02 1.362637939999999901e+02
0.000000000000000000e+00 4.150000000000000000e+03 -5.250000000000000000e+04 -1.465425944589819984e+01 4.066206433840611340e-02 6.109758359881830359e+00 9.084203114342813759e-03 -4.599679198069607788e-01 2.370677748064224655e-02 0.000000000000000000e+00 -2.718635400000000146e+01 4.549000000000000266e-02 3.888602409999999736e+02
0.000000000000000000e+00 4.150000000000000000e+03 -5.250000000000000000e+04 -1.461576645112603146e+01 5.532215595305083750e-02 6.118417442085607227e+00 9.118613345471246467e-03 -5.096663977097904974e-01 2.694099395646191303e-02 0.000000000000000000e+00 -2.719898500000000041e+01 4.563799999999999801e-02 6.414536890000000540e+02
0.000000000000000000e+00 4.150000000000000000e+03 -5.250000000000000000e+04 -1.464191835316915835e+01 4.855458458985205394e-02 6.151177785645137064e+00 8.037781502921658230e-03 -4.876543897280481432e-01 2.628857858116699989e-02 0.000000000000000000e+00 -2.718665700000000029e+01 5.123899999999999982e-02 8.940421360000000277e+02
0.000000000000000000e+00 4.150000000000000000e+03 -5.250000000000000000e+04 -1.461588072495316304e+01 6.066672521009023461e-02 6.144937969821243406e+00 1.216015895171078040e-02 -5.053427317749890069e-01 2.294127135867867623e-02 0.000000000000000000e+00 -2.720105200000000067e+01 3.631600000000000106e-02 1.146620582999999897e+03
0.000000000000000000e+00 4.150000000000000000e+03 -4.900000000000000000e+04 -1.486127865577607388e+01 5.021909926552972636e-02 6.109458729271304733e+00 7.004108216055644071e-03 -3.702190646998461121e-01 2.478498799791225768e-02 0.000000000000000000e+00 -2.720007299999999972e+01 5.214300000000000185e-02 1.594561199999999985e+02
0.000000000000000000e+00 4.150000000000000000e+03 -4.900000000000000000e+04 -1.487464381378974920e+01 3.182260619233076571e-02 6.116700770974480506e+00 9.848053880493590206e-03 -3.369794288077528899e-01 2.257631180894539152e-02 0.000000000000000000e+00 -2.719506600000000063e+01 5.441399999999999709e-02 3.656749149999999986e+02
0.000000000000000000e+00 4.150000000000000000e+03 -4.900000000000000000e+04 -1.483623330775165883e+01 5.781812324662759239e-02 6.138792526133395988e+00 9.384907502111237629e-03 -3.687051393418947498e-01 2.292575559091996826e-02 0.000000000000000000e+00 -2.717795999999999879e+01 5.252300000000000024e-02 6.646450160000000551e+02
0.000000000000000000e+00 4.150000000000000000e+03 -4.900000000000000000e+04 -1.486594322623218822e+01 4.807806795623903451e-02 6.151551071014650596e+00 1.059924861665766105e-02 -3.511264772371329723e-01 2.257128603685536195e-02 0.000000000000000000e+00 -2.719816099999999892e+01 5.362900000000000306e-02 8.708558100000000195e+02
0.000000000000000000e+00 4.150000000000000000e+03 -4.900000000000000000e+04 -1.483633913687932626e+01 3.554786749261687473e-02 6.175305883423899189e+00 7.695197856452235495e-03 -3.741461302968372982e-01 2.685609554044306180e-02 0.000000000000000000e+00 -2.719905999999999935e+01 4.651000000000000273e-02 1.169810909000000038e+03
0.000000000000000000e+00 4.150000000000000000e+03 -4.550000000000000000e+04 -1.508214798964175785e+01 6.252093664187470534e-02 6.126626408299155280e+00 8.845447312661210496e-03 -2.330549824023095684e-01 2.415229207055979294e-02 0.000000000000000000e+00 -2.720344599999999957e+01 4.108900000000000052e-02 1.826464469999999949e+02
0.000000000000000000e+00 4.150000000000000000e+03 -4.550000000000000000e+04 -1.510154534593273468e+01 4.931546402009515107e-02 6.126805737313506306e+00 7.076803658291883244e-03 -2.016077291196208265e-01 2.206614881361693148e-02 0.000000000000000000e+00 -2.719621899999999926e+01 4.106599999999999834e-02 3.424835889999999949e+02
0.000000000000000000e+00 4.150000000000000000e+03 -4.550000000000000000e+04 -1.506493533916882122e+01 4.731596974660201571e-02 6.170455493280018189e+00 6.164719292194555805e-03 -2.381762646086200974e-01 2.475681570774172433e-02 0.000000000000000000e+00 -2.719194699999999898e+01 5.203399999999999692e-02 6.878343419999999924e+02
0.000000000000000000e+00 4.150000000000000000e+03 -4.550000000000000000e+04 -1.509041905897524316e+01 4.889456761808966961e-02 6.160285516981223175e+00 9.993343327787262628e-03 -2.115064006436548349e-01 2.467249554814081314e-02 0.000000000000000000e+00 -2.719971500000000120e+01 3.600400000000000128e-02 8.476694840000000113e+02
0.000000000000000000e+00 4.150000000000000000e+03 -4.550000000000000000e+04 -1.505757069320316965e+01 5.524383385276565583e-02 6.172688320274994034e+00 7.461268576874423297e-03 -2.379246549682713652e-01 2.589354507346899523e-02 0.000000000000000000e+00 -2.719576700000000002e+01 5.276900000000000340e-02 1.192995235000000093e+03
0.000000000000000000e+00 4.150000000000000000e+03 -4.200000000000000000e+04 -1.531522424272724336e+01 6.156065748322854525e-02 6.179236654301806908e+00 1.333912641126371555e-02 -8.487024497914816279e-02 2.630822070792597500e-02 0.000000000000000000e+00 -2.717894799999999833e+01 3.610599999999999921e-02 2.058357729999999890e+02
0.000000000000000000e+00 4.150000000000000000e+03 -4.200000000000000000e+04 -1.532985107823612836e+01 4.680540059929197416e-02 6.155497505304650119e+00 8.210870963647096468e-03 -8.030455807717133687e-02 2.221293041807262045e-02 0.000000000000000000e+00 -2.718603099999999984e+01 4.110799999999999871e-02 3.192902619999999843e+02
0.000000000000000000e+00 4.150000000000000000e+03 -4.200000000000000000e+04 -1.529291899906761820e+01 3.472109434862637872e-02 6.184219726152278440e+00 1.201247876989321346e-02 -1.046658778868806705e-01 2.851942674803703559e-02 0.000000000000000000e+00 -2.718431800000000109e+01 3.725200000000000039e-02 7.110286680000000388e+02
0.000000000000000000e+00 4.150000000000000000e+03 -4.200000000000000000e+04 -1.531744088594377295e+01 6.016254064605016522e-02 6.183583885747906628e+00 9.082841526533158572e-03 -7.766069294003793977e-02 2.372337416592013720e-02 0.000000000000000000e+00 -2.719302499999999867e+01 4.945399999999999796e-02 8.244851579999999558e+02
0.000000000000000000e+00 4.150000000000000000e+03 -4.200000000000000000e+04 -1.529079808305100308e+01 5.160130661281450010e-02 6.193730099114560517e+00 1.129262694284449177e-02 -9.460309599672932224e-02 2.784203553226756098e-02 0.000000000000000000e+00 -2.718358699999999928e+01 5.360299999999999787e-02 1.216191561999999976e+03
0.000000000000000000e+00 4.150000000000000000e+03 -3.850000000000000000e+04 -1.554549807236056402e+01 7.106154037497794396e-02 6.172825996485483024e+00 1.165915575748431403e-02 6.954976125827870559e-02 2.299441137663888260e-02 0.000000000000000000e+00 -2.719678000000000040e+01 4.581199999999999856e-02 2.290251000000000090e+02
0.000000000000000000e+00 4.150000000000000000e+03 -3.850000000000000000e+04 -1.556568819606381382e+01 5.650826543010429442e-02 6.210619501409338383e+00 1.057677654346575631e-02 7.147626156142830589e-02 2.313292636115181836e-02 0.000000000000000000e+00 -2.719003999999999976e+01 4.572600000000000275e-02 2.961009359999999901e+02
0.000000000000000000e+00 4.150000000000000000e+03 -3.850000000000000000e+04 -1.552845934004256989e+01 5.097832875833489819e-02 6.186527459847440902e+00 1.025997710747473222e-02 6.541085986580598421e-02 2.620457274525231361e-02 0.000000000000000000e+00 -2.717351899999999887e+01 3.871000000000000135e-02 7.342179949999999735e+02
0.000000000000000000e+00 4.150000000000000000e+03 -3.850000000000000000e+04 -1.554693601837145245e+01 4.265458405943219067e-02 6.209509332066083687e+00 8.801072668329549750e-03 3.691487631975355621e-02 2.371749958582514139e-02 0.000000000000000000e+00 -2.718917499999999876e+01 6.171999999999999709e-02 8.012948320000000422e+02
0.000000000000000000e+00 4.150000000000000000e+03 -3.850000000000000000e+04 -1.551812736738536280e+01 4.697497486471124278e-02 6.210442194212842715e+00 1.237620481509082299e-02 4.951084422923983375e-02 2.840311468544728241e-02 0.000000000000000000e+00 -2.717119999999999891e+01 5.181499999999999995e-02 1.239381889000000001e+03
0.000000000000000000e+00 4.150000000000000000e+03 -3.500000000000000000e+04 -1.578674785451971196e+01 4.509570706383506794e-02 6.206428323925013757e+00 1.168128854670127600e-02 1.849773897525414934e-01 2.483392104162132283e-02 0.000000000000000000e+00 -2.719726199999999849e+01 4.933400000000000285e-02 2.522164260000000127e+02
0.000000000000000000e+00 4.150000000000000000e+03 -3.500000000000000000e+04 -1.578774838805302494e+01 4.088084278010171990e-02 6.198425973991801285e+00 8.978553381895867588e-03 2.108497458144684700e-01 2.337299473231984823e-02 0.000000000000000000e+00 -2.719321800000000167e+01 4.582599999999999868e-02 2.729106100000000197e+02
0.000000000000000000e+00 4.150000000000000000e+03 -3.500000000000000000e+04 -1.576997078004543518e+01 5.546041020394118504e-02 6.230896352131820137e+00 7.000932880602187165e-03 1.895002421440614981e-01 2.363005765570369912e-02 0.000000000000000000e+00 -2.717849100000000107e+01 4.523400000000000337e-02 7.574093209999999772e+02
0.000000000000000000e+00 4.150000000000000000e+03 -3.500000000000000000e+04 -1.576932324772134031e+01 3.418208226140365819e-02 6.246236629125299089e+00 9.996706867458233017e-03 1.859904366433852985e-01 2.395857435409600930e-02 0.000000000000000000e+00 -2.719562300000000121e+01 5.781499999999999834e-02 7.781015049999999746e+02
0.000000000000000000e+00 4.150000000000000000e+03 -3.500000000000000000e+04 -1.576667836700727321e+01 4.086832593275793735e-02 6.240633639872156024e+00 9.934019296150599365e-03 1.914224366836582980e-01 2.525324276360509101e-02 0.000000000000000000e+00 -2.719113199999999964e+01 5.048699999999999716e-02 1.262571214999999938e+03
