6.400000000000000000e+03 4.150000000000000000e+03 -7.400000000000000000e+04 -9.479502999999999346e+00 3.740000000000000269e-02 7.434638999999999776e+00 1.381100000000000036e-02 -2.129608000000000168e+00 1.817600000000000118e-02 0.000000000000000000e+00 -2.368231300000000061e+01 7.578400000000000414e-02 2.490642499999999870e+01
6.400000000000000000e+03 4.150000000000000000e+03 -7.331000000000000000e+04 -9.495665000000000688e+00 7.811800000000000688e-02 7.426644999999999719e+00 1.350900000000000017e-02 -2.078752999999999851e+00 1.836499999999999938e-02 0.000000000000000000e+00 -2.368268499999999932e+01 8.109500000000000042e-02 4.059832200000000313e+01
6.400000000000000000e+03 4.150000000000000000e+03 -7.262000000000000000e+04 -9.530779000000000778e+00 4.416599999999999693e-02 7.410997000000000057e+00 1.580900000000000014e-02 -2.112360999999999933e+00 1.683099999999999874e-02 0.000000000000000000e+00 -2.366676299999999955e+01 6.740599999999999370e-02 5.628821899999999800e+01
6.400000000000000000e+03 4.150000000000000000e+03 -7.193000000000000000e+04 -9.566186999999999330e+00 6.136400000000000188e-02 7.399238000000000426e+00 1.556199999999999944e-02 -2.172772999999999843e+00 2.270099999999999896e-02 0.000000000000000000e+00 -2.368535999999999930e+01 7.542200000000000293e-02 7.197911700000000224e+01
6.400000000000000000e+03 4.150000000000000000e+03 -7.124000000000000000e+04 -9.592565999999999704e+00 4.105600000000000221e-02 7.387261999999999773e+00 9.310999999999999832e-03 -2.215737999999999985e+00 1.700000000000000122e-02 0.000000000000000000e+00 -2.366855100000000078e+01 7.900000000000000078e-02 8.767001399999999478e+01
6.400000000000000000e+03 4.150000000000000000e+03 -7.055000000000000000e+04 -9.627793999999999741e+00 5.413699999999999762e-02 7.366666999999999632e+00 1.515400000000000080e-02 -2.252994999999999859e+00 2.039699999999999847e-02 0.000000000000000000e+00 -2.369020899999999941e+01 7.156099999999999961e-02 1.033569119999999941e+02
6.400000000000000000e+03 4.150000000000000000e+03 -6.986000000000000000e+04 -9.665210999999999331e+00 3.837299999999999739e-02 7.377120999999999817e+00 1.221999999999999996e-02 -2.257054000000000116e+00 1.848500000000000143e-02 0.000000000000000000e+00 -2.366426500000000033e+01 7.242899999999999339e-02 1.190488090000000057e+02
6.400000000000000000e+03 4.150000000000000000e+03 -6.917000000000000000e+04 -9.707088000000000605e+00 5.981700000000000211e-02 7.358176000000000272e+00 1.666499999999999926e-02 -2.260345000000000049e+00 1.924400000000000069e-02 0.000000000000000000e+00 -2.367529899999999898e+01 7.695799999999999863e-02 1.347307059999999979e+02
6.400000000000000000e+03 4.150000000000000000e+03 -6.848000000000000000e+04 -9.749511999999999290e+00 6.643200000000000494e-02 7.338792999999999900e+00 9.912999999999999937e-03 -2.276895000000000113e+00 2.022799999999999945e-02 0.000000000000000000e+00 -2.367681999999999931e+01 8.210399999999999643e-02 1.504196029999999951e+02
6.400000000000000000e+03 4.150000000000000000e+03 -6.779000000000000000e+04 -9.796089000000000269e+00 8.162099999999999911e-02 7.340061000000000391e+00 1.177800000000000027e-02 -2.291164000000000200e+00 1.880499999999999880e-02 0.000000000000000000e+00 -2.368291400000000024e+01 7.305100000000000482e-02 1.661065010000000086e+02
6.400000000000000000e+03 4.150000000000000000e+03 -6.710000000000000000e+04 -9.842053999999999192e+00 4.873199999999999754e-02 7.299438999999999567e+00 8.455000000000000709e-03 -2.274401000000000117e+00 1.709799999999999862e-02 0.000000000000000000e+00 -2.367405899999999974e+01 7.681000000000000327e-02 1.818043989999999894e+02
6.400000000000000000e+03 4.150000000000000000e+03 -6.641000000000000000e+04 -9.889545000000000030e+00 8.025500000000000689e-02 7.288897999999999655e+00 1.753499999999999850e-02 -2.251806999999999892e+00 1.822599999999999915e-02 0.000000000000000000e+00 -2.368551300000000026e+01 7.484399999999999387e-02 1.975122969999999896e+02
6.400000000000000000e+03 4.150000000000000000e+03 -6.572000000000000000e+04 -9.936498999999999526e+00 3.110299999999999870e-02 7.284105000000000274e+00 9.336999999999999814e-03 -2.252747999999999973e+00 1.706500000000000031e-02 0.000000000000000000e+00 -2.366197599999999923e+01 6.661699999999999566e-02 2.131931940000000054e+02
6.400000000000000000e+03 4.150000000000000000e+03 -6.503000000000000000e+04 -9.987368000000000023e+00 5.595300000000000273e-02 7.231167000000000122e+00 1.431499999999999960e-02 -2.240148000000000028e+00 2.058000000000000107e-02 0.000000000000000000e+00 -2.368229900000000043e+01 6.240099999999999814e-02 2.288840910000000122e+02
6.400000000000000000e+03 4.150000000000000000e+03 -6.434000000000000000e+04 -1.003404100000000021e+01 5.589399999999999924e-02 7.229732000000000269e+00 1.151899999999999973e-02 -2.223701999999999845e+00 1.857899999999999829e-02 0.000000000000000000e+00 -2.367952800000000124e+01 7.617999999999999772e-02 2.445739890000000116e+02
6.400000000000000000e+03 4.150000000000000000e+03 -6.365000000000000000e+04 -1.008890899999999924e+01 6.240500000000000214e-02 7.236076999999999870e+00 9.270999999999999727e-03 -2.219002999999999837e+00 2.025899999999999923e-02 0.000000000000000000e+00 -2.367703900000000061e+01 8.081699999999999995e-02 2.602948880000000145e+02
6.400000000000000000e+03 4.150000000000000000e+03 -6.296000000000000000e+04 -1.013830300000000051e+01 5.856499999999999900e-02 7.215468999999999689e+00 1.292899999999999952e-02 -2.200985000000000191e+00 1.707900000000000043e-02 0.000000000000000000e+00 -2.369109600000000171e+01 7.371800000000000574e-02 2.759867849999999976e+02
6.400000000000000000e+03 4.150000000000000000e+03 -6.227000000000000000e+04 -1.019451600000000013e+01 5.303800000000000181e-02 7.198775999999999620e+00 1.760700000000000112e-02 -2.188086999999999893e+00 2.007300000000000056e-02 0.000000000000000000e+00 -2.370605000000000118e+01 7.563000000000000278e-02 2.916746830000000159e+02
6.400000000000000000e+03 4.150000000000000000e+03 -6.158000000000000000e+04 -1.024713999999999992e+01 3.927800000000000041e-02 7.173682000000000336e+00 9.532999999999999807e-03 -2.158240000000000158e+00 1.922199999999999950e-02 0.000000000000000000e+00 -2.367117400000000060e+01 7.452000000000000290e-02 3.073625799999999799e+02
6.400000000000000000e+03 4.150000000000000000e+03 -6.089000000000000000e+04 -1.029755899999999968e+01 5.992800000000000210e-02 7.136848999999999776e+00 1.726300000000000057e-02 -2.139505000000000212e+00 2.142000000000000154e-02 0.000000000000000000e+00 -2.368175499999999900e+01 7.448200000000000653e-02 3.230544780000000173e+02
6.400000000000000000e+03 4.150000000000000000e+03 -6.020000000000000000e+04 -1.035736999999999952e+01 4.137899999999999912e-02 7.125155999999999601e+00 8.694999999999999604e-03 -2.119151000000000007e+00 1.547300000000000064e-02 0.000000000000000000e+00 -2.366548500000000033e+01 7.423100000000000531e-02 3.387493749999999864e+02
6.400000000000000000e+03 4.150000000000000000e+03 -5.951000000000000000e+04 -1.042125300000000010e+01 7.647600000000000231e-02 7.069751000000000118e+00 1.220199999999999931e-02 -2.107625000000000082e+00 1.919399999999999926e-02 0.000000000000000000e+00 -2.367652400000000057e+01 7.598199999999999399e-02 3.544422730000000001e+02
6.400000000000000000e+03 4.150000000000000000e+03 -5.882000000000000000e+04 -1.048314000000000057e+01 4.857999999999999818e-02 7.067769000000000190e+00 6.745000000000000127e-03 -2.068808999999999898e+00 2.226399999999999907e-02 0.000000000000000000e+00 -2.366929999999999978e+01 7.894600000000000228e-02 3.701251700000000255e+02
6.400000000000000000e+03 4.150000000000000000e+03 -5.813000000000000000e+04 -1.053415999999999997e+01 6.823300000000000198e-02 7.026038999999999923e+00 1.241800000000000022e-02 -2.086111999999999966e+00 1.840899999999999828e-02 0.000000000000000000e+00 -2.367375900000000044e+01 7.961799999999999433e-02 3.858150669999999991e+02
6.400000000000000000e+03 4.150000000000000000e+03 -5.744000000000000000e+04 -1.058811999999999998e+01 6.770600000000000229e-02 7.018932000000000393e+00 1.235699999999999993e-02 -2.069749999999999979e+00 1.934599999999999861e-02 0.000000000000000000e+00 -2.367714900000000000e+01 7.935300000000000686e-02 4.015119649999999751e+02
6.400000000000000000e+03 4.150000000000000000e+03 -5.675000000000000000e+04 -1.062583399999999934e+01 6.433500000000000330e-02 7.008200999999999681e+00 1.406300000000000085e-02 -2.057126999999999928e+00 2.183900000000000077e-02 0.000000000000000000e+00 -2.367717299999999980e+01 7.655800000000000105e-02 4.172048629999999889e+02
6.400000000000000000e+03 4.150000000000000000e+03 -5.606000000000000000e+04 -1.067115500000000061e+01 4.845900000000000207e-02 7.010463999999999807e+00 7.432000000000000238e-03 -2.034635999999999889e+00 1.569299999999999862e-02 0.000000000000000000e+00 -2.367181300000000022e+01 7.537000000000000643e-02 4.328937599999999861e+02
6.400000000000000000e+03 4.150000000000000000e+03 -5.537000000000000000e+04 -1.071369600000000055e+01 6.364200000000000412e-02 7.003949000000000424e+00 1.468999999999999993e-02 -2.001468000000000025e+00 2.581800000000000067e-02 0.000000000000000000e+00 -2.367367700000000141e+01 7.349400000000000377e-02 4.485826569999999833e+02
6.400000000000000000e+03 4.150000000000000000e+03 -5.468000000000000000e+04 -1.075825400000000087e+01 3.743200000000000000e-02 7.009723000000000148e+00 8.554000000000000839e-03 -2.004719000000000140e+00 1.713599999999999846e-02 0.000000000000000000e+00 -2.367041100000000142e+01 7.223200000000000454e-02 4.642705550000000017e+02
6.400000000000000000e+03 4.150000000000000000e+03 -5.399000000000000000e+04 -1.079819799999999930e+01 6.303000000000000269e-02 7.023258000000000223e+00 1.037599999999999981e-02 -1.981576999999999922e+00 1.656799999999999939e-02 0.000000000000000000e+00 -2.367833100000000002e+01 7.042800000000000449e-02 4.799624519999999848e+02
6.400000000000000000e+03 4.150000000000000000e+03 -5.330000000000000000e+04 -1.084251100000000001e+01 5.008599999999999858e-02 7.031255999999999950e+00 1.016000000000000063e-02 -1.980175000000000018e+00 1.974700000000000066e-02 0.000000000000000000e+00 -2.367354399999999970e+01 7.892799999999999816e-02 4.956533499999999890e+02
6.400000000000000000e+03 4.150000000000000000e+03 -5.261000000000000000e+04 -1.088708500000000079e+01 5.608199999999999991e-02 7.007220000000000226e+00 1.337299999999999947e-02 -1.963222999999999940e+00 1.796599999999999933e-02 0.000000000000000000e+00 -2.366616700000000151e+01 7.112200000000000466e-02 5.113422469999999862e+02
6.400000000000000000e+03 4.150000000000000000e+03 -5.192000000000000000e+04 -1.093643499999999946e+01 5.276700000000000140e-02 7.000810999999999673e+00 1.112800000000000074e-02 -1.942034000000000038e+00 2.074499999999999955e-02 0.000000000000000000e+00 -2.368287099999999867e+01 7.801600000000000201e-02 5.270331439999999930e+02
6.400000000000000000e+03 4.150000000000000000e+03 -5.123000000000000000e+04 -1.097526799999999980e+01 5.523700000000000138e-02 6.996983000000000175e+00 1.259500000000000029e-02 -1.938822999999999963e+00 2.260200000000000056e-02 0.000000000000000000e+00 -2.367403499999999994e+01 7.255100000000000438e-02 5.427200420000000349e+02
6.400000000000000000e+03 4.150000000000000000e+03 -5.054000000000000000e+04 -1.101963800000000049e+01 4.795800000000000063e-02 6.994261999999999979e+00 1.333299999999999937e-02 -1.887796999999999947e+00 1.926200000000000134e-02 0.000000000000000000e+00 -2.365154700000000076e+01 7.913499999999999701e-02 5.584119389999999612e+02
6.400000000000000000e+03 4.150000000000000000e+03 -4.985000000000000000e+04 -1.106982600000000083e+01 6.925399999999999612e-02 7.005914999999999893e+00 1.827700000000000158e-02 -1.886959000000000053e+00 2.194400000000000170e-02 0.000000000000000000e+00 -2.369006600000000162e+01 8.605699999999999461e-02 5.741028370000000223e+02
6.400000000000000000e+03 4.150000000000000000e+03 -4.916000000000000000e+04 -1.111164999999999914e+01 3.681999999999999856e-02 6.990914000000000073e+00 1.529600000000000057e-02 -1.886001000000000039e+00 1.913199999999999970e-02 0.000000000000000000e+00 -2.367317200000000099e+01 7.771100000000000230e-02 5.897897339999999531e+02
6.400000000000000000e+03 4.150000000000000000e+03 -4.847000000000000000e+04 -1.115231799999999929e+01 5.106800000000000228e-02 7.020617999999999803e+00 1.128799999999999942e-02 -1.844360999999999917e+00 2.233200000000000116e-02 0.000000000000000000e+00 -2.366112700000000046e+01 8.282799999999999885e-02 6.054836319999999432e+02
6.400000000000000000e+03 4.150000000000000000e+03 -4.778000000000000000e+04 -1.119165800000000033e+01 5.534300000000000330e-02 6.993136999999999937e+00 1.024300000000000037e-02 -1.821059999999999901e+00 1.649499999999999925e-02 0.000000000000000000e+00 -2.368207900000000166e+01 7.383399999999999685e-02 6.211745290000000068e+02
6.400000000000000000e+03 4.150000000000000000e+03 -4.709000000000000000e+04 -1.123449899999999957e+01 6.097199999999999842e-02 6.998257999999999868e+00 1.259900000000000082e-02 -1.833754000000000106e+00 1.837199999999999944e-02 0.000000000000000000e+00 -2.365945800000000077e+01 7.390900000000000247e-02 6.368654269999999542e+02
6.400000000000000000e+03 4.150000000000000000e+03 -4.640000000000000000e+04 -1.127830200000000005e+01 4.595099999999999879e-02 7.014135999999999704e+00 9.617000000000000548e-03 -1.815174999999999983e+00 2.002299999999999913e-02 0.000000000000000000e+00 -2.367950000000000088e+01 7.604700000000000348e-02 6.525593239999999469e+02
6.400000000000000000e+03 4.150000000000000000e+03 -4.571000000000000000e+04 -1.132370700000000063e+01 7.649400000000000643e-02 7.023672000000000359e+00 1.257800000000000064e-02 -1.820963000000000109e+00 2.229599999999999985e-02 0.000000000000000000e+00 -2.368631799999999998e+01 6.987999999999999767e-02 6.682492220000000316e+02
6.400000000000000000e+03 4.150000000000000000e+03 -4.502000000000000000e+04 -1.136432199999999959e+01 4.921699999999999686e-02 7.008688000000000251e+00 9.905000000000000610e-03 -1.799798000000000009e+00 1.789299999999999918e-02 0.000000000000000000e+00 -2.365845200000000048e+01 8.268100000000000449e-02 6.839391190000000051e+02
6.400000000000000000e+03 4.150000000000000000e+03 -4.433000000000000000e+04 -1.140713399999999922e+01 5.697499999999999787e-02 7.033127999999999602e+00 1.497599999999999973e-02 -1.769009000000000054e+00 1.977800000000000044e-02 0.000000000000000000e+00 -2.367590399999999917e+01 7.933700000000000474e-02 6.996300159999999551e+02
6.400000000000000000e+03 4.150000000000000000e+03 -4.364000000000000000e+04 -1.141275500000000065e+01 4.843499999999999889e-02 7.012866999999999962e+00 8.300999999999999351e-03 -1.746912000000000020e+00 1.918900000000000119e-02 0.000000000000000000e+00 -2.362525000000000119e+01 7.278300000000000047e-02 7.153199140000000398e+02
6.400000000000000000e+03 4.150000000000000000e+03 -4.295000000000000000e+04 -1.148973200000000006e+01 7.707300000000000262e-02 7.038259000000000043e+00 1.222400000000000049e-02 -1.733181000000000083e+00 2.078699999999999992e-02 0.000000000000000000e+00 -2.367064999999999841e+01 6.885900000000000354e-02 7.310158109999999851e+02
6.400000000000000000e+03 4.150000000000000000e+03 -4.226000000000000000e+04 -1.153591800000000056e+01 3.830399999999999777e-02 7.044993999999999978e+00 1.129999999999999928e-02 -1.752629999999999910e+00 1.996200000000000058e-02 0.000000000000000000e+00 -2.366606700000000174e+01 7.757899999999999519e-02 7.467067090000000462e+02
6.400000000000000000e+03 4.150000000000000000e+03 -4.157000000000000000e+04 -1.157917699999999961e+01 5.399999999999999939e-02 7.007844000000000406e+00 1.301300000000000026e-02 -1.724792000000000103e+00 2.187499999999999861e-02 0.000000000000000000e+00 -2.366315799999999925e+01 8.006399999999999628e-02 7.624006070000000364e+02
6.400000000000000000e+03 4.150000000000000000e+03 -4.088000000000000000e+04 -1.161489199999999933e+01 4.872800000000000048e-02 7.053405999999999842e+00 1.465200000000000009e-02 -1.725309999999999899e+00 2.002699999999999966e-02 0.000000000000000000e+00 -2.365995399999999904e+01 7.926700000000000412e-02 7.780945040000000290e+02
6.400000000000000000e+03 4.150000000000000000e+03 -4.019000000000000000e+04 -1.165994000000000064e+01 5.176999999999999658e-02 7.031355999999999717e+00 1.282100000000000080e-02 -1.698336999999999986e+00 1.989900000000000002e-02 0.000000000000000000e+00 -2.365238199999999935e+01 8.331500000000000017e-02 7.937884020000000191e+02
6.400000000000000000e+03 4.150000000000000000e+03 -3.950000000000000000e+04 -1.170756100000000011e+01 4.279899999999999677e-02 7.029624000000000095e+00 1.021999999999999992e-02 -1.680546000000000095e+00 1.867200000000000110e-02 0.000000000000000000e+00 -2.365859999999999985e+01 8.077499999999999958e-02 8.094772990000000163e+02
6.400000000000000000e+03 4.150000000000000000e+03 -3.881000000000000000e+04 -1.175171800000000033e+01 7.914200000000000401e-02 7.042798000000000336e+00 1.537700000000000004e-02 -1.672789000000000081e+00 2.593700000000000172e-02 0.000000000000000000e+00 -2.366305399999999892e+01 7.217999999999999416e-02 8.251651970000000347e+02
6.400000000000000000e+03 4.150000000000000000e+03 -3.812000000000000000e+04 -1.179451599999999978e+01 3.660999999999999671e-02 7.065047999999999995e+00 1.220700000000000084e-02 -1.660725999999999924e+00 1.855400000000000105e-02 0.000000000000000000e+00 -2.364373700000000156e+01 7.726500000000000035e-02 8.408490940000000364e+02
6.400000000000000000e+03 4.150000000000000000e+03 -3.743000000000000000e+04 -1.184145600000000087e+01 6.859300000000000119e-02 7.050652000000000363e+00 1.370799999999999970e-02 -1.649373999999999896e+00 2.157399999999999943e-02 0.000000000000000000e+00 -2.366306300000000107e+01 7.102100000000000080e-02 8.565409909999999627e+02
6.400000000000000000e+03 4.150000000000000000e+03 -3.674000000000000000e+04 -1.188623699999999950e+01 4.968000000000000194e-02 7.062952000000000119e+00 7.328999999999999578e-03 -1.628841999999999901e+00 1.942100000000000076e-02 0.000000000000000000e+00 -2.366203799999999902e+01 7.751700000000000257e-02 8.722328890000000001e+02
6.400000000000000000e+03 4.150000000000000000e+03 -3.605000000000000000e+04 -1.193203899999999962e+01 6.009199999999999958e-02 7.070518999999999998e+00 9.943999999999999714e-03 -1.616505999999999998e+00 2.329200000000000020e-02 0.000000000000000000e+00 -2.366025399999999834e+01 7.738299999999999346e-02 8.879247870000000376e+02
6.400000000000000000e+03 4.150000000000000000e+03 -3.536000000000000000e+04 -1.197052399999999928e+01 5.000099999999999684e-02 7.086310000000000109e+00 1.426799999999999943e-02 -1.596605000000000052e+00 2.045699999999999949e-02 0.000000000000000000e+00 -2.366876600000000153e+01 8.129400000000000515e-02 9.036126839999999447e+02
6.400000000000000000e+03 4.150000000000000000e+03 -3.467000000000000000e+04 -1.201802499999999974e+01 6.165600000000000247e-02 7.072522000000000197e+00 1.287699999999999956e-02 -1.566311000000000009e+00 2.105100000000000027e-02 0.000000000000000000e+00 -2.366865200000000158e+01 6.946099999999999497e-02 9.193015810000000556e+02
6.400000000000000000e+03 4.150000000000000000e+03 -3.398000000000000000e+04 -1.194457599999999964e+01 6.201000000000000262e-02 7.063830000000000275e+00 1.098799999999999950e-02 -1.543803999999999954e+00 1.674900000000000000e-02 0.000000000000000000e+00 -2.352888599999999997e+01 7.647400000000000031e-02 9.349914780000000292e+02
6.400000000000000000e+03 4.150000000000000000e+03 -3.329000000000000000e+04 -1.199530500000000011e+01 7.605299999999999561e-02 7.090576000000000434e+00 1.456999999999999962e-02 -1.542411999999999894e+00 1.795300000000000021e-02 0.000000000000000000e+00 -2.354549899999999951e+01 9.062499999999999722e-02 9.506813760000000002e+02
6.400000000000000000e+03 4.150000000000000000e+03 -3.260000000000000000e+04 -1.212301099999999998e+01 4.431199999999999722e-02 7.106163999999999703e+00 9.190000000000000252e-03 -1.532755000000000090e+00 1.910200000000000092e-02 0.000000000000000000e+00 -2.360479799999999884e+01 7.751700000000000257e-02 9.663712729999999738e+02
6.400000000000000000e+03 4.150000000000000000e+03 -3.191000000000000000e+04 -1.220859399999999972e+01 5.829199999999999660e-02 7.105934000000000417e+00 1.063899999999999915e-02 -1.519430999999999976e+00 1.956499999999999906e-02 0.000000000000000000e+00 -2.366630100000000070e+01 6.223599999999999965e-02 9.820581700000000183e+02
6.400000000000000000e+03 4.150000000000000000e+03 -3.122000000000000000e+04 -1.235696500000000064e+01 5.389800000000000146e-02 7.110710000000000086e+00 1.053600000000000023e-02 -1.462393000000000054e+00 3.025299999999999864e-02 0.000000000000000000e+00 -2.376633199999999846e+01 9.084599999999999620e-02 9.977570680000000038e+02
6.400000000000000000e+03 4.150000000000000000e+03 -3.053000000000000000e+04 -1.228103899999999982e+01 5.460099999999999676e-02 7.071780999999999651e+00 9.081999999999999795e-03 -1.450069999999999970e+00 2.133600000000000080e-02 0.000000000000000000e+00 -2.363207299999999833e+01 6.117800000000000321e-02 1.013448966000000041e+03
6.400000000000000000e+03 4.150000000000000000e+03 -2.984000000000000000e+04 -1.231810600000000022e+01 6.053599999999999953e-02 7.086566999999999616e+00 1.424399999999999972e-02 -1.440526999999999891e+00 1.942800000000000082e-02 0.000000000000000000e+00 -2.362769600000000025e+01 7.626600000000000046e-02 1.029139863000000105e+03
6.400000000000000000e+03 4.150000000000000000e+03 -2.915000000000000000e+04 -1.236538000000000004e+01 7.356000000000000039e-02 7.103170000000000428e+00 1.168399999999999994e-02 -1.412916000000000061e+00 1.554900000000000032e-02 0.000000000000000000e+00 -2.362937900000000013e+01 7.389400000000000135e-02 1.044833761000000095e+03
6.400000000000000000e+03 4.150000000000000000e+03 -2.846000000000000000e+04 -1.241270699999999927e+01 4.609100000000000003e-02 7.099173999999999651e+00 9.364000000000000795e-03 -1.408773999999999971e+00 1.753800000000000150e-02 0.000000000000000000e+00 -2.363024199999999908e+01 7.264299999999999924e-02 1.060523658000000069e+03
6.400000000000000000e+03 4.150000000000000000e+03 -2.777000000000000000e+04 -1.245875000000000021e+01 6.725000000000000422e-02 7.108700999999999937e+00 1.688500000000000070e-02 -1.409394999999999953e+00 2.128400000000000084e-02 0.000000000000000000e+00 -2.363629299999999844e+01 7.511800000000000421e-02 1.076215556000000106e+03
6.400000000000000000e+03 4.150000000000000000e+03 -2.708000000000000000e+04 -1.250686199999999992e+01 2.572699999999999987e-02 7.112039000000000222e+00 7.347000000000000232e-03 -1.400341999999999976e+00 1.723099999999999979e-02 0.000000000000000000e+00 -2.362048100000000161e+01 7.891600000000000004e-02 1.091905453000000080e+03
6.400000000000000000e+03 4.150000000000000000e+03 -2.639000000000000000e+04 -1.255607200000000034e+01 5.793000000000000232e-02 7.122433000000000014e+00 9.993999999999999412e-03 -1.392838999999999938e+00 2.025499999999999870e-02 0.000000000000000000e+00 -2.364124800000000093e+01 6.401199999999999946e-02 1.107596350999999913e+03
6.400000000000000000e+03 4.150000000000000000e+03 -2.570000000000000000e+04 -1.260074900000000042e+01 3.791800000000000032e-02 7.133437999999999946e+00 1.174799999999999976e-02 -1.374857999999999913e+00 2.098900000000000071e-02 0.000000000000000000e+00 -2.362875500000000173e+01 8.229400000000000603e-02 1.123286247999999887e+03
6.400000000000000000e+03 4.150000000000000000e+03 -2.501000000000000000e+04 -1.265130800000000022e+01 8.107399999999999329e-02 7.120205999999999591e+00 9.218999999999999764e-03 -1.361188999999999982e+00 2.293999999999999859e-02 0.000000000000000000e+00 -2.361737700000000117e+01 8.117900000000000116e-02 1.138981146000000081e+03
6.400000000000000000e+03 4.150000000000000000e+03 -2.432000000000000000e+04 -1.269940599999999975e+01 4.747099999999999931e-02 7.134154999999999802e+00 1.178599999999999960e-02 -1.340381000000000045e+00 1.637200000000000114e-02 0.000000000000000000e+00 -2.363165400000000105e+01 8.397899999999999809e-02 1.154675044000000071e+03
6.400000000000000000e+03 4.150000000000000000e+03 -2.363000000000000000e+04 -1.274781499999999923e+01 7.499699999999999422e-02 7.146685999999999872e+00 1.456700000000000009e-02 -1.326008000000000076e+00 2.480800000000000019e-02 0.000000000000000000e+00 -2.363913099999999901e+01 6.722799999999999609e-02 1.170363941000000068e+03
6.400000000000000000e+03 4.150000000000000000e+03 -2.294000000000000000e+04 -1.279901500000000070e+01 4.563699999999999701e-02 7.158769000000000382e+00 8.538999999999999715e-03 -1.288945000000000007e+00 1.916100000000000095e-02 0.000000000000000000e+00 -2.363039500000000004e+01 7.387199999999999322e-02 1.186053838000000042e+03
6.400000000000000000e+03 4.150000000000000000e+03 -2.225000000000000000e+04 -1.284529700000000041e+01 8.004799999999999416e-02 7.161349000000000409e+00 1.203800000000000009e-02 -1.292292999999999914e+00 2.183300000000000171e-02 0.000000000000000000e+00 -2.362873099999999837e+01 7.896799999999999653e-02 1.201743735999999899e+03
6.400000000000000000e+03 4.150000000000000000e+03 -2.156000000000000000e+04 -1.289856999999999942e+01 3.181300000000000100e-02 7.175844999999999807e+00 8.675000000000000419e-03 -1.280259999999999954e+00 1.994699999999999945e-02 0.000000000000000000e+00 -2.362938400000000172e+01 7.321800000000000530e-02 1.217435633000000053e+03
6.400000000000000000e+03 4.150000000000000000e+03 -2.087000000000000000e+04 -1.294904499999999992e+01 6.521799999999999820e-02 7.186081999999999859e+00 1.522800000000000022e-02 -1.239514000000000005e+00 2.311799999999999966e-02 0.000000000000000000e+00 -2.363195400000000035e+01 8.673599999999999366e-02 1.233126531000000114e+03
6.400000000000000000e+03 4.150000000000000000e+03 -2.018000000000000000e+04 -1.299593800000000066e+01 4.168899999999999689e-02 7.171019000000000254e+00 1.206499999999999934e-02 -1.202374000000000054e+00 1.693899999999999920e-02 0.000000000000000000e+00 -2.363368499999999983e+01 8.222000000000000142e-02 1.248817428000000064e+03
6.400000000000000000e+03 4.150000000000000000e+03 -1.949000000000000000e+04 -1.304054200000000030e+01 5.637699999999999656e-02 7.205982999999999805e+00 1.058599999999999992e-02 -1.203265000000000029e+00 1.903300000000000131e-02 0.000000000000000000e+00 -2.363218799999999931e+01 7.191599999999999382e-02 1.264507325999999921e+03
6.400000000000000000e+03 4.150000000000000000e+03 -1.880000000000000000e+04 -1.309338400000000036e+01 5.531799999999999912e-02 7.219547999999999632e+00 1.340399999999999925e-02 -1.196148999999999907e+00 1.744199999999999917e-02 0.000000000000000000e+00 -2.363668900000000050e+01 8.350299999999999390e-02 1.280197222999999894e+03
6.400000000000000000e+03 4.150000000000000000e+03 -1.811000000000000000e+04 -1.314198299999999975e+01 7.122000000000000552e-02 7.205966000000000093e+00 1.574499999999999858e-02 -1.187424000000000035e+00 2.085100000000000148e-02 0.000000000000000000e+00 -2.365991100000000102e+01 7.999599999999999766e-02 1.295890120999999908e+03
6.400000000000000000e+03 4.150000000000000000e+03 -1.742000000000000000e+04 -1.318566900000000075e+01 5.050799999999999734e-02 7.214221000000000217e+00 9.128000000000000697e-03 -1.186061999999999950e+00 1.969800000000000023e-02 0.000000000000000000e+00 -2.362369100000000088e+01 7.947799999999999310e-02 1.311583018000000038e+03
6.400000000000000000e+03 4.150000000000000000e+03 -1.673000000000000000e+04 -1.324484299999999948e+01 8.310900000000000232e-02 7.234909000000000034e+00 1.812199999999999922e-02 -1.160066999999999959e+00 2.256100000000000119e-02 0.000000000000000000e+00 -2.363655999999999935e+01 7.452699999999999603e-02 1.327273916000000099e+03
6.400000000000000000e+03 4.150000000000000000e+03 -1.604000000000000000e+04 -1.329140600000000028e+01 3.658800000000000247e-02 7.238730000000000331e+00 1.069299999999999938e-02 -1.138387000000000038e+00 2.112400000000000042e-02 0.000000000000000000e+00 -2.362588900000000081e+01 7.166599999999999360e-02 1.342965813000000026e+03
6.400000000000000000e+03 4.150000000000000000e+03 -1.535000000000000000e+04 -1.332790199999999992e+01 5.821599999999999692e-02 7.248247000000000106e+00 1.440999999999999920e-02 -1.109588000000000019e+00 1.750200000000000020e-02 0.000000000000000000e+00 -2.362422899999999970e+01 6.584299999999999875e-02 1.358654710999999907e+03
6.400000000000000000e+03 4.150000000000000000e+03 -1.466000000000000000e+04 -1.340021699999999960e+01 5.215299999999999797e-02 7.280424000000000007e+00 1.130300000000000055e-02 -1.092370999999999981e+00 1.582199999999999926e-02 0.000000000000000000e+00 -2.364090900000000062e+01 7.974499999999999644e-02 1.374346608000000060e+03
6.400000000000000000e+03 4.150000000000000000e+03 -1.397000000000000000e+04 -1.345061800000000041e+01 6.673300000000000065e-02 7.264645999999999937e+00 1.197400000000000027e-02 -1.091153000000000040e+00 2.585000000000000145e-02 0.000000000000000000e+00 -2.363572599999999824e+01 7.477799999999999725e-02 1.390038506000000098e+03
6.400000000000000000e+03 4.150000000000000000e+03 -1.328000000000000000e+04 -1.349630400000000030e+01 4.843499999999999889e-02 7.317009999999999792e+00 1.281799999999999953e-02 -1.064030000000000031e+00 2.080100000000000005e-02 0.000000000000000000e+00 -2.363704699999999903e+01 7.466699999999999726e-02 1.405726402999999891e+03
6.400000000000000000e+03 4.150000000000000000e+03 -1.259000000000000000e+04 -1.354793699999999923e+01 7.333599999999999841e-02 7.297426999999999886e+00 1.943599999999999842e-02 -1.042013000000000078e+00 2.096500000000000100e-02 0.000000000000000000e+00 -2.364776099999999914e+01 6.926699999999999524e-02 1.421419300999999905e+03
6.400000000000000000e+03 4.150000000000000000e+03 -1.190000000000000000e+04 -1.359867599999999932e+01 5.917800000000000143e-02 7.326318999999999804e+00 1.302700000000000038e-02 -1.014782999999999991e+00 1.794300000000000062e-02 0.000000000000000000e+00 -2.362793399999999977e+01 7.488000000000000211e-02 1.437105197999999973e+03
6.400000000000000000e+03 4.150000000000000000e+03 -1.121000000000000000e+04 -1.364819600000000044e+01 7.132399999999999851e-02 7.335752000000000272e+00 1.992700000000000027e-02 -1.016078000000000037e+00 1.949100000000000138e-02 0.000000000000000000e+00 -2.363743799999999951e+01 8.219100000000000017e-02 1.452790095000000065e+03
6.400000000000000000e+03 4.150000000000000000e+03 -1.052000000000000000e+04 -1.370098800000000061e+01 5.693299999999999750e-02 7.339080000000000048e+00 8.167999999999999913e-03 -9.924960000000000448e-01 1.750499999999999973e-02 0.000000000000000000e+00 -2.362719999999999843e+01 7.658399999999999930e-02 1.468482991999999967e+03
6.400000000000000000e+03 4.150000000000000000e+03 -9.830000000000000000e+03 -1.375705699999999965e+01 5.610899999999999915e-02 7.329649999999999999e+00 1.729100000000000081e-02 -9.923119999999999719e-01 2.165299999999999864e-02 0.000000000000000000e+00 -2.364663099999999929e+01 7.435999999999999555e-02 1.484173890000000029e+03
6.400000000000000000e+03 4.150000000000000000e+03 -9.140000000000000000e+03 -1.381169799999999981e+01 5.242700000000000138e-02 7.349410999999999916e+00 1.533900000000000020e-02 -9.605160000000000364e-01 2.143300000000000066e-02 0.000000000000000000e+00 -2.364183399999999935e+01 7.605599999999999861e-02 1.499863787000000002e+03
6.400000000000000000e+03 4.150000000000000000e+03 -8.450000000000000000e+03 -1.386251399999999911e+01 7.079399999999999582e-02 7.350849000000000188e+00 1.583999999999999991e-02 -9.686540000000000150e-01 2.179800000000000140e-02 0.000000000000000000e+00 -2.363193000000000055e+01 7.189900000000000457e-02 1.515561684999999898e+03
6.400000000000000000e+03 4.150000000000000000e+03 -7.760000000000000000e+03 -1.391984800000000000e+01 7.157499999999999973e-02 7.372157999999999767e+00 1.263200000000000087e-02 -9.595810000000000173e-01 1.835300000000000126e-02 0.000000000000000000e+00 -2.362822099999999992e+01 8.631300000000000083e-02 1.531252582999999959e+03
6.400000000000000000e+03 4.150000000000000000e+03 -7.070000000000000000e+03 -1.397742599999999946e+01 7.047899999999999998e-02 7.387825999999999560e+00 1.329600000000000053e-02 -9.479520000000000168e-01 2.254799999999999860e-02 0.000000000000000000e+00 -2.364335099999999912e+01 8.529100000000000570e-02 1.546945480000000089e+03
6.400000000000000000e+03 4.150000000000000000e+03 -6.380000000000000000e+03 -1.403425000000000011e+01 6.816899999999999349e-02 7.384911999999999921e+00 1.158099999999999928e-02 -9.408130000000000104e-01 2.205299999999999969e-02 0.000000000000000000e+00 -2.363359000000000165e+01 7.853400000000000658e-02 1.562635377000000062e+03
6.400000000000000000e+03 4.150000000000000000e+03 -5.690000000000000000e+03 -1.409956200000000059e+01 1.103780000000000039e-01 7.373192999999999664e+00 2.578099999999999836e-02 -9.459760000000000391e-01 3.046099999999999849e-02 0.000000000000000000e+00 -2.364692200000000000e+01 8.373999999999999500e-02 1.578329275000000052e+03
6.400000000000000000e+03 4.150000000000000000e+03 -5.000000000000000000e+03 -1.415473300000000023e+01 6.037499999999999811e-02 7.385221999999999731e+00 1.656099999999999933e-02 -9.103980000000000405e-01 2.307100000000000123e-02 0.000000000000000000e+00 -2.362428699999999893e+01 7.842499999999999472e-02 1.594023173000000043e+03
