2.525000000000000000e+03 -3.950000000000000000e+03 -5.203200000000000000e+04 -1.095509594729926661e+01 7.630653137600898472e-02 6.646508661556704389e+00 1.216731172014784770e-02 -2.357209119921023888e+00 1.350039232270348021e-02 0.000000000000000000e+00 -2.346296600000000154e+01 1.890899999999999873e-02 2.119278214999999818e+03
2.525000000000000000e+03 -3.950000000000000000e+03 -5.203200000000000000e+04 -1.095243538741777378e+01 6.565862589414485362e-02 6.637503893848714753e+00 1.632670393185667659e-02 -2.372311494258925180e+00 1.513285106694129897e-02 0.000000000000000000e+00 -2.346580200000000005e+01 2.299000000000000002e-02 2.487437273000000005e+03
2.525000000000000000e+03 -3.950000000000000000e+03 -5.203200000000000000e+04 -1.094895898743598828e+01 7.175216492028667348e-02 6.649259286848989703e+00 1.188050048312089269e-02 -2.366375757861835183e+00 1.608603352360509289e-02 0.000000000000000000e+00 -2.347282600000000130e+01 2.465300000000000130e-02 2.508130457000000206e+03
2.525000000000000000e+03 5.000000000000000000e+01 -5.203200000000000000e+04 -1.092419893420194654e+01 5.012548376328697375e-02 6.749346855712190951e+00 1.311766974901269235e-02 -2.378057202822907001e+00 1.011662260106063055e-02 0.000000000000000000e+00 -2.348153800000000047e+01 1.931300000000000031e-02 2.735762475999999879e+03
2.525000000000000000e+03 5.000000000000000000e+01 -5.203200000000000000e+04 -1.090544404473201645e+01 6.709903685825324704e-02 6.809795382193856383e+00 1.473829508068957329e-02 -2.387351199711543082e+00 1.297183270819093036e-02 0.000000000000000000e+00 -2.347394299999999845e+01 1.946200000000000013e-02 3.103916533999999956e+03
2.525000000000000000e+03 5.000000000000000000e+01 -5.203200000000000000e+04 -1.090590995413213271e+01 6.828099172996153488e-02 6.808385500595161233e+00 1.097198835829034727e-02 -2.367038694467026083e+00 9.250259230879196229e-03 0.000000000000000000e+00 -2.347916899999999885e+01 2.152300000000000046e-02 3.124606717000000117e+03
2.525000000000000000e+03 4.050000000000000000e+03 -5.203200000000000000e+04 -1.114357624750670439e+01 7.272555087844546906e-02 6.738879401884371845e+00 1.386341998089298498e-02 -2.630558971370522414e+00 1.273280918964918122e-02 0.000000000000000000e+00 -2.341227699999999956e+01 1.435499999999999970e-02 8.536928279999999631e+02
2.525000000000000000e+03 4.050000000000000000e+03 -5.203200000000000000e+04 -1.114740556247863701e+01 7.737036355864715387e-02 6.756782275539642058e+00 1.342767408911111661e-02 -2.603615660146228805e+00 1.526017687837789329e-02 0.000000000000000000e+00 -2.344063900000000089e+01 1.595799999999999996e-02 1.221864886999999953e+03
2.525000000000000000e+03 4.050000000000000000e+03 -5.203200000000000000e+04 -1.114317069192694198e+01 6.969444574858645047e-02 6.762477130588449015e+00 1.329755632367272261e-02 -2.633232350632903618e+00 1.193762252779377239e-02 0.000000000000000000e+00 -2.343415699999999902e+01 3.123499999999999888e-02 1.242554069999999911e+03
2.525000000000000000e+03 8.050000000000000000e+03 -5.203200000000000000e+04 -1.112379125665452939e+01 4.437156371379075148e-02 6.517231258172185626e+00 1.069891228852132628e-02 -2.763441321010748020e+00 8.907929637998638489e-03 0.000000000000000000e+00 -2.343356599999999901e+01 1.908599999999999880e-02 1.470190090000000055e+03
2.525000000000000000e+03 8.050000000000000000e+03 -5.203200000000000000e+04 -1.114800558602421177e+01 6.397536494365360649e-02 6.542038623318862989e+00 1.467293743972171612e-02 -2.758947039237652277e+00 9.259247929305491898e-03 0.000000000000000000e+00 -2.346566800000000086e+01 2.148500000000000063e-02 1.838351147999999966e+03
2.525000000000000000e+03 8.050000000000000000e+03 -5.203200000000000000e+04 -1.115652785461642438e+01 5.807355948491620123e-02 6.537115829524395849e+00 1.202611240565226898e-02 -2.742513560594976418e+00 9.196949231050233903e-03 0.000000000000000000e+00 -2.347648099999999971e+01 2.136000000000000051e-02 1.859043331000000080e+03
4.525000000000000000e+03 -3.950000000000000000e+03 -5.203200000000000000e+04 -1.100670193290043031e+01 8.051103396725309280e-02 6.515904326053912676e+00 1.162119032724713737e-02 -2.940140156303255647e+00 1.619519690839599582e-02 0.000000000000000000e+00 -2.344569100000000006e+01 2.443100000000000133e-02 2.142369536000000153e+03
4.525000000000000000e+03 -3.950000000000000000e+03 -5.203200000000000000e+04 -1.099070162139405404e+01 6.247677076566590659e-02 6.548122097170168132e+00 1.629517881014263050e-02 -2.889529718911355349e+00 1.756175621172081924e-02 0.000000000000000000e+00 -2.345304199999999994e+01 1.953099999999999975e-02 2.464246947000000091e+03
4.525000000000000000e+03 -3.950000000000000000e+03 -5.203200000000000000e+04 -1.100285684763583482e+01 4.632887291053403717e-02 6.501130125742986543e+00 1.360641577361860685e-02 -2.938399492211402730e+00 1.368594299399965991e-02 0.000000000000000000e+00 -2.345807900000000146e+01 2.025499999999999870e-02 2.531218777000000046e+03
4.525000000000000000e+03 5.000000000000000000e+01 -5.203200000000000000e+04 -1.092821558186657427e+01 6.641840635090011380e-02 6.744870528369921736e+00 1.585955755001357270e-02 -2.314051812974263100e+00 1.233342840107803928e-02 0.000000000000000000e+00 -2.346938799999999858e+01 1.405400000000000052e-02 2.758849796999999853e+03
4.525000000000000000e+03 5.000000000000000000e+01 -5.203200000000000000e+04 -1.091313479285193822e+01 7.382347200651730168e-02 6.797213446393444158e+00 1.125747440213362843e-02 -2.310280749400312139e+00 1.211951422245385011e-02 0.000000000000000000e+00 -2.348185099999999892e+01 1.872199999999999906e-02 3.080728207999999995e+03
4.525000000000000000e+03 5.000000000000000000e+01 -5.203200000000000000e+04 -1.090413488950185439e+01 7.443693494568906499e-02 6.768363167614764642e+00 1.219085010543181392e-02 -2.335449985782878990e+00 9.987297311993102375e-03 0.000000000000000000e+00 -2.346886200000000144e+01 1.539399999999999970e-02 3.147696038000000044e+03
4.525000000000000000e+03 4.050000000000000000e+03 -5.203200000000000000e+04 -1.109286476644640729e+01 7.922309120478610023e-02 6.752043557910445415e+00 1.195256369975567293e-02 -2.396328377052688197e+00 1.415257322755930115e-02 0.000000000000000000e+00 -2.342497799999999941e+01 1.822299999999999962e-02 8.767831489999999803e+02
4.525000000000000000e+03 4.050000000000000000e+03 -5.203200000000000000e+04 -1.108118108771077104e+01 4.723715869974232096e-02 6.765105791162228321e+00 1.355390654277409054e-02 -2.371085344020216201e+00 1.571704579127721282e-02 0.000000000000000000e+00 -2.341883899999999841e+01 1.808799999999999991e-02 1.198671559999999999e+03
4.525000000000000000e+03 4.050000000000000000e+03 -5.203200000000000000e+04 -1.108998643913524518e+01 6.132202118242040256e-02 6.763432103680250052e+00 1.337161208228703803e-02 -2.400906049620589844e+00 9.950317302660239074e-03 0.000000000000000000e+00 -2.345497900000000158e+01 3.362600000000000311e-02 1.265645391000000018e+03
4.525000000000000000e+03 8.050000000000000000e+03 -5.203200000000000000e+04 -1.114535630986005010e+01 6.576869016619370234e-02 6.519375245027558385e+00 1.282198333799499344e-02 -2.879136025184400260e+00 9.610191626777980778e-03 0.000000000000000000e+00 -2.342244499999999974e+01 1.806299999999999920e-02 1.493282410999999911e+03
4.525000000000000000e+03 8.050000000000000000e+03 -5.203200000000000000e+04 -1.112081071478890770e+01 6.694997317890456767e-02 6.552412088561294645e+00 1.147846961558889045e-02 -2.868803860796873995e+00 1.256913710753295929e-02 0.000000000000000000e+00 -2.344676899999999975e+01 2.300999999999999920e-02 1.815162820999999894e+03
4.525000000000000000e+03 8.050000000000000000e+03 -5.203200000000000000e+04 -1.113397026272647672e+01 7.285670815901809649e-02 6.527652240624834512e+00 1.327352973366521111e-02 -2.838344699445284114e+00 1.191255231430989221e-02 0.000000000000000000e+00 -2.345141800000000032e+01 2.861500000000000155e-02 1.882134651999999960e+03
8.525000000000000000e+03 -3.950000000000000000e+03 -5.203200000000000000e+04 -1.112256099443288448e+01 7.032645299707952768e-02 6.490561363964332919e+00 1.759878273756379161e-02 -3.514164964872833252e+00 1.383168699058765112e-02 0.000000000000000000e+00 -2.345867000000000147e+01 2.761299999999999866e-02 2.167464972000000216e+03
8.525000000000000000e+03 -3.950000000000000000e+03 -5.203200000000000000e+04 -1.111781166046669966e+01 7.532986624363609274e-02 6.500118791887373071e+00 1.151717458730831985e-02 -3.481474031552209247e+00 1.706895082427029031e-02 0.000000000000000000e+00 -2.345746799999999865e+01 2.507500000000000007e-02 2.439154511000000184e+03
8.525000000000000000e+03 -3.950000000000000000e+03 -5.203200000000000000e+04 -1.111629977555726079e+01 7.556317661621160531e-02 6.472942977854800439e+00 1.225123509450261848e-02 -3.519213626882413237e+00 1.398662211995586706e-02 0.000000000000000000e+00 -2.345236099999999979e+01 2.197400000000000048e-02 2.556306211999999960e+03
8.525000000000000000e+03 5.000000000000000000e+01 -5.203200000000000000e+04 -1.094200559513551241e+01 7.219071681308343591e-02 6.651432337963756325e+00 8.264444248957067765e-03 -2.290249760293656678e+00 1.370758539163896041e-02 0.000000000000000000e+00 -2.347850800000000149e+01 1.486299999999999948e-02 2.783938231999999971e+03
8.525000000000000000e+03 5.000000000000000000e+01 -5.203200000000000000e+04 -1.092866706995140191e+01 9.388492869183960587e-02 6.680251424869103616e+00 1.260206697560903658e-02 -2.274183080087254449e+00 1.311782247442216942e-02 0.000000000000000000e+00 -2.348369399999999985e+01 1.500399999999999998e-02 3.055640772000000197e+03
8.525000000000000000e+03 5.000000000000000000e+01 -5.203200000000000000e+04 -1.092778499675270432e+01 7.091951363815270082e-02 6.684116580638126415e+00 1.039737281396288689e-02 -2.279022093597603327e+00 1.083379222134774923e-02 0.000000000000000000e+00 -2.347458900000000170e+01 1.616499999999999881e-02 3.172787472999999864e+03
8.525000000000000000e+03 4.050000000000000000e+03 -5.203200000000000000e+04 -1.094736440605220729e+01 6.986560312260857442e-02 6.771340730745023073e+00 1.023934905874451795e-02 -1.783778838567642300e+00 8.495982531016271766e-03 0.000000000000000000e+00 -2.340335599999999872e+01 1.187700000000000040e-02 9.018775839999999562e+02
8.525000000000000000e+03 4.050000000000000000e+03 -5.203200000000000000e+04 -1.094014592397106256e+01 7.129781732450383991e-02 6.779214585962578532e+00 7.486112520760630426e-03 -1.836352173590799719e+00 1.271761943479179924e-02 0.000000000000000000e+00 -2.343462900000000104e+01 2.049000000000000127e-02 1.173579124999999976e+03
8.525000000000000000e+03 4.050000000000000000e+03 -5.203200000000000000e+04 -1.095339785401304233e+01 8.437679231080356945e-02 6.772375105622018054e+00 1.118670580230938377e-02 -1.800653202683594190e+00 1.067400818025256333e-02 0.000000000000000000e+00 -2.343134099999999975e+01 1.501300000000000030e-02 1.290737826000000041e+03
8.525000000000000000e+03 8.050000000000000000e+03 -5.203200000000000000e+04 -1.110044813607045633e+01 6.234358039078230496e-02 6.615030751787535301e+00 1.398267089433317088e-02 -2.828103285763126973e+00 1.080184543116742904e-02 0.000000000000000000e+00 -2.344670899999999847e+01 3.022499999999999840e-02 1.518374845999999934e+03
8.525000000000000000e+03 8.050000000000000000e+03 -5.203200000000000000e+04 -1.112088503994387878e+01 6.782446462546032340e-02 6.636761831052103489e+00 1.581587232175478766e-02 -2.845898576602713170e+00 1.007871960973383274e-02 0.000000000000000000e+00 -2.345722400000000007e+01 1.199500000000000045e-02 1.790069385999999895e+03
8.525000000000000000e+03 8.050000000000000000e+03 -5.203200000000000000e+04 -1.112662362692274165e+01 8.186003542229486341e-02 6.621492464080583673e+00 1.297843596505164447e-02 -2.812722642542386797e+00 8.931636667581304215e-03 0.000000000000000000e+00 -2.345814800000000133e+01 2.476199999999999929e-02 1.907226087000000007e+03
1.252500000000000000e+04 -3.950000000000000000e+03 -5.203200000000000000e+04 -1.121493265866419797e+01 6.472099749484554188e-02 6.479466609634826568e+00 1.690452606603866717e-02 -3.998493599796869358e+00 1.917482369553407187e-02 0.000000000000000000e+00 -2.347051599999999993e+01 2.631700000000000012e-02 2.192557406999999785e+03
1.252500000000000000e+04 -3.950000000000000000e+03 -5.203200000000000000e+04 -1.117158084718394484e+01 7.203216261407063836e-02 6.542900690759011262e+00 1.674895095907013090e-02 -3.962846308689252250e+00 1.396342754880576693e-02 0.000000000000000000e+00 -2.345364800000000116e+01 1.819600000000000037e-02 2.414064076000000114e+03
1.252500000000000000e+04 -3.950000000000000000e+03 -5.203200000000000000e+04 -1.120172203479531348e+01 5.437846179787966805e-02 6.478123728857397623e+00 1.292312697776494546e-02 -3.977287047007400655e+00 1.149985593879791768e-02 0.000000000000000000e+00 -2.345792000000000144e+01 1.634199999999999889e-02 2.581399647000000186e+03
1.252500000000000000e+04 5.000000000000000000e+01 -5.203200000000000000e+04 -1.094734726128805846e+01 5.587771725200094131e-02 6.540189580800138458e+00 1.446171333116464362e-02 -2.219821776342442377e+00 1.152935233361577008e-02 0.000000000000000000e+00 -2.347819499999999948e+01 1.675000000000000100e-02 2.809029666999999790e+03
1.252500000000000000e+04 5.000000000000000000e+01 -5.203200000000000000e+04 -1.090976153365594215e+01 7.545105196144058501e-02 6.586979969369815890e+00 1.389668827440198283e-02 -2.192859614673491997e+00 1.012796770907621775e-02 0.000000000000000000e+00 -2.346406400000000048e+01 1.118199999999999923e-02 3.030550337000000127e+03
1.252500000000000000e+04 5.000000000000000000e+01 -5.203200000000000000e+04 -1.090751815662950897e+01 5.789069135361000346e-02 6.578933605209876134e+00 1.504456234890643417e-02 -2.240383634372197008e+00 9.842277090741320678e-03 0.000000000000000000e+00 -2.347845799999999983e+01 1.503400000000000049e-02 3.197877907999999934e+03
1.252500000000000000e+04 4.050000000000000000e+03 -5.203200000000000000e+04 -1.080543229211870049e+01 6.498796631682096647e-02 6.781180244907825561e+00 9.055283435445371509e-03 -1.154349258947755752e+00 1.135335976297293346e-02 0.000000000000000000e+00 -2.339180299999999946e+01 2.187700000000000061e-02 9.269690190000000030e+02
1.252500000000000000e+04 4.050000000000000000e+03 -5.203200000000000000e+04 -1.077026494530461953e+01 5.599467491533910435e-02 6.860535094787966415e+00 1.227429859879773481e-02 -1.178706201419227106e+00 1.387488792866614640e-02 0.000000000000000000e+00 -2.344072900000000104e+01 3.413000000000000062e-02 1.148487689000000046e+03
1.252500000000000000e+04 4.050000000000000000e+03 -5.203200000000000000e+04 -1.080805906141615935e+01 5.625633412099754344e-02 6.811902452212573955e+00 1.563865238370683308e-02 -1.173687700001317280e+00 1.040451017051104501e-02 0.000000000000000000e+00 -2.343423200000000151e+01 1.919699999999999879e-02 1.315828261000000111e+03
1.252500000000000000e+04 8.050000000000000000e+03 -5.203200000000000000e+04 -1.105568047677420473e+01 6.424514182262881790e-02 6.670476120860210578e+00 1.195540931402199955e-02 -2.753907918953986123e+00 9.853612957920827170e-03 0.000000000000000000e+00 -2.343675999999999959e+01 2.939800000000000052e-02 1.543570287000000008e+03
1.252500000000000000e+04 8.050000000000000000e+03 -5.203200000000000000e+04 -1.103145510754356451e+01 5.960419654259496713e-02 6.766105746594930359e+00 1.126435370290032253e-02 -2.814665743770847772e+00 1.143565088517772659e-02 0.000000000000000000e+00 -2.345539600000000036e+01 1.939899999999999958e-02 1.764980951000000005e+03
1.252500000000000000e+04 8.050000000000000000e+03 -5.203200000000000000e+04 -1.109022905605475096e+01 5.138047953698715586e-02 6.698708478499577623e+00 1.162507512989144169e-02 -2.758725524253157424e+00 1.051596865598332896e-02 0.000000000000000000e+00 -2.345083199999999835e+01 2.137400000000000064e-02 1.932321521999999959e+03
1.652500000000000000e+04 -3.950000000000000000e+03 -5.203200000000000000e+04 -1.128714035227513612e+01 5.985250751810791692e-02 6.451158686234968798e+00 1.432710086348417712e-02 -4.579374699960408357e+00 1.356280323688230371e-02 0.000000000000000000e+00 -2.347567700000000102e+01 2.798499999999999946e-02 2.217651842000000215e+03
1.652500000000000000e+04 -3.950000000000000000e+03 -5.203200000000000000e+04 -1.123131806902922136e+01 5.686393504341267363e-02 6.571129755751172752e+00 1.430150888774769403e-02 -4.563778325338371467e+00 1.893409820699726645e-02 0.000000000000000000e+00 -2.347099800000000158e+01 1.235900000000000019e-02 2.388974640999999792e+03
1.652500000000000000e+04 -3.950000000000000000e+03 -5.203200000000000000e+04 -1.127323782563702714e+01 7.023400919962079214e-02 6.381144156500522691e+00 1.089047644965827205e-02 -4.573275691094927708e+00 1.547148122989585456e-02 0.000000000000000000e+00 -2.346812200000000104e+01 1.467899999999999934e-02 2.606593088999999964e+03
1.652500000000000000e+04 5.000000000000000000e+01 -5.203200000000000000e+04 -1.095915131386488817e+01 8.836570624212573832e-02 6.398463390916335314e+00 1.291150377708839316e-02 -2.167117714716241927e+00 1.404307956057250159e-02 0.000000000000000000e+00 -2.346812699999999907e+01 1.905700000000000102e-02 2.834120101999999861e+03
1.652500000000000000e+04 5.000000000000000000e+01 -5.203200000000000000e+04 -1.090723651713943276e+01 7.221653659903019828e-02 6.505784900511017099e+00 1.054688942061061778e-02 -2.196218621236029733e+00 1.130365614260909167e-02 0.000000000000000000e+00 -2.347533400000000015e+01 1.583100000000000132e-02 3.005457902000000104e+03
1.652500000000000000e+04 5.000000000000000000e+01 -5.203200000000000000e+04 -1.095132145825194137e+01 7.134605845602969010e-02 6.430538049599891615e+00 1.147657093102896417e-02 -2.169084953495273194e+00 8.282016931512160493e-03 0.000000000000000000e+00 -2.348155300000000167e+01 1.999499999999999889e-02 3.222966343000000052e+03
1.652500000000000000e+04 4.050000000000000000e+03 -5.203200000000000000e+04 -1.062547954285293628e+01 7.438991080804373268e-02 6.799246264903006320e+00 1.182462739385877620e-02 -5.009219990160524993e-01 1.259412350930789667e-02 0.000000000000000000e+00 -2.341228699999999918e+01 2.025100000000000164e-02 9.520564540000000306e+02
1.652500000000000000e+04 4.050000000000000000e+03 -5.203200000000000000e+04 -1.055957385953924899e+01 6.349164744101506996e-02 6.937107604598904409e+00 1.107548435743254886e-02 -5.255638525016852469e-01 1.361067733340667538e-02 0.000000000000000000e+00 -2.343864200000000153e+01 1.051999999999999984e-02 1.123395254000000023e+03
1.652500000000000000e+04 4.050000000000000000e+03 -5.203200000000000000e+04 -1.062595347852915495e+01 6.401093571874874599e-02 6.815445195990503358e+00 8.992688034669439612e-03 -5.116619098907916330e-01 1.030717814541539344e-02 0.000000000000000000e+00 -2.345432800000000029e+01 8.342999999999999722e-03 1.340921696000000111e+03
1.652500000000000000e+04 8.050000000000000000e+03 -5.203200000000000000e+04 -1.104086612266118728e+01 7.018130731047249327e-02 6.739360755565275696e+00 1.290634588279429909e-02 -2.722841854604336476e+00 9.934586460779345693e-03 0.000000000000000000e+00 -2.343022799999999961e+01 1.378000000000000058e-02 1.568660722000000078e+03
1.652500000000000000e+04 8.050000000000000000e+03 -5.203200000000000000e+04 -1.098956848189451740e+01 3.963368209624705540e-02 6.842107387588934664e+00 1.248549015732500732e-02 -2.709027828233702362e+00 1.241245084682985646e-02 0.000000000000000000e+00 -2.344479199999999963e+01 2.436699999999999977e-02 1.739889515999999958e+03
1.652500000000000000e+04 8.050000000000000000e+03 -5.203200000000000000e+04 -1.101685568712375840e+01 6.965114266979390012e-02 6.760403804391892812e+00 8.665592487264991983e-03 -2.758101640797443910e+00 9.784518416185624887e-03 0.000000000000000000e+00 -2.345704999999999885e+01 1.114799999999999992e-02 1.957413958000000093e+03
2.052500000000000000e+04 -3.950000000000000000e+03 -5.203200000000000000e+04 -1.131855371686772926e+01 7.467919287566840425e-02 6.370656096910292554e+00 1.434362237844538993e-02 -5.196990485014321592e+00 1.651802901387682335e-02 0.000000000000000000e+00 -2.346200199999999825e+01 2.842300000000000035e-02 2.242843283000000156e+03
2.052500000000000000e+04 -3.950000000000000000e+03 -5.203200000000000000e+04 -1.128048263861819045e+01 4.886184329820235372e-02 6.486207842618241237e+00 1.249372778150481013e-02 -5.200304627703284055e+00 1.111079995425946938e-02 0.000000000000000000e+00 -2.346670599999999851e+01 1.659899999999999917e-02 2.363886207000000013e+03
2.052500000000000000e+04 -3.950000000000000000e+03 -5.203200000000000000e+04 -1.130868584883805461e+01 7.091236390714336646e-02 6.333932599534613850e+00 1.723465608136031182e-02 -5.201666865243448790e+00 1.216827201611224603e-02 0.000000000000000000e+00 -2.344100200000000100e+01 1.492199999999999950e-02 2.631687523999999939e+03
2.052500000000000000e+04 5.000000000000000000e+01 -5.203200000000000000e+04 -1.094274386646083030e+01 6.119838074601408051e-02 6.249266000684382760e+00 1.727727929118354558e-02 -2.133816862278271387e+00 1.289249643631264208e-02 0.000000000000000000e+00 -2.347024299999999997e+01 1.757900000000000088e-02 2.859311542999999801e+03
2.052500000000000000e+04 5.000000000000000000e+01 -5.203200000000000000e+04 -1.086146578460886580e+01 5.454002526903504317e-02 6.386782404252128842e+00 1.165885099222586235e-02 -2.135797342588307224e+00 1.010614512037568205e-02 0.000000000000000000e+00 -2.348336099999999860e+01 2.291199999999999834e-02 2.980366466999999830e+03
2.052500000000000000e+04 5.000000000000000000e+01 -5.203200000000000000e+04 -1.092012446866428377e+01 5.604051488228555672e-02 6.266490651634285314e+00 1.013404983252313638e-02 -2.108465097034491809e+00 1.145898925386827985e-02 0.000000000000000000e+00 -2.348069800000000029e+01 2.776299999999999948e-02 3.248051778000000013e+03
2.052500000000000000e+04 4.050000000000000000e+03 -5.203200000000000000e+04 -1.042244920644923134e+01 6.297960901931408395e-02 6.818596520320298282e+00 1.324682715274845199e-02 9.304957383951667493e-02 1.354977871256717731e-02 0.000000000000000000e+00 -2.341209800000000030e+01 7.986000000000000043e-03 9.771478899999999612e+02
2.052500000000000000e+04 4.050000000000000000e+03 -5.203200000000000000e+04 -1.034416085973850130e+01 6.407314717071643795e-02 6.954239671815209967e+00 1.323209240990996099e-02 8.479124453941799811e-02 1.482920874811993056e-02 0.000000000000000000e+00 -2.341389200000000059e+01 2.047399999999999914e-02 1.098305820000000040e+03
2.052500000000000000e+04 4.050000000000000000e+03 -5.203200000000000000e+04 -1.041617838805854568e+01 5.380713092604642867e-02 6.832049758578792265e+00 1.296503177526532602e-02 1.192029239513324457e-01 1.005455690588389663e-02 0.000000000000000000e+00 -2.343124600000000157e+01 1.642499999999999863e-02 1.366015131000000110e+03
2.052500000000000000e+04 8.050000000000000000e+03 -5.203200000000000000e+04 -1.096355437670190369e+01 6.196260009208621328e-02 6.728048964174622171e+00 1.326045429177072701e-02 -2.885786249116070401e+00 1.012948260297917395e-02 0.000000000000000000e+00 -2.343900999999999968e+01 1.023699999999999957e-02 1.593752156999999897e+03
2.052500000000000000e+04 8.050000000000000000e+03 -5.203200000000000000e+04 -1.091211394803241674e+01 6.268825493624141654e-02 6.812582084429852358e+00 1.222839706305381760e-02 -2.824840803673324796e+00 1.310113813060153481e-02 0.000000000000000000e+00 -2.345858499999999935e+01 2.021999999999999839e-02 1.714799080999999887e+03
2.052500000000000000e+04 8.050000000000000000e+03 -5.203200000000000000e+04 -1.096417402733586322e+01 8.396866870466834776e-02 6.738743565439447636e+00 1.212329973963428148e-02 -2.862341069955351092e+00 7.451083504339307134e-03 0.000000000000000000e+00 -2.344658499999999890e+01 2.147699999999999956e-02 1.982506392999999889e+03
2.452500000000000000e+04 -3.950000000000000000e+03 -5.203200000000000000e+04 -1.132655441792930162e+01 6.267664758575246242e-02 6.322724788315756683e+00 1.318298034156654107e-02 -5.817928342527837415e+00 1.452894867928378360e-02 0.000000000000000000e+00 -2.346746100000000013e+01 1.914499999999999882e-02 2.267934717999999975e+03
2.452500000000000000e+04 -3.950000000000000000e+03 -5.203200000000000000e+04 -1.130895984726118186e+01 7.361043546023862683e-02 6.403811167379874547e+00 1.738807345015011899e-02 -5.771516240934881914e+00 1.463019261822031715e-02 0.000000000000000000e+00 -2.348380300000000176e+01 3.088499999999999926e-02 2.338801771999999801e+03
2.452500000000000000e+04 -3.950000000000000000e+03 -5.203200000000000000e+04 -1.132156082294200772e+01 5.601948659878108056e-02 6.327591953487691434e+00 1.095889411513342390e-02 -5.799338078105512828e+00 1.854547645606017051e-02 0.000000000000000000e+00 -2.345774099999999862e+01 1.443799999999999945e-02 2.656780959000000166e+03
2.452500000000000000e+04 5.000000000000000000e+01 -5.203200000000000000e+04 -1.091026123968292971e+01 6.084084515851354014e-02 6.106384172366538188e+00 1.211307286965226764e-02 -2.075482485688501022e+00 1.183486713285251610e-02 0.000000000000000000e+00 -2.347472799999999893e+01 2.268600000000000130e-02 2.884402978000000076e+03
2.452500000000000000e+04 5.000000000000000000e+01 -5.203200000000000000e+04 -1.087303483365093193e+01 8.454080204460880099e-02 6.181678942811290156e+00 1.228760624497837219e-02 -2.085154453048495782e+00 1.074720374900527652e-02 0.000000000000000000e+00 -2.347350099999999884e+01 1.617400000000000088e-02 2.955277031999999963e+03
2.452500000000000000e+04 5.000000000000000000e+01 -5.203200000000000000e+04 -1.091191770742634759e+01 6.297922594761183601e-02 6.133117694847325829e+00 1.580174497105134648e-02 -2.069730600833584511e+00 6.622087881439623139e-03 0.000000000000000000e+00 -2.347527900000000045e+01 2.645799999999999888e-02 3.273139212999999927e+03
2.452500000000000000e+04 4.050000000000000000e+03 -5.203200000000000000e+04 -1.017852273387435957e+01 7.286420585489719604e-02 6.847237549205683393e+00 1.223353533839435965e-02 6.491431166088321714e-01 1.470873034151559157e-02 0.000000000000000000e+00 -2.341113999999999962e+01 2.220300000000000051e-02 1.002337329999999952e+03
2.452500000000000000e+04 4.050000000000000000e+03 -5.203200000000000000e+04 -1.012317159930642596e+01 6.601857507001866743e-02 6.917035750125099192e+00 1.340003160404681405e-02 6.407919125965052531e-01 1.086399888323157439e-02 0.000000000000000000e+00 -2.342893199999999965e+01 2.327100000000000002e-02 1.073215384000000086e+03
2.452500000000000000e+04 4.050000000000000000e+03 -5.203200000000000000e+04 -1.017915100824286512e+01 6.358572030867035152e-02 6.848211786369605925e+00 1.168713390812213711e-02 6.722841536267860629e-01 1.247438607071187956e-02 0.000000000000000000e+00 -2.343175799999999853e+01 2.885700000000000071e-02 1.391105567000000065e+03
2.452500000000000000e+04 8.050000000000000000e+03 -5.203200000000000000e+04 -1.093436377202087151e+01 9.127625160842961494e-02 6.787636665281087112e+00 1.503983449140387611e-02 -2.772049882351211636e+00 1.160856906710859733e-02 0.000000000000000000e+00 -2.344529299999999949e+01 2.931999999999999884e-02 1.618838592000000062e+03
2.452500000000000000e+04 8.050000000000000000e+03 -5.203200000000000000e+04 -1.088331433907976731e+01 7.067781653224745886e-02 6.845364347711207387e+00 1.287981589028413046e-02 -2.765865694236436134e+00 1.292501465633036188e-02 0.000000000000000000e+00 -2.345507800000000032e+01 2.820800000000000043e-02 1.689707644999999957e+03
2.452500000000000000e+04 8.050000000000000000e+03 -5.203200000000000000e+04 -1.090128989420330186e+01 5.603199193114193066e-02 6.803576994350692964e+00 8.559577477082965652e-03 -2.764315184602684550e+00 8.226349837094215980e-03 0.000000000000000000e+00 -2.346426200000000151e+01 1.103099999999999914e-02 2.007596827999999960e+03
2.852500000000000000e+04 -3.950000000000000000e+03 -5.203200000000000000e+04 -1.130884002702725866e+01 8.663102218556968659e-02 6.381890661281132360e+00 1.698779083833482084e-02 -6.277627174034608792e+00 1.370378734205683971e-02 0.000000000000000000e+00 -2.345147700000000057e+01 1.610599999999999879e-02 2.293026154000000133e+03
2.852500000000000000e+04 -3.950000000000000000e+03 -5.203200000000000000e+04 -1.130588586472718937e+01 7.594622910036516461e-02 6.397774250643534444e+00 1.191229959068546181e-02 -6.320869810402798272e+00 1.673340398414504757e-02 0.000000000000000000e+00 -2.346854400000000140e+01 1.936399999999999927e-02 2.313710336999999981e+03
2.852500000000000000e+04 -3.950000000000000000e+03 -5.203200000000000000e+04 -1.130239896373234032e+01 7.908492841372216642e-02 6.401682094190526584e+00 1.731790366049975466e-02 -6.312147415647666016e+00 1.429478448952928651e-02 0.000000000000000000e+00 -2.346177899999999994e+01 1.727400000000000116e-02 2.681872393999999986e+03
2.852500000000000000e+04 5.000000000000000000e+01 -5.203200000000000000e+04 -1.088659873475330464e+01 4.541739261823569268e-02 5.948533277023562604e+00 1.490964410643384752e-02 -2.066729457558492022e+00 1.252132730106968878e-02 0.000000000000000000e+00 -2.346837500000000176e+01 2.537899999999999878e-02 2.909494412999999895e+03
2.852500000000000000e+04 5.000000000000000000e+01 -5.203200000000000000e+04 -1.088363774605940648e+01 7.979406681065470686e-02 5.951297949077659410e+00 1.276001230855644195e-02 -2.062585442791640133e+00 1.013992498504112313e-02 0.000000000000000000e+00 -2.347320799999999963e+01 2.061299999999999938e-02 2.930186596999999892e+03
2.852500000000000000e+04 5.000000000000000000e+01 -5.203200000000000000e+04 -1.089093012995455467e+01 7.029489173985330186e-02 5.973790981187343974e+00 9.984042338827638086e-03 -2.056238653395530580e+00 7.673796183037466349e-03 0.000000000000000000e+00 -2.347962100000000163e+01 1.667199999999999932e-02 3.298328653000000031e+03
2.852500000000000000e+04 4.050000000000000000e+03 -5.203200000000000000e+04 -9.905172876595628395e+00 6.362073780313386162e-02 6.872645688801952701e+00 1.756710361807447759e-02 1.218799131077049624e+00 1.011693411349155747e-02 0.000000000000000000e+00 -2.341282400000000052e+01 1.591100000000000153e-02 1.027428765000000112e+03
2.852500000000000000e+04 4.050000000000000000e+03 -5.203200000000000000e+04 -9.905774079086112849e+00 6.876256015301419888e-02 6.873402830563622778e+00 9.684990775380321673e-03 1.222025576476893471e+00 1.116277057382711324e-02 0.000000000000000000e+00 -2.342312499999999886e+01 1.919900000000000079e-02 1.048121949000000086e+03
2.852500000000000000e+04 4.050000000000000000e+03 -5.203200000000000000e+04 -9.911869518086746211e+00 5.562976012764633132e-02 6.869560303364885989e+00 1.031079024885020977e-02 1.225384099979347496e+00 1.140467419897413758e-02 0.000000000000000000e+00 -2.345030500000000018e+01 2.398300000000000085e-02 1.416299007000000074e+03
2.852500000000000000e+04 8.050000000000000000e+03 -5.203200000000000000e+04 -1.082630717026727218e+01 6.424017947847257548e-02 6.797368898137738924e+00 1.076240735426411271e-02 -2.771753358553055602e+00 7.858098403208654825e-03 0.000000000000000000e+00 -2.345566000000000173e+01 1.953399999999999928e-02 1.643927026999999953e+03
2.852500000000000000e+04 8.050000000000000000e+03 -5.203200000000000000e+04 -1.083643564109348034e+01 6.675083778583013050e-02 6.794828353120354159e+00 1.120664551512973346e-02 -2.764429840768730884e+00 1.316498120727923639e-02 0.000000000000000000e+00 -2.344109600000000171e+01 1.432699999999999946e-02 1.664618210000000090e+03
2.852500000000000000e+04 8.050000000000000000e+03 -5.203200000000000000e+04 -1.081623203602701544e+01 6.968946621085490845e-02 6.814228437040244835e+00 1.127364130819196592e-02 -2.763764778952422674e+00 1.206074918486988064e-02 0.000000000000000000e+00 -2.345460699999999932e+01 1.110399999999999929e-02 2.032785268000000087e+03
