4.525000000000000000e+03 4.050000000000000000e+03 -7.000000000000000000e+04 -1.008483028027347039e+01 4.201915366053718404e-02 6.688421213306460444e+00 1.033746137084647770e-02 -2.854683330652366013e+00 8.221294731270881173e-03 0.000000000000000000e+00 -2.337670800000000071e+01 2.186799999999999855e-02 3.640308199999999772e+01
4.525000000000000000e+03 4.050000000000000000e+03 -7.000000000000000000e+04 -1.006299910404942111e+01 6.164039927837632743e-02 6.706438567897898828e+00 1.377557208747859190e-02 -2.851854015682107502e+00 1.489387093622824600e-02 0.000000000000000000e+00 -2.340323199999999915e+01 1.882699999999999999e-02 5.488103899999999840e+02
4.525000000000000000e+03 4.050000000000000000e+03 -7.000000000000000000e+04 -1.006471816191557522e+01 6.109947092861557627e-02 6.685820148701230536e+00 1.108717597805751812e-02 -2.864729650380376302e+00 9.440698283222696136e-03 0.000000000000000000e+00 -2.338630500000000012e+01 1.859200000000000089e-02 5.695045740000000478e+02
4.525000000000000000e+03 4.050000000000000000e+03 -6.650000000000000000e+04 -1.024053989598207615e+01 5.839964225214630544e-02 6.655069359672121543e+00 8.158232884557980319e-03 -2.918314879407927442e+00 1.028781735951047119e-02 0.000000000000000000e+00 -2.338950300000000126e+01 2.309900000000000148e-02 6.098648800000000136e+01
4.525000000000000000e+03 4.050000000000000000e+03 -6.650000000000000000e+04 -1.023765179959994498e+01 6.110790146365329550e-02 6.685122583742453273e+00 1.010114259798266211e-02 -2.869621876088498169e+00 1.218315053357136440e-02 0.000000000000000000e+00 -2.341805899999999951e+01 1.120600000000000068e-02 5.242189839999999776e+02
4.525000000000000000e+03 4.050000000000000000e+03 -6.650000000000000000e+04 -1.022321648457121412e+01 4.476875019643794529e-02 6.667239218391046940e+00 8.260617741062827035e-03 -2.888720185037967347e+00 1.235345936913931873e-02 0.000000000000000000e+00 -2.342485399999999984e+01 2.371200000000000044e-02 5.940949799999999641e+02
4.525000000000000000e+03 4.050000000000000000e+03 -6.300000000000000000e+04 -1.043838055675384346e+01 4.727532877661640848e-02 6.665301143649504212e+00 8.382660962666420648e-03 -2.811153062588544582e+00 7.958793454275206458e-03 0.000000000000000000e+00 -2.339444599999999852e+01 1.716000000000000164e-02 8.556389400000000478e+01
4.525000000000000000e+03 4.050000000000000000e+03 -6.300000000000000000e+04 -1.043627692755912939e+01 4.203469634406186567e-02 6.665501782750146376e+00 1.207935573720797864e-02 -2.797216742336683382e+00 8.135543573510779086e-03 0.000000000000000000e+00 -2.341119899999999987e+01 2.063399999999999956e-02 4.996305770000000166e+02
4.525000000000000000e+03 4.050000000000000000e+03 -6.300000000000000000e+04 -1.042122103621868590e+01 4.422914288368631763e-02 6.669903648013212560e+00 1.034243955440238005e-02 -2.803592184293960177e+00 8.117957491758214308e-03 0.000000000000000000e+00 -2.339688900000000160e+01 9.013000000000000178e-03 6.186833860000000413e+02
4.525000000000000000e+03 4.050000000000000000e+03 -5.950000000000000000e+04 -1.064305498936804462e+01 3.353394628446810383e-02 6.680547523598957760e+00 9.430015793471404825e-03 -2.751912969868389069e+00 9.815566755174537014e-03 0.000000000000000000e+00 -2.340859199999999873e+01 1.950700000000000003e-02 1.101432999999999964e+02
4.525000000000000000e+03 4.050000000000000000e+03 -5.950000000000000000e+04 -1.064653039333626516e+01 5.288951530599328432e-02 6.680210771002351500e+00 8.546532007184661633e-03 -2.724344302455067979e+00 9.597909686346895938e-03 0.000000000000000000e+00 -2.341517299999999935e+01 3.091500000000000151e-02 4.750391710000000103e+02
4.525000000000000000e+03 4.050000000000000000e+03 -5.950000000000000000e+04 -1.062408618147216188e+01 4.739473073872170483e-02 6.648935408963748017e+00 1.074146277927996371e-02 -2.730695312780493378e+00 8.325684390211581659e-03 0.000000000000000000e+00 -2.340829899999999952e+01 1.975999999999999979e-02 6.432757930000000215e+02
4.525000000000000000e+03 4.050000000000000000e+03 -5.600000000000000000e+04 -1.084470021609717172e+01 6.029958209032638961e-02 6.667579483062103129e+00 8.737178063253985341e-03 -2.658840052593852477e+00 9.243482310416502312e-03 0.000000000000000000e+00 -2.339059599999999861e+01 1.859500000000000042e-02 1.347197050000000047e+02
4.525000000000000000e+03 4.050000000000000000e+03 -5.600000000000000000e+04 -1.085661152527559814e+01 6.581061721098764583e-02 6.695227831445554223e+00 1.344924180746270327e-02 -2.649672066592379416e+00 8.899266436805702146e-03 0.000000000000000000e+00 -2.338888700000000043e+01 2.540500000000000050e-02 4.504487639999999828e+02
4.525000000000000000e+03 4.050000000000000000e+03 -5.600000000000000000e+04 -1.082326998860692058e+01 5.521918724345016571e-02 6.676318052714727003e+00 1.276695376379801718e-02 -2.609100796425888991e+00 1.155634530315856508e-02 0.000000000000000000e+00 -2.338693500000000114e+01 2.967200000000000046e-02 6.678661990000000515e+02
4.525000000000000000e+03 4.050000000000000000e+03 -5.250000000000000000e+04 -1.105203735290544742e+01 6.600644758551629798e-02 6.677280559867577736e+00 8.414764050509421223e-03 -2.601159236762583760e+00 9.223421009297074272e-03 0.000000000000000000e+00 -2.339490800000000092e+01 1.450899999999999933e-02 1.593001109999999869e+02
4.525000000000000000e+03 4.050000000000000000e+03 -5.250000000000000000e+04 -1.106466786787052214e+01 6.765406698575336664e-02 6.694066373958648342e+00 9.468716190423479354e-03 -2.568711068077478732e+00 1.224077881478172376e-02 0.000000000000000000e+00 -2.340893000000000157e+01 3.010900000000000035e-02 4.258583570000000122e+02
4.525000000000000000e+03 4.050000000000000000e+03 -5.250000000000000000e+04 -1.104129235507616613e+01 4.229376036857190185e-02 6.692691481717032431e+00 9.163020674837114160e-03 -2.570729228359714735e+00 1.033594906132593617e-02 0.000000000000000000e+00 -2.339953200000000066e+01 1.950899999999999856e-02 6.924546060000000125e+02
4.525000000000000000e+03 4.050000000000000000e+03 -4.900000000000000000e+04 -1.126152238932824368e+01 3.796452947892436924e-02 6.718545634338577877e+00 9.098715033726790732e-03 -2.513347315830163797e+00 9.853325640559962295e-03 0.000000000000000000e+00 -2.339398900000000125e+01 1.458399999999999974e-02 1.838825170000000071e+02
4.525000000000000000e+03 4.050000000000000000e+03 -4.900000000000000000e+04 -1.127960981994374023e+01 5.299436123009843708e-02 6.711807999436565808e+00 1.027480138754482790e-02 -2.484134491802746147e+00 8.685925584550422546e-03 0.000000000000000000e+00 -2.340952599999999961e+01 3.311000000000000054e-02 4.012679509999999823e+02
4.525000000000000000e+03 4.050000000000000000e+03 -4.900000000000000000e+04 -1.125159657550103454e+01 4.347239132434468911e-02 6.692725767599763564e+00 8.783251543648442836e-03 -2.516770278064450750e+00 1.145662715916154900e-02 0.000000000000000000e+00 -2.340347600000000128e+01 2.035000000000000003e-02 7.170450120000000425e+02
4.525000000000000000e+03 4.050000000000000000e+03 -4.550000000000000000e+04 -1.148206187853734406e+01 5.337460304137491007e-02 6.716415958522756746e+00 8.468259862237911828e-03 -2.446986818466819980e+00 7.720012375719513716e-03 0.000000000000000000e+00 -2.340454400000000135e+01 2.329699999999999827e-02 2.084599230000000034e+02
4.525000000000000000e+03 4.050000000000000000e+03 -4.550000000000000000e+04 -1.150147125423372430e+01 4.601866161262790217e-02 6.724608936478063903e+00 9.981759371451565457e-03 -2.437874877054551526e+00 1.044872835482319774e-02 0.000000000000000000e+00 -2.342965200000000081e+01 1.605699999999999836e-02 3.766755440000000021e+02
4.525000000000000000e+03 4.050000000000000000e+03 -4.550000000000000000e+04 -1.146815571098544417e+01 6.889559650077838049e-02 6.713905866621099783e+00 8.864550301907574148e-03 -2.431742787711677067e+00 9.080714880827799734e-03 0.000000000000000000e+00 -2.341219800000000006e+01 1.585999999999999910e-02 7.416314190000000508e+02
4.525000000000000000e+03 4.050000000000000000e+03 -4.200000000000000000e+04 -1.170362422001850433e+01 5.581018849284268002e-02 6.759321837611907746e+00 1.152695038631583978e-02 -2.366020606754946964e+00 9.797774195437676872e-03 0.000000000000000000e+00 -2.341132400000000047e+01 2.579899999999999902e-02 2.330383290000000045e+02
4.525000000000000000e+03 4.050000000000000000e+03 -4.200000000000000000e+04 -1.172156176831999019e+01 6.281920934670839896e-02 6.745198533342347424e+00 1.073192851102446575e-02 -2.364299699017327061e+00 8.866963431112446364e-03 0.000000000000000000e+00 -2.340327699999999922e+01 1.923000000000000057e-02 3.520851379999999722e+02
4.525000000000000000e+03 4.050000000000000000e+03 -4.200000000000000000e+04 -1.169018501971688728e+01 4.337546321251641024e-02 6.743117164834132815e+00 1.001611641423007237e-02 -2.347142803137518996e+00 1.101888579105106750e-02 0.000000000000000000e+00 -2.337560099999999963e+01 1.999400000000000135e-02 7.662208249999999907e+02
4.525000000000000000e+03 4.050000000000000000e+03 -3.850000000000000000e+04 -1.192748889570129123e+01 5.171953927840947790e-02 6.771117337089735955e+00 1.009565822340197094e-02 -2.251501245389673667e+00 1.115059226522593233e-02 0.000000000000000000e+00 -2.339317399999999836e+01 1.330500000000000085e-02 2.576287360000000035e+02
4.525000000000000000e+03 4.050000000000000000e+03 -3.850000000000000000e+04 -1.194815033390297465e+01 3.380680227324350806e-02 6.768043351540660169e+00 7.525768692261254784e-03 -2.292607023697378121e+00 8.100253554574577200e-03 0.000000000000000000e+00 -2.341684700000000063e+01 1.082200000000000002e-02 3.274967320000000086e+02
4.525000000000000000e+03 4.050000000000000000e+03 -3.850000000000000000e+04 -1.191750597856823468e+01 4.643938602889541301e-02 6.766045714042244086e+00 9.246779415938478214e-03 -2.271996634192491538e+00 1.006799889214389683e-02 0.000000000000000000e+00 -2.339931800000000095e+01 3.269099999999999784e-02 7.908082309999999779e+02
4.525000000000000000e+03 4.050000000000000000e+03 -3.500000000000000000e+04 -1.216025804296809554e+01 5.561837678866533852e-02 6.802731364904374800e+00 7.894074755729710638e-03 -2.197275588325698692e+00 8.703534462791795087e-03 0.000000000000000000e+00 -2.340709700000000026e+01 2.469000000000000014e-02 2.822191419999999766e+02
4.525000000000000000e+03 4.050000000000000000e+03 -3.500000000000000000e+04 -1.216364511565115158e+01 4.266319631368709758e-02 6.800515103275457385e+00 9.280435107861693608e-03 -2.224842116816459381e+00 1.147549744057154396e-02 0.000000000000000000e+00 -2.340700700000000012e+01 2.247400000000000092e-02 3.029053250000000048e+02
4.525000000000000000e+03 4.050000000000000000e+03 -3.500000000000000000e+04 -1.215233800348359416e+01 4.635634091705738424e-02 6.807061365260354435e+00 8.962149596862704209e-03 -2.199482987129984579e+00 9.659222555930978629e-03 0.000000000000000000e+00 -2.340677900000000022e+01 1.315099999999999950e-02 8.154006379999999581e+02
