4.525000000000000000e+03 4.050000000000000000e+03 -7.000000000000000000e+04 -7.990286274510101983e+00 4.972574634230060575e-02 5.674833973572564361e+00 1.013628736682411352e-02 5.127239519178923288e+00 1.342619715773382509e-02 0.000000000000000000e+00 -2.186720599999999948e+01 3.169600000000000195e-02 3.630707600000000213e+01
4.525000000000000000e+03 4.050000000000000000e+03 -7.000000000000000000e+04 -7.968160533674516266e+00 7.623242535345024773e-02 5.673150455660934455e+00 1.464674691802011521e-02 5.124548884139072946e+00 1.706974790235950279e-02 0.000000000000000000e+00 -2.187238100000000074e+01 4.512700000000000045e-02 5.486083780000000161e+02
4.525000000000000000e+03 4.050000000000000000e+03 -7.000000000000000000e+04 -7.966625087096448787e+00 6.419844550246912862e-02 5.670720064526526549e+00 1.267751552003047212e-02 5.123561415790367057e+00 1.802764056403089246e-02 0.000000000000000000e+00 -2.184175899999999970e+01 3.307700000000000223e-02 5.692885609999999588e+02
4.525000000000000000e+03 4.050000000000000000e+03 -6.650000000000000000e+04 -8.243923677743648426e+00 6.604180764139995496e-02 5.644686351872971741e+00 1.008644245206005360e-02 5.097589090989745664e+00 1.798214398000439959e-02 0.000000000000000000e+00 -2.184930900000000165e+01 3.561500000000000082e-02 6.089048300000000324e+01
4.525000000000000000e+03 4.050000000000000000e+03 -6.650000000000000000e+04 -8.239666810048168699e+00 4.874929177507510147e-02 5.689611328563538351e+00 1.614726851186768994e-02 5.104882420323809455e+00 1.893386574459218763e-02 0.000000000000000000e+00 -2.184576300000000160e+01 3.372200000000000197e-02 5.240199720000000525e+02
4.525000000000000000e+03 4.050000000000000000e+03 -6.650000000000000000e+04 -8.222950656894154164e+00 6.656753820107826070e-02 5.634658271940252483e+00 1.061543872435044729e-02 5.084741782660384679e+00 1.577562380819053783e-02 0.000000000000000000e+00 -2.184777000000000058e+01 2.723499999999999879e-02 5.938669670000000451e+02
4.525000000000000000e+03 4.050000000000000000e+03 -6.300000000000000000e+04 -8.458004218926891582e+00 5.112984039438173839e-02 5.656043610669357236e+00 9.528925238048205001e-03 5.147592192946744305e+00 1.765972001626122528e-02 0.000000000000000000e+00 -2.185792199999999852e+01 4.284099999999999714e-02 8.548989000000000260e+01
4.525000000000000000e+03 4.050000000000000000e+03 -6.300000000000000000e+04 -8.448492810207291370e+00 3.875482544441028604e-02 5.667195087703926326e+00 1.060039742440180288e-02 5.158753340607995952e+00 1.564390824627990423e-02 0.000000000000000000e+00 -2.185092900000000071e+01 3.718199999999999977e-02 4.994385659999999802e+02
4.525000000000000000e+03 4.050000000000000000e+03 -6.300000000000000000e+04 -8.434625781876130546e+00 5.959417503994889759e-02 5.640276004558970158e+00 7.078558081087933662e-03 5.135689566656242100e+00 1.315332288057269143e-02 0.000000000000000000e+00 -2.183604199999999906e+01 4.242100000000000037e-02 6.184483729999999468e+02
4.525000000000000000e+03 4.050000000000000000e+03 -5.950000000000000000e+04 -8.672024571213620803e+00 4.590706591554799543e-02 5.644214988086908136e+00 9.638336801955697114e-03 5.199044423256677483e+00 1.616013702657250264e-02 0.000000000000000000e+00 -2.187388100000000080e+01 3.712499999999999828e-02 1.100722959999999944e+02
4.525000000000000000e+03 4.050000000000000000e+03 -5.950000000000000000e+04 -8.669587682351835412e+00 4.921309798077011521e-02 5.668200480329308455e+00 1.367349750847642043e-02 5.207756235614912299e+00 1.697455970035186001e-02 0.000000000000000000e+00 -2.185075499999999948e+01 3.904900000000000038e-02 4.748571600000000217e+02
4.525000000000000000e+03 4.050000000000000000e+03 -5.950000000000000000e+04 -8.648042350634879583e+00 6.439687442644849436e-02 5.669759595912761796e+00 1.053592804312481444e-02 5.199599267501458399e+00 1.712216506094726629e-02 0.000000000000000000e+00 -2.186188100000000034e+01 3.434299999999999853e-02 6.430337799999999788e+02
4.525000000000000000e+03 4.050000000000000000e+03 -5.600000000000000000e+04 -8.889734300122556832e+00 5.166980989151163245e-02 5.657560666714799069e+00 1.096352577870403529e-02 5.253242384928297426e+00 1.707504724077619704e-02 0.000000000000000000e+00 -2.186207999999999885e+01 3.852599999999999775e-02 1.346237000000000137e+02
4.525000000000000000e+03 4.050000000000000000e+03 -5.600000000000000000e+04 -8.885862212260413173e+00 8.373250248132145523e-02 5.676602927180103286e+00 1.291998511060594643e-02 5.262540207036690454e+00 1.721117148706666905e-02 0.000000000000000000e+00 -2.183678700000000106e+01 2.386399999999999980e-02 4.502767539999999826e+02
4.525000000000000000e+03 4.050000000000000000e+03 -5.600000000000000000e+04 -8.866617899222012156e+00 5.082620905309329778e-02 5.662912985170753366e+00 9.816414883480608852e-03 5.260241485552761276e+00 2.190246502397929368e-02 0.000000000000000000e+00 -2.184885699999999886e+01 2.478299999999999947e-02 6.676181860000000370e+02
4.525000000000000000e+03 4.050000000000000000e+03 -5.250000000000000000e+04 -9.106080990729950031e+00 5.165229788734380934e-02 5.691359532692434442e+00 8.609762911718022230e-03 5.313151156772281780e+00 1.597147411985201659e-02 0.000000000000000000e+00 -2.187099600000000166e+01 2.936400000000000121e-02 1.592101059999999961e+02
4.525000000000000000e+03 4.050000000000000000e+03 -5.250000000000000000e+04 -9.113070519430198857e+00 5.765742848202861509e-02 5.677282527077831098e+00 1.251007923806653731e-02 5.318620835599674912e+00 1.613089452873127383e-02 0.000000000000000000e+00 -2.183185999999999893e+01 3.145300000000000179e-02 4.256923479999999813e+02
4.525000000000000000e+03 4.050000000000000000e+03 -5.250000000000000000e+04 -9.086428068922433710e+00 5.665642565710209133e-02 5.709623372736593261e+00 1.374616504486590209e-02 5.313231979225879975e+00 1.853960644999159968e-02 0.000000000000000000e+00 -2.184271299999999982e+01 3.390800000000000064e-02 6.921945909999999458e+02
4.525000000000000000e+03 4.050000000000000000e+03 -4.900000000000000000e+04 -9.307302703579614089e+00 4.309170947331070894e-02 5.697927089166255676e+00 8.883402452286068285e-03 5.359896578642353582e+00 1.838698149611573546e-02 0.000000000000000000e+00 -2.186009800000000070e+01 3.422100000000000142e-02 1.837885119999999972e+02
4.525000000000000000e+03 4.050000000000000000e+03 -4.900000000000000000e+04 -9.331157223193789818e+00 5.283409821178020049e-02 5.736166270577494508e+00 1.087305519800423927e-02 5.369739734639053630e+00 1.845980722567593102e-02 0.000000000000000000e+00 -2.183516799999999947e+01 2.959600000000000078e-02 4.011089420000000132e+02
4.525000000000000000e+03 4.050000000000000000e+03 -4.900000000000000000e+04 -9.307048742704713717e+00 3.724583121730102447e-02 5.690548598561234961e+00 1.069164215675029797e-02 5.362226438137180473e+00 1.582459825475275930e-02 0.000000000000000000e+00 -2.186721100000000106e+01 2.713199999999999987e-02 7.167789970000000039e+02
4.525000000000000000e+03 4.050000000000000000e+03 -4.550000000000000000e+04 -9.538032983591898883e+00 4.030302505723652728e-02 5.716581142048802633e+00 7.298130956906736903e-03 5.411619404411125878e+00 1.591611226938302245e-02 0.000000000000000000e+00 -2.184715900000000133e+01 4.319499999999999729e-02 2.083689180000000079e+02
4.525000000000000000e+03 4.050000000000000000e+03 -4.550000000000000000e+04 -9.559054756839177713e+00 4.185775695113640171e-02 5.710415526395157038e+00 9.928380081501330529e-03 5.417252615675718808e+00 1.882567839353577882e-02 0.000000000000000000e+00 -2.183801400000000115e+01 3.323399999999999965e-02 3.765235359999999787e+02
4.525000000000000000e+03 4.050000000000000000e+03 -4.550000000000000000e+04 -9.530220173805391326e+00 5.470675333126839152e-02 5.743964945707439540e+00 1.013241713032802908e-02 5.401022737084789860e+00 1.748656776067819205e-02 0.000000000000000000e+00 -2.187406000000000006e+01 3.330199999999999827e-02 7.413434019999999691e+02
4.525000000000000000e+03 4.050000000000000000e+03 -4.200000000000000000e+04 -9.767230797445337842e+00 4.952542088149757687e-02 5.739623394346232921e+00 1.185137027037845396e-02 5.467587290764529762e+00 1.875405508749812544e-02 0.000000000000000000e+00 -2.184259399999999829e+01 2.597000000000000003e-02 2.329503239999999948e+02
4.525000000000000000e+03 4.050000000000000000e+03 -4.200000000000000000e+04 -9.792968781657144461e+00 6.786139904066629258e-02 5.732787161333565251e+00 1.386273900202013125e-02 5.481933408633455684e+00 1.559616105345557578e-02 0.000000000000000000e+00 -2.184803300000000092e+01 3.483699999999999991e-02 3.519391299999999774e+02
4.525000000000000000e+03 4.050000000000000000e+03 -4.200000000000000000e+04 -9.763822583338184202e+00 7.250994509476786642e-02 5.751759639764475018e+00 1.569415096481847210e-02 5.459590844507098417e+00 1.564065071687354216e-02 0.000000000000000000e+00 -2.185473299999999952e+01 3.253700000000000342e-02 7.659248089999999820e+02
4.525000000000000000e+03 4.050000000000000000e+03 -3.850000000000000000e+04 -1.000387052150265710e+01 4.985803971428809378e-02 5.771836995326196984e+00 1.138308231901510349e-02 5.523821773930798429e+00 1.684073910987868294e-02 0.000000000000000000e+00 -2.183931600000000017e+01 1.907199999999999868e-02 2.575307300000000055e+02
4.525000000000000000e+03 4.050000000000000000e+03 -3.850000000000000000e+04 -1.003066746789263064e+01 6.354466784498302712e-02 5.778368559223030942e+00 1.187747411938671650e-02 5.529291056446314911e+00 1.754071537919930576e-02 0.000000000000000000e+00 -2.185851299999999853e+01 4.912600000000000300e-02 3.273567239999999856e+02
4.525000000000000000e+03 4.050000000000000000e+03 -3.850000000000000000e+04 -1.000500299226912126e+01 6.911563442291066006e-02 5.779523360927505848e+00 1.351205399230171952e-02 5.517269554626921035e+00 2.030179738909064155e-02 0.000000000000000000e+00 -2.185143000000000058e+01 2.828599999999999864e-02 7.904422110000000430e+02
4.525000000000000000e+03 4.050000000000000000e+03 -3.500000000000000000e+04 -1.024451183582340086e+01 6.803042133801834312e-02 5.785671994609044688e+00 9.243371542662399618e-03 5.577752951424245431e+00 1.569213510316553109e-02 0.000000000000000000e+00 -2.183731399999999923e+01 3.867899999999999811e-02 2.820931350000000180e+02
4.525000000000000000e+03 4.050000000000000000e+03 -3.500000000000000000e+04 -1.024053212898098231e+01 5.836951964343168459e-02 5.800344546928561940e+00 1.051045982750406504e-02 5.580335958950259467e+00 1.479482155382302877e-02 0.000000000000000000e+00 -2.185296999999999912e+01 4.035299999999999998e-02 3.027743179999999938e+02
4.525000000000000000e+03 4.050000000000000000e+03 -3.500000000000000000e+04 -1.024409285297072714e+01 4.368509636269927998e-02 5.806856689268359517e+00 1.190310440564397616e-02 5.564432879631615592e+00 1.689047990111641057e-02 0.000000000000000000e+00 -2.185882099999999895e+01 3.359600000000000086e-02 8.150176159999999754e+02
