2.525000000000000000e+03 -4.050000000000000000e+03 -5.203200000000000000e+04 2.295426900000000003e+01 6.460499999999999576e-02 6.212151000000000423e+00 1.288199999999999935e-02 -2.835182000000000091e+00 1.468299999999999987e-02 1.000000000000000000e+00 9.038513000000000019e+00 7.298999999999999932e-03 2.264365514000000076e+03
2.525000000000000000e+03 -4.050000000000000000e+03 -5.203200000000000000e+04 2.294024299999999883e+01 7.501299999999999635e-02 6.237542999999999616e+00 1.640099999999999891e-02 -2.839351000000000180e+00 1.812100000000000169e-02 1.000000000000000000e+00 9.024108000000000018e+00 8.930999999999999703e-03 2.682703441999999995e+03
2.525000000000000000e+03 -4.050000000000000000e+03 -5.203200000000000000e+04 2.293021200000000093e+01 8.363700000000000301e-02 6.259352999999999945e+00 1.630500000000000005e-02 -2.850598999999999883e+00 1.393800000000000074e-02 1.000000000000000000e+00 8.980238999999999194e+00 3.695199999999999874e-02 2.703495630999999776e+03
2.525000000000000000e+03 -5.000000000000000000e+01 -5.203200000000000000e+04 2.514199299999999937e+01 6.450400000000000578e-02 6.380266999999999911e+00 1.612200000000000091e-02 6.055118000000000222e+00 2.865399999999999892e-02 1.000000000000000000e+00 1.119897800000000032e+01 1.845300000000000065e-02 2.959404267999999774e+03
2.525000000000000000e+03 -5.000000000000000000e+01 -5.203200000000000000e+04 2.503459399999999846e+01 6.883499999999999341e-02 6.048599000000000281e+00 1.157099999999999969e-02 6.068289000000000044e+00 1.326500000000000075e-02 1.000000000000000000e+00 1.098708799999999997e+01 9.069000000000000672e-03 3.377748196000000007e+03
2.525000000000000000e+03 -5.000000000000000000e+01 -5.203200000000000000e+04 2.496723199999999920e+01 6.070799999999999808e-02 5.928401000000000032e+00 1.090299999999999950e-02 6.055795999999999957e+00 9.938999999999999918e-03 1.000000000000000000e+00 1.091440000000000055e+01 2.875399999999999831e-02 3.398539385000000038e+03
2.525000000000000000e+03 3.950000000000000000e+03 -5.203200000000000000e+04 2.248452100000000087e+01 5.019699999999999857e-02 7.356352000000000224e+00 1.077999999999999965e-02 -2.473437999999999803e+00 1.383900000000000061e-02 1.000000000000000000e+00 9.030262999999999707e+00 9.813000000000000542e-03 8.431602259999999660e+02
2.525000000000000000e+03 3.950000000000000000e+03 -5.203200000000000000e+04 2.250378299999999854e+01 6.795099999999999751e-02 7.332436999999999649e+00 1.055099999999999962e-02 -2.435601999999999823e+00 1.132799999999999953e-02 1.000000000000000000e+00 9.031190999999999747e+00 1.221200000000000063e-02 1.261498153000000002e+03
2.525000000000000000e+03 3.950000000000000000e+03 -5.203200000000000000e+04 2.249341899999999939e+01 5.695800000000000168e-02 7.322009999999999685e+00 1.001800000000000086e-02 -2.384932000000000052e+00 1.679299999999999890e-02 1.000000000000000000e+00 8.995796000000000348e+00 3.043999999999999831e-02 1.282287342999999964e+03
2.525000000000000000e+03 7.950000000000000000e+03 -5.203200000000000000e+04 2.199752000000000152e+01 7.792999999999999927e-02 8.286585000000000534e+00 1.424800000000000025e-02 -3.315050999999999970e+00 1.109800000000000023e-02 1.000000000000000000e+00 9.033813999999999567e+00 1.255700000000000045e-02 1.538206979999999930e+03
2.525000000000000000e+03 7.950000000000000000e+03 -5.203200000000000000e+04 2.206685699999999883e+01 7.080899999999999694e-02 8.229862999999999928e+00 1.397499999999999958e-02 -3.296025999999999900e+00 1.155400000000000003e-02 1.000000000000000000e+00 9.036034000000000788e+00 1.151699999999999946e-02 1.956647913999999901e+03
2.525000000000000000e+03 7.950000000000000000e+03 -5.203200000000000000e+04 2.201293000000000077e+01 9.660499999999999643e-02 8.231878999999999280e+00 1.346100000000000074e-02 -3.307638999999999996e+00 1.001600000000000060e-02 1.000000000000000000e+00 8.982559000000000182e+00 1.953999999999999834e-02 1.977439102999999932e+03
4.525000000000000000e+03 -4.050000000000000000e+03 -5.203200000000000000e+04 2.289219200000000143e+01 5.843399999999999983e-02 6.264606999999999815e+00 1.610500000000000126e-02 -2.944694999999999840e+00 1.298799999999999955e-02 1.000000000000000000e+00 9.026811000000000362e+00 9.258000000000000604e-03 2.287554841000000124e+03
4.525000000000000000e+03 -4.050000000000000000e+03 -5.203200000000000000e+04 2.287757500000000022e+01 8.199499999999999844e-02 6.278281999999999918e+00 1.660299999999999970e-02 -2.970908000000000104e+00 1.471100000000000012e-02 1.000000000000000000e+00 9.013761999999999830e+00 1.140099999999999968e-02 2.659613120999999865e+03
4.525000000000000000e+03 -4.050000000000000000e+03 -5.203200000000000000e+04 2.288730699999999985e+01 6.584399999999999975e-02 6.248372999999999955e+00 1.386899999999999938e-02 -2.974819000000000102e+00 1.071399999999999957e-02 1.000000000000000000e+00 9.019633000000000678e+00 8.420000000000000401e-03 2.726586952000000110e+03
4.525000000000000000e+03 -5.000000000000000000e+01 -5.203200000000000000e+04 2.501478200000000029e+01 6.868699999999999806e-02 6.203840999999999717e+00 1.689900000000000083e-02 6.028178999999999732e+00 1.319200000000000060e-02 1.000000000000000000e+00 1.100989200000000068e+01 1.180400000000000026e-02 2.982600594999999885e+03
4.525000000000000000e+03 -5.000000000000000000e+01 -5.203200000000000000e+04 2.506463499999999911e+01 6.647899999999999643e-02 6.004139000000000337e+00 1.761599999999999971e-02 6.011250000000000426e+00 1.096899999999999958e-02 1.000000000000000000e+00 1.098733600000000088e+01 1.020300000000000026e-02 3.354659874999999829e+03
4.525000000000000000e+03 -5.000000000000000000e+01 -5.203200000000000000e+04 2.500847200000000115e+01 7.853100000000000358e-02 5.876876000000000211e+00 1.303499999999999971e-02 5.959113000000000326e+00 1.119400000000000082e-02 1.000000000000000000e+00 1.092597800000000063e+01 8.822999999999999246e-03 3.421632705999999871e+03
4.525000000000000000e+03 3.950000000000000000e+03 -5.203200000000000000e+04 2.253796200000000027e+01 6.032699999999999868e-02 7.368593999999999866e+00 1.033199999999999917e-02 -2.338905000000000012e+00 1.289099999999999968e-02 1.000000000000000000e+00 9.041657000000000721e+00 8.899999999999999925e-03 8.663475519999999506e+02
4.525000000000000000e+03 3.950000000000000000e+03 -5.203200000000000000e+04 2.253723799999999855e+01 6.627700000000000258e-02 7.338724000000000025e+00 1.445600000000000010e-02 -2.311326000000000214e+00 1.000900000000000054e-02 1.000000000000000000e+00 9.021698999999999913e+00 1.391300000000000002e-02 1.238403831999999966e+03
4.525000000000000000e+03 3.950000000000000000e+03 -5.203200000000000000e+04 2.252456799999999859e+01 7.951800000000000535e-02 7.397079999999999878e+00 1.527899999999999918e-02 -2.334642000000000106e+00 1.078699999999999971e-02 1.000000000000000000e+00 9.032985000000000042e+00 1.716499999999999970e-02 1.305379662999999937e+03
4.525000000000000000e+03 7.950000000000000000e+03 -5.203200000000000000e+04 2.206165599999999927e+01 8.370199999999999863e-02 8.291442999999999230e+00 1.439000000000000001e-02 -3.232765999999999806e+00 1.386899999999999938e-02 1.000000000000000000e+00 9.027753999999999834e+00 9.195000000000000048e-03 1.561395307000000003e+03
4.525000000000000000e+03 7.950000000000000000e+03 -5.203200000000000000e+04 2.204395500000000041e+01 5.519199999999999801e-02 8.280563000000000784e+00 1.358099999999999932e-02 -3.256801999999999975e+00 1.130899999999999961e-02 1.000000000000000000e+00 9.030649999999999622e+00 1.002300000000000066e-02 1.933555593000000044e+03
4.525000000000000000e+03 7.950000000000000000e+03 -5.203200000000000000e+04 2.203641999999999967e+01 7.544399999999999717e-02 8.307456999999999425e+00 1.252799999999999921e-02 -3.251812999999999843e+00 1.046899999999999914e-02 1.000000000000000000e+00 9.022251000000000687e+00 8.314000000000000209e-03 2.000530424000000039e+03
8.525000000000000000e+03 -4.050000000000000000e+03 -5.203200000000000000e+04 2.277667399999999986e+01 7.362499999999999600e-02 6.179871000000000336e+00 1.872499999999999859e-02 -3.576423000000000130e+00 1.219100000000000045e-02 1.000000000000000000e+00 8.998096000000000316e+00 1.316999999999999942e-02 2.312642275000000154e+03
8.525000000000000000e+03 -4.050000000000000000e+03 -5.203200000000000000e+04 2.278982399999999942e+01 7.942799999999999860e-02 6.122606000000000215e+00 1.174700000000000050e-02 -3.598775999999999975e+00 1.503099999999999922e-02 1.000000000000000000e+00 9.029398000000000479e+00 1.147100000000000029e-02 2.634521686000000045e+03
8.525000000000000000e+03 -4.050000000000000000e+03 -5.203200000000000000e+04 2.277701800000000176e+01 5.963199999999999751e-02 6.169992999999999839e+00 1.479699999999999939e-02 -3.585446000000000133e+00 1.475800000000000028e-02 1.000000000000000000e+00 9.012072999999999112e+00 9.449000000000000801e-03 2.751673386999999821e+03
8.525000000000000000e+03 -5.000000000000000000e+01 -5.203200000000000000e+04 2.504489299999999830e+01 7.241100000000000314e-02 5.975958999999999577e+00 1.319000000000000034e-02 6.039878999999999998e+00 1.167499999999999961e-02 1.000000000000000000e+00 1.099421099999999996e+01 1.040899999999999985e-02 3.007693029999999908e+03
8.525000000000000000e+03 -5.000000000000000000e+01 -5.203200000000000000e+04 2.506177699999999930e+01 5.189499999999999669e-02 5.868678000000000061e+00 1.321600000000000032e-02 6.006683999999999912e+00 1.153099999999999958e-02 1.000000000000000000e+00 1.099430000000000085e+01 9.228000000000000091e-03 3.329572440999999799e+03
8.525000000000000000e+03 -5.000000000000000000e+01 -5.203200000000000000e+04 2.499757900000000177e+01 7.385400000000000298e-02 5.748111999999999888e+00 1.153400000000000085e-02 5.992970999999999826e+00 8.682999999999999746e-03 1.000000000000000000e+00 1.095191600000000065e+01 1.136599999999999937e-02 3.446725141999999778e+03
8.525000000000000000e+03 3.950000000000000000e+03 -5.203200000000000000e+04 2.269697899999999890e+01 7.321800000000000530e-02 7.300393999999999828e+00 1.168899999999999974e-02 -1.673032999999999992e+00 9.900000000000000813e-03 1.000000000000000000e+00 9.047890999999999906e+00 1.007300000000000036e-02 8.914379870000000210e+02
8.525000000000000000e+03 3.950000000000000000e+03 -5.203200000000000000e+04 2.270888100000000165e+01 5.642400000000000193e-02 7.282109000000000165e+00 1.184400000000000036e-02 -1.674409999999999954e+00 9.971000000000000696e-03 1.000000000000000000e+00 9.039417000000000257e+00 7.675999999999999664e-03 1.213312396999999919e+03
8.525000000000000000e+03 3.950000000000000000e+03 -5.203200000000000000e+04 2.268367699999999942e+01 5.559200000000000252e-02 7.323919000000000068e+00 1.499699999999999991e-02 -1.671864999999999934e+00 1.095400000000000020e-02 1.000000000000000000e+00 9.033998000000000417e+00 8.116999999999999216e-03 1.330471097999999984e+03
8.525000000000000000e+03 7.950000000000000000e+03 -5.203200000000000000e+04 2.210462400000000116e+01 7.135800000000000476e-02 8.321322999999999581e+00 8.564000000000000432e-03 -3.237568000000000001e+00 1.224800000000000021e-02 1.000000000000000000e+00 9.030908000000000158e+00 8.484000000000000222e-03 1.586587747999999920e+03
8.525000000000000000e+03 7.950000000000000000e+03 -5.203200000000000000e+04 2.211287499999999895e+01 6.418300000000000394e-02 8.272313000000000471e+00 1.656499999999999986e-02 -3.226948999999999845e+00 1.748200000000000101e-02 1.000000000000000000e+00 9.035641999999999285e+00 7.785000000000000253e-03 1.908463158000000021e+03
8.525000000000000000e+03 7.950000000000000000e+03 -5.203200000000000000e+04 2.207947199999999910e+01 8.513199999999999934e-02 8.311094000000000648e+00 1.301899999999999932e-02 -3.206195000000000128e+00 1.149700000000000027e-02 1.000000000000000000e+00 9.018242000000000758e+00 9.506000000000000560e-03 2.025620859000000110e+03
1.252500000000000000e+04 -4.050000000000000000e+03 -5.203200000000000000e+04 2.269189599999999984e+01 6.743899999999999895e-02 6.082516000000000034e+00 1.473900000000000036e-02 -4.261898000000000408e+00 1.053699999999999949e-02 1.000000000000000000e+00 9.006261999999999546e+00 8.651999999999999968e-03 2.337734711000000061e+03
1.252500000000000000e+04 -4.050000000000000000e+03 -5.203200000000000000e+04 2.271729200000000048e+01 7.027300000000000213e-02 6.004004000000000119e+00 1.602200000000000152e-02 -4.290735999999999883e+00 1.569900000000000115e-02 1.000000000000000000e+00 9.020557000000000158e+00 9.851000000000000381e-03 2.609432251000000178e+03
1.252500000000000000e+04 -4.050000000000000000e+03 -5.203200000000000000e+04 2.269135700000000000e+01 7.438500000000000667e-02 6.073400000000000354e+00 1.769599999999999992e-02 -4.255111000000000310e+00 1.520200000000000023e-02 1.000000000000000000e+00 9.018188000000000315e+00 1.098700000000000024e-02 2.776762822000000142e+03
1.252500000000000000e+04 -5.000000000000000000e+01 -5.203200000000000000e+04 2.500487000000000037e+01 7.798299999999999677e-02 5.868180999999999869e+00 1.337200000000000021e-02 6.021672999999999831e+00 1.781900000000000150e-02 1.000000000000000000e+00 1.098176800000000064e+01 7.507999999999999917e-03 3.032785464999999931e+03
1.252500000000000000e+04 -5.000000000000000000e+01 -5.203200000000000000e+04 2.507230099999999950e+01 7.485300000000000287e-02 5.752832999999999863e+00 1.197699999999999980e-02 6.024027000000000243e+00 1.207100000000000013e-02 1.000000000000000000e+00 1.099088300000000018e+01 7.431000000000000105e-03 3.304481005000000096e+03
1.252500000000000000e+04 -5.000000000000000000e+01 -5.203200000000000000e+04 2.501116599999999934e+01 8.525900000000000145e-02 5.672926000000000357e+00 1.622699999999999837e-02 5.943060000000000009e+00 1.105199999999999932e-02 1.000000000000000000e+00 1.093828199999999917e+01 1.327399999999999934e-02 3.471818576000000121e+03
1.252500000000000000e+04 3.950000000000000000e+03 -5.203200000000000000e+04 2.287321800000000138e+01 6.091599999999999793e-02 7.325928000000000218e+00 1.292699999999999926e-02 -1.001819999999999933e+00 1.149500000000000001e-02 1.000000000000000000e+00 9.033253000000000199e+00 9.154000000000000678e-03 9.165244219999999586e+02
1.252500000000000000e+04 3.950000000000000000e+03 -5.203200000000000000e+04 2.289721300000000070e+01 7.277200000000000335e-02 7.226525999999999783e+00 1.197900000000000006e-02 -9.685359999999999525e-01 1.107799999999999931e-02 1.000000000000000000e+00 9.053264999999999674e+00 9.648999999999999591e-03 1.188220962000000100e+03
1.252500000000000000e+04 3.950000000000000000e+03 -5.203200000000000000e+04 2.287033900000000131e+01 6.076000000000000151e-02 7.309099999999999930e+00 1.141299999999999953e-02 -1.013724999999999987e+00 1.181899999999999964e-02 1.000000000000000000e+00 9.034563999999999595e+00 9.667999999999999511e-03 1.355562533999999914e+03
1.252500000000000000e+04 7.950000000000000000e+03 -5.203200000000000000e+04 2.215825600000000151e+01 7.243199999999999639e-02 8.344614999999999227e+00 1.787800000000000153e-02 -3.208378999999999870e+00 1.090499999999999976e-02 1.000000000000000000e+00 9.028574000000000765e+00 8.139000000000000401e-03 1.611679182999999966e+03
1.252500000000000000e+04 7.950000000000000000e+03 -5.203200000000000000e+04 2.214088800000000035e+01 6.949600000000000222e-02 8.278591999999999729e+00 1.371999999999999956e-02 -3.210513999999999868e+00 1.566299999999999984e-02 1.000000000000000000e+00 9.023362999999999801e+00 1.177399999999999974e-02 1.883373722999999927e+03
1.252500000000000000e+04 7.950000000000000000e+03 -5.203200000000000000e+04 2.217065799999999953e+01 7.405000000000000471e-02 8.319808000000000092e+00 1.794600000000000015e-02 -3.162548999999999833e+00 1.360199999999999951e-02 1.000000000000000000e+00 9.023517000000000010e+00 6.852999999999999717e-03 2.050715294000000085e+03
1.652500000000000000e+04 -4.050000000000000000e+03 -5.203200000000000000e+04 2.265602099999999908e+01 7.085600000000000231e-02 5.947674000000000127e+00 1.287800000000000056e-02 -4.853593000000000046e+00 1.705900000000000125e-02 1.000000000000000000e+00 9.014298999999999396e+00 8.788999999999999937e-03 2.362925150999999914e+03
1.652500000000000000e+04 -4.050000000000000000e+03 -5.203200000000000000e+04 2.268653799999999876e+01 8.251100000000000101e-02 5.741074000000000233e+00 1.195899999999999914e-02 -4.944482999999999961e+00 1.002199999999999966e-02 1.000000000000000000e+00 9.024079000000000406e+00 1.454699999999999917e-02 2.584344815999999810e+03
1.652500000000000000e+04 -4.050000000000000000e+03 -5.203200000000000000e+04 2.265352499999999836e+01 6.129400000000000126e-02 5.945577000000000112e+00 1.403899999999999940e-02 -4.907874999999999766e+00 1.380299999999999930e-02 1.000000000000000000e+00 9.002983999999999654e+00 1.071199999999999930e-02 2.801849256999999852e+03
1.652500000000000000e+04 -5.000000000000000000e+01 -5.203200000000000000e+04 2.509712299999999985e+01 9.760099999999999332e-02 5.750892999999999589e+00 1.388099999999999924e-02 6.026072000000000095e+00 1.026400000000000055e-02 1.000000000000000000e+00 1.101680600000000076e+01 1.173500000000000064e-02 3.057878901000000042e+03
1.652500000000000000e+04 -5.000000000000000000e+01 -5.203200000000000000e+04 2.508372699999999966e+01 8.645899999999999419e-02 5.494333000000000133e+00 1.631900000000000017e-02 6.032976999999999812e+00 1.099200000000000003e-02 1.000000000000000000e+00 1.098856299999999919e+01 8.377000000000000765e-03 3.279388570000000072e+03
1.652500000000000000e+04 -5.000000000000000000e+01 -5.203200000000000000e+04 2.505166200000000032e+01 6.552600000000000091e-02 5.508568000000000353e+00 1.099999999999999936e-02 6.045601999999999698e+00 1.405799999999999932e-02 1.000000000000000000e+00 1.095919800000000066e+01 7.660000000000000142e-03 3.496909012000000075e+03
1.652500000000000000e+04 3.950000000000000000e+03 -5.203200000000000000e+04 2.310587100000000049e+01 5.622100000000000014e-02 7.223943000000000225e+00 1.416199999999999924e-02 -3.805230000000000001e-01 1.431800000000000087e-02 1.000000000000000000e+00 9.050444000000000599e+00 9.983999999999999819e-03 9.416108570000000100e+02
1.652500000000000000e+04 3.950000000000000000e+03 -5.203200000000000000e+04 2.316776399999999825e+01 5.112300000000000177e-02 7.013024999999999842e+00 1.393400000000000021e-02 -3.273710000000000231e-01 1.226700000000000013e-02 1.000000000000000000e+00 9.034677999999999543e+00 1.303900000000000024e-02 1.163128527000000076e+03
1.652500000000000000e+04 3.950000000000000000e+03 -5.203200000000000000e+04 2.309871899999999911e+01 6.521899999999999920e-02 7.212252999999999581e+00 1.416000000000000071e-02 -3.858320000000000083e-01 1.192999999999999963e-02 1.000000000000000000e+00 9.028658000000000072e+00 8.942999999999999561e-03 1.380754973999999947e+03
1.652500000000000000e+04 7.950000000000000000e+03 -5.203200000000000000e+04 2.223918799999999862e+01 7.953200000000000547e-02 8.317237999999999687e+00 1.059599999999999952e-02 -3.223145999999999844e+00 1.181699999999999938e-02 1.000000000000000000e+00 9.020070000000000476e+00 7.807999999999999836e-03 1.636766618000000108e+03
1.652500000000000000e+04 7.950000000000000000e+03 -5.203200000000000000e+04 2.228820999999999941e+01 5.759199999999999736e-02 8.159121000000000734e+00 1.595299999999999843e-02 -3.195885999999999783e+00 1.787300000000000000e-02 1.000000000000000000e+00 9.017834999999999823e+00 2.661300000000000124e-02 1.858277286999999887e+03
1.652500000000000000e+04 7.950000000000000000e+03 -5.203200000000000000e+04 2.224876700000000085e+01 7.030100000000000238e-02 8.295469000000000648e+00 1.605399999999999883e-02 -3.146050999999999931e+00 1.238599999999999944e-02 1.000000000000000000e+00 9.014253999999999323e+00 1.090900000000000029e-02 2.075807729000000108e+03
2.052500000000000000e+04 -4.050000000000000000e+03 -5.203200000000000000e+04 2.263853200000000143e+01 7.217700000000000504e-02 5.859727999999999604e+00 1.373399999999999968e-02 -5.532898999999999567e+00 9.981000000000000288e-03 1.000000000000000000e+00 9.025667999999999580e+00 1.041300000000000038e-02 2.388016587000000072e+03
2.052500000000000000e+04 -4.050000000000000000e+03 -5.203200000000000000e+04 2.265841999999999956e+01 9.322999999999999343e-02 5.686052000000000106e+00 1.418400000000000043e-02 -5.642159000000000368e+00 1.482900000000000017e-02 1.000000000000000000e+00 9.019007000000000218e+00 1.101599999999999975e-02 2.559257380999999896e+03
2.052500000000000000e+04 -4.050000000000000000e+03 -5.203200000000000000e+04 2.263531599999999955e+01 6.718499999999999472e-02 5.894376000000000282e+00 1.458300000000000048e-02 -5.540729999999999933e+00 1.115400000000000072e-02 1.000000000000000000e+00 9.007329999999999615e+00 1.102299999999999981e-02 2.826939691999999923e+03
2.052500000000000000e+04 -5.000000000000000000e+01 -5.203200000000000000e+04 2.508144599999999969e+01 6.173200000000000215e-02 5.591298000000000101e+00 1.609000000000000014e-02 6.155998000000000303e+00 1.055200000000000062e-02 1.000000000000000000e+00 1.100437299999999929e+01 8.512999999999999734e-03 3.083068341000000146e+03
2.052500000000000000e+04 -5.000000000000000000e+01 -5.203200000000000000e+04 2.511557499999999976e+01 6.386100000000000110e-02 5.342245000000000132e+00 1.246599999999999965e-02 6.165854999999999642e+00 1.097799999999999991e-02 1.000000000000000000e+00 1.100156699999999965e+01 7.610999999999999710e-03 3.254304134999999860e+03
2.052500000000000000e+04 -5.000000000000000000e+01 -5.203200000000000000e+04 2.503500800000000126e+01 8.004300000000000304e-02 5.382914999999999672e+00 1.286499999999999970e-02 6.151341999999999643e+00 1.239900000000000030e-02 1.000000000000000000e+00 1.094535499999999928e+01 1.192400000000000057e-02 3.521996446999999989e+03
2.052500000000000000e+04 3.950000000000000000e+03 -5.203200000000000000e+04 2.334153099999999981e+01 6.433800000000000630e-02 7.236974000000000018e+00 1.408599999999999956e-02 2.986480000000000246e-01 1.157700000000000048e-02 1.000000000000000000e+00 9.045854000000000283e+00 1.174099999999999970e-02 9.666982920000000377e+02
2.052500000000000000e+04 3.950000000000000000e+03 -5.203200000000000000e+04 2.341101700000000108e+01 5.488400000000000223e-02 6.960179000000000116e+00 1.279600000000000008e-02 3.896049999999999791e-01 1.391700000000000055e-02 1.000000000000000000e+00 9.036167999999999978e+00 1.386199999999999932e-02 1.138034092000000101e+03
2.052500000000000000e+04 3.950000000000000000e+03 -5.203200000000000000e+04 2.333823399999999992e+01 6.091799999999999993e-02 7.196976000000000262e+00 1.303200000000000018e-02 3.001289999999999791e-01 1.370900000000000070e-02 1.000000000000000000e+00 9.034807000000000698e+00 1.118099999999999997e-02 1.405846410000000105e+03
2.052500000000000000e+04 7.950000000000000000e+03 -5.203200000000000000e+04 2.229874799999999979e+01 5.774300000000000266e-02 8.351003000000000398e+00 1.468099999999999961e-02 -3.122310999999999837e+00 1.274100000000000059e-02 1.000000000000000000e+00 9.032503000000000171e+00 7.712000000000000105e-03 1.661859052999999903e+03
2.052500000000000000e+04 7.950000000000000000e+03 -5.203200000000000000e+04 2.239304999999999879e+01 6.923899999999999499e-02 8.105294000000000665e+00 1.538699999999999964e-02 -3.139956000000000191e+00 1.212300000000000010e-02 1.000000000000000000e+00 9.018411000000000399e+00 1.281200000000000047e-02 1.833186852000000044e+03
2.052500000000000000e+04 7.950000000000000000e+03 -5.203200000000000000e+04 2.230382099999999923e+01 5.844799999999999995e-02 8.302210999999999785e+00 1.303799999999999924e-02 -3.155940000000000190e+00 1.089900000000000070e-02 1.000000000000000000e+00 9.027813999999999339e+00 1.660800000000000123e-02 2.100897163999999975e+03
2.452500000000000000e+04 -4.050000000000000000e+03 -5.203200000000000000e+04 2.262980100000000050e+01 8.714199999999999724e-02 5.807274999999999743e+00 1.394500000000000080e-02 -6.193945000000000256e+00 8.408999999999999808e-03 1.000000000000000000e+00 9.037782999999999234e+00 8.262999999999999512e-03 2.413109022000000095e+03
2.452500000000000000e+04 -4.050000000000000000e+03 -5.203200000000000000e+04 2.264733599999999925e+01 6.520099999999999507e-02 5.633974000000000260e+00 1.468299999999999987e-02 -6.298375000000000057e+00 1.702599999999999947e-02 1.000000000000000000e+00 9.006346000000000629e+00 1.053100000000000043e-02 2.534169945999999982e+03
2.452500000000000000e+04 -4.050000000000000000e+03 -5.203200000000000000e+04 2.263366399999999956e+01 6.897200000000000553e-02 5.760019999999999918e+00 1.511700000000000023e-02 -6.211524999999999963e+00 1.373100000000000015e-02 1.000000000000000000e+00 9.007896000000000569e+00 1.627699999999999980e-02 2.852133131999999932e+03
2.452500000000000000e+04 -5.000000000000000000e+01 -5.203200000000000000e+04 2.510757100000000008e+01 7.730299999999999672e-02 5.491778000000000048e+00 1.027899999999999994e-02 6.241638000000000019e+00 9.974999999999999492e-03 1.000000000000000000e+00 1.101787900000000064e+01 1.199000000000000066e-02 3.108159775999999965e+03
2.452500000000000000e+04 -5.000000000000000000e+01 -5.203200000000000000e+04 2.512394799999999861e+01 7.333399999999999641e-02 5.276926999999999701e+00 1.299499999999999961e-02 6.191981000000000179e+00 1.217400000000000079e-02 1.000000000000000000e+00 1.100703599999999938e+01 1.115200000000000045e-02 3.229211699999999837e+03
2.452500000000000000e+04 -5.000000000000000000e+01 -5.203200000000000000e+04 2.503369400000000056e+01 9.102100000000000468e-02 5.294761000000000273e+00 1.295499999999999950e-02 6.211687999999999654e+00 1.119999999999999989e-02 1.000000000000000000e+00 1.094007500000000022e+01 1.246599999999999965e-02 3.547084881000000223e+03
2.452500000000000000e+04 3.950000000000000000e+03 -5.203200000000000000e+04 2.360112200000000016e+01 7.240299999999999514e-02 7.200365999999999822e+00 1.342299999999999917e-02 9.619539999999999758e-01 1.015600000000000010e-02 1.000000000000000000e+00 9.041588000000000847e+00 8.385000000000000092e-03 9.918887330000000020e+02
2.452500000000000000e+04 3.950000000000000000e+03 -5.203200000000000000e+04 2.363169800000000009e+01 5.988799999999999679e-02 7.061778999999999584e+00 9.877000000000000363e-03 1.004097999999999935e+00 1.167999999999999941e-02 1.000000000000000000e+00 9.035681999999999547e+00 1.012700000000000058e-02 1.112941657000000077e+03
2.452500000000000000e+04 3.950000000000000000e+03 -5.203200000000000000e+04 2.359850099999999884e+01 6.320000000000000617e-02 7.160172000000000203e+00 1.530100000000000036e-02 9.744920000000000249e-01 1.218699999999999992e-02 1.000000000000000000e+00 9.022831999999999297e+00 9.646000000000000060e-03 1.430938844999999901e+03
2.452500000000000000e+04 7.950000000000000000e+03 -5.203200000000000000e+04 2.235724099999999837e+01 5.484100000000000086e-02 8.378265000000000740e+00 1.418099999999999916e-02 -3.205823000000000089e+00 1.331799999999999998e-02 1.000000000000000000e+00 9.024665000000000603e+00 9.187000000000000721e-03 1.687047493000000031e+03
2.452500000000000000e+04 7.950000000000000000e+03 -5.203200000000000000e+04 2.243390000000000128e+01 6.130599999999999938e-02 8.149312000000000111e+00 1.122599999999999987e-02 -3.169357000000000202e+00 1.445500000000000083e-02 1.000000000000000000e+00 9.028971000000000302e+00 9.358999999999999264e-03 1.808095416999999998e+03
2.452500000000000000e+04 7.950000000000000000e+03 -5.203200000000000000e+04 2.234402499999999847e+01 6.970200000000000007e-02 8.318469000000000335e+00 1.083499999999999915e-02 -3.152553000000000161e+00 1.313399999999999984e-02 1.000000000000000000e+00 9.007196000000000424e+00 8.644000000000000641e-03 2.125987599000000046e+03
2.852500000000000000e+04 -4.050000000000000000e+03 -5.203200000000000000e+04 2.262769799999999876e+01 7.759099999999999331e-02 5.764988999999999919e+00 1.467899999999999934e-02 -6.893563999999999581e+00 7.924000000000000488e-03 1.000000000000000000e+00 9.012499999999999289e+00 1.384499999999999967e-02 2.438205457000000024e+03
2.852500000000000000e+04 -4.050000000000000000e+03 -5.203200000000000000e+04 2.263326100000000096e+01 7.277899999999999647e-02 5.707021000000000122e+00 1.059799999999999978e-02 -6.936452000000000062e+00 1.465299999999999936e-02 1.000000000000000000e+00 9.016548999999999481e+00 1.108199999999999984e-02 2.509076511000000210e+03
2.852500000000000000e+04 -4.050000000000000000e+03 -5.203200000000000000e+04 2.262722499999999926e+01 6.178100000000000258e-02 5.794990999999999559e+00 1.030000000000000013e-02 -6.935774000000000328e+00 1.513600000000000015e-02 1.000000000000000000e+00 8.996292999999999651e+00 9.702000000000000554e-03 2.877223567000000003e+03
2.852500000000000000e+04 -5.000000000000000000e+01 -5.203200000000000000e+04 2.510377499999999884e+01 7.610599999999999310e-02 5.416206999999999994e+00 1.396400000000000072e-02 6.307066999999999979e+00 1.147399999999999982e-02 1.000000000000000000e+00 1.100223300000000037e+01 1.412199999999999914e-02 3.133254211999999825e+03
2.852500000000000000e+04 -5.000000000000000000e+01 -5.203200000000000000e+04 2.514630100000000112e+01 7.027799999999999325e-02 5.341688999999999687e+00 1.504899999999999988e-02 6.238115999999999772e+00 1.515900000000000060e-02 1.000000000000000000e+00 1.101406399999999941e+01 1.044699999999999969e-02 3.204121265000000221e+03
2.852500000000000000e+04 -5.000000000000000000e+01 -5.203200000000000000e+04 2.504013600000000039e+01 7.127699999999999314e-02 5.229039000000000215e+00 1.169399999999999953e-02 6.267799000000000120e+00 1.001100000000000080e-02 1.000000000000000000e+00 1.094199700000000064e+01 1.366700000000000033e-02 3.572177317000000130e+03
2.852500000000000000e+04 3.950000000000000000e+03 -5.203200000000000000e+04 2.387650299999999959e+01 7.128199999999999814e-02 7.232085999999999792e+00 1.211600000000000003e-02 1.582219000000000042e+00 1.239200000000000024e-02 1.000000000000000000e+00 9.046310999999999325e+00 1.134199999999999965e-02 1.016979167999999959e+03
2.852500000000000000e+04 3.950000000000000000e+03 -5.203200000000000000e+04 2.388876199999999983e+01 6.769500000000000517e-02 7.150878999999999763e+00 1.224899999999999947e-02 1.642007999999999912e+00 1.473900000000000036e-02 1.000000000000000000e+00 9.042863999999999791e+00 1.113300000000000053e-02 1.087853221000000076e+03
2.852500000000000000e+04 3.950000000000000000e+03 -5.203200000000000000e+04 2.386613399999999885e+01 6.767299999999999705e-02 7.212882999999999711e+00 1.327399999999999934e-02 1.651191000000000075e+00 1.042000000000000044e-02 1.000000000000000000e+00 9.022111999999999910e+00 1.593200000000000172e-02 1.456027280000000019e+03
2.852500000000000000e+04 7.950000000000000000e+03 -5.203200000000000000e+04 2.244292599999999993e+01 8.606800000000000561e-02 8.393776000000000792e+00 1.379499999999999997e-02 -3.189564999999999984e+00 1.109100000000000016e-02 1.000000000000000000e+00 9.028107000000000326e+00 8.458999999999999506e-03 1.712141928999999891e+03
2.852500000000000000e+04 7.950000000000000000e+03 -5.203200000000000000e+04 2.245457800000000148e+01 7.258100000000000662e-02 8.273998999999999882e+00 1.182099999999999991e-02 -3.200448000000000182e+00 1.255799999999999972e-02 1.000000000000000000e+00 9.010737000000000663e+00 9.520999999999999949e-03 1.783005981999999904e+03
2.852500000000000000e+04 7.950000000000000000e+03 -5.203200000000000000e+04 2.240797600000000145e+01 6.372999999999999499e-02 8.370601999999999876e+00 1.686500000000000152e-02 -3.150738000000000039e+00 1.116699999999999984e-02 1.000000000000000000e+00 9.015207000000000193e+00 9.029000000000000567e-03 2.151081035000000156e+03
3.252500000000000000e+04 -4.050000000000000000e+03 -5.203200000000000000e+04 2.262682900000000075e+01 6.963300000000000045e-02 5.767293999999999699e+00 1.653500000000000109e-02 -7.647377999999999787e+00 1.096100000000000026e-02 1.000000000000000000e+00 9.024580000000000268e+00 8.697999999999999135e-03 2.463295892000000094e+03
3.252500000000000000e+04 -4.050000000000000000e+03 -5.203200000000000000e+04 2.263642199999999960e+01 6.666700000000000403e-02 5.767718000000000345e+00 1.323299999999999997e-02 -7.649022999999999683e+00 1.895300000000000110e-02 1.000000000000000000e+00 8.977021000000000583e+00 2.542900000000000021e-02 2.483984076000000186e+03
3.252500000000000000e+04 -4.050000000000000000e+03 -5.203200000000000000e+04 2.233367099999999894e+01 1.367849999999999899e-01 4.951833999999999847e+00 2.065490000000000104e-01 -9.054762999999999451e+00 3.846999999999999725e-02 1.000000000000000000e+00 8.876150000000000873e+00 1.228899999999999958e-02 2.902314002999999957e+03
3.252500000000000000e+04 -5.000000000000000000e+01 -5.203200000000000000e+04 2.514864800000000145e+01 7.707200000000000162e-02 5.360581999999999958e+00 1.548399999999999950e-02 6.270177000000000334e+00 1.139300000000000035e-02 1.000000000000000000e+00 1.100503400000000020e+01 9.426999999999999616e-03 3.158343647000000146e+03
3.252500000000000000e+04 -5.000000000000000000e+01 -5.203200000000000000e+04 2.512682300000000168e+01 7.236499999999999877e-02 5.359911000000000314e+00 1.047099999999999941e-02 6.268060000000000187e+00 1.260599999999999915e-02 1.000000000000000000e+00 1.096837200000000045e+01 2.142799999999999913e-02 3.179029829999999947e+03
3.252500000000000000e+04 -5.000000000000000000e+01 -5.203200000000000000e+04 2.509093100000000121e+01 4.679799999999999932e-02 5.162550000000000416e+00 1.370200000000000064e-02 6.278278000000000247e+00 1.276000000000000051e-02 1.000000000000000000e+00 1.091893999999999920e+01 1.158700000000000008e-02 3.597367756999999983e+03
3.252500000000000000e+04 3.950000000000000000e+03 -5.203200000000000000e+04 2.416315499999999972e+01 7.847899999999999321e-02 7.270569000000000059e+00 1.418400000000000043e-02 2.236495000000000122e+00 1.468900000000000067e-02 1.000000000000000000e+00 9.039834000000000813e+00 1.002699999999999945e-02 1.042071603000000096e+03
3.252500000000000000e+04 3.950000000000000000e+03 -5.203200000000000000e+04 2.416247399999999956e+01 5.357100000000000056e-02 7.288972000000000229e+00 1.794099999999999862e-02 2.264511999999999858e+00 1.325299999999999916e-02 1.000000000000000000e+00 8.993088999999999444e+00 2.458899999999999975e-02 1.062761786000000029e+03
3.252500000000000000e+04 3.950000000000000000e+03 -5.203200000000000000e+04 2.415323599999999971e+01 7.489500000000000324e-02 7.224833000000000283e+00 1.129800000000000075e-02 2.292933000000000110e+00 9.698999999999999289e-03 1.000000000000000000e+00 9.042621000000000464e+00 1.197699999999999980e-02 1.481114714999999933e+03
3.252500000000000000e+04 7.950000000000000000e+03 -5.203200000000000000e+04 2.252710000000000079e+01 7.241499999999999326e-02 8.458717999999999293e+00 1.295100000000000071e-02 -3.155511999999999873e+00 1.148000000000000062e-02 1.000000000000000000e+00 9.028321000000000041e+00 1.018100000000000081e-02 1.737232363999999961e+03
3.252500000000000000e+04 7.950000000000000000e+03 -5.203200000000000000e+04 2.250008400000000108e+01 7.438200000000000367e-02 8.462462999999999624e+00 1.143399999999999972e-02 -3.170434999999999892e+00 1.127599999999999957e-02 1.000000000000000000e+00 8.981645000000000323e+00 3.366299999999999848e-02 1.757919546999999966e+03
3.252500000000000000e+04 7.950000000000000000e+03 -5.203200000000000000e+04 2.248183699999999874e+01 6.883999999999999841e-02 8.415551999999999921e+00 1.237800000000000011e-02 -3.113820000000000032e+00 1.244100000000000067e-02 1.000000000000000000e+00 9.006410999999999945e+00 9.974000000000000227e-03 2.176272476000000097e+03
