2.525000000000000000e+03 -3.950000000000000000e+03 -5.203200000000000000e+04 2.339993600000000029e+01 5.573899999999999688e-02 5.230368000000000350e+00 1.422099999999999927e-02 -2.447903000000000162e+00 1.668999999999999997e-02 1.000000000000000000e+00 9.253928999999999405e+00 9.287000000000000116e-03 2.108830617999999959e+03
2.525000000000000000e+03 -3.950000000000000000e+03 -5.203200000000000000e+04 2.340471700000000155e+01 5.720599999999999991e-02 5.229478000000000293e+00 1.621300000000000172e-02 -2.463928000000000118e+00 1.619200000000000153e-02 1.000000000000000000e+00 9.249055999999999500e+00 1.121499999999999928e-02 2.476990675000000010e+03
2.525000000000000000e+03 -3.950000000000000000e+03 -5.203200000000000000e+04 2.340846200000000010e+01 7.063800000000000634e-02 5.227805000000000035e+00 1.685499999999999846e-02 -2.476125000000000131e+00 1.307700000000000008e-02 1.000000000000000000e+00 9.232416999999999874e+00 1.614000000000000157e-02 2.497784865000000082e+03
2.525000000000000000e+03 5.000000000000000000e+01 -5.203200000000000000e+04 2.326279500000000056e+01 7.211900000000000255e-02 6.306960000000000122e+00 1.360300000000000051e-02 -1.714679999999999982e+00 1.171200000000000019e-02 1.000000000000000000e+00 9.236812999999999718e+00 9.561000000000000054e-03 2.725318878999999924e+03
2.525000000000000000e+03 5.000000000000000000e+01 -5.203200000000000000e+04 2.329500200000000021e+01 6.595600000000000074e-02 6.132556000000000118e+00 1.435099999999999917e-02 -1.764285000000000103e+00 8.342000000000000456e-03 1.000000000000000000e+00 9.251127999999999574e+00 1.206499999999999934e-02 3.093469935999999961e+03
2.525000000000000000e+03 5.000000000000000000e+01 -5.203200000000000000e+04 2.330190400000000039e+01 7.577299999999999314e-02 6.131575999999999915e+00 1.224899999999999947e-02 -1.727039999999999909e+00 9.698999999999999289e-03 1.000000000000000000e+00 9.224240999999999246e+00 1.938899999999999998e-02 3.114262125000000196e+03
2.525000000000000000e+03 4.050000000000000000e+03 -5.203200000000000000e+04 2.287685499999999905e+01 6.985299999999999843e-02 6.684986000000000317e+00 1.446399999999999943e-02 -2.432052000000000103e+00 9.527000000000000746e-03 1.000000000000000000e+00 9.300599000000000061e+00 1.026299999999999955e-02 8.432462309999999661e+02
2.525000000000000000e+03 4.050000000000000000e+03 -5.203200000000000000e+04 2.289288000000000167e+01 5.191199999999999981e-02 6.671903000000000361e+00 1.049699999999999939e-02 -2.413784000000000152e+00 1.063700000000000062e-02 1.000000000000000000e+00 9.289388999999999896e+00 1.581899999999999973e-02 1.211418288999999959e+03
2.525000000000000000e+03 4.050000000000000000e+03 -5.203200000000000000e+04 2.289547100000000057e+01 7.160800000000000498e-02 6.691638000000000197e+00 1.861099999999999907e-02 -2.426419000000000104e+00 1.285400000000000084e-02 1.000000000000000000e+00 9.268890000000000740e+00 1.158799999999999934e-02 1.232208478000000014e+03
2.525000000000000000e+03 8.050000000000000000e+03 -5.203200000000000000e+04 2.252055599999999913e+01 8.101099999999999968e-02 7.375454000000000399e+00 1.545499999999999999e-02 -3.155257999999999896e+00 1.421700000000000047e-02 1.000000000000000000e+00 9.272486000000000672e+00 9.400000000000000369e-03 1.459744492999999920e+03
2.525000000000000000e+03 8.050000000000000000e+03 -5.203200000000000000e+04 2.255881300000000067e+01 3.981400000000000217e-02 7.326565000000000438e+00 1.210100000000000064e-02 -3.180890000000000217e+00 1.151399999999999993e-02 1.000000000000000000e+00 9.241123999999999228e+00 2.226900000000000060e-02 1.827906549999999925e+03
2.525000000000000000e+03 8.050000000000000000e+03 -5.203200000000000000e+04 2.257067999999999941e+01 6.149099999999999705e-02 7.328490999999999644e+00 1.219399999999999998e-02 -3.165261000000000102e+00 9.383999999999999980e-03 1.000000000000000000e+00 9.236907000000000423e+00 2.057700000000000154e-02 1.848697738999999956e+03
4.525000000000000000e+03 -3.950000000000000000e+03 -5.203200000000000000e+04 2.334068900000000113e+01 6.318200000000000205e-02 5.300557000000000407e+00 1.399000000000000070e-02 -2.684397000000000144e+00 1.885999999999999829e-02 1.000000000000000000e+00 9.249945000000000306e+00 1.083800000000000041e-02 2.132024945000000116e+03
4.525000000000000000e+03 -3.950000000000000000e+03 -5.203200000000000000e+04 2.334615799999999908e+01 6.526899999999999369e-02 5.231442000000000370e+00 1.263399999999999940e-02 -2.589084000000000163e+00 1.592899999999999872e-02 1.000000000000000000e+00 9.243696999999999164e+00 6.910000000000000343e-03 2.453900355000000218e+03
4.525000000000000000e+03 -3.950000000000000000e+03 -5.203200000000000000e+04 2.335125199999999879e+01 6.683600000000000652e-02 5.277908000000000044e+00 1.301399999999999953e-02 -2.590043999999999791e+00 1.469299999999999946e-02 1.000000000000000000e+00 9.238775000000000404e+00 9.259999999999999135e-03 2.520876185999999961e+03
4.525000000000000000e+03 5.000000000000000000e+01 -5.203200000000000000e+04 2.326398100000000113e+01 6.255299999999999749e-02 6.193923999999999985e+00 1.506399999999999927e-02 -1.773103000000000096e+00 1.362099999999999943e-02 1.000000000000000000e+00 9.232421999999999684e+00 5.969999999999999613e-03 2.748504205000000184e+03
4.525000000000000000e+03 5.000000000000000000e+01 -5.203200000000000000e+04 2.329924099999999854e+01 7.341399999999999315e-02 6.087731999999999921e+00 1.279199999999999955e-02 -1.779263999999999957e+00 1.163199999999999998e-02 1.000000000000000000e+00 9.244656000000000873e+00 9.046999999999999487e-03 3.070384615999999824e+03
4.525000000000000000e+03 5.000000000000000000e+01 -5.203200000000000000e+04 2.325141199999999841e+01 6.243300000000000238e-02 6.156317999999999735e+00 1.314399999999999943e-02 -1.775050000000000017e+00 7.696999999999999849e-03 1.000000000000000000e+00 9.242743000000000819e+00 1.010899999999999993e-02 3.137350445999999920e+03
4.525000000000000000e+03 4.050000000000000000e+03 -5.203200000000000000e+04 2.293439499999999853e+01 6.819699999999999374e-02 6.690381999999999607e+00 1.430900000000000054e-02 -2.300104999999999844e+00 1.519099999999999964e-02 1.000000000000000000e+00 9.320989000000000857e+00 9.579000000000000709e-03 8.664385569999999461e+02
4.525000000000000000e+03 4.050000000000000000e+03 -5.203200000000000000e+04 2.292849500000000162e+01 5.642599999999999699e-02 6.672374999999999723e+00 1.311799999999999945e-02 -2.284984000000000126e+00 1.007699999999999915e-02 1.000000000000000000e+00 9.301802000000000348e+00 1.314500000000000043e-02 1.188324967999999899e+03
4.525000000000000000e+03 4.050000000000000000e+03 -5.203200000000000000e+04 2.293157199999999918e+01 6.833300000000000485e-02 6.706296000000000035e+00 1.261499999999999948e-02 -2.290106000000000197e+00 9.804999999999999480e-03 1.000000000000000000e+00 9.294361000000000317e+00 1.567599999999999896e-02 1.255299798999999894e+03
4.525000000000000000e+03 8.050000000000000000e+03 -5.203200000000000000e+04 2.256476899999999830e+01 5.385000000000000203e-02 7.417805999999999678e+00 1.398600000000000017e-02 -3.128382000000000218e+00 1.134399999999999992e-02 1.000000000000000000e+00 9.257595000000000240e+00 6.085000000000000131e-03 1.482937818999999990e+03
4.525000000000000000e+03 8.050000000000000000e+03 -5.203200000000000000e+04 2.254683500000000151e+01 6.184900000000000120e-02 7.350816000000000017e+00 1.326600000000000001e-02 -3.149027999999999938e+00 9.383999999999999980e-03 1.000000000000000000e+00 9.229943000000000453e+00 1.080599999999999963e-02 1.804815229000000045e+03
4.525000000000000000e+03 8.050000000000000000e+03 -5.203200000000000000e+04 2.255707800000000063e+01 7.442500000000000504e-02 7.403387999999999636e+00 1.370999999999999996e-02 -3.156232000000000149e+00 9.700000000000000289e-03 1.000000000000000000e+00 9.282970999999999862e+00 1.444499999999999951e-02 1.871789060000000063e+03
8.525000000000000000e+03 -3.950000000000000000e+03 -5.203200000000000000e+04 2.323608199999999968e+01 6.951300000000000534e-02 5.187465999999999688e+00 1.902200000000000071e-02 -3.244674999999999976e+00 1.328099999999999940e-02 1.000000000000000000e+00 9.263322000000000500e+00 7.760999999999999670e-03 2.157118379999999888e+03
8.525000000000000000e+03 -3.950000000000000000e+03 -5.203200000000000000e+04 2.324005999999999972e+01 7.468199999999999839e-02 5.145353000000000065e+00 1.440999999999999920e-02 -3.250516000000000183e+00 1.528499999999999998e-02 1.000000000000000000e+00 9.256149000000000626e+00 9.282999999999999585e-03 2.428808919999999944e+03
8.525000000000000000e+03 -3.950000000000000000e+03 -5.203200000000000000e+04 2.324108199999999869e+01 8.007300000000000528e-02 5.152250999999999692e+00 1.547499999999999917e-02 -3.244629999999999903e+00 1.058500000000000066e-02 1.000000000000000000e+00 9.259413000000000338e+00 1.497700000000000073e-02 2.545960619999999835e+03
8.525000000000000000e+03 5.000000000000000000e+01 -5.203200000000000000e+04 2.325756600000000063e+01 6.726000000000000034e-02 6.020184999999999675e+00 1.314199999999999917e-02 -1.720180000000000042e+00 1.274300000000000085e-02 1.000000000000000000e+00 9.237890000000000157e+00 1.147899999999999962e-02 2.773592639999999847e+03
8.525000000000000000e+03 5.000000000000000000e+01 -5.203200000000000000e+04 2.328551699999999869e+01 7.072100000000000608e-02 5.949892000000000181e+00 1.362700000000000022e-02 -1.721629999999999994e+00 8.064999999999999253e-03 1.000000000000000000e+00 9.259104999999999919e+00 1.369199999999999931e-02 3.045296181000000161e+03
8.525000000000000000e+03 5.000000000000000000e+01 -5.203200000000000000e+04 2.329367699999999886e+01 6.841700000000000559e-02 5.973904000000000103e+00 1.453699999999999957e-02 -1.738677000000000028e+00 9.745999999999999455e-03 1.000000000000000000e+00 9.229739999999999611e+00 9.497000000000000233e-03 3.162442880999999943e+03
8.525000000000000000e+03 4.050000000000000000e+03 -5.203200000000000000e+04 2.309570400000000134e+01 6.906099999999999739e-02 6.624507999999999619e+00 1.140299999999999994e-02 -1.679597000000000007e+00 7.805000000000000306e-03 1.000000000000000000e+00 9.293397000000000574e+00 1.041000000000000085e-02 8.915289920000000166e+02
8.525000000000000000e+03 4.050000000000000000e+03 -5.203200000000000000e+04 2.310261600000000115e+01 4.440100000000000297e-02 6.581259000000000192e+00 1.441899999999999953e-02 -1.683324999999999960e+00 1.076799999999999979e-02 1.000000000000000000e+00 9.272942999999999714e+00 1.350200000000000011e-02 1.163233533000000079e+03
8.525000000000000000e+03 4.050000000000000000e+03 -5.203200000000000000e+04 2.309574900000000142e+01 6.806299999999999850e-02 6.604916000000000231e+00 1.424500000000000072e-02 -1.701189000000000062e+00 1.491899999999999997e-02 1.000000000000000000e+00 9.248037999999999315e+00 1.000900000000000054e-02 1.280391233999999940e+03
8.525000000000000000e+03 8.050000000000000000e+03 -5.203200000000000000e+04 2.259786199999999923e+01 6.183199999999999807e-02 7.390488000000000390e+00 1.246000000000000059e-02 -3.161773999999999862e+00 9.036000000000000629e-03 1.000000000000000000e+00 9.273016999999999399e+00 1.731100000000000000e-02 1.508030254000000014e+03
8.525000000000000000e+03 8.050000000000000000e+03 -5.203200000000000000e+04 2.259077600000000174e+01 6.461100000000000176e-02 7.362019000000000091e+00 1.293000000000000052e-02 -3.151829999999999909e+00 8.366000000000000172e-03 1.000000000000000000e+00 9.238144000000000133e+00 7.910999999999999630e-03 1.779724793999999974e+03
8.525000000000000000e+03 8.050000000000000000e+03 -5.203200000000000000e+04 2.260601600000000033e+01 7.274100000000000010e-02 7.374213000000000129e+00 1.047799999999999947e-02 -3.146329999999999849e+00 9.067999999999999672e-03 1.000000000000000000e+00 9.248305999999999472e+00 1.670500000000000110e-02 1.896878494999999930e+03
1.252500000000000000e+04 -3.950000000000000000e+03 -5.203200000000000000e+04 2.316484000000000165e+01 7.342799999999999327e-02 5.092986999999999931e+00 1.356599999999999993e-02 -3.952843000000000107e+00 1.256099999999999925e-02 1.000000000000000000e+00 9.243487999999999261e+00 1.261400000000000021e-02 2.182211815000000115e+03
1.252500000000000000e+04 -3.950000000000000000e+03 -5.203200000000000000e+04 2.319606900000000138e+01 5.192200000000000287e-02 4.898417000000000243e+00 1.245199999999999953e-02 -3.942054999999999865e+00 1.246200000000000085e-02 1.000000000000000000e+00 9.254331000000000529e+00 9.192999999999999783e-03 2.403719485000000077e+03
1.252500000000000000e+04 -3.950000000000000000e+03 -5.203200000000000000e+04 2.316777400000000142e+01 6.699700000000000100e-02 5.069965999999999973e+00 1.128000000000000010e-02 -3.913835999999999871e+00 1.290000000000000001e-02 1.000000000000000000e+00 9.257460999999999274e+00 1.231100000000000076e-02 2.571052055999999993e+03
1.252500000000000000e+04 5.000000000000000000e+01 -5.203200000000000000e+04 2.325046999999999997e+01 6.244000000000000244e-02 5.863917999999999964e+00 1.367200000000000013e-02 -1.689297999999999966e+00 1.143800000000000025e-02 1.000000000000000000e+00 9.237080999999999875e+00 1.067899999999999926e-02 2.798684075000000121e+03
1.252500000000000000e+04 5.000000000000000000e+01 -5.203200000000000000e+04 2.328792699999999982e+01 6.384099999999999497e-02 5.738526000000000238e+00 1.243599999999999914e-02 -1.688314000000000092e+00 1.379999999999999977e-02 1.000000000000000000e+00 9.241849000000000203e+00 1.255099999999999966e-02 3.020206745999999839e+03
1.252500000000000000e+04 5.000000000000000000e+01 -5.203200000000000000e+04 2.329673400000000072e+01 6.722499999999999309e-02 5.792156999999999556e+00 1.061999999999999923e-02 -1.686395000000000088e+00 9.589999999999999566e-03 1.000000000000000000e+00 9.213611000000000217e+00 8.817000000000000184e-03 3.187533316000000013e+03
1.252500000000000000e+04 4.050000000000000000e+03 -5.203200000000000000e+04 2.328861500000000007e+01 6.281299999999999384e-02 6.560393999999999615e+00 1.370999999999999996e-02 -9.873910000000000187e-01 8.890999999999999598e-03 1.000000000000000000e+00 9.292657000000000167e+00 1.444900000000000004e-02 9.166234279999999899e+02
1.252500000000000000e+04 4.050000000000000000e+03 -5.203200000000000000e+04 2.332979600000000175e+01 4.886399999999999771e-02 6.435706999999999844e+00 1.173800000000000017e-02 -9.558799999999999519e-01 1.111799999999999941e-02 1.000000000000000000e+00 9.284337000000000728e+00 1.405600000000000079e-02 1.138141098000000056e+03
1.252500000000000000e+04 4.050000000000000000e+03 -5.203200000000000000e+04 2.329809300000000150e+01 6.786899999999999877e-02 6.503899999999999793e+00 1.296399999999999983e-02 -9.645550000000000512e-01 1.220100000000000004e-02 1.000000000000000000e+00 9.281803999999999277e+00 1.252799999999999921e-02 1.305483668999999963e+03
1.252500000000000000e+04 8.050000000000000000e+03 -5.203200000000000000e+04 2.268730000000000047e+01 5.496199999999999697e-02 7.402650999999999648e+00 1.060000000000000005e-02 -3.138116999999999823e+00 9.782000000000000764e-03 1.000000000000000000e+00 9.260763999999999996e+00 7.879999999999999852e-03 1.533127690000000030e+03
1.252500000000000000e+04 8.050000000000000000e+03 -5.203200000000000000e+04 2.270444399999999874e+01 5.383600000000000191e-02 7.233802999999999983e+00 1.211699999999999930e-02 -3.143225000000000158e+00 1.012599999999999958e-02 1.000000000000000000e+00 9.250745000000000218e+00 1.198300000000000060e-02 1.754635359000000108e+03
1.252500000000000000e+04 8.050000000000000000e+03 -5.203200000000000000e+04 2.265703999999999851e+01 5.535600000000000243e-02 7.372310999999999837e+00 8.307000000000000148e-03 -3.168359000000000147e+00 9.424000000000000085e-03 1.000000000000000000e+00 9.266764000000000223e+00 1.179400000000000066e-02 1.921972929999999906e+03
1.652500000000000000e+04 -3.950000000000000000e+03 -5.203200000000000000e+04 2.313053299999999979e+01 6.576200000000000101e-02 4.981454000000000271e+00 1.245600000000000006e-02 -4.553467000000000375e+00 1.246599999999999965e-02 1.000000000000000000e+00 9.241561000000000803e+00 1.079300000000000051e-02 2.207303249999999935e+03
1.652500000000000000e+04 -3.950000000000000000e+03 -5.203200000000000000e+04 2.317142499999999927e+01 5.903400000000000314e-02 4.715995999999999633e+00 1.626500000000000168e-02 -4.616712999999999845e+00 1.240499999999999936e-02 1.000000000000000000e+00 9.239504999999999413e+00 1.053300000000000070e-02 2.378629050000000007e+03
1.652500000000000000e+04 -3.950000000000000000e+03 -5.203200000000000000e+04 2.313720800000000111e+01 6.272400000000000198e-02 4.945491999999999777e+00 1.037300000000000028e-02 -4.501146000000000313e+00 1.299900000000000014e-02 1.000000000000000000e+00 9.254554999999999865e+00 1.459200000000000080e-02 2.596146490999999969e+03
1.652500000000000000e+04 5.000000000000000000e+01 -5.203200000000000000e+04 2.331353800000000120e+01 6.247099999999999875e-02 5.678719000000000072e+00 1.256299999999999951e-02 -1.578095000000000026e+00 1.077299999999999959e-02 1.000000000000000000e+00 9.253318000000000154e+00 1.013299999999999965e-02 2.823775509999999940e+03
1.652500000000000000e+04 5.000000000000000000e+01 -5.203200000000000000e+04 2.332308899999999952e+01 8.843299999999999772e-02 5.438284999999999592e+00 1.299900000000000014e-02 -1.588845999999999981e+00 1.194800000000000029e-02 1.000000000000000000e+00 9.237591999999999359e+00 8.174000000000000710e-03 2.995111309999999776e+03
1.652500000000000000e+04 5.000000000000000000e+01 -5.203200000000000000e+04 2.331009900000000101e+01 8.013699999999999990e-02 5.608279999999999710e+00 1.529999999999999936e-02 -1.586645000000000083e+00 9.008999999999999647e-03 1.000000000000000000e+00 9.232134000000000285e+00 7.621000000000000170e-03 3.212621751000000131e+03
1.652500000000000000e+04 4.050000000000000000e+03 -5.203200000000000000e+04 2.351738699999999938e+01 6.130399999999999738e-02 6.499432999999999794e+00 1.117399999999999990e-02 -3.847300000000000164e-01 1.116999999999999937e-02 1.000000000000000000e+00 9.277720999999999663e+00 1.146900000000000003e-02 9.417158630000000130e+02
1.652500000000000000e+04 4.050000000000000000e+03 -5.203200000000000000e+04 2.357793099999999953e+01 5.863100000000000256e-02 6.282225000000000392e+00 1.326899999999999955e-02 -3.279619999999999758e-01 1.136200000000000057e-02 1.000000000000000000e+00 9.278083999999999776e+00 1.303799999999999924e-02 1.113051662999999962e+03
1.652500000000000000e+04 4.050000000000000000e+03 -5.203200000000000000e+04 2.352286300000000097e+01 7.752299999999999469e-02 6.485503999999999714e+00 1.427499999999999949e-02 -3.690840000000000232e-01 1.105100000000000006e-02 1.000000000000000000e+00 9.267077000000000453e+00 9.195999999999999314e-03 1.330576105000000098e+03
1.652500000000000000e+04 8.050000000000000000e+03 -5.203200000000000000e+04 2.272704799999999992e+01 7.400900000000000534e-02 7.411349999999999660e+00 1.341299999999999958e-02 -3.193983999999999934e+00 1.126300000000000044e-02 1.000000000000000000e+00 9.252751999999999200e+00 9.136000000000000024e-03 1.558316131000000041e+03
1.652500000000000000e+04 8.050000000000000000e+03 -5.203200000000000000e+04 2.280244199999999921e+01 7.843500000000000472e-02 7.205994999999999706e+00 1.121800000000000054e-02 -3.186212999999999962e+00 1.044600000000000042e-02 1.000000000000000000e+00 9.241351999999999123e+00 1.046300000000000008e-02 1.729544924000000037e+03
1.652500000000000000e+04 8.050000000000000000e+03 -5.203200000000000000e+04 2.274497200000000063e+01 4.860099999999999837e-02 7.373775000000000190e+00 1.028100000000000021e-02 -3.184454000000000118e+00 1.046500000000000034e-02 1.000000000000000000e+00 9.268890000000000740e+00 1.121499999999999928e-02 1.947068365999999969e+03
2.052500000000000000e+04 -3.950000000000000000e+03 -5.203200000000000000e+04 2.310798799999999886e+01 5.964200000000000057e-02 4.902328999999999937e+00 1.609100000000000114e-02 -5.218929000000000151e+00 1.196400000000000068e-02 1.000000000000000000e+00 9.240508000000000166e+00 8.307000000000000148e-03 2.232396686000000045e+03
2.052500000000000000e+04 -3.950000000000000000e+03 -5.203200000000000000e+04 2.313714900000000085e+01 7.292700000000000571e-02 4.671007999999999605e+00 1.354799999999999928e-02 -5.272045999999999566e+00 1.378700000000000064e-02 1.000000000000000000e+00 9.248431000000000068e+00 8.699999999999999400e-03 2.353542614999999842e+03
2.052500000000000000e+04 -3.950000000000000000e+03 -5.203200000000000000e+04 2.311007100000000136e+01 6.124099999999999683e-02 4.872482999999999898e+00 1.529600000000000057e-02 -5.175091000000000108e+00 1.284899999999999931e-02 1.000000000000000000e+00 9.254405999999999466e+00 1.000000000000000021e-02 2.621341931999999815e+03
2.052500000000000000e+04 5.000000000000000000e+01 -5.203200000000000000e+04 2.332914200000000093e+01 7.337499999999999578e-02 5.524265999999999899e+00 1.052499999999999963e-02 -1.575004000000000071e+00 1.182500000000000044e-02 1.000000000000000000e+00 9.227225999999999928e+00 1.274999999999999918e-02 2.848866946000000098e+03
2.052500000000000000e+04 5.000000000000000000e+01 -5.203200000000000000e+04 2.337160599999999988e+01 6.534500000000000031e-02 5.212524000000000157e+00 1.282100000000000080e-02 -1.592044999999999932e+00 9.369999999999999857e-03 1.000000000000000000e+00 9.225115000000000620e+00 1.293300000000000005e-02 2.970021874999999909e+03
2.052500000000000000e+04 5.000000000000000000e+01 -5.203200000000000000e+04 2.333482700000000065e+01 6.599099999999999411e-02 5.480884999999999785e+00 1.407199999999999944e-02 -1.523643000000000081e+00 8.222000000000000142e-03 1.000000000000000000e+00 9.227503999999999706e+00 1.031499999999999952e-02 3.237710185999999794e+03
2.052500000000000000e+04 4.050000000000000000e+03 -5.203200000000000000e+04 2.377458999999999989e+01 7.197299999999999531e-02 6.450196000000000041e+00 1.395799999999999992e-02 2.611629999999999785e-01 9.986000000000000085e-03 1.000000000000000000e+00 9.283979999999999677e+00 8.103000000000000827e-03 9.668022979999999507e+02
2.052500000000000000e+04 4.050000000000000000e+03 -5.203200000000000000e+04 2.383897299999999930e+01 6.602399999999999936e-02 6.210979000000000028e+00 1.186800000000000008e-02 3.000320000000000209e-01 1.314700000000000070e-02 1.000000000000000000e+00 9.281437000000000381e+00 1.345999999999999974e-02 1.087960227000000032e+03
2.052500000000000000e+04 4.050000000000000000e+03 -5.203200000000000000e+04 2.376896800000000098e+01 4.612999999999999740e-02 6.483272000000000368e+00 1.423699999999999966e-02 2.579119999999999746e-01 9.728000000000000536e-03 1.000000000000000000e+00 9.258319999999999439e+00 7.182000000000000016e-03 1.355667539999999917e+03
2.052500000000000000e+04 8.050000000000000000e+03 -5.203200000000000000e+04 2.281295300000000026e+01 4.882600000000000134e-02 7.383746000000000365e+00 1.368699999999999951e-02 -3.207221000000000100e+00 1.008099999999999968e-02 1.000000000000000000e+00 9.267205999999999833e+00 1.339899999999999945e-02 1.583403565000000071e+03
2.052500000000000000e+04 8.050000000000000000e+03 -5.203200000000000000e+04 2.283344599999999858e+01 7.981000000000000594e-02 7.225181000000000076e+00 1.465200000000000009e-02 -3.154176999999999786e+00 1.215199999999999961e-02 1.000000000000000000e+00 9.250075000000000713e+00 1.573899999999999952e-02 1.704452489000000014e+03
2.052500000000000000e+04 8.050000000000000000e+03 -5.203200000000000000e+04 2.279132299999999844e+01 6.547899999999999554e-02 7.372932999999999737e+00 8.394000000000000419e-03 -3.222224000000000199e+00 8.241999999999999327e-03 1.000000000000000000e+00 9.244858999999999938e+00 1.235799999999999919e-02 1.972159801000000016e+03
2.452500000000000000e+04 -3.950000000000000000e+03 -5.203200000000000000e+04 2.309902100000000047e+01 6.303200000000000469e-02 4.843148000000000231e+00 1.392900000000000041e-02 -5.829617999999999967e+00 1.358499999999999985e-02 1.000000000000000000e+00 9.236276000000000153e+00 1.127500000000000030e-02 2.257590126999999939e+03
2.452500000000000000e+04 -3.950000000000000000e+03 -5.203200000000000000e+04 2.311620800000000031e+01 8.920599999999999363e-02 4.735807999999999574e+00 1.423199999999999986e-02 -5.871442000000000050e+00 1.318199999999999927e-02 1.000000000000000000e+00 9.242763000000000062e+00 1.150200000000000007e-02 2.328457179999999880e+03
2.452500000000000000e+04 -3.950000000000000000e+03 -5.203200000000000000e+04 2.310870399999999947e+01 4.970900000000000318e-02 4.840633999999999659e+00 1.314300000000000017e-02 -5.837378000000000178e+00 1.194100000000000023e-02 1.000000000000000000e+00 9.253199000000000396e+00 1.456900000000000035e-02 2.646433367000000089e+03
2.452500000000000000e+04 5.000000000000000000e+01 -5.203200000000000000e+04 2.333534900000000079e+01 6.277699999999999947e-02 5.361156000000000255e+00 1.065200000000000001e-02 -1.436256999999999895e+00 1.169700000000000080e-02 1.000000000000000000e+00 9.228975000000000151e+00 9.402999999999999900e-03 2.874057385999999951e+03
2.452500000000000000e+04 5.000000000000000000e+01 -5.203200000000000000e+04 2.336850499999999897e+01 5.956700000000000189e-02 5.192667000000000144e+00 1.304100000000000051e-02 -1.460431999999999952e+00 1.143800000000000025e-02 1.000000000000000000e+00 9.231930000000000192e+00 1.196400000000000068e-02 2.944930440000000090e+03
2.452500000000000000e+04 5.000000000000000000e+01 -5.203200000000000000e+04 2.337218700000000027e+01 7.622800000000000409e-02 5.319202999999999903e+00 9.676000000000000573e-03 -1.470571000000000073e+00 8.449999999999999178e-03 1.000000000000000000e+00 9.242812999999999946e+00 1.058100000000000013e-02 3.262794621000000006e+03
2.452500000000000000e+04 4.050000000000000000e+03 -5.203200000000000000e+04 2.403886500000000126e+01 6.375899999999999623e-02 6.455904999999999561e+00 1.198300000000000060e-02 8.740639999999999521e-01 1.266899999999999971e-02 1.000000000000000000e+00 9.303098000000000312e+00 7.755999999999999873e-03 9.918927330000000211e+02
2.452500000000000000e+04 4.050000000000000000e+03 -5.203200000000000000e+04 2.408535200000000032e+01 5.278000000000000053e-02 6.237138999999999989e+00 1.166999999999999982e-02 9.281719999999999970e-01 1.060900000000000037e-02 1.000000000000000000e+00 9.280542999999999765e+00 1.453800000000000057e-02 1.062868793000000096e+03
2.452500000000000000e+04 4.050000000000000000e+03 -5.203200000000000000e+04 2.402671700000000143e+01 6.587300000000000100e-02 6.478734000000000215e+00 1.211899999999999956e-02 9.045459999999999612e-01 9.594000000000000097e-03 1.000000000000000000e+00 9.241823999999999373e+00 1.454899999999999943e-02 1.380761974999999893e+03
2.452500000000000000e+04 8.050000000000000000e+03 -5.203200000000000000e+04 2.285784999999999911e+01 6.357200000000000351e-02 7.409996999999999723e+00 1.715200000000000058e-02 -3.245985999999999816e+00 7.216000000000000192e-03 1.000000000000000000e+00 9.255414000000000030e+00 1.321899999999999985e-02 1.608494999999999891e+03
2.452500000000000000e+04 8.050000000000000000e+03 -5.203200000000000000e+04 2.289781100000000080e+01 6.126999999999999807e-02 7.290471000000000146e+00 8.444999999999999382e-03 -3.220343000000000178e+00 8.378000000000000030e-03 1.000000000000000000e+00 9.238053999999999988e+00 1.497199999999999920e-02 1.679363053999999920e+03
2.452500000000000000e+04 8.050000000000000000e+03 -5.203200000000000000e+04 2.287326699999999846e+01 4.080000000000000293e-02 7.384858999999999618e+00 1.150799999999999913e-02 -3.217150999999999872e+00 1.015399999999999983e-02 1.000000000000000000e+00 9.253353000000000605e+00 9.395999999999999838e-03 1.997250236000000086e+03
2.852500000000000000e+04 -3.950000000000000000e+03 -5.203200000000000000e+04 2.311075900000000161e+01 6.710099999999999398e-02 4.844013999999999598e+00 1.655200000000000074e-02 -6.562508000000000230e+00 1.713100000000000039e-02 1.000000000000000000e+00 9.247391999999999612e+00 7.187999999999999945e-03 2.282680562000000009e+03
2.852500000000000000e+04 -3.950000000000000000e+03 -5.203200000000000000e+04 2.312447900000000089e+01 6.156199999999999867e-02 4.853207000000000271e+00 1.219699999999999951e-02 -6.546683999999999948e+00 1.349299999999999979e-02 1.000000000000000000e+00 9.237323999999999202e+00 1.927299999999999847e-02 2.303367745000000014e+03
2.852500000000000000e+04 -3.950000000000000000e+03 -5.203200000000000000e+04 2.311923300000000125e+01 7.590600000000000125e-02 4.836746999999999908e+00 1.526100000000000026e-02 -6.510072000000000081e+00 1.116400000000000031e-02 1.000000000000000000e+00 9.238253000000000270e+00 1.027100000000000062e-02 2.671528801999999814e+03
2.852500000000000000e+04 5.000000000000000000e+01 -5.203200000000000000e+04 2.336670000000000158e+01 6.451099999999999890e-02 5.228037999999999741e+00 1.340500000000000025e-02 -1.364252999999999938e+00 1.254000000000000080e-02 1.000000000000000000e+00 9.239509999999999224e+00 1.690600000000000089e-02 2.899149821999999858e+03
2.852500000000000000e+04 5.000000000000000000e+01 -5.203200000000000000e+04 2.338842400000000055e+01 6.813199999999999812e-02 5.231601999999999641e+00 1.281000000000000021e-02 -1.363053000000000070e+00 1.207899999999999946e-02 1.000000000000000000e+00 9.239504999999999413e+00 1.275199999999999945e-02 2.919840005000000019e+03
2.852500000000000000e+04 5.000000000000000000e+01 -5.203200000000000000e+04 2.339150100000000165e+01 7.889500000000000679e-02 5.195528999999999620e+00 9.438999999999999474e-03 -1.363871000000000056e+00 1.266699999999999944e-02 1.000000000000000000e+00 9.222134999999999749e+00 1.263599999999999966e-02 3.287885056000000077e+03
2.852500000000000000e+04 4.050000000000000000e+03 -5.203200000000000000e+04 2.432518100000000061e+01 9.034100000000000463e-02 6.478258000000000294e+00 1.261900000000000001e-02 1.543450999999999906e+00 1.162400000000000065e-02 1.000000000000000000e+00 9.317249000000000336e+00 1.089599999999999944e-02 1.017084173999999962e+03
2.852500000000000000e+04 4.050000000000000000e+03 -5.203200000000000000e+04 2.432983300000000071e+01 7.384000000000000286e-02 6.503593999999999653e+00 9.889999999999999486e-03 1.552081000000000044e+00 9.398999999999999369e-03 1.000000000000000000e+00 9.260322000000000386e+00 2.466000000000000136e-02 1.037774357000000009e+03
2.852500000000000000e+04 4.050000000000000000e+03 -5.203200000000000000e+04 2.430871700000000146e+01 6.029000000000000331e-02 6.482267000000000223e+00 1.144500000000000031e-02 1.560067000000000093e+00 1.260599999999999915e-02 1.000000000000000000e+00 9.267046999999999812e+00 9.546999999999999931e-03 1.405852409999999963e+03
2.852500000000000000e+04 8.050000000000000000e+03 -5.203200000000000000e+04 2.293412700000000015e+01 7.425299999999999956e-02 7.447283999999999793e+00 1.180999999999999932e-02 -3.253572000000000131e+00 1.059500000000000025e-02 1.000000000000000000e+00 9.257932999999999524e+00 1.024399999999999963e-02 1.633583435999999892e+03
2.852500000000000000e+04 8.050000000000000000e+03 -5.203200000000000000e+04 2.297165400000000091e+01 6.397500000000000409e-02 7.444669000000000203e+00 1.250800000000000002e-02 -3.256308999999999898e+00 8.770999999999999283e-03 1.000000000000000000e+00 9.250258000000000536e+00 2.850400000000000156e-02 1.654273619000000053e+03
2.852500000000000000e+04 8.050000000000000000e+03 -5.203200000000000000e+04 2.293023700000000176e+01 5.418200000000000099e-02 7.429300999999999711e+00 1.131899999999999920e-02 -3.267062999999999828e+00 1.145999999999999970e-02 1.000000000000000000e+00 9.241669999999999163e+00 1.204200000000000062e-02 2.022339670999999953e+03
