0.000000000000000000e+00 4.150000000000000000e+03 -7.000000000000000000e+04 2.021096592608270370e+01 6.542038476216679999e-02 6.190424632198775257e+00 1.038637580675861108e-02 -1.335786443321952621e+00 7.425277851423150825e-03 1.000000000000000000e+00 5.330532999999999966e+00 9.742000000000000659e-03 9.863564000000000220e+00
0.000000000000000000e+00 4.150000000000000000e+03 -7.000000000000000000e+04 2.031070942676170077e+01 4.661631979644753621e-02 5.808365498327932031e+00 1.108674663485269621e-02 -1.322266834519907119e+00 1.028986825425457635e-02 1.000000000000000000e+00 5.309079999999999799e+00 1.358400000000000059e-02 4.944752829999999904e+02
0.000000000000000000e+00 4.150000000000000000e+03 -7.000000000000000000e+04 2.027126538891191387e+01 4.495792940672201088e-02 5.809425223779760117e+00 1.176398279928853215e-02 -1.320359035507608692e+00 2.568749984249624196e-02 1.000000000000000000e+00 5.218764000000000181e+00 4.300199999999999856e-02 5.151644659999999476e+02
0.000000000000000000e+00 4.150000000000000000e+03 -7.000000000000000000e+04 2.030920279813781448e+01 6.695665195095662492e-02 5.815197863647028065e+00 1.186713128461388406e-02 -1.346660483741294767e+00 8.290440615081608525e-03 1.000000000000000000e+00 5.318005999999999567e+00 1.243000000000000008e-02 9.996471770000000561e+02
0.000000000000000000e+00 4.150000000000000000e+03 -7.000000000000000000e+04 2.026553671879515051e+01 5.062014257962755420e-02 5.800073808119639018e+00 8.908972701070798014e-03 -1.348971327146779364e+00 2.469720465214136559e-02 1.000000000000000000e+00 5.235135999999999790e+00 5.717599999999999766e-02 1.020336360000000013e+03
0.000000000000000000e+00 4.150000000000000000e+03 -6.650000000000000000e+04 2.002652953820389570e+01 4.881067628946382519e-02 6.230195277118992792e+00 9.763158518310980152e-03 -1.050224136464329439e+00 1.363872196767372535e-02 1.000000000000000000e+00 5.312636000000000358e+00 8.786000000000000407e-03 3.316589700000000107e+01
0.000000000000000000e+00 4.150000000000000000e+03 -6.650000000000000000e+04 2.007344127220305907e+01 5.520396857284055186e-02 6.039003889110038159e+00 9.161905601835319130e-03 -1.031699469411958114e+00 6.845637264118871641e-03 1.000000000000000000e+00 5.318557000000000201e+00 9.081000000000000530e-03 4.712879560000000083e+02
0.000000000000000000e+00 4.150000000000000000e+03 -6.650000000000000000e+04 2.013880676317966234e+01 5.123391345111538708e-02 5.873546142170284590e+00 9.853521224442648996e-03 -1.028234969879870508e+00 1.094078703581586112e-02 1.000000000000000000e+00 5.316282000000000174e+00 1.128599999999999916e-02 5.383537919999999986e+02
0.000000000000000000e+00 4.150000000000000000e+03 -6.650000000000000000e+04 2.010504158694380550e+01 6.529700526969424434e-02 5.955959589205962246e+00 1.284004337932776428e-02 -1.002125411257424714e+00 9.658909090911911924e-03 1.000000000000000000e+00 5.342424000000000284e+00 1.218299999999999939e-02 9.764568500000000313e+02
0.000000000000000000e+00 4.150000000000000000e+03 -6.650000000000000000e+04 2.013278526343263763e+01 3.503808908914481796e-02 5.889874122217674923e+00 1.032960776466290524e-02 -1.050436705856335085e+00 9.022193658383017775e-03 1.000000000000000000e+00 5.327096000000000053e+00 9.679000000000000103e-03 1.043516685999999936e+03
0.000000000000000000e+00 4.150000000000000000e+03 -6.300000000000000000e+04 1.982448322300785293e+01 4.851646882085925566e-02 6.242115440628458245e+00 8.862740627648397693e-03 -8.861420521784125759e-01 9.152773389613795552e-03 1.000000000000000000e+00 5.309313999999999645e+00 7.091000000000000081e-03 5.635422299999999751e+01
0.000000000000000000e+00 4.150000000000000000e+03 -6.300000000000000000e+04 1.984506940575569089e+01 3.239200428579166319e-02 6.140200538184258150e+00 6.759803557089796161e-03 -8.672984830721655047e-01 1.011072416886204042e-02 1.000000000000000000e+00 5.309135000000000382e+00 1.128299999999999963e-02 4.480956300000000283e+02
0.000000000000000000e+00 4.150000000000000000e+03 -6.300000000000000000e+04 1.989518139004884745e+01 5.789122619779849682e-02 6.032068286734561191e+00 9.138985986111436075e-03 -8.593301949485034896e-01 8.785757705570338208e-03 1.000000000000000000e+00 5.328416999999999959e+00 1.602299999999999905e-02 5.615411179999999831e+02
0.000000000000000000e+00 4.150000000000000000e+03 -6.300000000000000000e+04 1.986873744498324967e+01 4.619185607976244307e-02 6.050454677693343442e+00 8.427140113675228583e-03 -8.736009626530905070e-01 6.578059851582365204e-03 1.000000000000000000e+00 5.313793999999999684e+00 7.082999999999999886e-03 9.532655240000000276e+02
0.000000000000000000e+00 4.150000000000000000e+03 -6.300000000000000000e+04 1.989760744199280040e+01 4.665143682071370979e-02 6.053215948858235329e+00 8.039179130244374777e-03 -8.929698858607002521e-01 5.214942231204483698e-03 1.000000000000000000e+00 5.304699000000000275e+00 9.789000000000000826e-03 1.066705011999999897e+03
0.000000000000000000e+00 4.150000000000000000e+03 -5.950000000000000000e+04 1.961097982159449060e+01 6.498637292415980482e-02 6.249408063556118442e+00 8.600422830224236509e-03 -7.613720334649443089e-01 6.737655252637145958e-03 1.000000000000000000e+00 5.312622000000000178e+00 1.615700000000000122e-02 7.954555000000000575e+01
0.000000000000000000e+00 4.150000000000000000e+03 -5.950000000000000000e+04 1.961136341162414354e+01 5.314109268298585625e-02 6.221066385920436481e+00 7.836514610633803224e-03 -7.413391041363552869e-01 5.921080747264823377e-03 1.000000000000000000e+00 5.326598999999999862e+00 6.928000000000000130e-03 4.248993029999999749e+02
0.000000000000000000e+00 4.150000000000000000e+03 -5.950000000000000000e+04 1.964385935252438742e+01 4.658946406462186746e-02 6.172445693830342250e+00 7.663446559420653004e-03 -7.276973821523787800e-01 7.205576451763715841e-03 1.000000000000000000e+00 5.320266000000000162e+00 5.703999999999999869e-03 5.847344450000000506e+02
0.000000000000000000e+00 4.150000000000000000e+03 -5.950000000000000000e+04 1.963172051022597131e+01 4.873905811465363558e-02 6.158560910203556560e+00 7.978313645176919600e-03 -7.311140331868667408e-01 6.309531716030958651e-03 1.000000000000000000e+00 5.329330999999999818e+00 1.192600000000000084e-02 9.300801979999999958e+02
0.000000000000000000e+00 4.150000000000000000e+03 -5.950000000000000000e+04 1.965146847243699924e+01 3.821212830537069199e-02 6.164414590979131248e+00 7.877808705083207130e-03 -7.477675194251722779e-01 6.789646557811618820e-03 1.000000000000000000e+00 5.325253000000000014e+00 1.810600000000000057e-02 1.089897339000000102e+03
0.000000000000000000e+00 4.150000000000000000e+03 -5.600000000000000000e+04 1.939840953245646560e+01 6.494293191775094010e-02 6.289867057620194046e+00 1.115187248563575227e-02 -6.382849922091746731e-01 1.055644101913553144e-02 1.000000000000000000e+00 5.327422999999999575e+00 1.756299999999999875e-02 1.027288759999999996e+02
0.000000000000000000e+00 4.150000000000000000e+03 -5.600000000000000000e+04 1.938255030630391929e+01 5.075324462446453161e-02 6.278440812444265440e+00 9.618462547901048681e-03 -6.032070255203548781e-01 1.211482460887842831e-02 1.000000000000000000e+00 5.308851999999999904e+00 1.026799999999999935e-02 4.017069759999999974e+02
0.000000000000000000e+00 4.150000000000000000e+03 -5.600000000000000000e+04 1.942075320011649708e+01 5.562007854704698745e-02 6.257172199523611589e+00 1.106801279575560064e-02 -5.936459161821964203e-01 7.169170466191642464e-03 1.000000000000000000e+00 5.320966000000000307e+00 1.200299999999999978e-02 6.079187709999999925e+02
0.000000000000000000e+00 4.150000000000000000e+03 -5.600000000000000000e+04 1.940018527011288896e+01 5.860476377020797795e-02 6.217883064057668996e+00 9.033621338414773994e-03 -6.097813631145142521e-01 9.743631815306586993e-03 1.000000000000000000e+00 5.333756000000000164e+00 1.114300000000000013e-02 9.068888709999999946e+02
0.000000000000000000e+00 4.150000000000000000e+03 -5.600000000000000000e+04 1.942001134485801828e+01 5.559812805283477488e-02 6.232648971692568374e+00 1.097131920279953259e-02 -5.936034836206431908e-01 9.011726470042769749e-03 1.000000000000000000e+00 5.324437999999999782e+00 1.440999999999999920e-02 1.113083665000000110e+03
0.000000000000000000e+00 4.150000000000000000e+03 -5.250000000000000000e+04 1.918050929439114682e+01 7.039088556691130982e-02 6.273974195199532922e+00 8.405513788087144028e-03 -5.034744286091562548e-01 1.099969727148307833e-02 1.000000000000000000e+00 5.312304000000000137e+00 8.588000000000000148e-03 1.259212019999999939e+02
0.000000000000000000e+00 4.150000000000000000e+03 -5.250000000000000000e+04 1.915897876969972913e+01 4.543653723057590466e-02 6.274441411663268298e+00 8.808420229985323285e-03 -4.588251367190464003e-01 9.199360170494195327e-03 1.000000000000000000e+00 5.311747000000000440e+00 1.829300000000000023e-02 3.785156499999999937e+02
0.000000000000000000e+00 4.150000000000000000e+03 -5.250000000000000000e+04 1.920180455596046798e+01 6.060754975385800047e-02 6.236510145323437726e+00 1.006919716632883460e-02 -4.887833949295368741e-01 7.831009849260984340e-03 1.000000000000000000e+00 5.322610000000000063e+00 6.154999999999999881e-03 6.311090970000000198e+02
0.000000000000000000e+00 4.150000000000000000e+03 -5.250000000000000000e+04 1.917239099179155914e+01 5.286056453604032201e-02 6.254269784918756514e+00 8.674407338584573871e-03 -4.690697902534301522e-01 1.036692872819265816e-02 1.000000000000000000e+00 5.325635000000000119e+00 8.384000000000000827e-03 8.837005450000000337e+02
0.000000000000000000e+00 4.150000000000000000e+03 -5.250000000000000000e+04 1.920000623129130091e+01 5.181649156707886228e-02 6.238383148479718976e+00 9.812566990851626439e-03 -4.957506736350881793e-01 1.048451723871417739e-02 1.000000000000000000e+00 5.320057000000000258e+00 1.862899999999999973e-02 1.136274991000000000e+03
0.000000000000000000e+00 4.150000000000000000e+03 -4.900000000000000000e+04 1.895712052986640828e+01 4.170698281049681905e-02 6.294208991239848672e+00 8.785249974870325274e-03 -3.242495247862849372e-01 7.278085855770336648e-03 1.000000000000000000e+00 5.314131999999999856e+00 8.583999999999999617e-03 1.491095290000000091e+02
0.000000000000000000e+00 4.150000000000000000e+03 -4.900000000000000000e+04 1.893462832493149506e+01 4.237948189373599156e-02 6.305315531440906618e+00 8.566847974420125147e-03 -3.296575824716544423e-01 7.393481128783442602e-03 1.000000000000000000e+00 5.314861999999999753e+00 5.873999999999999881e-03 3.553293239999999855e+02
0.000000000000000000e+00 4.150000000000000000e+03 -4.900000000000000000e+04 1.897389010286705613e+01 4.994315570420007622e-02 6.237901464914193284e+00 1.187998745678453885e-02 -3.373301815534915926e-01 8.053365590401876523e-03 1.000000000000000000e+00 5.312229000000000312e+00 1.145000000000000011e-02 6.542994240000000445e+02
0.000000000000000000e+00 4.150000000000000000e+03 -4.900000000000000000e+04 1.894926451164554848e+01 4.883101264216441195e-02 6.248570923047081394e+00 7.967184014134601894e-03 -3.274941200377453621e-01 6.944995552604630272e-03 1.000000000000000000e+00 5.295575000000000365e+00 1.214600000000000055e-02 8.605132190000000492e+02
0.000000000000000000e+00 4.150000000000000000e+03 -4.900000000000000000e+04 1.897844144092766427e+01 3.640801635908204326e-02 6.241143599910232709e+00 6.180159091750919535e-03 -3.519569383890158720e-01 7.326037701067538745e-03 1.000000000000000000e+00 5.320922000000000374e+00 1.300100000000000040e-02 1.159466318000000001e+03
0.000000000000000000e+00 4.150000000000000000e+03 -4.550000000000000000e+04 1.872508126659243288e+01 5.010535893376108496e-02 6.292761157282353857e+00 8.669249575519641024e-03 -1.924564828261685345e-01 9.038927144098497443e-03 1.000000000000000000e+00 5.302171000000000411e+00 1.171099999999999919e-02 1.723018549999999891e+02
0.000000000000000000e+00 4.150000000000000000e+03 -4.550000000000000000e+04 1.870509954102979222e+01 5.182920580956676404e-02 6.295600259830351320e+00 8.697968212503711175e-03 -1.850144518358073920e-01 8.961227768774003219e-03 1.000000000000000000e+00 5.320395000000000429e+00 1.431600000000000060e-02 3.321359969999999748e+02
0.000000000000000000e+00 4.150000000000000000e+03 -4.550000000000000000e+04 1.874711935542827845e+01 5.086543845010186443e-02 6.254679239831268944e+00 6.675001757094819847e-03 -1.726580034726459267e-01 6.463994494248902038e-03 1.000000000000000000e+00 5.302404000000000117e+00 1.029900000000000086e-02 6.774897499999999582e+02
0.000000000000000000e+00 4.150000000000000000e+03 -4.550000000000000000e+04 1.871686828429834648e+01 5.657508408499715286e-02 6.271947107604392890e+00 8.653162914504857958e-03 -1.919797367298160806e-01 1.055441795413374073e-02 1.000000000000000000e+00 5.321398000000000295e+00 9.475000000000000783e-03 8.373288929999999937e+02
0.000000000000000000e+00 4.150000000000000000e+03 -4.550000000000000000e+04 1.875129458921275116e+01 4.165682961641826304e-02 6.242724746092686239e+00 7.462308844883100943e-03 -2.289803260037634458e-01 9.546887818146661958e-03 1.000000000000000000e+00 5.309561999999999671e+00 7.487999999999999864e-03 1.182654643999999962e+03
0.000000000000000000e+00 4.150000000000000000e+03 -4.200000000000000000e+04 1.849330514482400645e+01 6.133783647536385913e-02 6.300714431154302630e+00 8.144458204729348311e-03 -4.553185201599380810e-02 1.062370717183701296e-02 1.000000000000000000e+00 5.353375999999999912e+00 1.177899999999999954e-02 1.954901810000000069e+02
0.000000000000000000e+00 4.150000000000000000e+03 -4.200000000000000000e+04 1.847308613070873662e+01 5.901280479000275275e-02 6.318504051923016007e+00 1.068605431083090654e-02 -2.565029960900099687e-02 1.005993951686588207e-02 1.000000000000000000e+00 5.320718000000000281e+00 5.790000000000000008e-03 3.089446710000000280e+02
0.000000000000000000e+00 4.150000000000000000e+03 -4.200000000000000000e+04 1.851162476574060634e+01 4.450468688921849214e-02 6.270902534690242724e+00 1.097720666223370514e-02 -7.355403379558045351e-02 8.999930154575399091e-03 1.000000000000000000e+00 5.316779000000000366e+00 1.340000000000000045e-02 7.006820770000000493e+02
0.000000000000000000e+00 4.150000000000000000e+03 -4.200000000000000000e+04 1.848536823039865595e+01 6.700288399301529418e-02 6.265183386953673939e+00 1.307614509169269766e-02 -3.865403743449195850e-02 8.917465063544384452e-03 1.000000000000000000e+00 5.326121999999999801e+00 1.598099999999999868e-02 8.141395659999999452e+02
0.000000000000000000e+00 4.150000000000000000e+03 -4.200000000000000000e+04 1.851621582145550704e+01 4.700959619536982520e-02 6.269663585602591738e+00 9.148192121294890233e-03 -6.914524795581375449e-02 1.036008148906890705e-02 1.000000000000000000e+00 5.323271000000000086e+00 1.442799999999999985e-02 1.205842969999999923e+03
0.000000000000000000e+00 4.150000000000000000e+03 -3.850000000000000000e+04 1.824874123039952778e+01 5.416928551000591008e-02 6.318307948701831656e+00 1.163254001776934873e-02 8.569657288761521607e-02 1.012107667545601199e-02 1.000000000000000000e+00 5.331640000000000157e+00 6.825000000000000337e-03 2.186805080000000032e+02
0.000000000000000000e+00 4.150000000000000000e+03 -3.850000000000000000e+04 1.823241364429858535e+01 6.934860714630061707e-02 6.300410606680004300e+00 9.445764274532484142e-03 9.366548659464077331e-02 6.662630196703703787e-03 1.000000000000000000e+00 5.326360000000000205e+00 1.629600000000000146e-02 2.857563440000000128e+02
0.000000000000000000e+00 4.150000000000000000e+03 -3.850000000000000000e+04 1.826391484615968963e+01 5.045515874728674632e-02 6.276093264890882040e+00 8.108282113364347066e-03 9.777431959404341011e-02 1.216846378784886169e-02 1.000000000000000000e+00 5.337030000000000385e+00 1.451400000000000086e-02 7.238734030000000530e+02
0.000000000000000000e+00 4.150000000000000000e+03 -3.850000000000000000e+04 1.824326206672857964e+01 7.475614296119829916e-02 6.266557363888208165e+00 1.012716580840447231e-02 7.985735068641003354e-02 7.457391920367513818e-03 1.000000000000000000e+00 5.298658999999999786e+00 8.533999999999999919e-03 7.909472399999999652e+02
0.000000000000000000e+00 4.150000000000000000e+03 -3.850000000000000000e+04 1.826828218363075962e+01 4.915808403894066786e-02 6.277391672470910677e+00 9.273674774456326306e-03 6.527498939833131786e-02 8.168904259327477296e-03 1.000000000000000000e+00 5.316068999999999711e+00 1.113100000000000027e-02 1.229037297000000081e+03
0.000000000000000000e+00 4.150000000000000000e+03 -3.500000000000000000e+04 1.799632087605366237e+01 4.740586467338973875e-02 6.341329984767348549e+00 7.425491708659985070e-03 1.962978464982947924e-01 6.801663873853289535e-03 1.000000000000000000e+00 5.307222000000000328e+00 9.891999999999999751e-03 2.418718340000000069e+02
0.000000000000000000e+00 4.150000000000000000e+03 -3.500000000000000000e+04 1.795524045927814427e+01 4.817845902658225016e-02 6.343661551976778057e+00 6.511566466785991686e-03 2.108680174272236363e-01 2.506400985422252772e-02 1.000000000000000000e+00 5.230029000000000039e+00 4.114999999999999908e-02 2.625640179999999759e+02
0.000000000000000000e+00 4.150000000000000000e+03 -3.500000000000000000e+04 1.801739886886833730e+01 3.159068730855283530e-02 6.308645684484209148e+00 7.976416437604272325e-03 2.025722135505079735e-01 6.948198053247668475e-03 1.000000000000000000e+00 5.320335000000000036e+00 8.987999999999999462e-03 7.470637299999999641e+02
0.000000000000000000e+00 4.150000000000000000e+03 -3.500000000000000000e+04 1.797277133735940780e+01 4.078950897829639738e-02 6.297329685092231344e+00 6.590062387534340385e-03 2.032388207661986745e-01 2.419962338628193002e-02 1.000000000000000000e+00 5.224550999999999945e+00 4.858099999999999918e-02 7.677569130000000541e+02
0.000000000000000000e+00 4.150000000000000000e+03 -3.500000000000000000e+04 1.802168934517721155e+01 5.369179797576598134e-02 6.286521433614953303e+00 7.858144043655016300e-03 2.047910933393264354e-01 8.369945299624228369e-03 1.000000000000000000e+00 5.325366999999999962e+00 7.610999999999999710e-03 1.252225623000000041e+03
