4.525000000000000000e+03 4.050000000000000000e+03 -7.000000000000000000e+04 2.389123126133118191e+01 4.713304654002749977e-02 6.646592667971983559e+00 9.084335681049932401e-03 -3.225043509909704564e+00 1.059982504995272794e-02 1.000000000000000000e+00 9.330581000000000458e+00 1.215800000000000040e-02 2.595948500000000081e+01
4.525000000000000000e+03 4.050000000000000000e+03 -7.000000000000000000e+04 2.391201072192313148e+01 6.767858373633436897e-02 6.587007814884769274e+00 1.387452607184958692e-02 -3.226419164693020480e+00 1.088940561856082193e-02 1.000000000000000000e+00 9.295249999999999346e+00 1.576200000000000170e-02 5.384637979999999970e+02
4.525000000000000000e+03 4.050000000000000000e+03 -7.000000000000000000e+04 2.392607068687178185e+01 6.069577053185921250e-02 6.572175501363753725e+00 1.033450952541516664e-02 -3.216521769770266825e+00 1.301251310904220568e-02 1.000000000000000000e+00 9.296015000000000583e+00 2.020500000000000074e-02 5.591589820000000373e+02
4.525000000000000000e+03 4.050000000000000000e+03 -6.650000000000000000e+04 2.374659267723605183e+01 4.878639341380436312e-02 6.697183020143922860e+00 1.098502852759592613e-02 -2.875778624742193035e+00 6.833864786591156183e-03 1.000000000000000000e+00 9.322931000000000523e+00 1.336200000000000061e-02 5.064389700000000261e+01
4.525000000000000000e+03 4.050000000000000000e+03 -6.650000000000000000e+04 2.374503043390829404e+01 7.035964184869500371e-02 6.609648954590089609e+00 1.015142406226435604e-02 -2.844194936730784384e+00 1.091990853585541980e-02 1.000000000000000000e+00 9.307021999999999906e+00 1.391500000000000029e-02 5.138773919999999862e+02
4.525000000000000000e+03 4.050000000000000000e+03 -6.650000000000000000e+04 2.376291149215901655e+01 5.169114022404205921e-02 6.633671312856103341e+00 7.668021715933595953e-03 -2.873208081823545701e+00 6.658861712214181154e-03 1.000000000000000000e+00 9.300276999999999461e+00 7.344999999999999966e-03 5.837503890000000411e+02
4.525000000000000000e+03 4.050000000000000000e+03 -6.300000000000000000e+04 2.354956215999448688e+01 4.804601446562315609e-02 6.700017897365274422e+00 8.448404095120985377e-03 -2.776744784663861765e+00 9.272879607472249083e-03 1.000000000000000000e+00 9.312659999999999272e+00 5.897000000000000332e-03 7.522530199999999923e+01
4.525000000000000000e+03 4.050000000000000000e+03 -6.300000000000000000e+04 2.354971013531040924e+01 4.247853863948703595e-02 6.635581555052175062e+00 1.062696991647056784e-02 -2.747674735306919747e+00 5.671274940261384831e-03 1.000000000000000000e+00 9.293397000000000574e+00 1.287899999999999982e-02 4.892859849999999824e+02
4.525000000000000000e+03 4.050000000000000000e+03 -6.300000000000000000e+04 2.356674058859233867e+01 4.648580642164099053e-02 6.670066824213016332e+00 1.128347916279892268e-02 -2.751978422437313387e+00 8.140654292647779913e-03 1.000000000000000000e+00 9.312018999999999380e+00 1.198199999999999960e-02 6.083387950000000046e+02
4.525000000000000000e+03 4.050000000000000000e+03 -5.950000000000000000e+04 2.334495208339074424e+01 5.061188254835868872e-02 6.722168914149038166e+00 7.347192300982434941e-03 -2.680129949810948986e+00 7.754963842825419833e-03 1.000000000000000000e+00 9.315913000000000110e+00 7.052000000000000109e-03 9.980370899999999779e+01
4.525000000000000000e+03 4.050000000000000000e+03 -5.950000000000000000e+04 2.333931067806926052e+01 4.534233483880131810e-02 6.677341205224338161e+00 7.692204278389890362e-03 -2.697476478413553647e+00 6.802391837107405609e-03 1.000000000000000000e+00 9.311403000000000318e+00 1.143399999999999972e-02 4.646935789999999997e+02
4.525000000000000000e+03 4.050000000000000000e+03 -5.950000000000000000e+04 2.336430191387532318e+01 3.791225755358492572e-02 6.674824806848199898e+00 8.665575607848551021e-03 -2.700375436001817064e+00 7.809433563025126694e-03 1.000000000000000000e+00 9.308825000000000571e+00 5.970999999999999745e-03 6.329282009999999445e+02
4.525000000000000000e+03 4.050000000000000000e+03 -5.600000000000000000e+04 2.314557387693406199e+01 6.445153168236210373e-02 6.701814908067890819e+00 1.107969486814332043e-02 -2.608863065625050215e+00 9.829328177770492794e-03 1.000000000000000000e+00 9.322309999999999874e+00 9.851999999999999647e-03 1.243831140000000062e+02
4.525000000000000000e+03 4.050000000000000000e+03 -5.600000000000000000e+04 2.313067270599749037e+01 4.929757938050687016e-02 6.700289170960611607e+00 1.110948289010284078e-02 -2.610257304126332389e+00 8.577024258863679557e-03 1.000000000000000000e+00 9.285807999999999396e+00 9.778999999999999498e-03 4.401041720000000055e+02
4.525000000000000000e+03 4.050000000000000000e+03 -5.600000000000000000e+04 2.316157676523825870e+01 6.102968659837105375e-02 6.688369284863304287e+00 1.270547521110226494e-02 -2.581391277176463106e+00 1.222428252964873237e-02 1.000000000000000000e+00 9.302889000000000408e+00 1.266100000000000038e-02 6.575196079999999483e+02
4.525000000000000000e+03 4.050000000000000000e+03 -5.250000000000000000e+04 2.293114927339987474e+01 4.035956836408158277e-02 6.718434809917972039e+00 1.076572967482265601e-02 -2.551143052711848824e+00 8.801529187230381149e-03 1.000000000000000000e+00 9.317159999999999442e+00 1.483899999999999976e-02 1.489595199999999977e+02
4.525000000000000000e+03 4.050000000000000000e+03 -5.250000000000000000e+04 2.291748981507602068e+01 5.303693343772045155e-02 6.729013748875986245e+00 7.952365524965792493e-03 -2.545437453810649675e+00 8.497952640497973692e-03 1.000000000000000000e+00 9.289766000000000190e+00 1.076200000000000073e-02 4.155127659999999992e+02
4.525000000000000000e+03 4.050000000000000000e+03 -5.250000000000000000e+04 2.294706942178425635e+01 5.201966254026946929e-02 6.708056545563302997e+00 7.862197509863388944e-03 -2.523073762136488707e+00 6.803774284350117517e-03 1.000000000000000000e+00 9.306893000000000526e+00 9.348000000000000406e-03 6.821120140000000447e+02
4.525000000000000000e+03 4.050000000000000000e+03 -4.900000000000000000e+04 2.271865464933431866e+01 3.966752746168862587e-02 6.735785737540838092e+00 6.195371963009358753e-03 -2.500038408765695941e+00 7.942596006101310113e-03 1.000000000000000000e+00 9.304821000000000453e+00 9.875999999999999363e-03 1.735419259999999895e+02
4.525000000000000000e+03 4.050000000000000000e+03 -4.900000000000000000e+04 2.270067239072748677e+01 5.250979521485860807e-02 6.739431087466710046e+00 9.620305984672266469e-03 -2.454837898510667138e+00 7.307369790484874797e-03 1.000000000000000000e+00 9.294987000000000776e+00 6.427000000000000421e-03 3.909233590000000049e+02
4.525000000000000000e+03 4.050000000000000000e+03 -4.900000000000000000e+04 2.272935824608829591e+01 4.506380947675780319e-02 6.719908815835456295e+00 9.229325551854057272e-03 -2.473834637535407666e+00 7.534631928658965666e-03 1.000000000000000000e+00 9.299312999999999718e+00 6.922000000000000201e-03 7.067014209999999821e+02
4.525000000000000000e+03 4.050000000000000000e+03 -4.550000000000000000e+04 2.249479082198063296e+01 3.994829482235948137e-02 6.764290496152169929e+00 1.075458470306479321e-02 -2.398915556516226122e+00 6.659171318599030158e-03 1.000000000000000000e+00 9.315302000000000859e+00 9.731000000000000066e-03 1.981213319999999953e+02
4.525000000000000000e+03 4.050000000000000000e+03 -4.550000000000000000e+04 2.247675642966023091e+01 3.913611891659347919e-02 6.752862361203317398e+00 9.980123164418147966e-03 -2.399414552733449391e+00 8.794190967297586120e-03 1.000000000000000000e+00 9.294221999999999539e+00 1.116900000000000011e-02 3.663319529999999986e+02
4.525000000000000000e+03 4.050000000000000000e+03 -4.550000000000000000e+04 2.250863663124475167e+01 4.762240799579210704e-02 6.739761164037705754e+00 7.843238709387866797e-03 -2.420423131689638296e+00 8.547312398050984153e-03 1.000000000000000000e+00 9.308412999999999826e+00 8.869000000000000147e-03 7.312878269999999929e+02
4.525000000000000000e+03 4.050000000000000000e+03 -4.200000000000000000e+04 2.226745116855273210e+01 6.223194624074360193e-02 6.757423012583672062e+00 1.187579925203238913e-02 -2.307362359708481137e+00 8.175875562569845725e-03 1.000000000000000000e+00 9.318709000000000131e+00 7.583000000000000330e-03 2.226987379999999916e+02
4.525000000000000000e+03 4.050000000000000000e+03 -4.200000000000000000e+04 2.224348374431809106e+01 7.278213045001181991e-02 6.758315555701907229e+00 1.334640172535855873e-02 -2.331192078723588690e+00 9.331202824009839775e-03 1.000000000000000000e+00 9.296661000000000286e+00 1.215699999999999940e-02 3.417405459999999948e+02
4.525000000000000000e+03 4.050000000000000000e+03 -4.200000000000000000e+04 2.227898062259302492e+01 5.396064478029555939e-02 6.706893878047068824e+00 1.300716591404045032e-02 -2.316431468678745276e+00 9.855347927870733785e-03 1.000000000000000000e+00 9.293874000000000635e+00 1.316499999999999962e-02 7.558752339999999776e+02
4.525000000000000000e+03 4.050000000000000000e+03 -3.850000000000000000e+04 2.203151716561762541e+01 3.905807407114612884e-02 6.779206141748117531e+00 9.788524483501847770e-03 -2.243406678578326652e+00 6.331141152173739954e-03 1.000000000000000000e+00 9.318436000000000163e+00 7.701999999999999645e-03 2.472841430000000003e+02
4.525000000000000000e+03 4.050000000000000000e+03 -3.850000000000000000e+04 2.201288394458563857e+01 5.113543196659538215e-02 6.782920701943702113e+00 1.133291785072316343e-02 -2.233550898267938845e+00 8.291876300238473080e-03 1.000000000000000000e+00 9.294822999999999169e+00 1.854000000000000092e-02 3.171521399999999744e+02
4.525000000000000000e+03 4.050000000000000000e+03 -3.850000000000000000e+04 2.204066742084102870e+01 5.681533988450516298e-02 6.761208524951796583e+00 8.034517668639388349e-03 -2.240625316861593497e+00 7.798083972392193600e-03 1.000000000000000000e+00 9.319637999999999423e+00 1.286400000000000043e-02 7.804656400000000076e+02
4.525000000000000000e+03 4.050000000000000000e+03 -3.500000000000000000e+04 2.179346892435323824e+01 4.350158571358647697e-02 6.786535159360045810e+00 7.681662298604776014e-03 -2.169258754097739494e+00 6.837755313966899402e-03 1.000000000000000000e+00 9.308908999999999878e+00 5.987000000000000134e-03 2.718735500000000229e+02
4.525000000000000000e+03 4.050000000000000000e+03 -3.500000000000000000e+04 2.179750937960891122e+01 3.444456242589547662e-02 6.811292279566822927e+00 7.411417202664296808e-03 -2.177316117586754363e+00 7.482737489491467914e-03 1.000000000000000000e+00 9.288702999999999932e+00 1.023800000000000057e-02 2.925627339999999776e+02
4.525000000000000000e+03 4.050000000000000000e+03 -3.500000000000000000e+04 2.179775622353540143e+01 5.642215773252495792e-02 6.774798113183861936e+00 1.010647620471017208e-02 -2.168845143434468437e+00 8.036791432512188985e-03 1.000000000000000000e+00 9.311348000000000624e+00 1.116499999999999958e-02 8.050560460000000376e+02
