0.000000000000000000e+00 -3.950000000000000000e+03 -5.865400000000000000e+04 1.990283697094518445e+01 5.566585111834614075e-02 6.114769175748491215e+00 1.070802756362127829e-02 -4.171366869334904859e-01 1.199222039352381558e-02 1.000000000000000000e+00 5.269308999999999799e+00 1.200799999999999958e-02 2.122658409000000120e+03
0.000000000000000000e+00 -3.950000000000000000e+03 -5.865400000000000000e+04 1.987226503240851372e+01 7.196317502766515217e-02 6.150315884185008741e+00 1.192413616023825333e-02 -4.459654501299798457e-01 1.514314507523887438e-02 1.000000000000000000e+00 5.273367000000000360e+00 1.454899999999999943e-02 2.494830695999999989e+03
0.000000000000000000e+00 -3.950000000000000000e+03 -5.865400000000000000e+04 1.982966659858387004e+01 6.849836807067925804e-02 6.189352016300192716e+00 1.587328338018448998e-02 -4.292866993921837793e-01 2.863215631743634346e-02 1.000000000000000000e+00 5.191207000000000349e+00 4.870499999999999829e-02 2.515521879999999783e+03
0.000000000000000000e+00 5.000000000000000000e+01 -5.865400000000000000e+04 1.976055030983767935e+01 7.912733666766427754e-02 6.553749894613893012e+00 1.675665473877486697e-02 -4.486932608269165179e-01 1.522229308769225062e-02 1.000000000000000000e+00 5.308906000000000347e+00 1.730800000000000047e-02 2.746646099000000049e+03
0.000000000000000000e+00 5.000000000000000000e+01 -5.865400000000000000e+04 1.985106694501346780e+01 9.925639645519479526e-02 6.201287353576046435e+00 1.353628400085920419e-02 -4.247826270712623531e-01 1.190241283006416260e-02 1.000000000000000000e+00 5.304481000000000002e+00 1.942899999999999835e-02 3.118708380000000034e+03
0.000000000000000000e+00 5.000000000000000000e+01 -5.865400000000000000e+04 1.978855895394474729e+01 7.255573359000890010e-02 6.207203387611206935e+00 1.310811557644710711e-02 -4.125384928492236147e-01 1.096580987661916612e-02 1.000000000000000000e+00 5.186593000000000231e+00 3.950000000000000039e-02 3.139397562999999991e+03
0.000000000000000000e+00 4.050000000000000000e+03 -5.865400000000000000e+04 1.950790975540983041e+01 6.638909630781916760e-02 6.233305292043284318e+00 1.086856719923870625e-02 -6.837848736914512449e-01 1.492217086977443326e-02 1.000000000000000000e+00 5.293166000000000260e+00 2.409400000000000083e-02 8.432622320000000400e+02
0.000000000000000000e+00 4.050000000000000000e+03 -5.865400000000000000e+04 1.947946491724022522e+01 8.760817315744727496e-02 6.319374574610347572e+00 1.159382108956954344e-02 -6.964723304458972919e-01 1.205738066736670826e-02 1.000000000000000000e+00 5.265826999999999813e+00 1.471100000000000012e-02 1.215365514999999959e+03
0.000000000000000000e+00 4.050000000000000000e+03 -5.865400000000000000e+04 1.942756501275794889e+01 7.621498258518434599e-02 6.294920878758603955e+00 1.421842765174290840e-02 -6.785729445927012327e-01 2.080081511989858439e-02 1.000000000000000000e+00 5.157251999999999725e+00 5.224299999999999777e-02 1.236057698999999957e+03
0.000000000000000000e+00 8.050000000000000000e+03 -5.865400000000000000e+04 1.955540869030014051e+01 5.289556934553410472e-02 6.088299889052862568e+00 8.574737215320270972e-03 -7.335691800243191452e-01 1.331153745064763728e-02 1.000000000000000000e+00 5.261008999999999602e+00 1.881299999999999986e-02 1.467082912000000078e+03
0.000000000000000000e+00 8.050000000000000000e+03 -5.865400000000000000e+04 1.954736474081415665e+01 6.399173329202936800e-02 6.029431458363426977e+00 1.354052444597541975e-02 -7.754106304990580067e-01 1.293609744125798384e-02 1.000000000000000000e+00 5.273724999999999774e+00 1.206800000000000060e-02 1.839039187000000084e+03
0.000000000000000000e+00 8.050000000000000000e+03 -5.865400000000000000e+04 1.948898494028710715e+01 7.221643446646426601e-02 6.031498314419565965e+00 1.240794325955993198e-02 -7.741661882685690887e-01 1.116628667097570131e-02 1.000000000000000000e+00 5.164071999999999996e+00 4.026199999999999918e-02 1.859731371000000081e+03
4.000000000000000000e+03 -3.950000000000000000e+03 -5.865400000000000000e+04 1.966212120410755659e+01 5.715583424524674910e-02 6.066577919416733522e+00 1.238313442310765532e-02 -1.120770112541989993e+00 1.267642799013690182e-02 1.000000000000000000e+00 5.286082999999999643e+00 1.128700000000000016e-02 2.147948855999999978e+03
4.000000000000000000e+03 -3.950000000000000000e+03 -5.865400000000000000e+04 1.966715268927973881e+01 7.061812917620437224e-02 6.052698019855615286e+00 1.291767210181888649e-02 -1.139227647998691584e+00 1.390916622672988198e-02 1.000000000000000000e+00 5.283966999999999636e+00 1.134800000000000045e-02 2.469734261000000060e+03
4.000000000000000000e+03 -3.950000000000000000e+03 -5.865400000000000000e+04 1.965467805708549776e+01 6.529923805864192021e-02 6.116598727888948872e+00 1.612040359090418859e-02 -1.129656828312949113e+00 1.382409888662462089e-02 1.000000000000000000e+00 5.299533000000000271e+00 1.353500000000000016e-02 2.540613315000000057e+03
4.000000000000000000e+03 5.000000000000000000e+01 -5.865400000000000000e+04 1.976367463048459783e+01 8.167763378542484964e-02 6.310019465928357718e+00 1.482275984481007391e-02 -3.793769199883827437e-01 1.309051388590662390e-02 1.000000000000000000e+00 5.301376000000000310e+00 1.220199999999999931e-02 2.771839539999999943e+03
4.000000000000000000e+03 5.000000000000000000e+01 -5.865400000000000000e+04 1.984195444854028167e+01 9.002125401309378494e-02 6.094704445788618585e+00 1.548928271046002419e-02 -3.974087460299192132e-01 1.498535725384918596e-02 1.000000000000000000e+00 5.287250000000000227e+00 1.589099999999999888e-02 3.093613945000000058e+03
4.000000000000000000e+03 5.000000000000000000e+01 -5.865400000000000000e+04 1.981763993747259889e+01 6.621340853015005024e-02 6.097299039350938088e+00 1.469260067658885623e-02 -3.826617183705624536e-01 1.377381480119999752e-02 1.000000000000000000e+00 5.295287000000000077e+00 1.307099999999999929e-02 3.164487998000000061e+03
4.000000000000000000e+03 4.050000000000000000e+03 -5.865400000000000000e+04 1.972179777187166394e+01 7.028195485199020820e-02 6.353963428576769878e+00 1.199237737409169884e-02 -1.721269632913493552e-01 1.235284878480185679e-02 1.000000000000000000e+00 5.278468000000000160e+00 1.792200000000000043e-02 8.683636669999999640e+02
4.000000000000000000e+03 4.050000000000000000e+03 -5.865400000000000000e+04 1.970465680469612124e+01 8.585170241096669319e-02 6.333627173645052011e+00 1.361092239682470777e-02 -2.190906926113166953e-01 1.378161832465377851e-02 1.000000000000000000e+00 5.274038000000000004e+00 1.397999999999999937e-02 1.190271079999999984e+03
4.000000000000000000e+03 4.050000000000000000e+03 -5.865400000000000000e+04 1.969876405939381669e+01 6.838701266452346106e-02 6.344613365763514423e+00 9.941770915579814169e-03 -2.509034972902254301e-01 1.318830583829629956e-02 1.000000000000000000e+00 5.272238999999999898e+00 1.499400000000000038e-02 1.261150133999999980e+03
4.000000000000000000e+03 8.050000000000000000e+03 -5.865400000000000000e+04 1.957520446285529658e+01 7.241597429649578033e-02 6.233864235668390208e+00 1.437686795467651990e-02 -7.975181215367794785e-01 1.298304292155957190e-02 1.000000000000000000e+00 5.258614999999999817e+00 1.359899999999999998e-02 1.492173346999999922e+03
4.000000000000000000e+03 8.050000000000000000e+03 -5.865400000000000000e+04 1.958826029445179628e+01 6.548239526710679381e-02 6.181645172642058483e+00 1.410542247739366394e-02 -8.121859596861411568e-01 1.236759474662019187e-02 1.000000000000000000e+00 5.259866999999999848e+00 9.841000000000000789e-03 1.813946752000000060e+03
4.000000000000000000e+03 8.050000000000000000e+03 -5.865400000000000000e+04 1.957370122850634786e+01 6.309382174374549013e-02 6.201672225754856882e+00 1.128138987371190421e-02 -8.144504568517636489e-01 1.344257971096986248e-02 1.000000000000000000e+00 5.250264999999999738e+00 1.089500000000000017e-02 1.884820805999999948e+03
8.000000000000000000e+03 -3.950000000000000000e+03 -5.865400000000000000e+04 1.946095449945103439e+01 5.950267220585599842e-02 6.070269261404510175e+00 1.065237688210807915e-02 -1.590436544638295535e+00 1.108344401005306908e-02 1.000000000000000000e+00 5.285416999999999810e+00 1.097099999999999985e-02 2.173036290999999892e+03
8.000000000000000000e+03 -3.950000000000000000e+03 -5.865400000000000000e+04 1.946001839516896226e+01 6.093736607471025163e-02 6.064100368073376934e+00 1.412548885547664813e-02 -1.660889059517767219e+00 1.314196615695519682e-02 1.000000000000000000e+00 5.305483999999999867e+00 1.518700000000000085e-02 2.444639826000000085e+03
8.000000000000000000e+03 -3.950000000000000000e+03 -5.865400000000000000e+04 1.946669424446393748e+01 5.350283018512023980e-02 6.032966425902932528e+00 1.381442641541267419e-02 -1.616367207948922635e+00 1.054658854774063841e-02 1.000000000000000000e+00 5.298853000000000257e+00 8.559000000000000635e-03 2.565804755999999998e+03
8.000000000000000000e+03 5.000000000000000000e+01 -5.865400000000000000e+04 1.980249105168744350e+01 6.092808662779169993e-02 6.093013621748011310e+00 1.851207483551561492e-02 -3.230214276995907463e-01 1.318991804980529717e-02 1.000000000000000000e+00 5.284512999999999572e+00 1.945900000000000060e-02 2.796929975999999897e+03
8.000000000000000000e+03 5.000000000000000000e+01 -5.865400000000000000e+04 1.980487388290561412e+01 9.654618200511766446e-02 5.927673100263431749e+00 1.541041715446812843e-02 -3.578519330877372173e-01 1.322002981690936427e-02 1.000000000000000000e+00 5.303819999999999979e+00 1.171299999999999945e-02 3.068523509999999987e+03
8.000000000000000000e+03 5.000000000000000000e+01 -5.865400000000000000e+04 1.981378236770137491e+01 1.015271417592722575e-01 5.959478766096840019e+00 1.370017113605655375e-02 -3.705064756925606217e-01 1.621459907106564263e-02 1.000000000000000000e+00 5.275697000000000081e+00 1.150400000000000034e-02 3.189585434000000078e+03
8.000000000000000000e+03 4.050000000000000000e+03 -5.865400000000000000e+04 1.997651884522248977e+01 7.715613427928806611e-02 6.379439165618894236e+00 1.414586734417279737e-02 3.711098379180806095e-01 1.244364613598190027e-02 1.000000000000000000e+00 5.271594000000000335e+00 2.173299999999999885e-02 8.934641030000000228e+02
8.000000000000000000e+03 4.050000000000000000e+03 -5.865400000000000000e+04 1.996590939507061080e+01 8.389959704751612235e-02 6.396166235814868983e+00 1.387076079603576789e-02 3.916960657205164065e-01 1.104019615783974166e-02 1.000000000000000000e+00 5.261092999999999797e+00 2.022699999999999845e-02 1.165184645000000046e+03
8.000000000000000000e+03 4.050000000000000000e+03 -5.865400000000000000e+04 1.995555101906853679e+01 6.968696807643459668e-02 6.382495522654211051e+00 1.286866451136997949e-02 3.688804509955390665e-01 1.282185446835956352e-02 1.000000000000000000e+00 5.259514000000000244e+00 1.106700000000000045e-02 1.286243568999999979e+03
8.000000000000000000e+03 8.050000000000000000e+03 -5.865400000000000000e+04 1.958900159019795950e+01 6.798107228463937113e-02 6.389395615037185117e+00 1.063990430677782748e-02 -8.585782595747077917e-01 1.014363979906851392e-02 1.000000000000000000e+00 5.256459000000000437e+00 1.172499999999999931e-02 1.517262782999999899e+03
8.000000000000000000e+03 8.050000000000000000e+03 -5.865400000000000000e+04 1.960885593839748964e+01 7.428836876311901982e-02 6.335988322364555891e+00 1.141819260953957048e-02 -8.674814192358676346e-01 1.212958721664906224e-02 1.000000000000000000e+00 5.272369000000000305e+00 1.071800000000000010e-02 1.788856316999999990e+03
8.000000000000000000e+03 8.050000000000000000e+03 -5.865400000000000000e+04 1.961142951808648149e+01 7.520808734864664613e-02 6.334042599431599641e+00 1.478192132008145608e-02 -8.461928990230258574e-01 1.192769057467781696e-02 1.000000000000000000e+00 5.258759000000000405e+00 9.853000000000000647e-03 1.909914240999999947e+03
1.200000000000000000e+04 -3.950000000000000000e+03 -5.865400000000000000e+04 1.928872380586072310e+01 6.740291509752666110e-02 5.948106922155516507e+00 1.341223157753286196e-02 -2.403109283547600228e+00 1.596001173139423995e-02 1.000000000000000000e+00 5.275761000000000145e+00 1.531099999999999996e-02 2.198122725000000173e+03
1.200000000000000000e+04 -3.950000000000000000e+03 -5.865400000000000000e+04 1.930535989095378824e+01 8.443315235329207358e-02 5.897852138987705217e+00 1.440517575714676118e-02 -2.453963330255137798e+00 1.654043578904372883e-02 1.000000000000000000e+00 5.276943000000000161e+00 1.305100000000000010e-02 2.419549390000000130e+03
1.200000000000000000e+04 -3.950000000000000000e+03 -5.865400000000000000e+04 1.930271836123640838e+01 7.157461957335868596e-02 5.947474932966077432e+00 1.429446818295448604e-02 -2.362899975377710238e+00 1.347536842893291148e-02 1.000000000000000000e+00 5.288664999999999949e+00 1.404500000000000019e-02 2.590895191000000068e+03
1.200000000000000000e+04 5.000000000000000000e+01 -5.865400000000000000e+04 1.977022039177859014e+01 8.831864996977081828e-02 5.897619297997154675e+00 1.441176093080615700e-02 -3.824778438100838174e-01 1.243909001456250558e-02 1.000000000000000000e+00 5.273283000000000165e+00 8.477000000000000160e-03 2.822018410000000131e+03
1.200000000000000000e+04 5.000000000000000000e+01 -5.865400000000000000e+04 1.982656984082381513e+01 8.280061169209981808e-02 5.733930311679467096e+00 1.651655508987200441e-02 -3.761136301439326757e-01 1.019955824422442633e-02 1.000000000000000000e+00 5.292469999999999786e+00 1.174700000000000050e-02 3.043433074000000033e+03
1.200000000000000000e+04 5.000000000000000000e+01 -5.865400000000000000e+04 1.982795145042015861e+01 1.029803709108596255e-01 5.761959106520212259e+00 1.713539034131651359e-02 -3.638598906045629189e-01 1.192554208044621644e-02 1.000000000000000000e+00 5.300110000000000099e+00 1.631900000000000017e-02 3.214673869000000195e+03
1.200000000000000000e+04 4.050000000000000000e+03 -5.865400000000000000e+04 2.028071388730356972e+01 5.420596831560765133e-02 6.415165577505237415e+00 1.358582376231185981e-02 1.037229651148210641e+00 1.462273495850693363e-02 1.000000000000000000e+00 5.273278000000000354e+00 1.328000000000000014e-02 9.185655389999999443e+02
1.200000000000000000e+04 4.050000000000000000e+03 -5.865400000000000000e+04 2.027267810544363513e+01 7.668723097707388914e-02 6.405095651467819451e+00 1.078901768461040279e-02 1.056262111485761324e+00 1.093106543160740629e-02 1.000000000000000000e+00 5.257774999999999643e+00 1.733200000000000018e-02 1.140079208999999992e+03
1.200000000000000000e+04 4.050000000000000000e+03 -5.865400000000000000e+04 2.026250642082607456e+01 7.289762644475196451e-02 6.392021526402697162e+00 1.193180975400526256e-02 1.031781684001289223e+00 1.121134290420304144e-02 1.000000000000000000e+00 5.265320000000000000e+00 1.641799999999999857e-02 1.311335004000000026e+03
1.200000000000000000e+04 8.050000000000000000e+03 -5.865400000000000000e+04 1.968296287024226032e+01 8.019334712180478664e-02 6.551676995446250373e+00 1.175108861073706663e-02 -8.084381006008029003e-01 1.367086404966168060e-02 1.000000000000000000e+00 5.254814999999999792e+00 1.316299999999999935e-02 1.542354217999999946e+03
1.200000000000000000e+04 8.050000000000000000e+03 -5.865400000000000000e+04 1.971479554346129248e+01 7.350620301669788526e-02 6.409413552579152906e+00 1.412671635110322732e-02 -7.964966302838564216e-01 1.093938591528188960e-02 1.000000000000000000e+00 5.260239000000000331e+00 1.213900000000000048e-02 1.763764881999999943e+03
1.200000000000000000e+04 8.050000000000000000e+03 -5.865400000000000000e+04 1.966553049039978873e+01 7.268172090979396760e-02 6.523837731655343752e+00 1.157866827772044416e-02 -8.292967918015515805e-01 1.450033946172737433e-02 1.000000000000000000e+00 5.255614999999999704e+00 1.343800000000000029e-02 1.935005675999999994e+03
1.600000000000000000e+04 -3.950000000000000000e+03 -5.865400000000000000e+04 1.915490388787197062e+01 6.013573389762288945e-02 6.011867144934886831e+00 1.575498597742766571e-02 -2.716203966506498979e+00 1.712699855331776058e-02 1.000000000000000000e+00 5.302678000000000225e+00 1.467700000000000081e-02 2.223210160999999971e+03
1.600000000000000000e+04 -3.950000000000000000e+03 -5.865400000000000000e+04 1.917830119734014005e+01 8.571933049817917483e-02 5.934444819814608252e+00 1.478929540526173134e-02 -2.776783756004488790e+00 1.667948240683249372e-02 1.000000000000000000e+00 5.292335999999999707e+00 1.759700000000000153e-02 2.394456955000000107e+03
1.600000000000000000e+04 -3.950000000000000000e+03 -5.865400000000000000e+04 1.915359226759305855e+01 6.772992259794394232e-02 6.005472753034236888e+00 1.652481408011344938e-02 -2.751534945511684427e+00 1.311500585185572387e-02 1.000000000000000000e+00 5.306715999999999767e+00 1.933299999999999949e-02 2.615985626000000138e+03
1.600000000000000000e+04 5.000000000000000000e+01 -5.865400000000000000e+04 1.983859442660617134e+01 6.381660677982919916e-02 5.671407995868031904e+00 1.069158860841648052e-02 -4.148845387873732471e-01 1.465473800983964348e-02 1.000000000000000000e+00 5.262458999999999776e+00 1.709000000000000102e-02 2.847105845000000045e+03
1.600000000000000000e+04 5.000000000000000000e+01 -5.865400000000000000e+04 1.989095811456206420e+01 7.615471727839467908e-02 5.496685899735783920e+00 1.435830763383571032e-02 -3.709174331308630057e-01 1.216914520991145207e-02 1.000000000000000000e+00 5.283280999999999672e+00 1.546999999999999938e-02 3.018342638999999963e+03
1.600000000000000000e+04 5.000000000000000000e+01 -5.865400000000000000e+04 1.985939175836566761e+01 8.492046058887360582e-02 5.576101788779936896e+00 1.278904294106151043e-02 -3.526555031997458123e-01 1.335645776488844812e-02 1.000000000000000000e+00 5.313843000000000316e+00 1.134300000000000065e-02 3.239762303999999858e+03
1.600000000000000000e+04 4.050000000000000000e+03 -5.865400000000000000e+04 2.059860775300612801e+01 7.747028186185732357e-02 6.493220558579404056e+00 1.199857389260681161e-02 1.588846962423860143e+00 1.066443429292112700e-02 1.000000000000000000e+00 5.281498000000000026e+00 1.974100000000000160e-02 9.436739750000000413e+02
1.600000000000000000e+04 4.050000000000000000e+03 -5.865400000000000000e+04 2.061611489256970486e+01 8.728819573491916617e-02 6.344356323969948086e+00 1.295347644177574122e-02 1.666308854651214144e+00 1.151063835826675839e-02 1.000000000000000000e+00 5.277917000000000414e+00 1.376499999999999946e-02 1.114975772999999890e+03
1.600000000000000000e+04 4.050000000000000000e+03 -5.865400000000000000e+04 2.057793234700161022e+01 8.593230436432602870e-02 6.473386333151845307e+00 1.301516446661273030e-02 1.632880711097315807e+00 9.790489903158875254e-03 1.000000000000000000e+00 5.223482999999999876e+00 1.006800000000000056e-02 1.336426439000000073e+03
1.600000000000000000e+04 8.050000000000000000e+03 -5.865400000000000000e+04 1.970420183264542757e+01 6.640460818498616913e-02 6.695270558713820819e+00 1.303977212652383290e-02 -8.130900181980549313e-01 1.254217986184209821e-02 1.000000000000000000e+00 5.266149999999999665e+00 1.722200000000000120e-02 1.567445652999999993e+03
1.600000000000000000e+04 8.050000000000000000e+03 -5.865400000000000000e+04 1.979096192497812723e+01 6.396929671730142153e-02 6.508991007622738856e+00 1.460032676566327264e-02 -7.927991241880189000e-01 1.544739255763592257e-02 1.000000000000000000e+00 5.254353000000000051e+00 1.089099999999999964e-02 1.738672446999999920e+03
1.600000000000000000e+04 8.050000000000000000e+03 -5.865400000000000000e+04 1.975669351096157200e+01 8.331576507158063027e-02 6.654811359597011311e+00 1.148818376728914098e-02 -7.769384876027787268e-01 9.527183700662878243e-03 1.000000000000000000e+00 5.243807999999999581e+00 1.579699999999999854e-02 1.960098111999999901e+03
2.000000000000000000e+04 -3.950000000000000000e+03 -5.865400000000000000e+04 1.904554166398358461e+01 6.842349034587939804e-02 6.001095497714008076e+00 1.369362778827279588e-02 -3.272922368647354752e+00 1.343083150380472088e-02 1.000000000000000000e+00 5.287528000000000006e+00 1.099299999999999930e-02 2.248302595999999994e+03
2.000000000000000000e+04 -3.950000000000000000e+03 -5.865400000000000000e+04 1.907522405728708037e+01 6.604042725053735352e-02 5.909560268365709135e+00 1.137330586984822145e-02 -3.319486165635260999e+00 1.830638110488686313e-02 1.000000000000000000e+00 5.283723000000000170e+00 2.328799999999999967e-02 2.369368519999999990e+03
2.000000000000000000e+04 -3.950000000000000000e+03 -5.865400000000000000e+04 1.905111738727365633e+01 7.842071349593585095e-02 5.990324797124467970e+00 1.351323180493594484e-02 -3.287458259284086193e+00 1.451772743835665243e-02 1.000000000000000000e+00 5.290136000000000394e+00 1.807500000000000079e-02 2.641073061000000052e+03
2.000000000000000000e+04 5.000000000000000000e+01 -5.865400000000000000e+04 1.986356757902718684e+01 6.678184368981136820e-02 5.427670305762548608e+00 1.774690224121154916e-02 -3.338789199581331246e-01 1.201225858156918652e-02 1.000000000000000000e+00 5.307028999999999996e+00 1.653900000000000162e-02 2.872196280000000115e+03
2.000000000000000000e+04 5.000000000000000000e+01 -5.865400000000000000e+04 1.990411375279968809e+01 7.057642401898239770e-02 5.283635395329829620e+00 1.529468919134663492e-02 -3.606629624843958881e-01 1.388282695393520949e-02 1.000000000000000000e+00 5.299845999999999613e+00 1.071800000000000010e-02 2.993248203999999987e+03
2.000000000000000000e+04 5.000000000000000000e+01 -5.865400000000000000e+04 1.987677113351583102e+01 7.856100862650787497e-02 5.345159776378983096e+00 1.306420465987258132e-02 -3.207839474988605222e-01 1.075197866398185098e-02 1.000000000000000000e+00 5.295371000000000272e+00 1.014800000000000077e-02 3.264851739000000180e+03
2.000000000000000000e+04 4.050000000000000000e+03 -5.865400000000000000e+04 2.095516760929770683e+01 8.789305492797229447e-02 6.509712795829850407e+00 1.168096802640420859e-02 2.237158605826442770e+00 1.159037028720669334e-02 1.000000000000000000e+00 5.275591999999999615e+00 1.630900000000000058e-02 9.687784110000000055e+02
2.000000000000000000e+04 4.050000000000000000e+03 -5.865400000000000000e+04 2.097721109663116934e+01 7.376204256587323704e-02 6.370080404910517302e+00 1.355458968104293269e-02 2.286877754686112318e+00 1.118416635645532071e-02 1.000000000000000000e+00 5.278990000000000293e+00 1.362200000000000043e-02 1.089872337000000016e+03
2.000000000000000000e+04 4.050000000000000000e+03 -5.865400000000000000e+04 2.093440847594463250e+01 8.464194402129465722e-02 6.465084064274489783e+00 1.687828764333201489e-02 2.223318418465391133e+00 1.229285782578516846e-02 1.000000000000000000e+00 5.259930999999999912e+00 1.335300000000000029e-02 1.361512874000000011e+03
2.000000000000000000e+04 8.050000000000000000e+03 -5.865400000000000000e+04 1.981153620816682803e+01 7.497254218408877513e-02 6.785984425963206057e+00 1.309462220298946225e-02 -8.328534517118599823e-01 1.112526951655570459e-02 1.000000000000000000e+00 5.273386999999999603e+00 1.206699999999999960e-02 1.592539087999999992e+03
2.000000000000000000e+04 8.050000000000000000e+03 -5.865400000000000000e+04 1.987982972831214568e+01 8.652350871908381924e-02 6.602607461775916065e+00 1.733897906877957321e-02 -8.103358522480031967e-01 1.126317773947693723e-02 1.000000000000000000e+00 5.236119000000000412e+00 1.919099999999999973e-02 1.713584012000000030e+03
2.000000000000000000e+04 8.050000000000000000e+03 -5.865400000000000000e+04 1.981395230200427093e+01 7.597999647966026393e-02 6.773536702333882609e+00 1.387037550994518927e-02 -8.391700609301606661e-01 9.948224372415758257e-03 1.000000000000000000e+00 5.287071000000000076e+00 8.600000000000000006e-03 1.985191546000000017e+03
2.400000000000000000e+04 -3.950000000000000000e+03 -5.865400000000000000e+04 1.898327776186093985e+01 6.875050912559765859e-02 5.831717820847142519e+00 1.416067580946642722e-02 -4.016270184527884979e+00 1.819395645785448073e-02 1.000000000000000000e+00 5.276322000000000401e+00 1.932000000000000037e-02 2.273394030999999814e+03
2.400000000000000000e+04 -3.950000000000000000e+03 -5.865400000000000000e+04 1.898086426529529902e+01 7.379579981130657274e-02 5.785374115792929928e+00 1.346535179965186770e-02 -4.066789673640263558e+00 1.531703395312475867e-02 1.000000000000000000e+00 5.303228999999999971e+00 9.688999999999999696e-03 2.344278084999999919e+03
2.400000000000000000e+04 -3.950000000000000000e+03 -5.865400000000000000e+04 1.898802544165041795e+01 5.757038131698831440e-02 5.832260076379315095e+00 1.705320774925947122e-02 -4.044426299965820704e+00 1.668024968269840938e-02 1.000000000000000000e+00 5.279272999999999882e+00 8.560999999999999166e-03 2.666163496000000123e+03
2.400000000000000000e+04 5.000000000000000000e+01 -5.865400000000000000e+04 1.992445357258896621e+01 8.286313758014274278e-02 5.173118028768166177e+00 1.084508280885522480e-02 -2.925676193405969960e-01 1.187333096664138984e-02 1.000000000000000000e+00 5.288903999999999606e+00 1.426599999999999917e-02 2.897283715000000029e+03
2.400000000000000000e+04 5.000000000000000000e+01 -5.865400000000000000e+04 1.989973838860594313e+01 8.053248662907523669e-02 5.069013992997336793e+00 1.549260039458469004e-02 -2.880985564733642423e-01 1.300590601809552965e-02 1.000000000000000000e+00 5.290189999999999948e+00 1.679399999999999990e-02 2.968154769000000215e+03
2.400000000000000000e+04 5.000000000000000000e+01 -5.865400000000000000e+04 1.992214824656815253e+01 9.630496897730166095e-02 5.080477484184824810e+00 1.255742297844970705e-02 -2.693604658046735434e-01 1.249049424247365876e-02 1.000000000000000000e+00 5.284950000000000259e+00 1.939600000000000005e-02 3.289937174000000141e+03
2.400000000000000000e+04 4.050000000000000000e+03 -5.865400000000000000e+04 2.134434419320220400e+01 6.526161636187362280e-02 6.521639417317524945e+00 1.088589635988325421e-02 2.755605812493286955e+00 1.225434144609610643e-02 1.000000000000000000e+00 5.269364000000000381e+00 1.512499999999999956e-02 9.938798470000000407e+02
2.400000000000000000e+04 4.050000000000000000e+03 -5.865400000000000000e+04 2.135237432337605412e+01 8.602748740823684681e-02 6.449095155427919224e+00 8.866328589350609690e-03 2.795139023623717023e+00 1.471082695062778112e-02 1.000000000000000000e+00 5.298033000000000214e+00 1.930099999999999871e-02 1.064767900999999938e+03
2.400000000000000000e+04 4.050000000000000000e+03 -5.865400000000000000e+04 2.132430246525507656e+01 6.682421097269336530e-02 6.455421622824870198e+00 1.421761046706810673e-02 2.777853423116046105e+00 1.152367382754651559e-02 1.000000000000000000e+00 5.263094999999999857e+00 1.812499999999999875e-02 1.386609310000000050e+03
2.400000000000000000e+04 8.050000000000000000e+03 -5.865400000000000000e+04 1.988886941603158576e+01 6.835458871470963260e-02 6.859420475217707924e+00 1.624418264400709355e-02 -7.370538138518408777e-01 9.123897022162730588e-03 1.000000000000000000e+00 5.257666000000000395e+00 1.079800000000000031e-02 1.617630523000000039e+03
2.400000000000000000e+04 8.050000000000000000e+03 -5.865400000000000000e+04 1.993652600914953865e+01 6.341379519121578823e-02 6.743268117630063507e+00 1.540277238627555008e-02 -7.047087894242467510e-01 1.149797935565730414e-02 1.000000000000000000e+00 5.257069999999999688e+00 1.119400000000000082e-02 1.688495576999999912e+03
2.400000000000000000e+04 8.050000000000000000e+03 -5.865400000000000000e+04 1.991715994420938429e+01 7.837497866938347713e-02 6.851407448482425444e+00 1.394518192314998621e-02 -7.215637460998707287e-01 1.132666736970478968e-02 1.000000000000000000e+00 5.272508000000000195e+00 1.595999999999999849e-02 2.010282981999999947e+03
2.800000000000000000e+04 -3.950000000000000000e+03 -5.865400000000000000e+04 1.894338033337049154e+01 7.343004705032471491e-02 5.755430836635024860e+00 1.558611471059692319e-02 -4.563120772437623707e+00 1.760972278075989203e-02 1.000000000000000000e+00 5.254491999999999940e+00 1.075100000000000014e-02 2.298487466000000040e+03
2.800000000000000000e+04 -3.950000000000000000e+03 -5.865400000000000000e+04 1.888962506897938454e+01 6.351212235032890896e-02 5.814944346149450105e+00 1.616631551860433016e-02 -4.615975819363331567e+00 2.659642872849253548e-02 1.000000000000000000e+00 5.204801999999999929e+00 5.529200000000000087e-02 2.319183649999999943e+03
2.800000000000000000e+04 -3.950000000000000000e+03 -5.865400000000000000e+04 1.895699174725276492e+01 6.503021940169485815e-02 5.761243465312404943e+00 1.631548399556564249e-02 -4.601239465922374094e+00 1.309857589808419501e-02 1.000000000000000000e+00 5.283077999999999719e+00 1.575599999999999917e-02 2.691253931000000193e+03
2.800000000000000000e+04 5.000000000000000000e+01 -5.865400000000000000e+04 1.996287006799934360e+01 7.308306514790460784e-02 4.879103995934022997e+00 1.159713058538820903e-02 -1.835996989770806165e-01 1.167084537523255076e-02 1.000000000000000000e+00 5.313674999999999926e+00 1.438099999999999969e-02 2.922372150000000147e+03
2.800000000000000000e+04 5.000000000000000000e+01 -5.865400000000000000e+04 1.989897298388143199e+01 8.008394604655570681e-02 4.876406768027078620e+00 1.215456858076833027e-02 -1.592333812855147024e-01 1.504574847682077846e-02 1.000000000000000000e+00 5.180869999999999642e+00 4.890900000000000108e-02 2.943065333999999893e+03
2.800000000000000000e+04 5.000000000000000000e+01 -5.865400000000000000e+04 2.001605631501168858e+01 6.268177199420221779e-02 4.782002574261781547e+00 1.368234544727022807e-02 -1.274694646824373057e-01 1.059290860568568894e-02 1.000000000000000000e+00 5.294234000000000329e+00 1.164800000000000037e-02 3.315024609000000055e+03
2.800000000000000000e+04 4.050000000000000000e+03 -5.865400000000000000e+04 2.177022419666373665e+01 7.191129360331391385e-02 6.468265725513091979e+00 1.127853737619953500e-02 3.362445273556742720e+00 1.335181156067053419e-02 1.000000000000000000e+00 5.282957999999999821e+00 1.292699999999999926e-02 1.018976281999999969e+03
2.800000000000000000e+04 4.050000000000000000e+03 -5.865400000000000000e+04 2.171937039800693015e+01 8.713357529156519343e-02 6.469314697881545229e+00 1.187011813711643694e-02 3.342223368103916403e+00 2.522664851541002451e-02 1.000000000000000000e+00 5.176584000000000074e+00 3.392400000000000276e-02 1.039672465999999986e+03
2.800000000000000000e+04 4.050000000000000000e+03 -5.865400000000000000e+04 2.173930559958087372e+01 7.077921115058091739e-02 6.487607610926859891e+00 1.276125864746354560e-02 3.366641903164869554e+00 1.146799165652027594e-02 1.000000000000000000e+00 5.223701000000000150e+00 9.296000000000000443e-03 1.411696744000000081e+03
2.800000000000000000e+04 8.050000000000000000e+03 -5.865400000000000000e+04 1.999474447511272857e+01 5.092142719212643109e-02 6.898817720125602904e+00 1.618095485393985372e-02 -7.270755485668930485e-01 1.217946689029232761e-02 1.000000000000000000e+00 5.242313000000000223e+00 8.914999999999999314e-03 1.642719957999999906e+03
2.800000000000000000e+04 8.050000000000000000e+03 -5.865400000000000000e+04 1.994513632754781796e+01 9.444528127024486019e-02 6.903321570849969113e+00 1.043043158699393999e-02 -7.528982687533937179e-01 1.317187278610651088e-02 1.000000000000000000e+00 5.149255000000000138e+00 3.911499999999999699e-02 1.663409141999999974e+03
2.800000000000000000e+04 8.050000000000000000e+03 -5.865400000000000000e+04 2.000292329318187257e+01 7.971856231844487439e-02 6.869138164419308801e+00 1.234070076249684476e-02 -7.277636372739987314e-01 9.508175144092181549e-03 1.000000000000000000e+00 5.262817000000000078e+00 1.762599999999999931e-02 2.035372417000000041e+03
