4.525000000000000000e+03 4.050000000000000000e+03 -7.000000000000000000e+04 2.392499551722520224e+01 6.241094958153004663e-02 6.753559507002600881e+00 1.384999695172637983e-02 -3.133312676677915576e+00 9.339431554911877334e-03 1.000000000000000000e+00 9.189719999999999445e+00 1.111799999999999941e-02 2.578047499999999914e+01
4.525000000000000000e+03 4.050000000000000000e+03 -7.000000000000000000e+04 2.394624663497572215e+01 4.696009298045092373e-02 6.686453477024191905e+00 1.011423074291759212e-02 -3.157009889106606959e+00 1.401057649586284932e-02 1.000000000000000000e+00 9.179344000000000392e+00 8.408999999999999808e-03 5.385648049999999785e+02
4.525000000000000000e+03 4.050000000000000000e+03 -7.000000000000000000e+04 2.394103898054835966e+01 7.237109262796893872e-02 6.686961936722323863e+00 1.192243273142921771e-02 -3.143599831161146607e+00 8.335846123728755594e-03 1.000000000000000000e+00 9.149575999999999709e+00 1.095600000000000046e-02 5.592559880000000021e+02
4.525000000000000000e+03 4.050000000000000000e+03 -7.000000000000000000e+04 2.395114315741163935e+01 5.341097241573626586e-02 6.667157460420078507e+00 9.933569209801871788e-03 -3.135243528311832062e+00 1.086297944210221425e-02 1.000000000000000000e+00 9.163935999999999638e+00 7.572999999999999871e-03 1.071776301999999987e+03
4.525000000000000000e+03 4.050000000000000000e+03 -6.650000000000000000e+04 2.377642816422284611e+01 7.530306421877036582e-02 6.792357934010712306e+00 1.060318225203174189e-02 -2.813412847136590678e+00 7.472073767967248037e-03 1.000000000000000000e+00 9.163717000000000112e+00 1.922000000000000097e-02 5.065689799999999821e+01
4.525000000000000000e+03 4.050000000000000000e+03 -6.650000000000000000e+04 2.378066842396214753e+01 6.059230456529553915e-02 6.725702737808522791e+00 9.890275671981972258e-03 -2.796651398136256184e+00 6.877118917007775042e-03 1.000000000000000000e+00 9.184072000000000457e+00 8.567999999999999228e-03 5.139743979999999510e+02
4.525000000000000000e+03 4.050000000000000000e+03 -6.650000000000000000e+04 2.379473849593270174e+01 6.058685161590068868e-02 6.766721965892026347e+00 1.156013752705085246e-02 -2.816969668933174464e+00 1.024889231226972647e-02 1.000000000000000000e+00 9.182672000000000168e+00 1.109500000000000069e-02 5.838483939999999848e+02
4.525000000000000000e+03 4.050000000000000000e+03 -6.650000000000000000e+04 2.379387578668270109e+01 6.283228377077818005e-02 6.689783454360846093e+00 1.302885551686457782e-02 -2.794413603781725097e+00 1.146030916114713048e-02 1.000000000000000000e+00 9.185895000000000366e+00 8.781000000000000610e-03 1.047182896000000028e+03
4.525000000000000000e+03 4.050000000000000000e+03 -6.300000000000000000e+04 2.358049987894885291e+01 4.844826398025246783e-02 6.798344921717920819e+00 9.097982745041359454e-03 -2.714665961465259514e+00 9.015999793184381259e-03 1.000000000000000000e+00 9.174758999999999887e+00 1.149099999999999948e-02 7.525130400000000463e+01
4.525000000000000000e+03 4.050000000000000000e+03 -6.300000000000000000e+04 2.357755749096514464e+01 4.489752201867842907e-02 6.758839945259696336e+00 1.152327909794083338e-02 -2.707547615520557560e+00 1.003065294052416304e-02 1.000000000000000000e+00 9.194646999999999792e+00 8.196000000000000160e-03 4.893869920000000207e+02
4.525000000000000000e+03 4.050000000000000000e+03 -6.300000000000000000e+04 2.358981298211350008e+01 4.553706130976713229e-02 6.793967045072553113e+00 1.193183798463750590e-02 -2.711310527883363353e+00 7.965223699235966445e-03 1.000000000000000000e+00 9.179185000000000372e+00 6.864999999999999575e-03 6.084368009999999458e+02
4.525000000000000000e+03 4.050000000000000000e+03 -6.300000000000000000e+04 2.359111137183422358e+01 3.802857744446908744e-02 6.732417024774304259e+00 1.235264099683068724e-02 -2.708778744437201791e+00 1.032923927273614664e-02 1.000000000000000000e+00 9.200910999999999618e+00 6.902000000000000149e-03 1.022593488999999977e+03
4.525000000000000000e+03 4.050000000000000000e+03 -5.950000000000000000e+04 2.336809534130401289e+01 4.954272851713805575e-02 6.812040039268140390e+00 1.051496087472019586e-02 -2.635002654628503027e+00 8.811799128456076005e-03 1.000000000000000000e+00 9.166041999999999135e+00 8.319999999999999271e-03 9.983971099999999410e+01
4.525000000000000000e+03 4.050000000000000000e+03 -5.950000000000000000e+04 2.336746377826273857e+01 4.771559318734067828e-02 6.781564426546850655e+00 7.963899154273616429e-03 -2.617426190325724544e+00 8.842858363717415876e-03 1.000000000000000000e+00 9.194279999999999120e+00 1.486200000000000021e-02 4.647995849999999791e+02
4.525000000000000000e+03 4.050000000000000000e+03 -5.950000000000000000e+04 2.339170378893444990e+01 6.014301145661201525e-02 6.819323325525104451e+00 1.086534642823095038e-02 -2.627136213579327251e+00 7.730456514615739912e-03 1.000000000000000000e+00 9.185190000000000410e+00 7.161999999999999963e-03 6.330212070000000040e+02
4.525000000000000000e+03 4.050000000000000000e+03 -5.950000000000000000e+04 2.337890910253235788e+01 6.357769897475300247e-02 6.780507012352004814e+00 1.020103066608712625e-02 -2.637951507219351122e+00 1.073153765428046594e-02 1.000000000000000000e+00 9.186341999999999786e+00 8.049999999999999864e-03 9.980040830000000369e+02
4.525000000000000000e+03 4.050000000000000000e+03 -5.600000000000000000e+04 2.316710067866860712e+01 7.495363025573949234e-02 6.822526604950471807e+00 1.156210977711619181e-02 -2.549701540577928860e+00 8.209075099413319296e-03 1.000000000000000000e+00 9.170546999999999116e+00 5.689999999999999745e-03 1.244321170000000052e+02
4.525000000000000000e+03 4.050000000000000000e+03 -5.600000000000000000e+04 2.315125699116724434e+01 7.196390236958427611e-02 6.801532291652520712e+00 9.691660624579098021e-03 -2.531190112823518579e+00 9.146193966832489447e-03 1.000000000000000000e+00 9.185055999999999443e+00 6.759000000000000251e-03 4.402121789999999919e+02
4.525000000000000000e+03 4.050000000000000000e+03 -5.600000000000000000e+04 2.318586425247562488e+01 6.468931645253149509e-02 6.822218147172141478e+00 8.717154798511712877e-03 -2.573259041501996247e+00 1.112843592437951466e-02 1.000000000000000000e+00 9.196023000000000280e+00 1.091400000000000009e-02 6.576126140000000078e+02
4.525000000000000000e+03 4.050000000000000000e+03 -5.600000000000000000e+04 2.316741533979621437e+01 6.389829620386112963e-02 6.784531900006276928e+00 1.288228064772265619e-02 -2.523459720889151381e+00 1.481230571372788365e-02 1.000000000000000000e+00 9.191722000000000392e+00 7.464000000000000148e-03 9.734116760000000568e+02
4.525000000000000000e+03 4.050000000000000000e+03 -5.250000000000000000e+04 2.296200419759142619e+01 8.182799656550901468e-02 6.830211578526728999e+00 9.990297350844895216e-03 -2.470209594810502285e+00 6.577492372990447443e-03 1.000000000000000000e+00 9.160652999999999935e+00 7.459000000000000352e-03 1.490245240000000138e+02
4.525000000000000000e+03 4.050000000000000000e+03 -5.250000000000000000e+04 2.294757824674504576e+01 6.281824949688478987e-02 6.819065020610476147e+00 9.718383553638756944e-03 -2.455050538712007402e+00 9.578016509251734492e-03 1.000000000000000000e+00 9.185940000000000438e+00 7.021999999999999596e-03 4.156197720000000118e+02
4.525000000000000000e+03 4.050000000000000000e+03 -5.250000000000000000e+04 2.297232526203703884e+01 5.645278975837309671e-02 6.841893995912098347e+00 1.195128143103247643e-02 -2.480472997401435009e+00 7.448949567099011695e-03 1.000000000000000000e+00 9.190856999999999388e+00 1.433599999999999978e-02 6.822030200000000377e+02
4.525000000000000000e+03 4.050000000000000000e+03 -5.250000000000000000e+04 2.295306500784559844e+01 7.351142809367544606e-02 6.815751232470352861e+00 9.344007459706068011e-03 -2.463884264414553993e+00 9.986114871227150247e-03 1.000000000000000000e+00 9.179100000000000037e+00 1.179499999999999993e-02 9.488182699999999841e+02
4.525000000000000000e+03 4.050000000000000000e+03 -4.900000000000000000e+04 2.274145737090582386e+01 5.576217569803869345e-02 6.854984039055796785e+00 7.802893489332726230e-03 -2.400535867629844944e+00 6.994448413934518938e-03 1.000000000000000000e+00 9.206011999999999418e+00 6.715999999999999748e-03 1.736119300000000010e+02
4.525000000000000000e+03 4.050000000000000000e+03 -4.900000000000000000e+04 2.273043080146733885e+01 4.371040120161554660e-02 6.837054757467610600e+00 8.420549219326299573e-03 -2.394835690251039484e+00 7.194328435560149414e-03 1.000000000000000000e+00 9.177108999999999739e+00 8.257999999999999716e-03 3.910283660000000054e+02
4.525000000000000000e+03 4.050000000000000000e+03 -4.900000000000000000e+04 2.275753802202662612e+01 4.907652885635926943e-02 6.820760628178480722e+00 8.590224297397315578e-03 -2.400468240318208046e+00 9.113131016908570040e-03 1.000000000000000000e+00 9.186769999999999214e+00 7.884000000000000383e-03 7.067934269999999515e+02
4.525000000000000000e+03 4.050000000000000000e+03 -4.900000000000000000e+04 2.273751755657573526e+01 5.514393434490209855e-02 6.829791762573249159e+00 1.168404811778349546e-02 -2.401815798358950982e+00 9.231839824566196936e-03 1.000000000000000000e+00 9.193117000000000871e+00 7.557000000000000349e-03 9.242288630000000467e+02
4.525000000000000000e+03 4.050000000000000000e+03 -4.550000000000000000e+04 2.252037159390203058e+01 6.424204838259635342e-02 6.875509635399851938e+00 1.014437906580898698e-02 -2.317949471393233818e+00 8.466132882096995618e-03 1.000000000000000000e+00 9.177922999999999831e+00 9.761999999999999844e-03 1.982013369999999952e+02
4.525000000000000000e+03 4.050000000000000000e+03 -4.550000000000000000e+04 2.249980877098428778e+01 6.956522557983027544e-02 6.874629730186367027e+00 1.030185729555831674e-02 -2.322462060280873430e+00 8.334863543530631608e-03 1.000000000000000000e+00 9.186407000000000878e+00 1.192799999999999937e-02 3.664409590000000208e+02
4.525000000000000000e+03 4.050000000000000000e+03 -4.550000000000000000e+04 2.253338205195980137e+01 6.201738653508420684e-02 6.854682897957918186e+00 1.111655464470241370e-02 -2.338603503388261284e+00 9.904103754974549062e-03 1.000000000000000000e+00 9.179985000000000284e+00 6.955000000000000245e-03 7.313868330000000242e+02
4.525000000000000000e+03 4.050000000000000000e+03 -4.550000000000000000e+04 2.251183541337042016e+01 5.097306723053623978e-02 6.848174930112011616e+00 1.228019120395544041e-02 -2.328703103698587018e+00 8.651766184168827728e-03 1.000000000000000000e+00 9.192581000000000557e+00 9.537999999999999604e-03 8.996394569999999931e+02
4.525000000000000000e+03 4.050000000000000000e+03 -4.200000000000000000e+04 2.228967944614950270e+01 6.106303978346176720e-02 6.861117646807520565e+00 1.334497722686648832e-02 -2.255666596630695242e+00 1.081538904606668683e-02 1.000000000000000000e+00 9.172990999999999673e+00 1.121699999999999954e-02 2.227887430000000109e+02
4.525000000000000000e+03 4.050000000000000000e+03 -4.200000000000000000e+04 2.226660182248039277e+01 5.527066817047067426e-02 6.871601102706507369e+00 7.872532806612519626e-03 -2.244224613402214352e+00 9.385522798359649532e-03 1.000000000000000000e+00 9.178107000000000681e+00 9.717999999999999208e-03 3.418515530000000240e+02
4.525000000000000000e+03 4.050000000000000000e+03 -4.200000000000000000e+04 2.229919262142844261e+01 6.825852671365416346e-02 6.878125826815826294e+00 1.650034971378882762e-02 -2.276524796934586092e+00 1.124128352120122229e-02 1.000000000000000000e+00 9.169012000000000384e+00 7.969000000000000389e-03 7.559752399999999852e+02
4.525000000000000000e+03 4.050000000000000000e+03 -4.200000000000000000e+04 2.228417692814175410e+01 7.534413763977601541e-02 6.881350949224370517e+00 1.437545463854899251e-02 -2.218329087208096517e+00 1.182473480689986804e-02 1.000000000000000000e+00 9.195278000000000063e+00 8.895000000000000129e-03 8.750490499999999656e+02
4.525000000000000000e+03 4.050000000000000000e+03 -3.850000000000000000e+04 2.205485324356338594e+01 5.603463903033902710e-02 6.917573782477785649e+00 1.027520184638115383e-02 -2.161889226998349400e+00 9.632608408719399440e-03 1.000000000000000000e+00 9.164263999999999299e+00 1.121600000000000028e-02 2.473841500000000053e+02
4.525000000000000000e+03 4.050000000000000000e+03 -3.850000000000000000e+04 2.203762073635037666e+01 7.536935076157023905e-02 6.899998373110566519e+00 1.183262528248699152e-02 -2.165298658436064283e+00 1.103507456719900887e-02 1.000000000000000000e+00 9.193092999999999293e+00 9.161000000000000740e-03 3.172621459999999729e+02
4.525000000000000000e+03 4.050000000000000000e+03 -3.850000000000000000e+04 2.207104795667020269e+01 5.635822604754937848e-02 6.892913505502781923e+00 1.270123840555298193e-02 -2.177444343870427179e+00 1.234775237598454561e-02 1.000000000000000000e+00 9.194881000000000526e+00 9.993999999999999412e-03 7.805666459999999915e+02
4.525000000000000000e+03 4.050000000000000000e+03 -3.850000000000000000e+04 2.204839663490495383e+01 4.941678861221208974e-02 6.857876380147644113e+00 1.039535031422585132e-02 -2.185249389554827282e+00 7.745351451062115755e-03 1.000000000000000000e+00 9.184210999999999459e+00 8.470000000000000098e-03 8.504556440000000066e+02
4.525000000000000000e+03 4.050000000000000000e+03 -3.500000000000000000e+04 2.181118872382112173e+01 4.308123859049945575e-02 6.897489099963585168e+00 9.071457332740583135e-03 -2.084630700167477979e+00 9.140709237730205647e-03 1.000000000000000000e+00 9.199201999999999657e+00 5.838999999999999573e-03 2.719745560000000069e+02
4.525000000000000000e+03 4.050000000000000000e+03 -3.500000000000000000e+04 2.180854271248837861e+01 4.735436082028072341e-02 6.920466586200149095e+00 9.445532238490187207e-03 -2.084631225023336754e+00 6.645290214452936189e-03 1.000000000000000000e+00 9.173958999999999975e+00 7.765000000000000201e-03 2.926697399999999902e+02
4.525000000000000000e+03 4.050000000000000000e+03 -3.500000000000000000e+04 2.182724186749171480e+01 5.859362329020670335e-02 6.890600489432299192e+00 1.147315461152062337e-02 -2.070336776135233148e+00 6.191119041456819017e-03 1.000000000000000000e+00 9.184827000000000297e+00 7.692000000000000053e-03 8.051590529999999717e+02
4.525000000000000000e+03 4.050000000000000000e+03 -3.500000000000000000e+04 2.182278908342784263e+01 4.250463535617582389e-02 6.914913527982355923e+00 8.692675972300119291e-03 -2.104960095048128199e+00 8.768842607729036148e-03 1.000000000000000000e+00 9.171530999999999878e+00 8.033999999999999475e-03 8.258652369999999792e+02
