4.525000000000000000e+03 4.160000000000000000e+03 -7.000000000000000000e+04 2.377009317722600201e+01 5.512535509136316791e-02 6.803330806150817089e+00 1.465431488579089191e-02 -3.437855335004414759e+00 1.221180753529994834e-02 1.000000000000000000e+00 9.135728000000000293e+00 9.565999999999999850e-03 2.596948499999999882e+01
4.525000000000000000e+03 4.160000000000000000e+03 -7.000000000000000000e+04 2.381693440419796559e+01 5.043860989828414382e-02 6.608577529967186948e+00 1.288312853320489060e-02 -3.404217401692392286e+00 9.466564145751917708e-03 1.000000000000000000e+00 9.094804999999999140e+00 1.009000000000000001e-02 5.386768100000000459e+02
4.525000000000000000e+03 4.160000000000000000e+03 -7.000000000000000000e+04 2.382593504647142524e+01 4.598300935066784723e-02 6.620950774412369455e+00 1.170845957599109255e-02 -3.402786147499423652e+00 1.136886640847612796e-02 1.000000000000000000e+00 9.075388000000000233e+00 2.543499999999999928e-02 5.593659940000000006e+02
4.525000000000000000e+03 4.160000000000000000e+03 -6.650000000000000000e+04 2.362360926333973055e+01 4.646341303533634004e-02 6.866573774540738029e+00 9.033788441901497226e-03 -3.075352321264126942e+00 1.027941707951884540e-02 1.000000000000000000e+00 9.122377000000000180e+00 6.883000000000000229e-03 5.076190299999999667e+01
4.525000000000000000e+03 4.160000000000000000e+03 -6.650000000000000000e+04 2.364801122760415808e+01 5.158303229912520466e-02 6.662997807321880295e+00 8.585028255213209697e-03 -3.073288131363979048e+00 7.603579991332785892e-03 1.000000000000000000e+00 9.109412999999999982e+00 6.708999999999999686e-03 5.140874039999999923e+02
4.525000000000000000e+03 4.160000000000000000e+03 -6.650000000000000000e+04 2.367128150803586095e+01 4.097154842148507947e-02 6.667304962215354180e+00 8.015789415636787735e-03 -3.071402990426700619e+00 9.009818255107516008e-03 1.000000000000000000e+00 9.104450999999999183e+00 5.374999999999999570e-03 5.839554000000000542e+02
4.525000000000000000e+03 4.160000000000000000e+03 -6.300000000000000000e+04 2.342658998505576662e+01 3.903072459437997160e-02 6.857843078822166483e+00 1.088805800264863385e-02 -2.949145855634447866e+00 7.576742807342848850e-03 1.000000000000000000e+00 9.131923000000000457e+00 1.132999999999999979e-02 7.535030999999999324e+01
4.525000000000000000e+03 4.160000000000000000e+03 -6.300000000000000000e+04 2.343926026954116892e+01 2.727093278332242202e-02 6.746675793098176221e+00 1.018493721781700730e-02 -2.976895707324501483e+00 7.028104509512970305e-03 1.000000000000000000e+00 9.104098000000000468e+00 8.366999999999999438e-03 4.895009979999999814e+02
4.525000000000000000e+03 4.160000000000000000e+03 -6.300000000000000000e+04 2.346600081588621833e+01 4.840609939550882118e-02 6.722524406550744125e+00 8.679264953236044688e-03 -2.986391874025044579e+00 7.429656935797846092e-03 1.000000000000000000e+00 9.110053000000000623e+00 4.562000000000000083e-03 6.085468069999999443e+02
4.525000000000000000e+03 4.160000000000000000e+03 -5.950000000000000000e+04 2.322587367316902274e+01 5.278286180939550237e-02 6.875649926786238986e+00 8.001481656285986885e-03 -2.912777011204530364e+00 7.118731594489108652e-03 1.000000000000000000e+00 9.116958000000000339e+00 6.251999999999999745e-03 9.994171599999999955e+01
4.525000000000000000e+03 4.160000000000000000e+03 -5.950000000000000000e+04 2.321545505250602659e+01 4.760998320921092791e-02 6.802816384305831576e+00 9.756355039182734723e-03 -2.904534979462574107e+00 6.762445502040446282e-03 1.000000000000000000e+00 9.101713999999999416e+00 7.974000000000000185e-03 4.649005910000000199e+02
4.525000000000000000e+03 4.160000000000000000e+03 -5.950000000000000000e+04 2.324776799242656011e+01 4.730398834658000595e-02 6.799347395458126719e+00 1.053474010264790831e-02 -2.899391637352020989e+00 8.269509445927591268e-03 1.000000000000000000e+00 9.104162000000000532e+00 7.517000000000000244e-03 6.331372129999999743e+02
4.525000000000000000e+03 4.160000000000000000e+03 -5.600000000000000000e+04 2.302232742216182260e+01 5.527204876609342205e-02 6.863759087331278153e+00 8.175185883419372121e-03 -2.854871866847836781e+00 8.795316820338622624e-03 1.000000000000000000e+00 9.119346999999999426e+00 7.406000000000000257e-03 1.245311229999999938e+02
4.525000000000000000e+03 4.160000000000000000e+03 -5.600000000000000000e+04 2.300399196016984149e+01 7.160910507291960714e-02 6.864920889530040427e+00 9.605177284063161347e-03 -2.835502934451041401e+00 1.063396497066249405e-02 1.000000000000000000e+00 9.121556999999999249e+00 1.043099999999999930e-02 4.403101839999999925e+02
4.525000000000000000e+03 4.160000000000000000e+03 -5.600000000000000000e+04 2.303447994097590268e+01 8.051073703554381678e-02 6.817871523805878908e+00 8.159290894195892277e-03 -2.840175539647622927e+00 9.232098141668816649e-03 1.000000000000000000e+00 9.095351000000000852e+00 7.598999999999999852e-03 6.577296199999999544e+02
4.525000000000000000e+03 4.160000000000000000e+03 -5.250000000000000000e+04 2.280708915971864315e+01 4.922802960055693011e-02 6.888129086126553169e+00 1.072258006253079196e-02 -2.749381620369036661e+00 9.386025167732452157e-03 1.000000000000000000e+00 9.120468999999999937e+00 5.995000000000000329e-03 1.491225289999999859e+02
4.525000000000000000e+03 4.160000000000000000e+03 -5.250000000000000000e+04 2.278419235225610251e+01 5.662308587581785235e-02 6.876605669133953214e+00 8.553287114896966636e-03 -2.762387615826451981e+00 7.020618023357723045e-03 1.000000000000000000e+00 9.099050999999999334e+00 8.519999999999999796e-03 4.157207779999999957e+02
4.525000000000000000e+03 4.160000000000000000e+03 -5.250000000000000000e+04 2.282295463176516748e+01 5.696806700294243520e-02 6.819796810715638813e+00 9.615746728284560799e-03 -2.766250183168153853e+00 8.628276409906364755e-03 1.000000000000000000e+00 9.096482999999999208e+00 8.411999999999999339e-03 6.823230270000000246e+02
4.525000000000000000e+03 4.160000000000000000e+03 -4.900000000000000000e+04 2.259390612659668207e+01 4.613225163788230859e-02 6.922664317304246140e+00 1.106651673528953432e-02 -2.663388438183318829e+00 8.235244450935361171e-03 1.000000000000000000e+00 9.102339999999999876e+00 1.446399999999999943e-02 1.737139359999999897e+02
4.525000000000000000e+03 4.160000000000000000e+03 -4.900000000000000000e+04 2.257266089664902253e+01 4.374430157579643763e-02 6.903324455776889579e+00 8.350670358412540240e-03 -2.686037183017722985e+00 6.088791851500895483e-03 1.000000000000000000e+00 9.103128999999999138e+00 8.500999999999999876e-03 3.911323709999999778e+02
4.525000000000000000e+03 4.160000000000000000e+03 -4.900000000000000000e+04 2.260698592018287201e+01 4.764935165725333460e-02 6.827703842442915949e+00 1.042333450326004760e-02 -2.685927185771707748e+00 7.493517630362738456e-03 1.000000000000000000e+00 9.103899000000000186e+00 6.461999999999999862e-03 7.069124329999999645e+02
4.525000000000000000e+03 4.160000000000000000e+03 -4.550000000000000000e+04 2.236562631570315318e+01 4.117109676272866225e-02 6.918319141016608498e+00 1.075938427817802259e-02 -2.618001844530075228e+00 7.394537261284811133e-03 1.000000000000000000e+00 9.107043000000000887e+00 5.479000000000000363e-03 1.983063429999999983e+02
4.525000000000000000e+03 4.160000000000000000e+03 -4.550000000000000000e+04 2.234526305370671651e+01 5.559353449381724405e-02 6.903339044916820377e+00 8.181583302450017373e-03 -2.582711321117895586e+00 7.142893191825219756e-03 1.000000000000000000e+00 9.111370000000000857e+00 5.545999999999999715e-03 3.665369640000000118e+02
4.525000000000000000e+03 4.160000000000000000e+03 -4.550000000000000000e+04 2.237886620736860621e+01 3.792934857411019850e-02 6.828699491096196006e+00 7.943533560044881148e-03 -2.602281766959352538e+00 7.703979577081228845e-03 1.000000000000000000e+00 9.105225000000000790e+00 7.264999999999999757e-03 7.315028399999999920e+02
4.525000000000000000e+03 4.160000000000000000e+03 -4.200000000000000000e+04 2.213961656726959149e+01 6.745847000548241268e-02 6.915238363280659328e+00 1.487514513209766201e-02 -2.540744965551307910e+00 9.969948837304079547e-03 1.000000000000000000e+00 9.107127999999999446e+00 1.196000000000000014e-02 2.228957489999999950e+02
4.525000000000000000e+03 4.160000000000000000e+03 -4.200000000000000000e+04 2.211525567587103325e+01 6.815799054070578733e-02 6.919801674068757791e+00 1.068678815725543178e-02 -2.516501765949795910e+00 1.116816288988501694e-02 1.000000000000000000e+00 9.111081999999999681e+00 9.743999999999999190e-03 3.419475580000000150e+02
4.525000000000000000e+03 4.160000000000000000e+03 -4.200000000000000000e+04 2.215740735174112075e+01 4.145718139308881417e-02 6.860226390249894557e+00 1.011207777540800920e-02 -2.501506410160595717e+00 1.097894949458415662e-02 1.000000000000000000e+00 9.115959000000000145e+00 6.651999999999999927e-03 7.560942459999999983e+02
4.525000000000000000e+03 4.160000000000000000e+03 -3.850000000000000000e+04 2.189524046375898081e+01 4.641525135312545014e-02 6.938520841062977951e+00 8.652329769915456312e-03 -2.465137918582865684e+00 8.531766310607714551e-03 1.000000000000000000e+00 9.106476999999999933e+00 5.083999999999999977e-03 2.474881550000000061e+02
4.525000000000000000e+03 4.160000000000000000e+03 -3.850000000000000000e+04 2.187763635947268881e+01 4.460068569113367215e-02 6.910793417151802842e+00 1.097374066369108912e-02 -2.447344431416849542e+00 9.541654401976462641e-03 1.000000000000000000e+00 9.104395999999999489e+00 1.022499999999999971e-02 3.173531510000000253e+02
4.525000000000000000e+03 4.160000000000000000e+03 -3.850000000000000000e+04 2.192498143533810051e+01 5.851101338973198340e-02 6.881762120268526850e+00 8.301373426840084890e-03 -2.451899531698216173e+00 6.583410767585296149e-03 1.000000000000000000e+00 9.106035000000000323e+00 9.003999999999999851e-03 7.806846520000000282e+02
4.525000000000000000e+03 4.160000000000000000e+03 -3.500000000000000000e+04 2.166179603448027891e+01 5.392973806625400712e-02 6.964137372816247229e+00 9.402437087965828666e-03 -2.377691960999493759e+00 6.347879560300375389e-03 1.000000000000000000e+00 9.101281999999999428e+00 6.206999999999999844e-03 2.720785619999999767e+02
4.525000000000000000e+03 4.160000000000000000e+03 -3.500000000000000000e+04 2.167074754138939241e+01 4.076433142319291214e-02 6.940161579226487909e+00 7.042265885446197943e-03 -2.375901222940107083e+00 8.525030429198917140e-03 1.000000000000000000e+00 9.085297999999999874e+00 2.643600000000000116e-02 2.927657449999999812e+02
4.525000000000000000e+03 4.160000000000000000e+03 -3.500000000000000000e+04 2.167629428550410253e+01 4.570174894452145448e-02 6.882208246116864991e+00 9.296429256992097892e-03 -2.387376889988737982e+00 6.714722591564982988e-03 1.000000000000000000e+00 9.106431999999999860e+00 7.366000000000000152e-03 8.052740589999999656e+02
