2.525000000000000000e+03 -3.990000000000000000e+03 -5.203200000000000000e+04 2.335267100000000084e+01 1.030009999999999953e-01 5.813286999999999871e+00 1.338300000000000080e-02 -2.523791000000000118e+00 1.608100000000000154e-02 1.000000000000000000e+00 9.045700000000000074e+00 1.616899999999999935e-02 4.051732746000000134e+03
2.525000000000000000e+03 -3.990000000000000000e+03 -5.203200000000000000e+04 2.332207700000000017e+01 1.074009999999999965e-01 5.834394999999999776e+00 1.873599999999999918e-02 -2.572707999999999995e+00 2.067499999999999893e-02 1.000000000000000000e+00 9.066105000000000302e+00 2.054900000000000129e-02 4.719373932999999852e+03
2.525000000000000000e+03 -3.990000000000000000e+03 -5.203200000000000000e+04 2.333404499999999970e+01 9.661999999999999755e-02 5.859022000000000396e+00 1.952399999999999969e-02 -2.563727000000000089e+00 1.575899999999999870e-02 1.000000000000000000e+00 9.065001999999999782e+00 2.187700000000000061e-02 4.740160120999999890e+03
2.525000000000000000e+03 -3.990000000000000000e+03 -5.203200000000000000e+04 2.333253600000000105e+01 6.778000000000000691e-02 5.835924999999999585e+00 1.662100000000000036e-02 -2.563762000000000096e+00 1.694599999999999926e-02 1.000000000000000000e+00 9.070531000000000788e+00 1.855300000000000005e-02 5.407502290999999786e+03
2.525000000000000000e+03 1.000000000000000000e+01 -5.203200000000000000e+04 2.307512799999999942e+01 9.951200000000000323e-02 7.202890000000000015e+00 1.477999999999999974e-02 -1.926236999999999977e+00 1.221500000000000016e-02 1.000000000000000000e+00 9.077429999999999666e+00 1.599099999999999827e-02 5.448696648000000096e+03
2.525000000000000000e+03 1.000000000000000000e+01 -5.203200000000000000e+04 2.322451399999999921e+01 8.393899999999999972e-02 6.675615999999999772e+00 1.975599999999999926e-02 -1.893429000000000029e+00 1.336299999999999988e-02 1.000000000000000000e+00 9.066834999999999312e+00 1.842399999999999941e-02 6.116114821999999549e+03
2.525000000000000000e+03 1.000000000000000000e+01 -5.203200000000000000e+04 2.323032399999999953e+01 9.503699999999999648e-02 6.680191999999999908e+00 1.425200000000000078e-02 -1.890859999999999985e+00 1.677700000000000025e-02 1.000000000000000000e+00 9.059165999999999386e+00 1.753700000000000050e-02 6.136907011000000239e+03
2.525000000000000000e+03 1.000000000000000000e+01 -5.203200000000000000e+04 2.324942000000000064e+01 7.611999999999999322e-02 6.606601999999999641e+00 1.578799999999999995e-02 -1.897302000000000044e+00 1.255799999999999972e-02 1.000000000000000000e+00 9.070316999999999297e+00 1.488300000000000040e-02 6.804244179999999687e+03
2.525000000000000000e+03 4.010000000000000000e+03 -5.203200000000000000e+04 2.280305399999999949e+01 7.814799999999999525e-02 6.980250999999999983e+00 1.269999999999999948e-02 -2.699446000000000012e+00 1.025599999999999949e-02 1.000000000000000000e+00 9.044826000000000477e+00 1.831400000000000042e-02 1.218218677999999954e+03
2.525000000000000000e+03 4.010000000000000000e+03 -5.203200000000000000e+04 2.283876899999999921e+01 8.778500000000000192e-02 6.980196000000000289e+00 1.694700000000000026e-02 -2.699119000000000046e+00 1.509800000000000031e-02 1.000000000000000000e+00 9.073083999999999705e+00 1.833100000000000007e-02 1.885651853000000074e+03
2.525000000000000000e+03 4.010000000000000000e+03 -5.203200000000000000e+04 2.284899100000000161e+01 8.328800000000000092e-02 6.951997999999999678e+00 1.513100000000000035e-02 -2.638796999999999837e+00 1.393900000000000000e-02 1.000000000000000000e+00 9.056478999999999502e+00 2.874099999999999919e-02 1.906442041999999901e+03
2.525000000000000000e+03 4.010000000000000000e+03 -5.203200000000000000e+04 2.283626200000000139e+01 7.188799999999999357e-02 6.938336999999999755e+00 1.723699999999999885e-02 -2.659965000000000135e+00 1.397800000000000084e-02 1.000000000000000000e+00 9.076546000000000447e+00 1.411399999999999981e-02 2.573747209999999995e+03
2.525000000000000000e+03 8.010000000000000000e+03 -5.203200000000000000e+04 2.255438300000000140e+01 8.884000000000000230e-02 7.385777000000000037e+00 1.285099999999999958e-02 -3.422439999999999927e+00 1.665200000000000014e-02 1.000000000000000000e+00 9.057864999999999611e+00 2.408000000000000071e-02 2.614936565999999857e+03
2.525000000000000000e+03 8.010000000000000000e+03 -5.203200000000000000e+04 2.251708999999999961e+01 7.575999999999999401e-02 7.534050999999999831e+00 1.481400000000000078e-02 -3.433844000000000118e+00 1.136599999999999937e-02 1.000000000000000000e+00 9.071668000000000731e+00 1.977299999999999891e-02 3.282388742000000093e+03
2.525000000000000000e+03 8.010000000000000000e+03 -5.203200000000000000e+04 2.248417999999999850e+01 6.031199999999999756e-02 7.530845000000000233e+00 1.192400000000000057e-02 -3.457390000000000185e+00 1.129400000000000022e-02 1.000000000000000000e+00 9.068846999999999881e+00 1.650400000000000131e-02 3.303181931000000077e+03
2.525000000000000000e+03 8.010000000000000000e+03 -5.203200000000000000e+04 2.250282400000000038e+01 7.628400000000000458e-02 7.551351999999999620e+00 1.523799999999999981e-02 -3.420214999999999783e+00 1.345799999999999948e-02 1.000000000000000000e+00 9.076024000000000314e+00 1.423800000000000066e-02 3.970539102000000184e+03
4.525000000000000000e+03 -3.990000000000000000e+03 -5.203200000000000000e+04 2.327441900000000174e+01 7.417999999999999594e-02 5.858552999999999678e+00 1.973499999999999907e-02 -2.670673999999999992e+00 1.202300000000000070e-02 1.000000000000000000e+00 9.053250000000000242e+00 1.722900000000000126e-02 4.075021078000000216e+03
4.525000000000000000e+03 -3.990000000000000000e+03 -5.203200000000000000e+04 2.327938699999999983e+01 7.725899999999999435e-02 5.884863000000000177e+00 1.415399999999999991e-02 -2.701548999999999978e+00 1.515500000000000007e-02 1.000000000000000000e+00 9.060318000000000538e+00 1.810300000000000104e-02 4.696279612000000270e+03
4.525000000000000000e+03 -3.990000000000000000e+03 -5.203200000000000000e+04 2.327508299999999863e+01 8.529499999999999582e-02 5.873416999999999888e+00 1.421299999999999994e-02 -2.683924999999999894e+00 1.209600000000000085e-02 1.000000000000000000e+00 9.058078000000000074e+00 1.504600000000000035e-02 4.763248442000000068e+03
4.525000000000000000e+03 -3.990000000000000000e+03 -5.203200000000000000e+04 2.328068400000000082e+01 9.475000000000000089e-02 5.815584999999999560e+00 1.718000000000000083e-02 -2.736530999999999825e+00 1.380299999999999930e-02 1.000000000000000000e+00 9.060705999999999705e+00 2.748799999999999855e-02 5.384413970999999947e+03
4.525000000000000000e+03 1.000000000000000000e+01 -5.203200000000000000e+04 2.315254200000000040e+01 9.518400000000000472e-02 6.883478000000000208e+00 1.751000000000000126e-02 -1.966180000000000039e+00 1.347600000000000013e-02 1.000000000000000000e+00 9.073788999999999660e+00 1.404799999999999972e-02 5.471884973999999602e+03
4.525000000000000000e+03 1.000000000000000000e+01 -5.203200000000000000e+04 2.324663100000000071e+01 8.457299999999999540e-02 6.632209999999999717e+00 1.260099999999999935e-02 -1.963114000000000026e+00 1.383400000000000081e-02 1.000000000000000000e+00 9.079655000000000697e+00 1.603999999999999870e-02 6.093028500999999778e+03
4.525000000000000000e+03 1.000000000000000000e+01 -5.203200000000000000e+04 2.321575899999999848e+01 8.254200000000000426e-02 6.652529000000000359e+00 1.782500000000000057e-02 -1.965241999999999933e+00 1.177399999999999974e-02 1.000000000000000000e+00 9.048332999999999515e+00 2.589400000000000035e-02 6.159992331999999806e+03
4.525000000000000000e+03 1.000000000000000000e+01 -5.203200000000000000e+04 2.324804599999999866e+01 8.925500000000000100e-02 6.570695999999999870e+00 1.740799999999999986e-02 -1.976990000000000025e+00 1.359600000000000045e-02 1.000000000000000000e+00 9.078780999999999324e+00 1.736199999999999896e-02 6.781152860000000146e+03
4.525000000000000000e+03 4.010000000000000000e+03 -5.203200000000000000e+04 2.284302100000000024e+01 6.541500000000000092e-02 7.049018000000000228e+00 1.555699999999999965e-02 -2.548598999999999837e+00 1.208799999999999979e-02 1.000000000000000000e+00 9.045963000000000420e+00 1.419800000000000055e-02 1.241407003999999915e+03
4.525000000000000000e+03 4.010000000000000000e+03 -5.203200000000000000e+04 2.289284200000000169e+01 8.236899999999999777e-02 6.898321000000000147e+00 1.753199999999999897e-02 -2.547836999999999907e+00 1.439099999999999928e-02 1.000000000000000000e+00 9.060010000000000119e+00 1.676899999999999918e-02 1.862564532000000099e+03
4.525000000000000000e+03 4.010000000000000000e+03 -5.203200000000000000e+04 2.286355899999999863e+01 6.288299999999999446e-02 6.990535999999999639e+00 1.555999999999999918e-02 -2.583104000000000067e+00 1.184400000000000036e-02 1.000000000000000000e+00 9.064733999999999625e+00 2.218499999999999986e-02 1.929533363000000008e+03
4.525000000000000000e+03 4.010000000000000000e+03 -5.203200000000000000e+04 2.287808599999999970e+01 8.485099999999999587e-02 6.887664000000000009e+00 1.641899999999999957e-02 -2.546251999999999960e+00 1.528700000000000024e-02 1.000000000000000000e+00 9.066800000000000637e+00 1.388400000000000051e-02 2.550652888999999959e+03
4.525000000000000000e+03 8.010000000000000000e+03 -5.203200000000000000e+04 2.257649999999999935e+01 7.622400000000000009e-02 7.448625999999999969e+00 1.330600000000000012e-02 -3.384614000000000011e+00 1.492600000000000003e-02 1.000000000000000000e+00 9.071752000000000038e+00 1.583599999999999938e-02 2.638118891999999960e+03
4.525000000000000000e+03 8.010000000000000000e+03 -5.203200000000000000e+04 2.252665100000000109e+01 8.534899999999999431e-02 7.543059999999999654e+00 1.166799999999999955e-02 -3.376457999999999959e+00 1.231400000000000029e-02 1.000000000000000000e+00 9.057143999999999195e+00 1.538999999999999917e-02 3.259297421000000213e+03
4.525000000000000000e+03 8.010000000000000000e+03 -5.203200000000000000e+04 2.253814600000000112e+01 7.231300000000000228e-02 7.589604999999999713e+00 1.374500000000000027e-02 -3.394909999999999872e+00 1.225099999999999974e-02 1.000000000000000000e+00 9.058082999999999885e+00 1.622699999999999837e-02 3.326275251999999909e+03
4.525000000000000000e+03 8.010000000000000000e+03 -5.203200000000000000e+04 2.253024999999999878e+01 8.695100000000000051e-02 7.560017000000000209e+00 9.119999999999999635e-03 -3.349212000000000078e+00 1.377699999999999932e-02 1.000000000000000000e+00 9.069656000000000162e+00 1.302299999999999985e-02 3.947451781000000210e+03
6.525000000000000000e+03 -3.990000000000000000e+03 -5.203200000000000000e+04 2.321886399999999995e+01 1.172699999999999992e-01 5.843069999999999986e+00 1.288800000000000015e-02 -2.942848999999999826e+00 2.114800000000000013e-02 1.000000000000000000e+00 9.055911999999999296e+00 1.480799999999999998e-02 4.098110397999999805e+03
6.525000000000000000e+03 -3.990000000000000000e+03 -5.203200000000000000e+04 2.322375299999999854e+01 1.024250000000000022e-01 5.832573000000000008e+00 1.289099999999999968e-02 -3.003858999999999835e+00 1.409999999999999969e-02 1.000000000000000000e+00 9.054626000000000730e+00 1.714399999999999952e-02 4.673187291000000187e+03
6.525000000000000000e+03 -3.990000000000000000e+03 -5.203200000000000000e+04 2.322112800000000021e+01 1.086649999999999977e-01 5.843905000000000349e+00 1.540500000000000029e-02 -2.968567999999999873e+00 1.784000000000000169e-02 1.000000000000000000e+00 9.058564999999999756e+00 2.096800000000000053e-02 4.786343762999999853e+03
6.525000000000000000e+03 -3.990000000000000000e+03 -5.203200000000000000e+04 2.323273000000000010e+01 9.367999999999999938e-02 5.818369999999999820e+00 1.791999999999999843e-02 -2.999836000000000169e+00 1.605200000000000030e-02 1.000000000000000000e+00 9.067401000000000266e+00 1.604799999999999977e-02 5.361320649999999659e+03
6.525000000000000000e+03 1.000000000000000000e+01 -5.203200000000000000e+04 2.318895200000000045e+01 8.473200000000000176e-02 6.762038999999999689e+00 1.701199999999999934e-02 -1.975397999999999987e+00 6.853999999999999850e-03 1.000000000000000000e+00 9.066938999999999638e+00 2.167200000000000029e-02 5.494975295000000187e+03
6.525000000000000000e+03 1.000000000000000000e+01 -5.203200000000000000e+04 2.321740000000000137e+01 6.501099999999999934e-02 6.577173000000000158e+00 1.202699999999999950e-02 -1.960220999999999991e+00 1.358400000000000059e-02 1.000000000000000000e+00 9.076584999999999681e+00 1.634100000000000136e-02 6.069934180000000197e+03
6.525000000000000000e+03 1.000000000000000000e+01 -5.203200000000000000e+04 2.321768900000000002e+01 7.732200000000000184e-02 6.581428999999999974e+00 1.454800000000000017e-02 -1.942214000000000107e+00 1.237500000000000058e-02 1.000000000000000000e+00 9.071668000000000731e+00 1.796800000000000133e-02 6.183085651999999754e+03
6.525000000000000000e+03 1.000000000000000000e+01 -5.203200000000000000e+04 2.320761299999999849e+01 9.293999999999999484e-02 6.495485999999999649e+00 1.693000000000000060e-02 -1.978534000000000015e+00 1.172800000000000058e-02 1.000000000000000000e+00 9.071633000000000280e+00 1.307700000000000008e-02 6.758057539000000361e+03
6.525000000000000000e+03 4.010000000000000000e+03 -5.203200000000000000e+04 2.291489299999999929e+01 6.807000000000000550e-02 6.997236000000000011e+00 1.601999999999999952e-02 -2.267033000000000076e+00 1.374599999999999954e-02 1.000000000000000000e+00 9.040053000000000338e+00 2.639999999999999986e-02 1.264497325000000046e+03
6.525000000000000000e+03 4.010000000000000000e+03 -5.203200000000000000e+04 2.296571499999999943e+01 9.706199999999999550e-02 6.914488000000000412e+00 1.328200000000000040e-02 -2.242211000000000176e+00 2.139100000000000029e-02 1.000000000000000000e+00 9.056876000000000815e+00 1.770800000000000152e-02 1.839473212000000103e+03
6.525000000000000000e+03 4.010000000000000000e+03 -5.203200000000000000e+04 2.295334799999999831e+01 6.599900000000000211e-02 6.976823000000000441e+00 1.457699999999999968e-02 -2.255196999999999896e+00 1.332099999999999951e-02 1.000000000000000000e+00 9.071405000000000385e+00 1.508199999999999992e-02 1.952630683999999974e+03
6.525000000000000000e+03 4.010000000000000000e+03 -5.203200000000000000e+04 2.295750299999999910e+01 8.346399999999999653e-02 6.917658999999999558e+00 1.171600000000000072e-02 -2.225903999999999883e+00 1.522699999999999922e-02 1.000000000000000000e+00 9.040639000000000536e+00 1.549500000000000009e-02 2.527560567999999876e+03
6.525000000000000000e+03 8.010000000000000000e+03 -5.203200000000000000e+04 2.257607900000000001e+01 6.452900000000000302e-02 7.488082000000000349e+00 1.855499999999999858e-02 -3.373419000000000167e+00 1.738200000000000162e-02 1.000000000000000000e+00 9.043981999999999744e+00 1.231499999999999956e-02 2.661209212000000207e+03
6.525000000000000000e+03 8.010000000000000000e+03 -5.203200000000000000e+04 2.256877100000000169e+01 9.486899999999999500e-02 7.575874999999999915e+00 1.654699999999999921e-02 -3.362684999999999924e+00 1.358200000000000032e-02 1.000000000000000000e+00 9.072473000000000454e+00 1.622200000000000031e-02 3.236208099999999831e+03
6.525000000000000000e+03 8.010000000000000000e+03 -5.203200000000000000e+04 2.257014399999999910e+01 7.925599999999999312e-02 7.592223999999999862e+00 1.467000000000000075e-02 -3.356625000000000192e+00 1.366599999999999933e-02 1.000000000000000000e+00 9.054123999999999839e+00 1.730200000000000141e-02 3.349366572999999789e+03
6.525000000000000000e+03 8.010000000000000000e+03 -5.203200000000000000e+04 2.254696699999999865e+01 7.634699999999999820e-02 7.571856000000000364e+00 1.430900000000000054e-02 -3.344484000000000012e+00 1.337600000000000074e-02 1.000000000000000000e+00 9.063323000000000462e+00 1.407300000000000044e-02 3.924358459999999923e+03
8.525000000000000000e+03 -3.990000000000000000e+03 -5.203200000000000000e+04 2.318148000000000053e+01 8.500599999999999823e-02 5.793074999999999974e+00 2.204899999999999916e-02 -3.294531000000000098e+00 1.278900000000000002e-02 1.000000000000000000e+00 9.076064000000000576e+00 1.553299999999999993e-02 4.121300725000000057e+03
8.525000000000000000e+03 -3.990000000000000000e+03 -5.203200000000000000e+04 2.318643099999999890e+01 9.989599999999999869e-02 5.749209999999999710e+00 1.629299999999999846e-02 -3.339640000000000164e+00 1.454300000000000037e-02 1.000000000000000000e+00 9.065896000000000399e+00 1.598899999999999974e-02 4.650093969999999899e+03
8.525000000000000000e+03 -3.990000000000000000e+03 -5.203200000000000000e+04 2.316768400000000128e+01 9.068900000000000572e-02 5.784383000000000052e+00 2.143799999999999872e-02 -3.330439999999999845e+00 1.484800000000000009e-02 1.000000000000000000e+00 9.045795000000000030e+00 1.420899999999999941e-02 4.809534090000000106e+03
8.525000000000000000e+03 -3.990000000000000000e+03 -5.203200000000000000e+04 2.318677900000000136e+01 7.285300000000000109e-02 5.774714000000000347e+00 2.096599999999999853e-02 -3.354994000000000032e+00 1.790299999999999878e-02 1.000000000000000000e+00 9.065181000000000822e+00 1.456999999999999962e-02 5.338228328999999576e+03
8.525000000000000000e+03 1.000000000000000000e+01 -5.203200000000000000e+04 2.318723800000000068e+01 7.557200000000000029e-02 6.682343999999999618e+00 1.435900000000000024e-02 -1.970018999999999965e+00 1.439600000000000081e-02 1.000000000000000000e+00 9.077082000000000761e+00 2.269399999999999890e-02 5.518170621000000210e+03
8.525000000000000000e+03 1.000000000000000000e+01 -5.203200000000000000e+04 2.322826900000000094e+01 8.767999999999999405e-02 6.513535000000000075e+00 1.561399999999999941e-02 -1.937510000000000066e+00 1.106500000000000018e-02 1.000000000000000000e+00 9.082874000000000336e+00 2.494599999999999942e-02 6.046844860000000153e+03
8.525000000000000000e+03 1.000000000000000000e+01 -5.203200000000000000e+04 2.322548099999999849e+01 9.253999999999999726e-02 6.521695000000000242e+00 1.613200000000000051e-02 -1.955656000000000061e+00 1.311799999999999945e-02 1.000000000000000000e+00 9.056756999999999280e+00 2.045900000000000149e-02 6.206278978999999708e+03
8.525000000000000000e+03 1.000000000000000000e+01 -5.203200000000000000e+04 2.327255500000000055e+01 1.024899999999999978e-01 6.447574000000000360e+00 1.692799999999999860e-02 -1.944275999999999893e+00 1.624600000000000002e-02 1.000000000000000000e+00 9.062915999999999528e+00 1.827300000000000105e-02 6.734965218000000277e+03
8.525000000000000000e+03 4.010000000000000000e+03 -5.203200000000000000e+04 2.302067200000000113e+01 1.087520000000000014e-01 6.959372000000000114e+00 1.215800000000000040e-02 -1.933065999999999951e+00 1.445100000000000030e-02 1.000000000000000000e+00 9.045019999999999172e+00 1.599899999999999933e-02 1.287691651999999976e+03
8.525000000000000000e+03 4.010000000000000000e+03 -5.203200000000000000e+04 2.303817499999999896e+01 9.462500000000000078e-02 6.918110999999999677e+00 1.649199999999999972e-02 -1.906033000000000088e+00 1.624099999999999849e-02 1.000000000000000000e+00 9.059314999999999785e+00 2.524200000000000055e-02 1.816382890999999972e+03
8.525000000000000000e+03 4.010000000000000000e+03 -5.203200000000000000e+04 2.303300499999999928e+01 7.423200000000000631e-02 6.977157000000000053e+00 1.643999999999999975e-02 -1.934568000000000065e+00 1.222700000000000002e-02 1.000000000000000000e+00 9.066402999999999324e+00 2.511599999999999944e-02 1.975820009999999911e+03
8.525000000000000000e+03 4.010000000000000000e+03 -5.203200000000000000e+04 2.304389099999999857e+01 7.224500000000000366e-02 6.924769999999999648e+00 1.954399999999999887e-02 -1.860648000000000080e+00 1.512100000000000076e-02 1.000000000000000000e+00 9.046578999999999482e+00 1.439000000000000001e-02 2.504468246999999792e+03
8.525000000000000000e+03 8.010000000000000000e+03 -5.203200000000000000e+04 2.257053399999999854e+01 9.127300000000000690e-02 7.536697000000000202e+00 1.801900000000000029e-02 -3.359233000000000136e+00 1.250899999999999929e-02 1.000000000000000000e+00 9.049182000000000059e+00 1.790699999999999931e-02 2.684395539000000099e+03
8.525000000000000000e+03 8.010000000000000000e+03 -5.203200000000000000e+04 2.259917000000000087e+01 9.422400000000000220e-02 7.597119000000000177e+00 1.389300000000000083e-02 -3.318382000000000165e+00 1.403199999999999933e-02 1.000000000000000000e+00 9.059414000000000300e+00 2.250800000000000023e-02 3.213113780000000133e+03
8.525000000000000000e+03 8.010000000000000000e+03 -5.203200000000000000e+04 2.257363499999999945e+01 7.105200000000000404e-02 7.615349000000000146e+00 1.705699999999999925e-02 -3.319574999999999942e+00 1.547100000000000038e-02 1.000000000000000000e+00 9.063451999999999842e+00 2.382599999999999996e-02 3.372556899000000158e+03
8.525000000000000000e+03 8.010000000000000000e+03 -5.203200000000000000e+04 2.255305500000000052e+01 6.651300000000000268e-02 7.595645000000000202e+00 1.439799999999999934e-02 -3.322846999999999884e+00 1.380900000000000009e-02 1.000000000000000000e+00 9.058787999999999840e+00 2.085700000000000054e-02 3.901265139999999974e+03
1.052500000000000000e+04 -3.990000000000000000e+03 -5.203200000000000000e+04 2.313137700000000052e+01 1.043010000000000048e-01 5.764866999999999742e+00 2.048900000000000027e-02 -3.646393000000000217e+00 1.538100000000000057e-02 1.000000000000000000e+00 9.063387999999999778e+00 1.032699999999999937e-02 4.144391045999999733e+03
1.052500000000000000e+04 -3.990000000000000000e+03 -5.203200000000000000e+04 2.314444400000000002e+01 1.143050000000000038e-01 5.683572999999999986e+00 1.583000000000000032e-02 -3.682660999999999962e+00 1.623199999999999990e-02 1.000000000000000000e+00 9.066482000000000596e+00 1.743700000000000111e-02 4.626900642999999945e+03
1.052500000000000000e+04 -3.990000000000000000e+03 -5.203200000000000000e+04 2.312532799999999966e+01 9.346400000000000541e-02 5.768187000000000175e+00 2.091700000000000156e-02 -3.664086999999999872e+00 1.606300000000000089e-02 1.000000000000000000e+00 9.064733999999999625e+00 1.437899999999999942e-02 4.832629410999999891e+03
1.052500000000000000e+04 -3.990000000000000000e+03 -5.203200000000000000e+04 2.314914500000000075e+01 1.082290000000000058e-01 5.642592999999999748e+00 1.425300000000000004e-02 -3.695971000000000117e+00 1.791799999999999990e-02 1.000000000000000000e+00 9.070420999999999623e+00 1.557900000000000083e-02 5.315146009000000049e+03
1.052500000000000000e+04 1.000000000000000000e+01 -5.203200000000000000e+04 2.317722099999999941e+01 6.711100000000000398e-02 6.602759999999999962e+00 1.822400000000000062e-02 -1.967303000000000024e+00 1.416800000000000004e-02 1.000000000000000000e+00 9.072685999999999140e+00 1.700099999999999875e-02 5.541258942000000388e+03
1.052500000000000000e+04 1.000000000000000000e+01 -5.203200000000000000e+04 2.321156999999999826e+01 6.347200000000000064e-02 6.410743000000000080e+00 1.486700000000000001e-02 -1.962658000000000014e+00 1.092100000000000015e-02 1.000000000000000000e+00 9.075915000000000177e+00 2.933300000000000143e-02 6.023751538999999866e+03
1.052500000000000000e+04 1.000000000000000000e+01 -5.203200000000000000e+04 2.323239299999999830e+01 8.818700000000000150e-02 6.457576999999999678e+00 1.760199999999999959e-02 -1.963937999999999962e+00 1.482699999999999990e-02 1.000000000000000000e+00 9.071896000000000626e+00 1.952999999999999875e-02 6.229369298999999955e+03
1.052500000000000000e+04 1.000000000000000000e+01 -5.203200000000000000e+04 2.323173600000000150e+01 8.840900000000000147e-02 6.342914999999999637e+00 2.000499999999999848e-02 -1.938268000000000102e+00 9.912000000000000671e-03 1.000000000000000000e+00 9.064158000000000825e+00 1.158900000000000034e-02 6.711872897000000194e+03
1.052500000000000000e+04 4.010000000000000000e+03 -5.203200000000000000e+04 2.311719199999999930e+01 7.562299999999999578e-02 6.915416999999999703e+00 1.464099999999999950e-02 -1.617477999999999971e+00 1.125999999999999918e-02 1.000000000000000000e+00 9.049535000000000551e+00 1.761899999999999925e-02 1.310782971999999972e+03
1.052500000000000000e+04 4.010000000000000000e+03 -5.203200000000000000e+04 2.313742699999999886e+01 9.178100000000000147e-02 6.880042000000000435e+00 1.942599999999999882e-02 -1.556809000000000109e+00 1.452600000000000072e-02 1.000000000000000000e+00 9.051550999999999902e+00 1.788199999999999859e-02 1.793288569999999936e+03
1.052500000000000000e+04 4.010000000000000000e+03 -5.203200000000000000e+04 2.313445099999999854e+01 8.577700000000000602e-02 6.883655000000000079e+00 1.769799999999999846e-02 -1.613583999999999907e+00 1.595799999999999996e-02 1.000000000000000000e+00 9.077301000000000286e+00 2.616100000000000023e-02 1.998912330999999995e+03
1.052500000000000000e+04 4.010000000000000000e+03 -5.203200000000000000e+04 2.314599799999999874e+01 8.243699999999999639e-02 6.876394999999999591e+00 1.701599999999999988e-02 -1.534751999999999894e+00 1.569800000000000015e-02 1.000000000000000000e+00 9.068483999999999767e+00 1.398199999999999964e-02 2.481381926999999905e+03
1.052500000000000000e+04 8.010000000000000000e+03 -5.203200000000000000e+04 2.261093599999999881e+01 9.291299999999999559e-02 7.572040000000000326e+00 1.131099999999999987e-02 -3.354541999999999913e+00 1.668100000000000138e-02 1.000000000000000000e+00 9.054451999999999501e+00 1.599700000000000080e-02 2.707501859999999851e+03
1.052500000000000000e+04 8.010000000000000000e+03 -5.203200000000000000e+04 2.259563400000000044e+01 6.610199999999999410e-02 7.580586000000000269e+00 2.276099999999999998e-02 -3.363004999999999800e+00 1.432199999999999966e-02 1.000000000000000000e+00 9.069869999999999877e+00 1.694800000000000126e-02 3.190017457999999806e+03
1.052500000000000000e+04 8.010000000000000000e+03 -5.203200000000000000e+04 2.261783000000000143e+01 7.948600000000000110e-02 7.636662000000000283e+00 1.401999999999999948e-02 -3.341803000000000079e+00 1.578799999999999995e-02 1.000000000000000000e+00 9.059841000000000477e+00 1.413999999999999979e-02 3.395646220000000085e+03
1.052500000000000000e+04 8.010000000000000000e+03 -5.203200000000000000e+04 2.261577199999999976e+01 6.778900000000000203e-02 7.576948999999999934e+00 1.853099999999999886e-02 -3.330079000000000011e+00 1.410800000000000075e-02 1.000000000000000000e+00 9.065587999999999980e+00 1.511200000000000043e-02 3.878170818999999938e+03
1.252500000000000000e+04 -3.990000000000000000e+03 -5.203200000000000000e+04 2.309853400000000079e+01 7.597299999999999887e-02 5.681176999999999921e+00 1.779400000000000079e-02 -3.964029000000000025e+00 1.754800000000000110e-02 1.000000000000000000e+00 9.077137000000000455e+00 1.411899999999999961e-02 4.167485365999999885e+03
1.252500000000000000e+04 -3.990000000000000000e+03 -5.203200000000000000e+04 2.312530299999999883e+01 8.630000000000000171e-02 5.572118999999999822e+00 1.503900000000000028e-02 -3.998346000000000178e+00 1.279800000000000035e-02 1.000000000000000000e+00 9.051550999999999902e+00 1.507999999999999965e-02 4.603813323000000310e+03
1.252500000000000000e+04 -3.990000000000000000e+03 -5.203200000000000000e+04 2.311043599999999998e+01 9.749199999999999533e-02 5.696280999999999928e+00 2.033099999999999838e-02 -3.992306999999999828e+00 1.928300000000000153e-02 1.000000000000000000e+00 9.089952000000000254e+00 1.777799999999999866e-02 4.855722732000000178e+03
1.252500000000000000e+04 -3.990000000000000000e+03 -5.203200000000000000e+04 2.312954900000000080e+01 1.131420000000000065e-01 5.546407000000000309e+00 1.232699999999999942e-02 -4.038365999999999900e+00 1.385899999999999979e-02 1.000000000000000000e+00 9.065647999999999485e+00 2.200500000000000025e-02 5.292053687999999966e+03
1.252500000000000000e+04 1.000000000000000000e+01 -5.203200000000000000e+04 2.318722800000000106e+01 8.557399999999999729e-02 6.495229000000000141e+00 1.499299999999999938e-02 -1.977559999999999985e+00 1.274199999999999985e-02 1.000000000000000000e+00 9.067436000000000718e+00 1.730299999999999894e-02 5.564345263000000159e+03
1.252500000000000000e+04 1.000000000000000000e+01 -5.203200000000000000e+04 2.326009699999999825e+01 7.036000000000000587e-02 6.294105000000000061e+00 1.390699999999999922e-02 -2.002685000000000048e+00 1.279899999999999961e-02 1.000000000000000000e+00 9.079520999999999731e+00 1.813999999999999987e-02 6.000661218000000190e+03
1.252500000000000000e+04 1.000000000000000000e+01 -5.203200000000000000e+04 2.324168999999999841e+01 8.316500000000000281e-02 6.356600000000000250e+00 1.733700000000000171e-02 -1.930517000000000039e+00 1.157599999999999948e-02 1.000000000000000000e+00 9.083608999999999156e+00 1.393400000000000021e-02 6.252458620000000337e+03
1.252500000000000000e+04 1.000000000000000000e+01 -5.203200000000000000e+04 2.326847000000000065e+01 5.346599999999999964e-02 6.194453000000000209e+00 1.369800000000000011e-02 -1.914134000000000002e+00 9.698000000000000023e-03 1.000000000000000000e+00 9.059855999999999909e+00 1.936200000000000074e-02 6.688782576999999947e+03
1.252500000000000000e+04 4.010000000000000000e+03 -5.203200000000000000e+04 2.322028600000000154e+01 7.675800000000000678e-02 6.892072999999999894e+00 1.462100000000000032e-02 -1.300375000000000059e+00 1.765800000000000008e-02 1.000000000000000000e+00 9.041731999999999658e+00 1.705699999999999925e-02 1.333875293000000056e+03
1.252500000000000000e+04 4.010000000000000000e+03 -5.203200000000000000e+04 2.326692600000000155e+01 8.432299999999999518e-02 6.727850000000000108e+00 1.412099999999999987e-02 -1.237573999999999952e+00 1.487199999999999980e-02 1.000000000000000000e+00 9.055941999999999936e+00 1.382500000000000048e-02 1.770196249000000080e+03
1.252500000000000000e+04 4.010000000000000000e+03 -5.203200000000000000e+04 2.323739300000000085e+01 1.043390000000000012e-01 6.902768000000000015e+00 2.017000000000000043e-02 -1.281859999999999999e+00 1.649799999999999878e-02 1.000000000000000000e+00 9.089420000000000499e+00 1.455700000000000049e-02 2.021995652000000064e+03
1.252500000000000000e+04 4.010000000000000000e+03 -5.203200000000000000e+04 2.328056899999999985e+01 8.801499999999999602e-02 6.732815000000000438e+00 1.634700000000000042e-02 -1.217630999999999908e+00 1.713699999999999946e-02 1.000000000000000000e+00 9.056687000000000154e+00 1.631900000000000017e-02 2.458291605999999774e+03
1.252500000000000000e+04 8.010000000000000000e+03 -5.203200000000000000e+04 2.267642400000000080e+01 6.344400000000000039e-02 7.590425999999999895e+00 1.887600000000000042e-02 -3.341006999999999838e+00 1.158200000000000028e-02 1.000000000000000000e+00 9.038026000000000337e+00 1.902600000000000124e-02 2.730595181000000139e+03
1.252500000000000000e+04 8.010000000000000000e+03 -5.203200000000000000e+04 2.268139599999999945e+01 8.827899999999999636e-02 7.486857999999999791e+00 1.931300000000000031e-02 -3.352726999999999791e+00 1.123799999999999973e-02 1.000000000000000000e+00 9.071369999999999933e+00 1.345499999999999995e-02 3.166922137999999904e+03
1.252500000000000000e+04 8.010000000000000000e+03 -5.203200000000000000e+04 2.265021099999999876e+01 7.087300000000000544e-02 7.624019999999999797e+00 1.569200000000000109e-02 -3.306651000000000007e+00 1.201900000000000017e-02 1.000000000000000000e+00 9.084711000000000425e+00 1.627999999999999933e-02 3.418737540999999965e+03
1.252500000000000000e+04 8.010000000000000000e+03 -5.203200000000000000e+04 2.269748999999999839e+01 6.863199999999999856e-02 7.477248000000000339e+00 1.496600000000000014e-02 -3.304581999999999908e+00 1.296300000000000056e-02 1.000000000000000000e+00 9.057363000000000497e+00 1.706999999999999837e-02 3.855079498000000058e+03
1.452500000000000000e+04 -3.990000000000000000e+03 -5.203200000000000000e+04 2.308795399999999987e+01 1.174599999999999950e-01 5.632495999999999725e+00 1.798900000000000152e-02 -4.310252000000000194e+00 1.388600000000000077e-02 1.000000000000000000e+00 9.051496999999999460e+00 1.777300000000000060e-02 4.190576686999999765e+03
1.452500000000000000e+04 -3.990000000000000000e+03 -5.203200000000000000e+04 2.311704599999999843e+01 1.047889999999999933e-01 5.487911000000000428e+00 1.277400000000000063e-02 -4.350649999999999906e+00 1.555899999999999991e-02 1.000000000000000000e+00 9.075879999999999725e+00 1.780999999999999944e-02 4.580722002000000430e+03
1.452500000000000000e+04 -3.990000000000000000e+03 -5.203200000000000000e+04 2.309313500000000019e+01 1.105700000000000016e-01 5.635932000000000386e+00 1.818600000000000078e-02 -4.307438999999999574e+00 1.485099999999999962e-02 1.000000000000000000e+00 9.050264999999999560e+00 2.150699999999999834e-02 4.878814051999999720e+03
1.452500000000000000e+04 -3.990000000000000000e+03 -5.203200000000000000e+04 2.312874499999999856e+01 1.047140000000000015e-01 5.448249999999999815e+00 2.547200000000000158e-02 -4.339082999999999579e+00 1.520299999999999950e-02 1.000000000000000000e+00 9.058087999999999695e+00 1.338100000000000053e-02 5.268961366999999882e+03
1.452500000000000000e+04 1.000000000000000000e+01 -5.203200000000000000e+04 2.323351600000000161e+01 8.427400000000000169e-02 6.396446000000000076e+00 1.533499999999999967e-02 -1.888092000000000104e+00 1.239400000000000050e-02 1.000000000000000000e+00 9.064788999999999319e+00 1.659000000000000058e-02 5.587434583000000202e+03
1.452500000000000000e+04 1.000000000000000000e+01 -5.203200000000000000e+04 2.328805200000000042e+01 6.652199999999999780e-02 6.112171000000000021e+00 1.570399999999999921e-02 -1.935262999999999955e+00 1.494999999999999975e-02 1.000000000000000000e+00 9.067963000000000662e+00 1.785899999999999987e-02 5.977574897999999848e+03
1.452500000000000000e+04 1.000000000000000000e+01 -5.203200000000000000e+04 2.326712799999999959e+01 7.648199999999999443e-02 6.253518999999999828e+00 1.360800000000000030e-02 -1.867255000000000109e+00 1.324000000000000003e-02 1.000000000000000000e+00 9.069551999999999836e+00 2.110400000000000123e-02 6.275546940999999606e+03
1.452500000000000000e+04 1.000000000000000000e+01 -5.203200000000000000e+04 2.330538400000000010e+01 8.262899999999999412e-02 5.991741000000000206e+00 1.466899999999999975e-02 -1.891798000000000091e+00 1.674499999999999947e-02 1.000000000000000000e+00 9.081815999999999889e+00 2.461400000000000046e-02 6.665695255999999972e+03
1.452500000000000000e+04 4.010000000000000000e+03 -5.203200000000000000e+04 2.333438900000000160e+01 8.493000000000000549e-02 6.844922000000000395e+00 1.756299999999999875e-02 -9.660429999999999851e-01 1.399899999999999929e-02 1.000000000000000000e+00 9.061605000000000132e+00 1.964399999999999827e-02 1.356964613999999983e+03
1.452500000000000000e+04 4.010000000000000000e+03 -5.203200000000000000e+04 2.340713300000000174e+01 8.305400000000000282e-02 6.622447000000000195e+00 1.708099999999999896e-02 -9.052689999999999904e-01 1.547899999999999970e-02 1.000000000000000000e+00 9.063466999999999274e+00 3.177200000000000163e-02 1.747111928999999918e+03
1.452500000000000000e+04 4.010000000000000000e+03 -5.203200000000000000e+04 2.334885600000000139e+01 9.478399999999999326e-02 6.835206999999999589e+00 1.725000000000000144e-02 -9.916779999999999484e-01 1.203300000000000029e-02 1.000000000000000000e+00 9.065196000000000254e+00 2.491300000000000112e-02 2.045085972000000083e+03
1.452500000000000000e+04 4.010000000000000000e+03 -5.203200000000000000e+04 2.340323599999999971e+01 8.435499999999999943e-02 6.620559000000000083e+00 1.810600000000000057e-02 -8.906800000000000272e-01 1.297799999999999995e-02 1.000000000000000000e+00 9.041036000000000072e+00 1.199399999999999945e-02 2.435207285999999840e+03
1.452500000000000000e+04 8.010000000000000000e+03 -5.203200000000000000e+04 2.263246499999999983e+01 7.909599999999999964e-02 7.601558999999999955e+00 1.214900000000000008e-02 -3.331475999999999882e+00 1.138600000000000029e-02 1.000000000000000000e+00 9.056653000000000731e+00 2.002699999999999966e-02 2.753688501999999971e+03
1.452500000000000000e+04 8.010000000000000000e+03 -5.203200000000000000e+04 2.272261500000000112e+01 7.016999999999999627e-02 7.423300000000000232e+00 1.703199999999999853e-02 -3.342713999999999963e+00 1.383799999999999961e-02 1.000000000000000000e+00 9.055638999999999328e+00 1.725700000000000151e-02 3.143833817000000181e+03
1.452500000000000000e+04 8.010000000000000000e+03 -5.203200000000000000e+04 2.265298900000000160e+01 7.252200000000000313e-02 7.625668000000000113e+00 1.247499999999999998e-02 -3.353927000000000103e+00 1.202699999999999950e-02 1.000000000000000000e+00 9.057010000000000005e+00 1.658199999999999952e-02 3.441828860999999961e+03
1.452500000000000000e+04 8.010000000000000000e+03 -5.203200000000000000e+04 2.272372400000000070e+01 8.254599999999999438e-02 7.426804999999999879e+00 1.668199999999999891e-02 -3.355745000000000200e+00 1.345299999999999968e-02 1.000000000000000000e+00 9.050100999999999729e+00 1.595999999999999849e-02 3.831988177000000178e+03
1.652500000000000000e+04 -3.990000000000000000e+03 -5.203200000000000000e+04 2.307120899999999963e+01 1.085580000000000017e-01 5.557704000000000200e+00 1.970699999999999882e-02 -4.628565000000000040e+00 1.589099999999999888e-02 1.000000000000000000e+00 9.063169000000000253e+00 1.941999999999999976e-02 4.213669007999999849e+03
1.652500000000000000e+04 -3.990000000000000000e+03 -5.203200000000000000e+04 2.310403099999999910e+01 1.025709999999999955e-01 5.399774999999999991e+00 1.694199999999999873e-02 -4.711814000000000391e+00 1.698699999999999863e-02 1.000000000000000000e+00 9.056250000000000355e+00 1.300899999999999973e-02 4.557629681999999775e+03
1.652500000000000000e+04 -3.990000000000000000e+03 -5.203200000000000000e+04 2.307758899999999969e+01 8.540200000000000569e-02 5.591375000000000206e+00 1.608499999999999860e-02 -4.612801000000000151e+00 2.117199999999999985e-02 1.000000000000000000e+00 9.066741000000000383e+00 1.691099999999999895e-02 4.901907373000000007e+03
1.652500000000000000e+04 -3.990000000000000000e+03 -5.203200000000000000e+04 2.310573899999999981e+01 9.220200000000000617e-02 5.371426999999999730e+00 1.275500000000000071e-02 -4.712582000000000271e+00 1.693300000000000013e-02 1.000000000000000000e+00 9.055664000000000158e+00 1.456999999999999962e-02 5.245868045999999595e+03
1.652500000000000000e+04 1.000000000000000000e+01 -5.203200000000000000e+04 2.320895099999999900e+01 6.482300000000000562e-02 6.325457000000000107e+00 1.264700000000000026e-02 -1.948431000000000024e+00 1.326199999999999948e-02 1.000000000000000000e+00 9.071419999999999817e+00 1.698799999999999963e-02 5.610528903999999784e+03
1.652500000000000000e+04 1.000000000000000000e+01 -5.203200000000000000e+04 2.328950499999999835e+01 7.790199999999999902e-02 6.051181999999999839e+00 1.349200000000000052e-02 -1.918293000000000026e+00 1.115400000000000072e-02 1.000000000000000000e+00 9.065668000000000504e+00 1.752099999999999838e-02 5.954481576999999561e+03
1.652500000000000000e+04 1.000000000000000000e+01 -5.203200000000000000e+04 2.325760100000000108e+01 7.878999999999999893e-02 6.175104000000000148e+00 1.253699999999999953e-02 -1.872883999999999993e+00 1.285999999999999990e-02 1.000000000000000000e+00 9.054085000000000605e+00 2.012699999999999906e-02 6.298638261000000057e+03
1.652500000000000000e+04 1.000000000000000000e+01 -5.203200000000000000e+04 2.332102400000000131e+01 7.489099999999999924e-02 5.964800999999999576e+00 1.793300000000000102e-02 -1.884079000000000059e+00 1.254500000000000060e-02 1.000000000000000000e+00 9.066834999999999312e+00 1.893999999999999850e-02 6.642604935000000296e+03
1.652500000000000000e+04 4.010000000000000000e+03 -5.203200000000000000e+04 2.345436400000000177e+01 1.175439999999999957e-01 6.806363000000000163e+00 2.004299999999999832e-02 -6.567269999999999497e-01 1.495600000000000054e-02 1.000000000000000000e+00 9.048318000000000083e+00 1.827200000000000005e-02 1.380054934999999887e+03
1.652500000000000000e+04 4.010000000000000000e+03 -5.203200000000000000e+04 2.350561799999999835e+01 9.179299999999999959e-02 6.614982000000000362e+00 2.584900000000000045e-02 -5.700610000000000399e-01 1.290200000000000027e-02 1.000000000000000000e+00 9.057138999999999385e+00 1.798900000000000152e-02 1.724021608000000015e+03
1.652500000000000000e+04 4.010000000000000000e+03 -5.203200000000000000e+04 2.347087600000000052e+01 1.011309999999999987e-01 6.857549999999999812e+00 1.617800000000000141e-02 -6.882249999999999757e-01 1.367900000000000019e-02 1.000000000000000000e+00 9.074797000000000224e+00 1.336500000000000014e-02 2.068172293000000082e+03
1.652500000000000000e+04 4.010000000000000000e+03 -5.203200000000000000e+04 2.350374400000000108e+01 1.005840000000000067e-01 6.666496000000000421e+00 1.810700000000000157e-02 -5.733160000000000478e-01 1.421099999999999967e-02 1.000000000000000000e+00 9.058063000000000642e+00 2.360500000000000098e-02 2.412115964999999960e+03
1.652500000000000000e+04 8.010000000000000000e+03 -5.203200000000000000e+04 2.269125999999999976e+01 8.643699999999999994e-02 7.601458000000000048e+00 1.728000000000000022e-02 -3.325899000000000161e+00 1.365800000000000000e-02 1.000000000000000000e+00 9.064087999999999923e+00 1.549700000000000036e-02 2.776781822999999804e+03
1.652500000000000000e+04 8.010000000000000000e+03 -5.203200000000000000e+04 2.275568399999999869e+01 8.681099999999999928e-02 7.440685000000000215e+00 1.666300000000000073e-02 -3.327109000000000094e+00 1.322399999999999964e-02 1.000000000000000000e+00 9.044110999999999123e+00 1.253600000000000027e-02 3.120744495999999799e+03
1.652500000000000000e+04 8.010000000000000000e+03 -5.203200000000000000e+04 2.270740699999999990e+01 7.287399999999999434e-02 7.629082999999999615e+00 1.300600000000000020e-02 -3.365714000000000095e+00 1.223999999999999914e-02 1.000000000000000000e+00 9.054522000000000403e+00 1.548800000000000003e-02 3.464919182000000092e+03
1.652500000000000000e+04 8.010000000000000000e+03 -5.203200000000000000e+04 2.274926900000000174e+01 6.127699999999999814e-02 7.466407000000000238e+00 1.125699999999999965e-02 -3.352247999999999895e+00 1.163199999999999998e-02 1.000000000000000000e+00 9.069100000000000605e+00 1.581099999999999867e-02 3.808897856000000047e+03
1.852500000000000000e+04 -3.990000000000000000e+03 -5.203200000000000000e+04 2.305932100000000062e+01 9.170100000000000473e-02 5.517552000000000234e+00 1.730299999999999894e-02 -4.970442000000000249e+00 1.641199999999999951e-02 1.000000000000000000e+00 9.063090000000000757e+00 1.273299999999999953e-02 4.236757329000000027e+03
1.852500000000000000e+04 -3.990000000000000000e+03 -5.203200000000000000e+04 2.309704299999999932e+01 1.032789999999999958e-01 5.297120999999999746e+00 2.137700000000000017e-02 -5.039849000000000245e+00 1.684099999999999833e-02 1.000000000000000000e+00 9.071071999999999136e+00 1.541299999999999962e-02 4.534536361000000397e+03
1.852500000000000000e+04 -3.990000000000000000e+03 -5.203200000000000000e+04 2.306256899999999987e+01 1.145240000000000008e-01 5.560999999999999943e+00 1.546999999999999938e-02 -4.945084999999999731e+00 1.415800000000000045e-02 1.000000000000000000e+00 9.067515999999999465e+00 1.439299999999999954e-02 4.924995694000000185e+03
1.852500000000000000e+04 -3.990000000000000000e+03 -5.203200000000000000e+04 2.310083300000000150e+01 9.400300000000000322e-02 5.281371000000000038e+00 1.530800000000000043e-02 -5.057076999999999600e+00 1.694500000000000173e-02 1.000000000000000000e+00 9.067634999999999224e+00 1.492600000000000003e-02 5.222776726000000053e+03
1.852500000000000000e+04 1.000000000000000000e+01 -5.203200000000000000e+04 2.321385000000000076e+01 7.530299999999999494e-02 6.210249000000000130e+00 2.057000000000000148e-02 -1.875537000000000010e+00 1.302999999999999992e-02 1.000000000000000000e+00 9.066423000000000343e+00 1.751099999999999879e-02 5.633620224000000235e+03
1.852500000000000000e+04 1.000000000000000000e+01 -5.203200000000000000e+04 2.334524000000000044e+01 1.024189999999999962e-01 5.887185999999999808e+00 1.565400000000000125e-02 -1.849000999999999895e+00 1.139800000000000015e-02 1.000000000000000000e+00 9.066948999999999259e+00 1.849100000000000049e-02 5.931391255999999885e+03
1.852500000000000000e+04 1.000000000000000000e+01 -5.203200000000000000e+04 2.328547899999999871e+01 1.116810000000000025e-01 6.084935999999999900e+00 1.227699999999999972e-02 -1.862008000000000107e+00 1.723500000000000032e-02 1.000000000000000000e+00 9.089738000000000540e+00 1.290099999999999927e-02 6.321723581999999624e+03
1.852500000000000000e+04 1.000000000000000000e+01 -5.203200000000000000e+04 2.334744500000000045e+01 9.027000000000000302e-02 5.835828000000000237e+00 1.681900000000000062e-02 -1.843186999999999909e+00 1.320499999999999972e-02 1.000000000000000000e+00 9.068866999999999123e+00 1.297399999999999942e-02 6.619512614000000212e+03
1.852500000000000000e+04 4.010000000000000000e+03 -5.203200000000000000e+04 2.357847699999999946e+01 7.704800000000000537e-02 6.800855000000000317e+00 1.568400000000000002e-02 -2.842080000000000162e-01 1.341000000000000004e-02 1.000000000000000000e+00 9.068205999999999989e+00 1.837700000000000097e-02 1.403145254999999906e+03
1.852500000000000000e+04 4.010000000000000000e+03 -5.203200000000000000e+04 2.364933299999999861e+01 8.071799999999999808e-02 6.531208000000000347e+00 1.218499999999999965e-02 -2.413270000000000137e-01 1.360399999999999977e-02 1.000000000000000000e+00 9.055142999999999276e+00 1.656600000000000086e-02 1.700928288000000066e+03
1.852500000000000000e+04 4.010000000000000000e+03 -5.203200000000000000e+04 2.359504099999999838e+01 5.439999999999999697e-02 6.756882000000000055e+00 1.834600000000000120e-02 -3.356910000000000172e-01 1.565499999999999878e-02 1.000000000000000000e+00 9.085337000000000884e+00 2.058000000000000107e-02 2.091265613999999914e+03
1.852500000000000000e+04 4.010000000000000000e+03 -5.203200000000000000e+04 2.366272299999999973e+01 1.018919999999999965e-01 6.531374999999999709e+00 1.785199999999999981e-02 -2.322940000000000005e-01 1.128099999999999936e-02 1.000000000000000000e+00 9.033058999999999727e+00 1.818600000000000078e-02 2.389021643999999924e+03
1.852500000000000000e+04 8.010000000000000000e+03 -5.203200000000000000e+04 2.273751999999999995e+01 7.939799999999999636e-02 7.629071999999999854e+00 1.643800000000000122e-02 -3.331796000000000202e+00 1.188600000000000073e-02 1.000000000000000000e+00 9.080548999999999538e+00 1.513499999999999915e-02 2.799869142999999895e+03
1.852500000000000000e+04 8.010000000000000000e+03 -5.203200000000000000e+04 2.277066999999999908e+01 1.027089999999999947e-01 7.397418000000000049e+00 1.372300000000000082e-02 -3.322912999999999784e+00 1.201100000000000084e-02 1.000000000000000000e+00 9.075492999999999810e+00 1.888799999999999854e-02 3.097651174999999967e+03
1.852500000000000000e+04 8.010000000000000000e+03 -5.203200000000000000e+04 2.272597700000000032e+01 8.468499999999999639e-02 7.616722000000000214e+00 1.393400000000000021e-02 -3.352629999999999999e+00 1.662500000000000089e-02 1.000000000000000000e+00 9.059096000000000259e+00 1.836899999999999991e-02 3.488014502999999877e+03
1.852500000000000000e+04 8.010000000000000000e+03 -5.203200000000000000e+04 2.280543199999999970e+01 5.656200000000000117e-02 7.368492999999999959e+00 1.565400000000000125e-02 -3.362560000000000215e+00 1.364300000000000061e-02 1.000000000000000000e+00 9.056449000000000638e+00 1.961999999999999855e-02 3.785803535000000011e+03
2.052500000000000000e+04 -3.990000000000000000e+03 -5.203200000000000000e+04 2.304759699999999967e+01 9.079900000000000471e-02 5.521658999999999651e+00 1.634199999999999889e-02 -5.295417999999999736e+00 1.549000000000000030e-02 1.000000000000000000e+00 9.064460999999999657e+00 2.190599999999999839e-02 4.259850648999999976e+03
2.052500000000000000e+04 -3.990000000000000000e+03 -5.203200000000000000e+04 2.308317699999999917e+01 8.719899999999999873e-02 5.287981000000000265e+00 2.281800000000000148e-02 -5.363864999999999661e+00 1.722699999999999926e-02 1.000000000000000000e+00 9.056767000000000678e+00 2.452199999999999866e-02 4.511445039999999608e+03
2.052500000000000000e+04 -3.990000000000000000e+03 -5.203200000000000000e+04 2.304637299999999911e+01 9.347199999999999953e-02 5.524225000000000385e+00 1.594399999999999984e-02 -5.288808000000000398e+00 1.633799999999999836e-02 1.000000000000000000e+00 9.060461999999999350e+00 1.349299999999999979e-02 4.948089014999999563e+03
2.052500000000000000e+04 -3.990000000000000000e+03 -5.203200000000000000e+04 2.308745700000000056e+01 1.046659999999999952e-01 5.236981000000000108e+00 1.564899999999999972e-02 -5.370301000000000435e+00 1.333100000000000084e-02 1.000000000000000000e+00 9.072169999999999845e+00 1.574400000000000105e-02 5.199686405000000377e+03
2.052500000000000000e+04 1.000000000000000000e+01 -5.203200000000000000e+04 2.326551800000000014e+01 7.602599999999999636e-02 6.148177999999999699e+00 1.215600000000000014e-02 -1.815865000000000062e+00 1.243099999999999934e-02 1.000000000000000000e+00 9.069115000000000038e+00 2.077000000000000027e-02 5.656709544999999707e+03
2.052500000000000000e+04 1.000000000000000000e+01 -5.203200000000000000e+04 2.336210700000000173e+01 7.093700000000000006e-02 5.788537999999999961e+00 1.672699999999999881e-02 -1.804172000000000109e+00 1.395200000000000086e-02 1.000000000000000000e+00 9.075051000000000201e+00 1.765399999999999955e-02 5.908296935000000303e+03
2.052500000000000000e+04 1.000000000000000000e+01 -5.203200000000000000e+04 2.330555100000000124e+01 1.012089999999999934e-01 6.007919000000000231e+00 1.443999999999999971e-02 -1.786343000000000014e+00 1.351300000000000071e-02 1.000000000000000000e+00 9.090830999999999662e+00 1.750200000000000020e-02 6.344814903000000413e+03
2.052500000000000000e+04 1.000000000000000000e+01 -5.203200000000000000e+04 2.330609000000000108e+01 7.831100000000000561e-02 5.761295999999999751e+00 1.347699999999999940e-02 -1.840381000000000045e+00 1.599599999999999980e-02 1.000000000000000000e+00 9.081433000000000533e+00 1.297099999999999989e-02 6.596413292999999612e+03
2.052500000000000000e+04 4.010000000000000000e+03 -5.203200000000000000e+04 2.369056600000000046e+01 8.859999999999999820e-02 6.854059000000000346e+00 1.599099999999999827e-02 1.117100000000000037e-02 1.932100000000000137e-02 1.000000000000000000e+00 9.073009000000000768e+00 1.996799999999999964e-02 1.426238575999999966e+03
2.052500000000000000e+04 4.010000000000000000e+03 -5.203200000000000000e+04 2.377034099999999839e+01 6.921399999999999775e-02 6.561098999999999570e+00 1.469699999999999999e-02 8.659000000000000030e-02 1.224300000000000041e-02 1.000000000000000000e+00 9.072190000000000865e+00 1.823500000000000121e-02 1.677835966999999982e+03
2.052500000000000000e+04 4.010000000000000000e+03 -5.203200000000000000e+04 2.370422399999999996e+01 6.770800000000000429e-02 6.824467000000000283e+00 1.600100000000000133e-02 1.365000000000000067e-02 1.394399999999999980e-02 1.000000000000000000e+00 9.066686000000000689e+00 1.507299999999999959e-02 2.114358933999999863e+03
2.052500000000000000e+04 4.010000000000000000e+03 -5.203200000000000000e+04 2.378030599999999950e+01 8.038800000000000112e-02 6.555011000000000365e+00 1.460499999999999993e-02 8.009800000000000253e-02 1.648499999999999965e-02 1.000000000000000000e+00 9.050518000000000285e+00 2.617799999999999988e-02 2.365937323999999990e+03
2.052500000000000000e+04 8.010000000000000000e+03 -5.203200000000000000e+04 2.274489799999999917e+01 7.372700000000000087e-02 7.657256000000000284e+00 1.328700000000000020e-02 -3.388177999999999912e+00 1.619500000000000106e-02 1.000000000000000000e+00 9.046454999999999913e+00 2.457900000000000015e-02 2.822957464000000073e+03
2.052500000000000000e+04 8.010000000000000000e+03 -5.203200000000000000e+04 2.282849799999999973e+01 6.825699999999999823e-02 7.424057999999999602e+00 2.291400000000000034e-02 -3.354569999999999830e+00 1.433300000000000025e-02 1.000000000000000000e+00 9.054581000000000657e+00 1.837899999999999950e-02 3.074561854999999923e+03
2.052500000000000000e+04 8.010000000000000000e+03 -5.203200000000000000e+04 2.278432000000000102e+01 8.097300000000000331e-02 7.655395999999999646e+00 1.559299999999999922e-02 -3.371773999999999827e+00 1.121699999999999954e-02 1.000000000000000000e+00 9.069020999999999333e+00 1.869900000000000034e-02 3.511109824000000117e+03
2.052500000000000000e+04 8.010000000000000000e+03 -5.203200000000000000e+04 2.283205500000000043e+01 7.083200000000000607e-02 7.387501000000000317e+00 1.327399999999999934e-02 -3.337042999999999981e+00 1.018799999999999914e-02 1.000000000000000000e+00 9.060109999999999886e+00 1.527300000000000012e-02 3.762707214000000022e+03
2.252500000000000000e+04 -3.990000000000000000e+03 -5.203200000000000000e+04 2.303852900000000048e+01 1.006319999999999992e-01 5.511680000000000135e+00 1.843399999999999900e-02 -5.572849999999999859e+00 1.452799999999999925e-02 1.000000000000000000e+00 9.059284999999999144e+00 1.390899999999999949e-02 4.282945971000000100e+03
2.252500000000000000e+04 -3.990000000000000000e+03 -5.203200000000000000e+04 2.306418899999999894e+01 7.397700000000000109e-02 5.374087000000000280e+00 2.117000000000000132e-02 -5.671897000000000411e+00 1.902999999999999831e-02 1.000000000000000000e+00 9.071334999999999482e+00 1.569699999999999915e-02 4.488354718999999932e+03
2.252500000000000000e+04 -3.990000000000000000e+03 -5.203200000000000000e+04 2.304399899999999946e+01 1.111410000000000037e-01 5.488223999999999769e+00 1.534600000000000027e-02 -5.601795000000000080e+00 1.522199999999999942e-02 1.000000000000000000e+00 9.069959000000000771e+00 1.313600000000000011e-02 4.971182335000000421e+03
2.252500000000000000e+04 -3.990000000000000000e+03 -5.203200000000000000e+04 2.308257499999999851e+01 8.733299999999999397e-02 5.258652999999999800e+00 1.800399999999999917e-02 -5.688832999999999807e+00 1.302299999999999985e-02 1.000000000000000000e+00 9.078998999999999597e+00 1.517300000000000072e-02 5.176599084000000403e+03
2.252500000000000000e+04 1.000000000000000000e+01 -5.203200000000000000e+04 2.325668599999999842e+01 1.019739999999999952e-01 6.070471999999999646e+00 1.508800000000000072e-02 -1.806850000000000067e+00 1.300600000000000020e-02 1.000000000000000000e+00 9.060670999999999253e+00 1.475800000000000028e-02 5.679799866000000293e+03
2.252500000000000000e+04 1.000000000000000000e+01 -5.203200000000000000e+04 2.330544000000000082e+01 6.381100000000000660e-02 5.780046999999999713e+00 1.711100000000000121e-02 -1.835245999999999933e+00 1.206899999999999987e-02 1.000000000000000000e+00 9.080455000000000609e+00 1.886300000000000129e-02 5.885206613999999718e+03
2.252500000000000000e+04 1.000000000000000000e+01 -5.203200000000000000e+04 2.331159800000000004e+01 1.019150000000000056e-01 5.927455000000000140e+00 1.535000000000000080e-02 -1.776367000000000029e+00 1.338699999999999959e-02 1.000000000000000000e+00 9.069129999999999470e+00 1.661599999999999883e-02 6.367904222999999547e+03
2.252500000000000000e+04 1.000000000000000000e+01 -5.203200000000000000e+04 2.332432299999999969e+01 7.384300000000000586e-02 5.703134000000000370e+00 1.935299999999999868e-02 -1.825441000000000091e+00 1.192099999999999931e-02 1.000000000000000000e+00 9.076873000000000857e+00 1.420300000000000035e-02 6.573317971999999827e+03
2.252500000000000000e+04 4.010000000000000000e+03 -5.203200000000000000e+04 2.383837499999999920e+01 8.682399999999999840e-02 6.766596999999999973e+00 1.683799999999999880e-02 3.125040000000000040e-01 1.073499999999999975e-02 1.000000000000000000e+00 9.048571000000000808e+00 1.975599999999999926e-02 1.449331897000000026e+03
2.252500000000000000e+04 4.010000000000000000e+03 -5.203200000000000000e+04 2.390432500000000005e+01 8.717099999999999849e-02 6.527709999999999901e+00 1.735499999999999890e-02 4.034360000000000168e-01 1.585900000000000157e-02 1.000000000000000000e+00 9.053438999999999126e+00 1.523599999999999954e-02 1.654746646000000055e+03
2.252500000000000000e+04 4.010000000000000000e+03 -5.203200000000000000e+04 2.384524800000000155e+01 9.514000000000000234e-02 6.784227999999999703e+00 1.853399999999999839e-02 3.042250000000000232e-01 1.124700000000000005e-02 1.000000000000000000e+00 9.048600999999999672e+00 1.587500000000000022e-02 2.137447255000000041e+03
2.252500000000000000e+04 4.010000000000000000e+03 -5.203200000000000000e+04 2.390155700000000039e+01 8.889600000000000279e-02 6.557750999999999664e+00 1.325400000000000016e-02 3.869690000000000074e-01 1.580200000000000007e-02 1.000000000000000000e+00 9.040525000000000588e+00 1.664200000000000054e-02 2.342851003000000219e+03
2.252500000000000000e+04 8.010000000000000000e+03 -5.203200000000000000e+04 2.277410499999999871e+01 7.819399999999999962e-02 7.644029999999999880e+00 1.464999999999999983e-02 -3.349098000000000130e+00 1.516100000000000086e-02 1.000000000000000000e+00 9.093602000000000629e+00 1.348399999999999946e-02 2.846047783999999865e+03
2.252500000000000000e+04 8.010000000000000000e+03 -5.203200000000000000e+04 2.284911599999999865e+01 7.992499999999999605e-02 7.433665000000000411e+00 2.036900000000000169e-02 -3.333469000000000015e+00 1.539599999999999996e-02 1.000000000000000000e+00 9.069701000000000235e+00 1.699099999999999916e-02 3.051468534000000091e+03
2.252500000000000000e+04 8.010000000000000000e+03 -5.203200000000000000e+04 2.280335600000000085e+01 7.547099999999999642e-02 7.657559000000000005e+00 1.676700000000000065e-02 -3.329908000000000090e+00 1.127700000000000057e-02 1.000000000000000000e+00 9.058638999999999442e+00 1.487400000000000007e-02 3.534195143999999800e+03
2.252500000000000000e+04 8.010000000000000000e+03 -5.203200000000000000e+04 2.285278399999999976e+01 8.451699999999999491e-02 7.444449999999999790e+00 1.769199999999999939e-02 -3.284314999999999873e+00 1.238599999999999944e-02 1.000000000000000000e+00 9.061927999999999983e+00 1.553000000000000040e-02 3.739621893999999884e+03
2.452500000000000000e+04 -3.990000000000000000e+03 -5.203200000000000000e+04 2.303491000000000000e+01 1.177359999999999934e-01 5.444056999999999924e+00 1.637999999999999873e-02 -5.956546999999999592e+00 1.322199999999999938e-02 1.000000000000000000e+00 9.071056999999999704e+00 1.557500000000000030e-02 4.306037290999999641e+03
2.452500000000000000e+04 -3.990000000000000000e+03 -5.203200000000000000e+04 2.305605299999999858e+01 8.843399999999999872e-02 5.327447000000000266e+00 1.667400000000000132e-02 -5.998422999999999838e+00 1.450199999999999927e-02 1.000000000000000000e+00 9.071180999999999273e+00 1.284300000000000025e-02 4.465263399000000391e+03
2.452500000000000000e+04 -3.990000000000000000e+03 -5.203200000000000000e+04 2.305318799999999868e+01 7.236900000000000277e-02 5.441129000000000104e+00 1.385300000000000073e-02 -5.975471999999999895e+00 1.739200000000000121e-02 1.000000000000000000e+00 9.068295000000000883e+00 2.562899999999999900e-02 4.994271655999999894e+03
2.452500000000000000e+04 -3.990000000000000000e+03 -5.203200000000000000e+04 2.308310399999999873e+01 8.511499999999999622e-02 5.243201000000000001e+00 1.390199999999999943e-02 -6.005818999999999797e+00 2.136400000000000104e-02 1.000000000000000000e+00 9.070183000000000106e+00 2.453200000000000172e-02 5.153510763999999654e+03
2.452500000000000000e+04 1.000000000000000000e+01 -5.203200000000000000e+04 2.326996799999999865e+01 5.409900000000000125e-02 6.002661999999999942e+00 1.397900000000000011e-02 -1.720531000000000033e+00 9.898999999999999813e-03 1.000000000000000000e+00 9.066587000000000174e+00 1.429000000000000062e-02 5.702889186000000336e+03
2.452500000000000000e+04 1.000000000000000000e+01 -5.203200000000000000e+04 2.333445800000000148e+01 8.271100000000000674e-02 5.711284000000000027e+00 1.436899999999999983e-02 -1.759803000000000006e+00 1.024800000000000016e-02 1.000000000000000000e+00 9.053921000000000774e+00 1.723799999999999985e-02 5.862115294000000176e+03
2.452500000000000000e+04 1.000000000000000000e+01 -5.203200000000000000e+04 2.332346799999999831e+01 8.384700000000000486e-02 5.851276000000000366e+00 1.844000000000000153e-02 -1.717919999999999892e+00 1.077799999999999939e-02 1.000000000000000000e+00 9.075521999999999423e+00 1.755699999999999969e-02 6.390993543999999929e+03
2.452500000000000000e+04 1.000000000000000000e+01 -5.203200000000000000e+04 2.336244399999999999e+01 6.959899999999999420e-02 5.636080999999999896e+00 1.247700000000000024e-02 -1.757400999999999991e+00 1.410400000000000022e-02 1.000000000000000000e+00 9.060750000000000526e+00 3.308400000000000230e-02 6.550230652000000191e+03
2.452500000000000000e+04 4.010000000000000000e+03 -5.203200000000000000e+04 2.397644000000000020e+01 8.292900000000000271e-02 6.772094000000000058e+00 1.256900000000000031e-02 6.425309999999999633e-01 1.552100000000000007e-02 1.000000000000000000e+00 9.051928999999999448e+00 2.838500000000000051e-02 1.472420217999999977e+03
2.452500000000000000e+04 4.010000000000000000e+03 -5.203200000000000000e+04 2.403708100000000059e+01 8.519200000000000383e-02 6.501434999999999853e+00 1.337799999999999927e-02 7.039509999999999934e-01 9.565999999999999850e-03 1.000000000000000000e+00 9.075806000000000040e+00 1.887399999999999842e-02 1.631657324999999901e+03
2.452500000000000000e+04 4.010000000000000000e+03 -5.203200000000000000e+04 2.399091800000000063e+01 7.473899999999999988e-02 6.766166000000000125e+00 1.932299999999999990e-02 6.211619999999999919e-01 1.292199999999999946e-02 1.000000000000000000e+00 9.061222000000000776e+00 2.249299999999999911e-02 2.160535574999999881e+03
2.452500000000000000e+04 4.010000000000000000e+03 -5.203200000000000000e+04 2.404151799999999994e+01 9.925599999999999701e-02 6.556804999999999772e+00 1.550499999999999969e-02 7.186409999999999743e-01 1.526199999999999952e-02 1.000000000000000000e+00 9.051546000000000092e+00 1.673399999999999888e-02 2.319759683000000223e+03
2.452500000000000000e+04 8.010000000000000000e+03 -5.203200000000000000e+04 2.284778800000000132e+01 8.809300000000000463e-02 7.648292999999999786e+00 1.896199999999999969e-02 -3.365636999999999990e+00 1.205099999999999921e-02 1.000000000000000000e+00 9.059017000000000763e+00 2.225099999999999995e-02 2.869138104999999996e+03
2.452500000000000000e+04 8.010000000000000000e+03 -5.203200000000000000e+04 2.287093099999999879e+01 8.791699999999999515e-02 7.447802000000000255e+00 1.918800000000000019e-02 -3.310548999999999964e+00 1.387000000000000038e-02 1.000000000000000000e+00 9.038766000000000744e+00 1.629900000000000099e-02 3.028372213000000102e+03
2.452500000000000000e+04 8.010000000000000000e+03 -5.203200000000000000e+04 2.282392199999999960e+01 5.730600000000000277e-02 7.680399000000000420e+00 1.622799999999999937e-02 -3.343958999999999904e+00 1.056600000000000074e-02 1.000000000000000000e+00 9.059737000000000151e+00 1.682300000000000115e-02 3.557284465000000182e+03
2.452500000000000000e+04 8.010000000000000000e+03 -5.203200000000000000e+04 2.285094499999999940e+01 6.782000000000000528e-02 7.462569000000000230e+00 1.589899999999999994e-02 -3.306049999999999933e+00 1.293300000000000005e-02 1.000000000000000000e+00 9.064163000000000636e+00 1.686400000000000052e-02 3.716532572999999957e+03
2.652500000000000000e+04 -3.990000000000000000e+03 -5.203200000000000000e+04 2.304111599999999882e+01 9.993799999999999906e-02 5.487625999999999671e+00 1.988600000000000090e-02 -6.314414000000000193e+00 2.032899999999999985e-02 1.000000000000000000e+00 9.065607999999999222e+00 1.689999999999999836e-02 4.329125611999999819e+03
2.652500000000000000e+04 -3.990000000000000000e+03 -5.203200000000000000e+04 2.306215200000000110e+01 1.270560000000000023e-01 5.321822000000000052e+00 1.226999999999999966e-02 -6.350863000000000369e+00 1.654699999999999921e-02 1.000000000000000000e+00 9.065106999999999360e+00 1.944500000000000048e-02 4.442180078000000321e+03
2.652500000000000000e+04 -3.990000000000000000e+03 -5.203200000000000000e+04 2.305000000000000071e+01 7.895599999999999841e-02 5.443006999999999707e+00 1.335199999999999929e-02 -6.319066000000000294e+00 1.448100000000000082e-02 1.000000000000000000e+00 9.053186000000000178e+00 2.146400000000000044e-02 5.017363975999999639e+03
2.652500000000000000e+04 -3.990000000000000000e+03 -5.203200000000000000e+04 2.308032199999999889e+01 1.035049999999999998e-01 5.309067999999999898e+00 1.922700000000000103e-02 -6.319275000000000198e+00 1.637999999999999873e-02 1.000000000000000000e+00 9.057069999999999510e+00 1.687800000000000064e-02 5.130419442999999774e+03
2.652500000000000000e+04 1.000000000000000000e+01 -5.203200000000000000e+04 2.329441800000000029e+01 9.619900000000000673e-02 5.916040999999999883e+00 1.614700000000000163e-02 -1.699461000000000110e+00 1.204099999999999962e-02 1.000000000000000000e+00 9.064764000000000266e+00 2.138599999999999876e-02 5.725980507000000216e+03
2.652500000000000000e+04 1.000000000000000000e+01 -5.203200000000000000e+04 2.332044600000000045e+01 6.954899999999999971e-02 5.725469999999999615e+00 1.456499999999999982e-02 -1.768081999999999931e+00 1.455000000000000043e-02 1.000000000000000000e+00 9.057363000000000497e+00 1.426499999999999990e-02 5.839023973000000296e+03
2.652500000000000000e+04 1.000000000000000000e+01 -5.203200000000000000e+04 2.332990399999999909e+01 9.357899999999999552e-02 5.780857000000000134e+00 1.686400000000000052e-02 -1.737446999999999964e+00 1.141900000000000033e-02 1.000000000000000000e+00 9.070536000000000598e+00 1.344700000000000062e-02 6.414085865000000013e+03
2.652500000000000000e+04 1.000000000000000000e+01 -5.203200000000000000e+04 2.337955099999999931e+01 9.482699999999999463e-02 5.605209000000000330e+00 1.749799999999999967e-02 -1.693429000000000073e+00 1.427400000000000023e-02 1.000000000000000000e+00 9.081621999999999417e+00 3.050999999999999893e-02 6.527144331000000420e+03
2.652500000000000000e+04 4.010000000000000000e+03 -5.203200000000000000e+04 2.410271900000000045e+01 8.312899999999999456e-02 6.828914000000000151e+00 1.283800000000000045e-02 9.690680000000000405e-01 1.458600000000000001e-02 1.000000000000000000e+00 9.062428999999999846e+00 2.063600000000000156e-02 1.495511539000000084e+03
2.652500000000000000e+04 4.010000000000000000e+03 -5.203200000000000000e+04 2.414297200000000032e+01 7.975500000000000644e-02 6.654128000000000043e+00 1.200299999999999978e-02 1.045449000000000073e+00 1.548599999999999977e-02 1.000000000000000000e+00 9.066884999999999195e+00 1.765500000000000055e-02 1.608566004999999905e+03
2.652500000000000000e+04 4.010000000000000000e+03 -5.203200000000000000e+04 2.412032299999999907e+01 8.095900000000000318e-02 6.809338999999999587e+00 1.686299999999999952e-02 9.470070000000000432e-01 1.718799999999999842e-02 1.000000000000000000e+00 9.054446999999999690e+00 1.769199999999999939e-02 2.183623896000000059e+03
2.652500000000000000e+04 4.010000000000000000e+03 -5.203200000000000000e+04 2.414735999999999905e+01 9.073299999999999421e-02 6.689166000000000167e+00 1.798200000000000146e-02 1.038064000000000098e+00 1.695100000000000079e-02 1.000000000000000000e+00 9.050274999999999181e+00 2.104599999999999874e-02 2.296678362000000106e+03
2.652500000000000000e+04 8.010000000000000000e+03 -5.203200000000000000e+04 2.284144600000000125e+01 7.463500000000000689e-02 7.674794000000000338e+00 1.442599999999999959e-02 -3.415750000000000064e+00 1.139899999999999941e-02 1.000000000000000000e+00 9.040782999999999348e+00 1.525699999999999973e-02 2.892232426000000032e+03
2.652500000000000000e+04 8.010000000000000000e+03 -5.203200000000000000e+04 2.290018900000000102e+01 1.102599999999999969e-01 7.537973000000000035e+00 1.963499999999999968e-02 -3.389774000000000065e+00 9.835999999999999258e-03 1.000000000000000000e+00 9.059234999999999260e+00 1.391300000000000002e-02 3.005283891999999923e+03
2.652500000000000000e+04 8.010000000000000000e+03 -5.203200000000000000e+04 2.283693299999999837e+01 9.211600000000000343e-02 7.686372000000000426e+00 1.700399999999999828e-02 -3.333579999999999988e+00 1.469799999999999926e-02 1.000000000000000000e+00 9.063302999999999443e+00 1.370299999999999990e-02 3.580377786000000015e+03
2.652500000000000000e+04 8.010000000000000000e+03 -5.203200000000000000e+04 2.288696300000000150e+01 8.022799999999999376e-02 7.550569999999999560e+00 1.914099999999999829e-02 -3.356726000000000099e+00 1.307400000000000055e-02 1.000000000000000000e+00 9.056454000000000448e+00 2.163899999999999851e-02 3.693438251999999920e+03
2.852500000000000000e+04 -3.990000000000000000e+03 -5.203200000000000000e+04 2.307010700000000014e+01 7.912700000000000289e-02 5.479607999999999812e+00 1.497899999999999926e-02 -6.645046999999999926e+00 1.696500000000000091e-02 1.000000000000000000e+00 9.067337000000000202e+00 1.364600000000000014e-02 4.352218933000000106e+03
2.852500000000000000e+04 -3.990000000000000000e+03 -5.203200000000000000e+04 2.305993700000000146e+01 8.613099999999999923e-02 5.346529000000000309e+00 1.834399999999999920e-02 -6.677431000000000338e+00 1.463199999999999917e-02 1.000000000000000000e+00 9.069781000000000759e+00 1.295600000000000050e-02 4.419089756999999736e+03
2.852500000000000000e+04 -3.990000000000000000e+03 -5.203200000000000000e+04 2.305575100000000077e+01 9.926699999999999413e-02 5.455874999999999808e+00 1.632799999999999876e-02 -6.635117000000000154e+00 1.285500000000000011e-02 1.000000000000000000e+00 9.062390000000000612e+00 1.634700000000000042e-02 5.040451296999999613e+03
2.852500000000000000e+04 -3.990000000000000000e+03 -5.203200000000000000e+04 2.307083400000000140e+01 1.061020000000000019e-01 5.380247999999999919e+00 1.686199999999999852e-02 -6.638627999999999751e+00 1.745800000000000129e-02 1.000000000000000000e+00 9.065051999999999666e+00 1.820700000000000096e-02 5.107328123000000232e+03
2.852500000000000000e+04 1.000000000000000000e+01 -5.203200000000000000e+04 2.332448300000000074e+01 8.251100000000000101e-02 5.873959000000000152e+00 1.490400000000000058e-02 -1.745317999999999925e+00 1.417500000000000010e-02 1.000000000000000000e+00 9.062196000000000140e+00 1.828799999999999870e-02 5.749068828000000394e+03
2.852500000000000000e+04 1.000000000000000000e+01 -5.203200000000000000e+04 2.334585200000000071e+01 7.950699999999999434e-02 5.747287000000000035e+00 1.398899999999999970e-02 -1.780375999999999959e+00 1.594800000000000037e-02 1.000000000000000000e+00 9.065936000000000661e+00 2.094299999999999981e-02 5.815934651999999915e+03
2.852500000000000000e+04 1.000000000000000000e+01 -5.203200000000000000e+04 2.337971800000000044e+01 8.854099999999999471e-02 5.720532000000000394e+00 1.495900000000000007e-02 -1.679135000000000044e+00 1.465499999999999962e-02 1.000000000000000000e+00 9.074365000000000236e+00 2.558600000000000110e-02 6.437177185999999892e+03
2.852500000000000000e+04 1.000000000000000000e+01 -5.203200000000000000e+04 2.335072699999999912e+01 8.942700000000000649e-02 5.618146999999999558e+00 1.443799999999999945e-02 -1.687688000000000077e+00 1.252099999999999914e-02 1.000000000000000000e+00 9.076594999999999303e+00 1.624400000000000149e-02 6.504056010999999671e+03
2.852500000000000000e+04 4.010000000000000000e+03 -5.203200000000000000e+04 2.425183499999999981e+01 1.048219999999999985e-01 6.817089000000000176e+00 1.515099999999999954e-02 1.269068000000000085e+00 1.098999999999999977e-02 1.000000000000000000e+00 9.043459999999999610e+00 2.078100000000000086e-02 1.518603859000000057e+03
2.852500000000000000e+04 4.010000000000000000e+03 -5.203200000000000000e+04 2.426619399999999871e+01 7.627200000000000646e-02 6.739244000000000234e+00 1.564400000000000165e-02 1.341312000000000060e+00 1.377300000000000052e-02 1.000000000000000000e+00 9.015197999999999823e+00 1.704599999999999865e-02 1.585477683999999954e+03
2.852500000000000000e+04 4.010000000000000000e+03 -5.203200000000000000e+04 2.426973399999999970e+01 8.402300000000000046e-02 6.809673000000000087e+00 1.426700000000000017e-02 1.270942000000000016e+00 1.485500000000000015e-02 1.000000000000000000e+00 9.045123999999999498e+00 9.532000000000000542e-03 2.206711216000000150e+03
2.852500000000000000e+04 4.010000000000000000e+03 -5.203200000000000000e+04 2.426986600000000038e+01 9.320199999999999319e-02 6.771505999999999581e+00 1.572799999999999893e-02 1.357364999999999933e+00 1.346100000000000074e-02 1.000000000000000000e+00 9.052445000000000519e+00 1.912600000000000064e-02 2.273584041999999954e+03
2.852500000000000000e+04 8.010000000000000000e+03 -5.203200000000000000e+04 2.290576599999999985e+01 9.687199999999999978e-02 7.694678999999999824e+00 1.516200000000000013e-02 -3.359545999999999921e+00 1.326399999999999975e-02 1.000000000000000000e+00 9.061534999999999229e+00 1.713599999999999846e-02 2.915322747000000163e+03
2.852500000000000000e+04 8.010000000000000000e+03 -5.203200000000000000e+04 2.295155700000000110e+01 8.891899999999999804e-02 7.606520999999999866e+00 1.361399999999999937e-02 -3.358957999999999888e+00 1.363699999999999982e-02 1.000000000000000000e+00 9.059077000000000268e+00 1.419199999999999975e-02 2.982189570999999887e+03
2.852500000000000000e+04 8.010000000000000000e+03 -5.203200000000000000e+04 2.291753500000000088e+01 7.822500000000000286e-02 7.698430000000000106e+00 1.530600000000000016e-02 -3.344199000000000144e+00 1.401200000000000015e-02 1.000000000000000000e+00 9.066641000000000616e+00 1.827799999999999911e-02 3.603472107000000051e+03
2.852500000000000000e+04 8.010000000000000000e+03 -5.203200000000000000e+04 2.293670699999999840e+01 7.933199999999999974e-02 7.609205000000000219e+00 1.317499999999999921e-02 -3.337558000000000025e+00 1.355199999999999981e-02 1.000000000000000000e+00 9.070316999999999297e+00 1.942500000000000129e-02 3.670350931999999830e+03
3.052500000000000000e+04 -3.990000000000000000e+03 -5.203200000000000000e+04 2.306942899999999952e+01 9.232100000000000029e-02 5.438716000000000328e+00 1.856999999999999970e-02 -6.980978000000000350e+00 1.668499999999999844e-02 1.000000000000000000e+00 9.058877999999999986e+00 1.280500000000000041e-02 4.375304253000000244e+03
3.052500000000000000e+04 -3.990000000000000000e+03 -5.203200000000000000e+04 2.308019699999999830e+01 8.140600000000000613e-02 5.436300000000000132e+00 1.419100000000000049e-02 -6.969087000000000032e+00 1.342499999999999943e-02 1.000000000000000000e+00 9.064092999999999734e+00 1.444299999999999924e-02 4.395996436999999787e+03
3.052500000000000000e+04 -3.990000000000000000e+03 -5.203200000000000000e+04 2.306086499999999972e+01 9.440999999999999392e-02 5.454710000000000392e+00 1.816299999999999859e-02 -6.987430999999999948e+00 1.781500000000000097e-02 1.000000000000000000e+00 9.073321999999999221e+00 2.200200000000000072e-02 5.063538617999999587e+03
3.052500000000000000e+04 -3.990000000000000000e+03 -5.203200000000000000e+04 2.306620600000000110e+01 8.154000000000000137e-02 5.459355000000000402e+00 1.564499999999999919e-02 -6.985344999999999693e+00 1.815699999999999953e-02 1.000000000000000000e+00 9.068756999999999735e+00 1.407599999999999997e-02 5.084229801000000407e+03
3.052500000000000000e+04 1.000000000000000000e+01 -5.203200000000000000e+04 2.330447699999999855e+01 9.224599999999999467e-02 5.824256000000000100e+00 1.269499999999999969e-02 -1.672716000000000092e+00 1.487400000000000007e-02 1.000000000000000000e+00 9.064306999999999448e+00 1.495200000000000001e-02 5.772153148000000328e+03
3.052500000000000000e+04 1.000000000000000000e+01 -5.203200000000000000e+04 2.332996999999999943e+01 7.192900000000000682e-02 5.827973000000000070e+00 1.936500000000000027e-02 -1.682082999999999995e+00 1.331799999999999998e-02 1.000000000000000000e+00 9.056881000000000626e+00 1.369899999999999937e-02 5.792841330999999627e+03
3.052500000000000000e+04 1.000000000000000000e+01 -5.203200000000000000e+04 2.335487900000000039e+01 6.856900000000000495e-02 5.660173000000000343e+00 1.565000000000000072e-02 -1.613302999999999932e+00 1.397299999999999931e-02 1.000000000000000000e+00 9.061996999999999858e+00 1.854300000000000045e-02 6.460270505999999841e+03
3.052500000000000000e+04 1.000000000000000000e+01 -5.203200000000000000e+04 2.334066100000000077e+01 7.528999999999999582e-02 5.668652999999999942e+00 1.413700000000000026e-02 -1.645016000000000034e+00 1.354900000000000028e-02 1.000000000000000000e+00 9.075165000000000148e+00 2.261200000000000015e-02 6.480963689999999588e+03
3.052500000000000000e+04 4.010000000000000000e+03 -5.203200000000000000e+04 2.439268500000000017e+01 9.493200000000000249e-02 6.872039000000000009e+00 1.523099999999999975e-02 1.655421999999999949e+00 1.282100000000000080e-02 1.000000000000000000e+00 9.045149000000000328e+00 1.911799999999999958e-02 1.541695179999999937e+03
3.052500000000000000e+04 4.010000000000000000e+03 -5.203200000000000000e+04 2.440166599999999875e+01 8.893099999999999616e-02 6.864360999999999713e+00 1.378399999999999938e-02 1.659176999999999902e+00 1.325999999999999922e-02 1.000000000000000000e+00 9.046519999999999229e+00 1.371999999999999956e-02 1.562385363000000098e+03
3.052500000000000000e+04 4.010000000000000000e+03 -5.203200000000000000e+04 2.440400599999999898e+01 7.950200000000000322e-02 6.797952000000000439e+00 1.822199999999999862e-02 1.625742999999999938e+00 1.672299999999999828e-02 1.000000000000000000e+00 9.056945999999999941e+00 1.248900000000000010e-02 2.229802537000000029e+03
3.052500000000000000e+04 4.010000000000000000e+03 -5.203200000000000000e+04 2.440965599999999824e+01 9.964000000000000634e-02 6.845843000000000345e+00 2.005900000000000044e-02 1.639796999999999949e+00 1.241100000000000016e-02 1.000000000000000000e+00 9.054541999999999646e+00 1.731100000000000000e-02 2.250494721000000027e+03
3.052500000000000000e+04 8.010000000000000000e+03 -5.203200000000000000e+04 2.292485800000000040e+01 1.017839999999999995e-01 7.729597000000000051e+00 1.580200000000000007e-02 -3.366516999999999982e+00 1.268000000000000030e-02 1.000000000000000000e+00 9.051745000000000374e+00 1.481900000000000057e-02 2.938412067000000206e+03
3.052500000000000000e+04 8.010000000000000000e+03 -5.203200000000000000e+04 2.291464600000000118e+01 9.300500000000000433e-02 7.727625999999999884e+00 1.461499999999999952e-02 -3.383630999999999833e+00 1.368399999999999998e-02 1.000000000000000000e+00 9.069736000000000686e+00 1.756800000000000028e-02 2.959100250999999844e+03
3.052500000000000000e+04 8.010000000000000000e+03 -5.203200000000000000e+04 2.290686499999999981e+01 9.260000000000000175e-02 7.732146000000000186e+00 1.597600000000000062e-02 -3.402225000000000055e+00 1.059900000000000078e-02 1.000000000000000000e+00 9.068384999999999252e+00 1.983100000000000140e-02 3.626561427999999978e+03
3.052500000000000000e+04 8.010000000000000000e+03 -5.203200000000000000e+04 2.291488299999999967e+01 7.925000000000000100e-02 7.727733999999999881e+00 1.338100000000000053e-02 -3.396954000000000029e+00 1.046700000000000061e-02 1.000000000000000000e+00 9.053229999999999222e+00 1.261199999999999995e-02 3.647255611000000044e+03
