2.525000000000000000e+03 -4.000000000000000000e+03 -5.203200000000000000e+04 2.521939700000000073e+01 8.220399999999999929e-02 4.662751000000000090e+00 1.459599999999999960e-02 4.969325999999999688e+00 1.543800000000000033e-02 1.000000000000000000e+00 1.762273899999999927e+01 1.839400000000000063e-02 2.263856484999999793e+03
2.525000000000000000e+03 -4.000000000000000000e+03 -5.203200000000000000e+04 2.520958500000000058e+01 6.725299999999999334e-02 4.711013999999999591e+00 1.320400000000000046e-02 4.898736999999999675e+00 1.508400000000000019e-02 1.000000000000000000e+00 1.762460199999999944e+01 1.539399999999999970e-02 2.681274359999999888e+03
2.525000000000000000e+03 -4.000000000000000000e+03 -5.203200000000000000e+04 2.519637600000000077e+01 6.803299999999999625e-02 4.726027000000000200e+00 1.635899999999999854e-02 4.869691000000000436e+00 2.036699999999999969e-02 1.000000000000000000e+00 1.757834400000000130e+01 3.237000000000000294e-02 2.702094551000000138e+03
2.525000000000000000e+03 0.000000000000000000e+00 -5.203200000000000000e+04 2.485640400000000128e+01 8.731500000000000372e-02 5.677411000000000207e+00 1.180499999999999952e-02 5.833356000000000208e+00 1.512600000000000056e-02 1.000000000000000000e+00 1.760968099999999836e+01 2.510400000000000131e-02 2.957968186000000060e+03
2.525000000000000000e+03 0.000000000000000000e+00 -5.203200000000000000e+04 2.490824200000000133e+01 7.222800000000000054e-02 5.461222000000000243e+00 1.402899999999999980e-02 5.836266000000000176e+00 1.053600000000000023e-02 1.000000000000000000e+00 1.762235700000000094e+01 1.122699999999999913e-02 3.376549128000000110e+03
2.525000000000000000e+03 0.000000000000000000e+00 -5.203200000000000000e+04 2.493081400000000158e+01 6.471399999999999375e-02 5.463996999999999993e+00 1.110200000000000076e-02 5.829881999999999564e+00 1.302400000000000085e-02 1.000000000000000000e+00 1.757894500000000093e+01 2.859899999999999942e-02 3.397417320999999902e+03
2.525000000000000000e+03 4.000000000000000000e+03 -5.203200000000000000e+04 2.477477999999999980e+01 7.943500000000000560e-02 5.533595000000000041e+00 1.531399999999999949e-02 5.298994999999999678e+00 1.289599999999999948e-02 1.000000000000000000e+00 1.761943099999999873e+01 1.173199999999999937e-02 8.433462369999999737e+02
2.525000000000000000e+03 4.000000000000000000e+03 -5.203200000000000000e+04 2.478743899999999911e+01 9.251199999999999701e-02 5.531881000000000270e+00 1.434900000000000064e-02 5.323298999999999559e+00 1.264599999999999926e-02 1.000000000000000000e+00 1.763266300000000086e+01 1.870099999999999887e-02 1.261628161000000091e+03
2.525000000000000000e+03 4.000000000000000000e+03 -5.203200000000000000e+04 2.477647999999999939e+01 8.254499999999999338e-02 5.526494999999999713e+00 1.411300000000000054e-02 5.310399999999999565e+00 1.435799999999999924e-02 1.000000000000000000e+00 1.758157699999999934e+01 1.678100000000000078e-02 1.282417349999999942e+03
2.525000000000000000e+03 8.000000000000000000e+03 -5.203200000000000000e+04 2.459344000000000108e+01 7.200800000000000256e-02 6.790809999999999569e+00 1.286900000000000023e-02 4.369571999999999790e+00 1.394500000000000080e-02 1.000000000000000000e+00 1.761438400000000115e+01 1.828600000000000017e-02 1.537279927999999927e+03
2.525000000000000000e+03 8.000000000000000000e+03 -5.203200000000000000e+04 2.460143700000000067e+01 5.034099999999999686e-02 6.762518000000000029e+00 1.529900000000000010e-02 4.379438999999999638e+00 1.267399999999999950e-02 1.000000000000000000e+00 1.762047899999999956e+01 1.680900000000000102e-02 1.955906872000000021e+03
2.525000000000000000e+03 8.000000000000000000e+03 -5.203200000000000000e+04 2.458165999999999940e+01 6.297800000000000620e-02 6.767386000000000124e+00 1.746500000000000136e-02 4.379897999999999847e+00 8.028999999999999679e-03 1.000000000000000000e+00 1.758842699999999937e+01 4.193899999999999711e-02 1.976694060999999920e+03
4.525000000000000000e+03 -4.000000000000000000e+03 -5.203200000000000000e+04 2.512097500000000139e+01 7.516000000000000458e-02 4.736781999999999826e+00 1.611999999999999891e-02 4.824233999999999689e+00 1.603900000000000117e-02 1.000000000000000000e+00 1.764040699999999973e+01 1.820099999999999843e-02 2.287049812000000202e+03
4.525000000000000000e+03 -4.000000000000000000e+03 -5.203200000000000000e+04 2.511628100000000074e+01 7.694700000000000151e-02 4.689638000000000417e+00 1.418600000000000069e-02 4.832022000000000261e+00 1.224899999999999947e-02 1.000000000000000000e+00 1.760032800000000108e+01 2.301999999999999880e-02 2.658188040000000001e+03
4.525000000000000000e+03 -4.000000000000000000e+03 -5.203200000000000000e+04 2.511000500000000102e+01 7.116100000000000203e-02 4.715616999999999948e+00 1.445899999999999963e-02 4.822415000000000340e+00 1.322300000000000038e-02 1.000000000000000000e+00 1.760039199999999937e+01 2.100700000000000137e-02 2.725177870999999868e+03
4.525000000000000000e+03 0.000000000000000000e+00 -5.203200000000000000e+04 2.493527900000000130e+01 9.145300000000000651e-02 5.581941999999999737e+00 1.338400000000000006e-02 5.730470000000000397e+00 1.278100000000000069e-02 1.000000000000000000e+00 1.760979499999999831e+01 2.045100000000000043e-02 2.981161513000000014e+03
4.525000000000000000e+03 0.000000000000000000e+00 -5.203200000000000000e+04 2.495021900000000059e+01 6.722100000000000297e-02 5.398807999999999829e+00 1.662699999999999942e-02 5.733869999999999578e+00 1.451599999999999939e-02 1.000000000000000000e+00 1.760521999999999920e+01 1.690300000000000136e-02 3.353397804000000178e+03
4.525000000000000000e+03 0.000000000000000000e+00 -5.203200000000000000e+04 2.492309600000000103e+01 6.878299999999999692e-02 5.427262999999999948e+00 1.569399999999999962e-02 5.770228000000000357e+00 9.757000000000000048e-03 1.000000000000000000e+00 1.763512700000000066e+01 1.674600000000000047e-02 3.420524643000000196e+03
4.525000000000000000e+03 4.000000000000000000e+03 -5.203200000000000000e+04 2.486146000000000100e+01 6.757699999999999818e-02 5.604447999999999652e+00 1.468599999999999940e-02 5.368655999999999651e+00 9.596999999999999628e-03 1.000000000000000000e+00 1.762442800000000176e+01 1.273499999999999979e-02 8.664275569999999789e+02
4.525000000000000000e+03 4.000000000000000000e+03 -5.203200000000000000e+04 2.485244099999999889e+01 7.462399999999999589e-02 5.564331000000000138e+00 1.406800000000000064e-02 5.414906000000000219e+00 1.238399999999999918e-02 1.000000000000000000e+00 1.763686500000000024e+01 2.284500000000000072e-02 1.238538841000000048e+03
4.525000000000000000e+03 4.000000000000000000e+03 -5.203200000000000000e+04 2.485364699999999871e+01 7.050299999999999623e-02 5.587862999999999580e+00 1.502399999999999916e-02 5.389997000000000149e+00 1.258100000000000017e-02 1.000000000000000000e+00 1.761594900000000052e+01 1.656200000000000033e-02 1.305500669999999900e+03
4.525000000000000000e+03 8.000000000000000000e+03 -5.203200000000000000e+04 2.456638600000000139e+01 5.742799999999999988e-02 6.869918000000000191e+00 1.220599999999999984e-02 4.415390999999999622e+00 1.247499999999999998e-02 1.000000000000000000e+00 1.762788499999999914e+01 1.048100000000000073e-02 1.560469254000000092e+03
4.525000000000000000e+03 8.000000000000000000e+03 -5.203200000000000000e+04 2.457308599999999998e+01 7.838199999999999334e-02 6.771885000000000154e+00 1.431299999999999933e-02 4.471655000000000157e+00 1.164899999999999963e-02 1.000000000000000000e+00 1.762716500000000153e+01 1.862600000000000020e-02 1.932809551000000056e+03
4.525000000000000000e+03 8.000000000000000000e+03 -5.203200000000000000e+04 2.460476500000000044e+01 6.576400000000000301e-02 6.830307999999999602e+00 1.682700000000000168e-02 4.441112999999999644e+00 1.136200000000000057e-02 1.000000000000000000e+00 1.763346800000000059e+01 1.406999999999999917e-02 1.999780381000000034e+03
8.525000000000000000e+03 -4.000000000000000000e+03 -5.203200000000000000e+04 2.503818899999999914e+01 6.332999999999999741e-02 4.614046000000000092e+00 1.165899999999999923e-02 4.113718000000000430e+00 1.362299999999999969e-02 1.000000000000000000e+00 1.762076199999999915e+01 2.078400000000000039e-02 2.312136246999999912e+03
8.525000000000000000e+03 -4.000000000000000000e+03 -5.203200000000000000e+04 2.504909999999999926e+01 6.774700000000000166e-02 4.578740999999999950e+00 1.492199999999999950e-02 4.114531000000000382e+00 8.878000000000000475e-03 1.000000000000000000e+00 1.761438000000000059e+01 1.728599999999999928e-02 2.633094603999999890e+03
8.525000000000000000e+03 -4.000000000000000000e+03 -5.203200000000000000e+04 2.503326900000000066e+01 7.682799999999999352e-02 4.624703000000000230e+00 1.862499999999999920e-02 4.134064999999999657e+00 1.063700000000000062e-02 1.000000000000000000e+00 1.761066399999999987e+01 2.209900000000000059e-02 2.750266305999999986e+03
8.525000000000000000e+03 0.000000000000000000e+00 -5.203200000000000000e+04 2.491223000000000098e+01 6.986900000000000055e-02 5.400066999999999950e+00 1.335100000000000002e-02 5.769387000000000043e+00 8.127000000000000543e-03 1.000000000000000000e+00 1.761936100000000138e+01 1.993800000000000086e-02 3.006252947999999833e+03
8.525000000000000000e+03 0.000000000000000000e+00 -5.203200000000000000e+04 2.495822300000000027e+01 8.583899999999999864e-02 5.257950000000000124e+00 1.186500000000000055e-02 5.791984000000000243e+00 1.118000000000000070e-02 1.000000000000000000e+00 1.762489499999999865e+01 1.761599999999999971e-02 3.328308368999999857e+03
8.525000000000000000e+03 0.000000000000000000e+00 -5.203200000000000000e+04 2.492380800000000107e+01 6.523500000000000132e-02 5.295740999999999588e+00 1.356500000000000067e-02 5.815813999999999595e+00 1.009299999999999954e-02 1.000000000000000000e+00 1.762216799999999850e+01 1.915499999999999842e-02 3.445615077999999812e+03
8.525000000000000000e+03 4.000000000000000000e+03 -5.203200000000000000e+04 2.496391799999999961e+01 5.788999999999999702e-02 5.533962999999999965e+00 1.578299999999999842e-02 6.059503000000000306e+00 1.117199999999999964e-02 1.000000000000000000e+00 1.761840300000000070e+01 1.261699999999999974e-02 8.915799960000000510e+02
8.525000000000000000e+03 4.000000000000000000e+03 -5.203200000000000000e+04 2.496480800000000144e+01 7.771699999999999442e-02 5.508696999999999733e+00 1.214900000000000008e-02 6.071366000000000263e+00 1.129900000000000002e-02 1.000000000000000000e+00 1.762036499999999961e+01 1.703800000000000106e-02 1.213445404999999937e+03
8.525000000000000000e+03 4.000000000000000000e+03 -5.203200000000000000e+04 2.497124799999999922e+01 7.531200000000000394e-02 5.524009000000000391e+00 1.174000000000000044e-02 6.044464999999999755e+00 1.125999999999999918e-02 1.000000000000000000e+00 1.763600599999999829e+01 1.615700000000000122e-02 1.330521101000000044e+03
8.525000000000000000e+03 8.000000000000000000e+03 -5.203200000000000000e+04 2.461984100000000097e+01 6.023099999999999982e-02 6.793097999999999637e+00 1.896499999999999922e-02 4.413266000000000133e+00 1.317300000000000068e-02 1.000000000000000000e+00 1.763004600000000011e+01 1.317300000000000068e-02 1.585555689000000029e+03
8.525000000000000000e+03 8.000000000000000000e+03 -5.203200000000000000e+04 2.465254799999999946e+01 5.994700000000000029e-02 6.735795000000000421e+00 1.401699999999999995e-02 4.407071000000000183e+00 1.208500000000000026e-02 1.000000000000000000e+00 1.763185899999999862e+01 2.035199999999999856e-02 1.907719115000000102e+03
8.525000000000000000e+03 8.000000000000000000e+03 -5.203200000000000000e+04 2.463758699999999990e+01 7.745100000000000595e-02 6.764653000000000027e+00 1.211699999999999930e-02 4.441940999999999917e+00 1.288399999999999962e-02 1.000000000000000000e+00 1.763371100000000169e+01 1.275899999999999951e-02 2.024865815999999995e+03
1.252500000000000000e+04 -4.000000000000000000e+03 -5.203200000000000000e+04 2.500217500000000115e+01 6.447700000000000653e-02 4.535421999999999620e+00 1.748500000000000054e-02 3.416919000000000040e+00 1.327899999999999914e-02 1.000000000000000000e+00 1.762140300000000082e+01 2.179199999999999887e-02 2.337231682000000092e+03
1.252500000000000000e+04 -4.000000000000000000e+03 -5.203200000000000000e+04 2.504252500000000126e+01 5.943999999999999978e-02 4.410352999999999746e+00 1.208000000000000046e-02 3.348088999999999871e+00 1.459000000000000054e-02 1.000000000000000000e+00 1.762522799999999989e+01 1.442900000000000085e-02 2.608009169999999813e+03
1.252500000000000000e+04 -4.000000000000000000e+03 -5.203200000000000000e+04 2.498487700000000089e+01 7.498299999999999410e-02 4.540716999999999892e+00 1.754700000000000010e-02 3.433389000000000024e+00 1.327700000000000061e-02 1.000000000000000000e+00 1.762225700000000117e+01 3.173499999999999932e-02 2.775349740999999995e+03
1.252500000000000000e+04 0.000000000000000000e+00 -5.203200000000000000e+04 2.491170199999999824e+01 5.723899999999999821e-02 5.280164000000000080e+00 1.300100000000000040e-02 5.842788999999999788e+00 1.271800000000000014e-02 1.000000000000000000e+00 1.763194299999999970e+01 1.979699999999999863e-02 3.031525392999999895e+03
1.252500000000000000e+04 0.000000000000000000e+00 -5.203200000000000000e+04 2.496315299999999837e+01 6.586300000000000487e-02 5.143594000000000221e+00 1.412399999999999940e-02 5.801600999999999786e+00 1.288300000000000035e-02 1.000000000000000000e+00 1.761110100000000145e+01 2.105100000000000027e-02 3.303227934000000005e+03
1.252500000000000000e+04 0.000000000000000000e+00 -5.203200000000000000e+04 2.493357500000000115e+01 5.166500000000000259e-02 5.182914000000000243e+00 1.441500000000000073e-02 5.827434000000000225e+00 1.024000000000000084e-02 1.000000000000000000e+00 1.760938300000000112e+01 2.228499999999999925e-02 3.470635509000000184e+03
1.252500000000000000e+04 4.000000000000000000e+03 -5.203200000000000000e+04 2.509169599999999889e+01 6.888400000000000079e-02 5.479048999999999836e+00 1.476000000000000055e-02 6.752303000000000388e+00 1.053199999999999970e-02 1.000000000000000000e+00 1.762012100000000103e+01 1.176499999999999942e-02 9.167114330000000564e+02
1.252500000000000000e+04 4.000000000000000000e+03 -5.203200000000000000e+04 2.510097199999999873e+01 8.347200000000000453e-02 5.431015000000000370e+00 1.221900000000000069e-02 6.801679000000000030e+00 1.348099999999999993e-02 1.000000000000000000e+00 1.761590400000000045e+01 1.783799999999999969e-02 1.188355970000000070e+03
1.252500000000000000e+04 4.000000000000000000e+03 -5.203200000000000000e+04 2.509489800000000059e+01 8.477999999999999425e-02 5.503703999999999930e+00 1.421099999999999967e-02 6.724255000000000315e+00 1.284599999999999978e-02 1.000000000000000000e+00 1.761020699999999906e+01 1.591300000000000006e-02 1.355607535999999982e+03
1.252500000000000000e+04 8.000000000000000000e+03 -5.203200000000000000e+04 2.468157700000000077e+01 7.580299999999999538e-02 6.776863999999999777e+00 1.317800000000000048e-02 4.428141000000000105e+00 1.143899999999999952e-02 1.000000000000000000e+00 1.762309199999999976e+01 1.683600000000000027e-02 1.610642123999999967e+03
1.252500000000000000e+04 8.000000000000000000e+03 -5.203200000000000000e+04 2.467716499999999868e+01 8.071399999999999408e-02 6.664889999999999759e+00 1.573199999999999946e-02 4.463362000000000052e+00 1.346400000000000027e-02 1.000000000000000000e+00 1.763972599999999957e+01 1.351399999999999997e-02 1.882635680999999977e+03
1.252500000000000000e+04 8.000000000000000000e+03 -5.203200000000000000e+04 2.467402900000000088e+01 6.058399999999999896e-02 6.744114999999999860e+00 9.851999999999999647e-03 4.398579999999999934e+00 1.250899999999999929e-02 1.000000000000000000e+00 1.762710999999999828e+01 2.358000000000000027e-02 2.050023255000000063e+03
1.652500000000000000e+04 -4.000000000000000000e+03 -5.203200000000000000e+04 2.499231100000000083e+01 6.243900000000000144e-02 4.384789999999999743e+00 1.391300000000000002e-02 2.767364000000000157e+00 1.301199999999999926e-02 1.000000000000000000e+00 1.760889600000000144e+01 1.187399999999999914e-02 2.362321116999999958e+03
1.652500000000000000e+04 -4.000000000000000000e+03 -5.203200000000000000e+04 2.503239299999999901e+01 7.655099999999999405e-02 4.156759000000000093e+00 1.247599999999999924e-02 2.696969999999999867e+00 1.391799999999999982e-02 1.000000000000000000e+00 1.761635100000000165e+01 1.536900000000000072e-02 2.582922735000000102e+03
1.652500000000000000e+04 -4.000000000000000000e+03 -5.203200000000000000e+04 2.498525599999999969e+01 6.722300000000000497e-02 4.405026000000000330e+00 1.015300000000000057e-02 2.770281000000000216e+00 1.539899999999999949e-02 1.000000000000000000e+00 1.757742999999999967e+01 2.232599999999999862e-02 2.800438176000000112e+03
1.652500000000000000e+04 0.000000000000000000e+00 -5.203200000000000000e+04 2.494356799999999907e+01 7.487299999999999511e-02 5.094621000000000066e+00 1.330600000000000012e-02 5.914649999999999963e+00 9.990999999999999881e-03 1.000000000000000000e+00 1.762315600000000160e+01 1.550900000000000022e-02 3.056613828999999896e+03
1.652500000000000000e+04 0.000000000000000000e+00 -5.203200000000000000e+04 2.497343499999999850e+01 7.228400000000000103e-02 4.901053000000000104e+00 1.277900000000000043e-02 5.846116000000000312e+00 1.232800000000000042e-02 1.000000000000000000e+00 1.761801499999999976e+01 1.433399999999999952e-02 3.278138499000000138e+03
1.652500000000000000e+04 0.000000000000000000e+00 -5.203200000000000000e+04 2.494874799999999837e+01 7.316599999999999493e-02 5.030658999999999992e+00 1.465499999999999962e-02 5.905273000000000216e+00 1.189199999999999979e-02 1.000000000000000000e+00 1.762147699999999872e+01 1.497000000000000067e-02 3.495718944000000192e+03
1.652500000000000000e+04 4.000000000000000000e+03 -5.203200000000000000e+04 2.527249300000000076e+01 7.355100000000000526e-02 5.432360000000000078e+00 1.174200000000000070e-02 7.387052999999999869e+00 1.252099999999999914e-02 1.000000000000000000e+00 1.761580000000000013e+01 1.100800000000000042e-02 9.418018680000000131e+02
1.652500000000000000e+04 4.000000000000000000e+03 -5.203200000000000000e+04 2.528449200000000019e+01 8.641500000000000570e-02 5.237390999999999686e+00 1.479800000000000039e-02 7.488277000000000072e+00 1.609700000000000020e-02 1.000000000000000000e+00 1.763134200000000007e+01 1.626100000000000115e-02 1.163270535000000109e+03
1.652500000000000000e+04 4.000000000000000000e+03 -5.203200000000000000e+04 2.526578999999999908e+01 8.002499999999999891e-02 5.435152000000000427e+00 1.601899999999999852e-02 7.403554999999999886e+00 1.474699999999999969e-02 1.000000000000000000e+00 1.761307299999999998e+01 2.024600000000000011e-02 1.380722972999999911e+03
1.652500000000000000e+04 8.000000000000000000e+03 -5.203200000000000000e+04 2.474353999999999942e+01 8.978400000000000269e-02 6.669632000000000005e+00 1.365599999999999974e-02 4.365521000000000207e+00 1.174599999999999950e-02 1.000000000000000000e+00 1.761862100000000098e+01 1.675099999999999853e-02 1.635887568000000101e+03
1.652500000000000000e+04 8.000000000000000000e+03 -5.203200000000000000e+04 2.479721299999999928e+01 6.601200000000000123e-02 6.533655999999999686e+00 1.184600000000000063e-02 4.380304999999999893e+00 1.597399999999999862e-02 1.000000000000000000e+00 1.763324400000000125e+01 1.652100000000000096e-02 1.857550246000000016e+03
1.652500000000000000e+04 8.000000000000000000e+03 -5.203200000000000000e+04 2.472255600000000086e+01 4.904800000000000132e-02 6.664931000000000161e+00 1.525400000000000020e-02 4.359211000000000169e+00 1.247200000000000045e-02 1.000000000000000000e+00 1.761000900000000158e+01 1.822299999999999962e-02 2.075116689999999835e+03
2.052500000000000000e+04 -4.000000000000000000e+03 -5.203200000000000000e+04 2.500520300000000162e+01 6.974500000000000144e-02 4.352604000000000362e+00 1.710199999999999915e-02 2.081329999999999902e+00 1.110700000000000055e-02 1.000000000000000000e+00 1.762076199999999915e+01 1.184499999999999963e-02 2.387509558000000197e+03
2.052500000000000000e+04 -4.000000000000000000e+03 -5.203200000000000000e+04 2.504241000000000028e+01 5.070100000000000301e-02 4.093359999999999665e+00 1.291699999999999966e-02 1.975370000000000070e+00 9.327000000000000221e-03 1.000000000000000000e+00 1.760936299999999832e+01 1.218799999999999918e-02 2.557832300000000032e+03
2.052500000000000000e+04 -4.000000000000000000e+03 -5.203200000000000000e+04 2.500563100000000105e+01 6.875799999999999967e-02 4.308277000000000356e+00 1.345000000000000015e-02 2.080894999999999939e+00 1.573599999999999999e-02 1.000000000000000000e+00 1.761129499999999837e+01 2.218200000000000033e-02 2.825528611000000183e+03
2.052500000000000000e+04 0.000000000000000000e+00 -5.203200000000000000e+04 2.495608100000000107e+01 9.720600000000000074e-02 4.957062999999999775e+00 1.265800000000000085e-02 5.971967000000000247e+00 9.929999999999999591e-03 1.000000000000000000e+00 1.761879499999999865e+01 1.777499999999999913e-02 3.081701262999999926e+03
2.052500000000000000e+04 0.000000000000000000e+00 -5.203200000000000000e+04 2.498458199999999962e+01 7.522800000000000320e-02 4.714490999999999765e+00 1.490999999999999964e-02 5.961045999999999623e+00 1.395099999999999986e-02 1.000000000000000000e+00 1.759691499999999920e+01 2.453599999999999878e-02 3.253049063999999817e+03
2.052500000000000000e+04 0.000000000000000000e+00 -5.203200000000000000e+04 2.499052000000000007e+01 7.231200000000000128e-02 4.912150999999999712e+00 1.027800000000000068e-02 6.004173999999999900e+00 1.035299999999999936e-02 1.000000000000000000e+00 1.758239199999999869e+01 1.113100000000000027e-02 3.520804379000000154e+03
2.052500000000000000e+04 4.000000000000000000e+03 -5.203200000000000000e+04 2.546172899999999828e+01 7.190599999999999770e-02 5.367974000000000245e+00 1.617599999999999941e-02 8.057162999999999187e+00 9.572000000000000647e-03 1.000000000000000000e+00 1.761961499999999958e+01 1.450500000000000053e-02 9.668843030000000454e+02
2.052500000000000000e+04 4.000000000000000000e+03 -5.203200000000000000e+04 2.547733300000000156e+01 8.765699999999999881e-02 5.083655000000000257e+00 1.574100000000000152e-02 8.189759999999999707e+00 1.568900000000000156e-02 1.000000000000000000e+00 1.761924199999999985e+01 1.572499999999999939e-02 1.138190100999999913e+03
2.052500000000000000e+04 4.000000000000000000e+03 -5.203200000000000000e+04 2.545846099999999979e+01 5.164200000000000040e-02 5.362449999999999939e+00 1.569800000000000015e-02 8.071790999999999272e+00 1.238000000000000038e-02 1.000000000000000000e+00 1.762830699999999950e+01 1.958999999999999977e-02 1.405811408000000029e+03
2.052500000000000000e+04 8.000000000000000000e+03 -5.203200000000000000e+04 2.480956000000000117e+01 5.918699999999999656e-02 6.624928999999999846e+00 1.216599999999999973e-02 4.355539000000000271e+00 1.173100000000000011e-02 1.000000000000000000e+00 1.763334400000000102e+01 1.696800000000000044e-02 1.660973001999999951e+03
2.052500000000000000e+04 8.000000000000000000e+03 -5.203200000000000000e+04 2.482360699999999909e+01 6.507300000000000584e-02 6.396644000000000219e+00 1.503099999999999922e-02 4.365497000000000405e+00 8.189000000000000098e-03 1.000000000000000000e+00 1.762490499999999827e+01 1.318199999999999927e-02 1.832459810999999945e+03
2.052500000000000000e+04 8.000000000000000000e+03 -5.203200000000000000e+04 2.480175399999999897e+01 6.966899999999999482e-02 6.627063999999999844e+00 1.496300000000000061e-02 4.334249999999999936e+00 1.143199999999999945e-02 1.000000000000000000e+00 1.761490099999999970e+01 2.089699999999999891e-02 2.100207124999999905e+03
2.452500000000000000e+04 -4.000000000000000000e+03 -5.203200000000000000e+04 2.503993799999999936e+01 7.012200000000000377e-02 4.279817999999999678e+00 1.203800000000000009e-02 1.377909999999999968e+00 1.243999999999999967e-02 1.000000000000000000e+00 1.763012499999999960e+01 1.404399999999999919e-02 2.412593992999999955e+03
2.452500000000000000e+04 -4.000000000000000000e+03 -5.203200000000000000e+04 2.507594500000000082e+01 7.673000000000000653e-02 4.061170999999999864e+00 1.602400000000000005e-02 1.277813000000000088e+00 1.100399999999999989e-02 1.000000000000000000e+00 1.761070399999999836e+01 1.565799999999999831e-02 2.532733863999999812e+03
2.452500000000000000e+04 -4.000000000000000000e+03 -5.203200000000000000e+04 2.504131100000000032e+01 6.534399999999999931e-02 4.279379999999999740e+00 1.325100000000000063e-02 1.354878999999999944e+00 1.345000000000000015e-02 1.000000000000000000e+00 1.762642999999999915e+01 1.806100000000000066e-02 2.850720052000000123e+03
2.452500000000000000e+04 0.000000000000000000e+00 -5.203200000000000000e+04 2.496667199999999909e+01 8.442099999999999604e-02 4.873571000000000097e+00 1.244600000000000047e-02 6.059415999999999691e+00 1.353200000000000063e-02 1.000000000000000000e+00 1.760940799999999840e+01 2.122500000000000081e-02 3.106787698000000091e+03
2.452500000000000000e+04 0.000000000000000000e+00 -5.203200000000000000e+04 2.496377899999999883e+01 8.459600000000000453e-02 4.656958000000000375e+00 1.444699999999999977e-02 6.051012000000000057e+00 1.457600000000000041e-02 1.000000000000000000e+00 1.761870100000000150e+01 1.236199999999999972e-02 3.227961628999999903e+03
2.452500000000000000e+04 0.000000000000000000e+00 -5.203200000000000000e+04 2.499259999999999948e+01 7.621400000000000396e-02 4.810677000000000092e+00 9.716000000000000678e-03 6.055941999999999936e+00 1.191799999999999977e-02 1.000000000000000000e+00 1.761774700000000138e+01 1.619699999999999959e-02 3.545888813000000027e+03
2.452500000000000000e+04 4.000000000000000000e+03 -5.203200000000000000e+04 2.566957000000000022e+01 7.362799999999999900e-02 5.377559999999999896e+00 1.254300000000000033e-02 8.744761999999999702e+00 1.394800000000000033e-02 1.000000000000000000e+00 1.761424500000000037e+01 1.445300000000000057e-02 9.920707439999999906e+02
2.452500000000000000e+04 4.000000000000000000e+03 -5.203200000000000000e+04 2.568059500000000028e+01 7.227500000000000591e-02 5.151531999999999556e+00 1.740900000000000086e-02 8.806335000000000690e+00 8.524000000000000327e-03 1.000000000000000000e+00 1.761353000000000080e+01 1.426499999999999990e-02 1.113105665999999928e+03
2.452500000000000000e+04 4.000000000000000000e+03 -5.203200000000000000e+04 2.565587800000000129e+01 8.718800000000000161e-02 5.382112000000000229e+00 1.401999999999999948e-02 8.747151000000000565e+00 1.194100000000000023e-02 1.000000000000000000e+00 1.762948400000000149e+01 1.554099999999999926e-02 1.430902843000000075e+03
2.452500000000000000e+04 8.000000000000000000e+03 -5.203200000000000000e+04 2.488230099999999823e+01 5.925500000000000211e-02 6.626719999999999722e+00 1.439299999999999954e-02 4.299750999999999657e+00 1.560800000000000035e-02 1.000000000000000000e+00 1.761927700000000030e+01 9.707000000000000350e-03 1.686059436999999889e+03
2.452500000000000000e+04 8.000000000000000000e+03 -5.203200000000000000e+04 2.490251200000000154e+01 6.790100000000000302e-02 6.352211999999999748e+00 1.426799999999999943e-02 4.349099999999999966e+00 1.383900000000000061e-02 1.000000000000000000e+00 1.762808899999999923e+01 1.909100000000000033e-02 1.807366375000000062e+03
2.452500000000000000e+04 8.000000000000000000e+03 -5.203200000000000000e+04 2.487948799999999849e+01 7.224099999999999966e-02 6.588837999999999973e+00 1.314700000000000070e-02 4.292571999999999832e+00 7.745000000000000148e-03 1.000000000000000000e+00 1.762218299999999971e+01 1.967500000000000152e-02 2.125573575999999775e+03
2.852500000000000000e+04 -4.000000000000000000e+03 -5.203200000000000000e+04 2.508715799999999874e+01 7.939100000000000323e-02 4.291087000000000096e+00 1.756900000000000128e-02 5.788090000000000179e-01 1.428399999999999982e-02 1.000000000000000000e+00 1.765185100000000062e+01 1.474699999999999969e-02 2.437680428000000120e+03
2.852500000000000000e+04 -4.000000000000000000e+03 -5.203200000000000000e+04 2.509730800000000173e+01 8.304200000000000470e-02 4.192880999999999858e+00 1.465600000000000062e-02 5.851929999999999632e-01 1.684599999999999986e-02 1.000000000000000000e+00 1.761164300000000082e+01 1.516499999999999966e-02 2.507640429000000040e+03
2.852500000000000000e+04 -4.000000000000000000e+03 -5.203200000000000000e+04 2.508648700000000176e+01 6.039100000000000024e-02 4.304020999999999653e+00 1.729899999999999841e-02 6.425030000000000463e-01 1.051200000000000051e-02 1.000000000000000000e+00 1.764188199999999895e+01 1.410100000000000069e-02 2.875800486999999976e+03
2.852500000000000000e+04 0.000000000000000000e+00 -5.203200000000000000e+04 2.494522299999999859e+01 7.716099999999999348e-02 4.805023000000000266e+00 1.695299999999999932e-02 6.171985000000000277e+00 1.141299999999999953e-02 1.000000000000000000e+00 1.760913400000000095e+01 1.441500000000000073e-02 3.131876133000000209e+03
2.852500000000000000e+04 0.000000000000000000e+00 -5.203200000000000000e+04 2.500310299999999941e+01 7.368600000000000150e-02 4.692864000000000146e+00 1.229700000000000064e-02 6.081020999999999788e+00 9.331000000000000752e-03 1.000000000000000000e+00 1.761854200000000148e+01 1.430099999999999948e-02 3.202879194000000098e+03
2.852500000000000000e+04 0.000000000000000000e+00 -5.203200000000000000e+04 2.498104899999999873e+01 8.309900000000000619e-02 4.753008000000000344e+00 1.230799999999999950e-02 6.125049999999999883e+00 1.229500000000000037e-02 1.000000000000000000e+00 1.760137100000000032e+01 1.593200000000000172e-02 3.570912244999999984e+03
2.852500000000000000e+04 4.000000000000000000e+03 -5.203200000000000000e+04 2.588731599999999844e+01 6.283099999999999796e-02 5.392479999999999940e+00 1.080500000000000037e-02 9.397519000000000844e+00 1.602100000000000052e-02 1.000000000000000000e+00 1.762314100000000039e+01 1.276399999999999930e-02 1.017157178000000044e+03
2.852500000000000000e+04 4.000000000000000000e+03 -5.203200000000000000e+04 2.589131499999999875e+01 6.288699999999999846e-02 5.234956999999999638e+00 1.221799999999999969e-02 9.432180999999999926e+00 1.263799999999999993e-02 1.000000000000000000e+00 1.760879699999999914e+01 1.322699999999999917e-02 1.088025231999999960e+03
2.852500000000000000e+04 4.000000000000000000e+03 -5.203200000000000000e+04 2.587770599999999988e+01 8.723200000000000398e-02 5.389040999999999748e+00 1.258399999999999970e-02 9.390245000000000175e+00 1.286900000000000023e-02 1.000000000000000000e+00 1.761254699999999929e+01 1.096699999999999932e-02 1.455161231000000043e+03
2.852500000000000000e+04 8.000000000000000000e+03 -5.203200000000000000e+04 2.494205499999999986e+01 6.147299999999999986e-02 6.616831000000000351e+00 1.264400000000000072e-02 4.281323999999999685e+00 1.243400000000000061e-02 1.000000000000000000e+00 1.762488499999999902e+01 1.258399999999999970e-02 1.711326882000000069e+03
2.852500000000000000e+04 8.000000000000000000e+03 -5.203200000000000000e+04 2.496850099999999983e+01 7.310600000000000431e-02 6.451353000000000115e+00 1.259799999999999982e-02 4.321075000000000443e+00 1.267199999999999924e-02 1.000000000000000000e+00 1.762541600000000130e+01 1.549599999999999936e-02 1.782277941000000055e+03
2.852500000000000000e+04 8.000000000000000000e+03 -5.203200000000000000e+04 2.492935100000000048e+01 8.285499999999999809e-02 6.626625999999999905e+00 1.162999999999999971e-02 4.273448000000000135e+00 1.255000000000000039e-02 1.000000000000000000e+00 1.762817799999999835e+01 1.617800000000000141e-02 2.150659011000000191e+03
3.252500000000000000e+04 -4.000000000000000000e+03 -5.203200000000000000e+04 2.515358200000000011e+01 6.290199999999999958e-02 4.351880999999999666e+00 1.128799999999999942e-02 -1.396759999999999946e-01 1.631200000000000011e-02 1.000000000000000000e+00 1.761514899999999884e+01 1.562299999999999973e-02 2.461804806999999983e+03
3.252500000000000000e+04 -4.000000000000000000e+03 -5.203200000000000000e+04 2.515291099999999958e+01 6.102199999999999985e-02 4.309722999999999971e+00 1.491800000000000070e-02 -1.218810000000000032e-01 1.882500000000000145e-02 1.000000000000000000e+00 1.759249499999999955e+01 2.292100000000000040e-02 2.482596997000000101e+03
3.252500000000000000e+04 -4.000000000000000000e+03 -5.203200000000000000e+04 2.515867199999999926e+01 5.384300000000000197e-02 4.331039999999999779e+00 1.380600000000000056e-02 -1.459239999999999982e-01 1.282699999999999986e-02 1.000000000000000000e+00 1.763953300000000013e+01 2.084499999999999895e-02 2.900914922999999817e+03
3.252500000000000000e+04 0.000000000000000000e+00 -5.203200000000000000e+04 2.499260999999999910e+01 6.827700000000000435e-02 4.729124999999999801e+00 2.106200000000000086e-02 6.147593999999999781e+00 1.315000000000000023e-02 1.000000000000000000e+00 1.760860299999999867e+01 1.885999999999999829e-02 3.157059573999999884e+03
3.252500000000000000e+04 0.000000000000000000e+00 -5.203200000000000000e+04 2.500606900000000010e+01 7.345999999999999752e-02 4.736931000000000225e+00 1.105800000000000012e-02 6.149123999999999590e+00 1.008000000000000042e-02 1.000000000000000000e+00 1.758307200000000137e+01 2.626600000000000115e-02 3.177750756999999794e+03
3.252500000000000000e+04 0.000000000000000000e+00 -5.203200000000000000e+04 2.498746099999999970e+01 8.848599999999999521e-02 4.688132000000000410e+00 1.146100000000000070e-02 6.200419000000000125e+00 1.138499999999999929e-02 1.000000000000000000e+00 1.762848599999999877e+01 1.909500000000000086e-02 3.596101685999999972e+03
3.252500000000000000e+04 4.000000000000000000e+03 -5.203200000000000000e+04 2.610641199999999884e+01 7.198799999999999644e-02 5.404214999999999769e+00 1.356399999999999967e-02 1.009736799999999945e+01 1.533099999999999914e-02 1.000000000000000000e+00 1.763488800000000012e+01 1.466399999999999995e-02 1.042250614000000041e+03
3.252500000000000000e+04 4.000000000000000000e+03 -5.203200000000000000e+04 2.610304700000000011e+01 8.576400000000000690e-02 5.442700999999999567e+00 1.608400000000000107e-02 1.008791699999999913e+01 1.582300000000000026e-02 1.000000000000000000e+00 1.759288700000000105e+01 2.456600000000000103e-02 1.062936797000000070e+03
3.252500000000000000e+04 4.000000000000000000e+03 -5.203200000000000000e+04 2.609477499999999850e+01 6.972599999999999631e-02 5.433538999999999675e+00 1.391500000000000029e-02 1.006945499999999960e+01 1.131000000000000061e-02 1.000000000000000000e+00 1.762390100000000004e+01 1.597900000000000015e-02 1.480285667000000103e+03
3.252500000000000000e+04 8.000000000000000000e+03 -5.203200000000000000e+04 2.501464299999999952e+01 5.994800000000000129e-02 6.595479000000000092e+00 1.196799999999999947e-02 4.210435999999999623e+00 1.315799999999999956e-02 1.000000000000000000e+00 1.762482500000000130e+01 1.450000000000000074e-02 1.736511322999999948e+03
3.252500000000000000e+04 8.000000000000000000e+03 -5.203200000000000000e+04 2.501525200000000027e+01 7.234799999999999565e-02 6.600948999999999955e+00 1.568299999999999902e-02 4.194713000000000136e+00 1.440499999999999940e-02 1.000000000000000000e+00 1.758802400000000077e+01 2.371099999999999944e-02 1.757196505999999999e+03
3.252500000000000000e+04 8.000000000000000000e+03 -5.203200000000000000e+04 2.501546700000000101e+01 6.938700000000000423e-02 6.563890999999999920e+00 1.347600000000000013e-02 4.218289999999999651e+00 1.234200000000000054e-02 1.000000000000000000e+00 1.762089100000000030e+01 1.886699999999999836e-02 2.175743445999999949e+03
