0.000000000000000000e+00 -3.970000000000000000e+03 -5.865400000000000000e+04 1.999481081043911246e+01 7.134724135130485201e-02 5.996879239402641559e+00 9.965293535097096908e-03 -6.563599716944854556e-01 1.154108150556133749e-02 1.000000000000000000e+00 1.368945800000000013e+01 2.466300000000000089e-02 3.192914624000000003e+03
0.000000000000000000e+00 -3.970000000000000000e+03 -5.865400000000000000e+04 1.997521792379951577e+01 6.325483196721432000e-02 6.052359622398250316e+00 1.828570971599906975e-02 -6.631403249145377821e-01 1.383235992091371748e-02 1.000000000000000000e+00 1.368424300000000038e+01 2.577399999999999830e-02 3.542570623000000069e+03
0.000000000000000000e+00 -3.970000000000000000e+03 -5.865400000000000000e+04 1.991994576037303588e+01 8.182543235013058081e-02 6.040948085498401454e+00 1.639211774269955235e-02 -6.456899600547543194e-01 2.620043279458720772e-02 1.000000000000000000e+00 1.359135900000000063e+01 6.695299999999999863e-02 3.563260807000000113e+03
0.000000000000000000e+00 -3.970000000000000000e+03 -5.865400000000000000e+04 1.997462072469679129e+01 7.306347267626973896e-02 6.025263637242936454e+00 1.208754374877815847e-02 -6.892938248848063942e-01 1.419387387591419282e-02 1.000000000000000000e+00 1.371087600000000073e+01 2.481099999999999972e-02 3.912829800999999861e+03
0.000000000000000000e+00 -3.970000000000000000e+03 -5.865400000000000000e+04 1.992994285961857415e+01 8.577316732586344472e-02 6.031984939499428044e+00 1.416049843652173248e-02 -6.856604091324913774e-01 2.753056535777455988e-02 1.000000000000000000e+00 1.359296800000000083e+01 4.372000000000000192e-02 3.933522985000000062e+03
0.000000000000000000e+00 3.000000000000000000e+01 -5.865400000000000000e+04 1.983640330411182617e+01 7.461804747832384566e-02 6.534580923724185197e+00 1.125024619439717218e-02 -4.736924055832848479e-01 1.339666992532325546e-02 1.000000000000000000e+00 1.371077200000000040e+01 3.053200000000000011e-02 4.136473592000000281e+03
0.000000000000000000e+00 3.000000000000000000e+01 -5.865400000000000000e+04 1.996784018773890068e+01 6.493827181966539686e-02 6.168945762273274624e+00 1.427971421090718299e-02 -4.594888189880078633e-01 8.522817675514710381e-03 1.000000000000000000e+00 1.374892400000000059e+01 2.681300000000000003e-02 4.486163593999999648e+03
0.000000000000000000e+00 3.000000000000000000e+01 -5.865400000000000000e+04 1.991610126357101862e+01 6.582542443114054731e-02 6.172257282418573077e+00 1.611970978648431460e-02 -4.645005945493925759e-01 1.523502227959409351e-02 1.000000000000000000e+00 1.361944300000000041e+01 4.979599999999999999e-02 4.506855776999999762e+03
0.000000000000000000e+00 3.000000000000000000e+01 -5.865400000000000000e+04 1.995210794076850647e+01 6.379593771035819982e-02 6.139882542722065573e+00 1.342796064756599309e-02 -4.732992167585550192e-01 1.190192747009976952e-02 1.000000000000000000e+00 1.367869999999999919e+01 3.275700000000000139e-02 4.856427772000000004e+03
0.000000000000000000e+00 3.000000000000000000e+01 -5.865400000000000000e+04 1.992092024956610175e+01 8.149289362573593209e-02 6.144123600571170130e+00 1.094429670966438721e-02 -4.771244691403506710e-01 1.421370697725673517e-02 1.000000000000000000e+00 1.359748800000000024e+01 5.185399999999999732e-02 4.877118954999999914e+03
0.000000000000000000e+00 4.030000000000000000e+03 -5.865400000000000000e+04 1.959916501855537874e+01 7.338034271649067353e-02 6.168442913636956959e+00 1.500098471282402049e-02 -6.583143460690003002e-01 1.162646710983147522e-02 1.000000000000000000e+00 1.369667500000000082e+01 2.109400000000000164e-02 1.290057786999999962e+03
0.000000000000000000e+00 4.030000000000000000e+03 -5.865400000000000000e+04 1.958704457888544326e+01 8.418598144016295470e-02 6.207457121688878310e+00 1.281239440923016837e-02 -6.549596065427719660e-01 1.064901800443892807e-02 1.000000000000000000e+00 1.367057900000000004e+01 2.113400000000000001e-02 1.639610779999999977e+03
0.000000000000000000e+00 4.030000000000000000e+03 -5.865400000000000000e+04 1.954354798994815212e+01 5.584965566934146225e-02 6.193292394112584809e+00 9.511071469907456111e-03 -6.579507831524096240e-01 2.365779294672912605e-02 1.000000000000000000e+00 1.356212799999999952e+01 4.559699999999999864e-02 1.660303963999999951e+03
0.000000000000000000e+00 4.030000000000000000e+03 -5.865400000000000000e+04 1.959446241619880880e+01 7.503297501459994800e-02 6.154726961395629026e+00 1.121532150924711008e-02 -6.766544739090559757e-01 7.138997471818926167e-03 1.000000000000000000e+00 1.365394399999999919e+01 2.778800000000000020e-02 2.009861957000000075e+03
0.000000000000000000e+00 4.030000000000000000e+03 -5.865400000000000000e+04 1.954801869337387643e+01 7.669376320955645365e-02 6.173867099904546407e+00 1.453178602900655897e-02 -6.994084534295775812e-01 2.542054550090643364e-02 1.000000000000000000e+00 1.357636800000000044e+01 5.240199999999999719e-02 2.030549140000000079e+03
0.000000000000000000e+00 8.030000000000000000e+03 -5.865400000000000000e+04 1.966973251868577321e+01 6.527976759084197500e-02 5.926665142827651778e+00 1.134478971035463024e-02 -7.247667719433527056e-01 1.077261030175546974e-02 1.000000000000000000e+00 1.365074000000000076e+01 2.353299999999999836e-02 2.233475746999999956e+03
0.000000000000000000e+00 8.030000000000000000e+03 -5.865400000000000000e+04 1.965813153079994535e+01 4.846996896540090721e-02 5.962535762105877879e+00 1.301267837974326262e-02 -7.168808784195079831e-01 1.084399427694590287e-02 1.000000000000000000e+00 1.368863900000000022e+01 2.355900000000000008e-02 2.583036740999999893e+03
0.000000000000000000e+00 8.030000000000000000e+03 -5.865400000000000000e+04 1.959795511939400825e+01 6.461737921045847266e-02 5.961807460258969904e+00 1.365979949991309034e-02 -7.301934002212986385e-01 1.203714029967183942e-02 1.000000000000000000e+00 1.359133399999999980e+01 3.412099999999999855e-02 2.603721923999999944e+03
0.000000000000000000e+00 8.030000000000000000e+03 -5.865400000000000000e+04 1.967375561102391757e+01 6.809198766508882394e-02 5.964525079271902896e+00 1.534292443700652903e-02 -7.322695872466907785e-01 1.123516958206226962e-02 1.000000000000000000e+00 1.367666799999999938e+01 3.108700000000000005e-02 2.953289917999999943e+03
0.000000000000000000e+00 8.030000000000000000e+03 -5.865400000000000000e+04 1.963111779559623571e+01 6.247375266105217179e-02 5.972485090080067671e+00 1.154020282557276580e-02 -7.139101543989945231e-01 1.196091523213498042e-02 1.000000000000000000e+00 1.357333399999999912e+01 6.464300000000000601e-02 2.973979101999999784e+03
4.000000000000000000e+03 -3.970000000000000000e+03 -5.865400000000000000e+04 1.975519360220278031e+01 5.720913015580938316e-02 6.016145132918349070e+00 8.793786381294920601e-03 -1.046890192861829938e+00 1.527774593635505482e-02 1.000000000000000000e+00 1.369946700000000028e+01 2.226200000000000054e-02 3.216503972999999860e+03
4.000000000000000000e+03 -3.970000000000000000e+03 -5.865400000000000000e+04 1.975686074622863941e+01 7.126481796944304781e-02 6.014822928040576500e+00 1.544086112477913338e-02 -1.115777092349745647e+00 1.764055524940844055e-02 1.000000000000000000e+00 1.367142800000000058e+01 2.441300000000000067e-02 3.519078278999999839e+03
4.000000000000000000e+03 -3.970000000000000000e+03 -5.865400000000000000e+04 1.975882771552208084e+01 8.407821282375249616e-02 5.985104517475234864e+00 1.393415036506919294e-02 -1.039023565484405109e+00 1.364724199123841519e-02 1.000000000000000000e+00 1.369158900000000045e+01 2.446399999999999963e-02 3.586752149999999801e+03
4.000000000000000000e+03 -3.970000000000000000e+03 -5.865400000000000000e+04 1.975869062559086586e+01 8.083068966636740293e-02 5.975963153365351666e+00 1.584810966949490307e-02 -1.073495918197286514e+00 9.897328375024674885e-03 1.000000000000000000e+00 1.367970299999999995e+01 2.794400000000000009e-02 3.889338456999999835e+03
4.000000000000000000e+03 -3.970000000000000000e+03 -5.865400000000000000e+04 1.975791131022480940e+01 7.241823804342269189e-02 6.017728376442561533e+00 1.246944273231066075e-02 -1.087542387784736775e+00 1.486166503564759558e-02 1.000000000000000000e+00 1.368292199999999958e+01 2.546500000000000152e-02 3.957019327999999859e+03
4.000000000000000000e+03 3.000000000000000000e+01 -5.865400000000000000e+04 1.984437471800364960e+01 7.432373077645271220e-02 6.294241734793744492e+00 1.244568553976756371e-02 -4.513941083724736791e-01 1.185189250350326268e-02 1.000000000000000000e+00 1.368711399999999934e+01 2.705499999999999919e-02 4.160063941999999770e+03
4.000000000000000000e+03 3.000000000000000000e+01 -5.865400000000000000e+04 1.992715671167119140e+01 7.650821116965465796e-02 6.035532208563230583e+00 1.121392378323783461e-02 -4.465576811777177135e-01 9.519592060758986715e-03 1.000000000000000000e+00 1.369219999999999970e+01 2.363799999999999929e-02 4.462671250000000327e+03
4.000000000000000000e+03 3.000000000000000000e+01 -5.865400000000000000e+04 1.990621452986170681e+01 7.846867750650771134e-02 6.032621925876987312e+00 1.375058536068914442e-02 -4.412446736730247787e-01 1.415041153529089483e-02 1.000000000000000000e+00 1.369541899999999934e+01 2.527400000000000133e-02 4.530346120999999584e+03
4.000000000000000000e+03 3.000000000000000000e+01 -5.865400000000000000e+04 1.993819000242923423e+01 5.969806261583427559e-02 6.013798003320297347e+00 1.024714168516279583e-02 -4.759414006751954140e-01 1.392679457736523824e-02 1.000000000000000000e+00 1.369895499999999977e+01 2.419599999999999876e-02 4.832936427999999978e+03
4.000000000000000000e+03 3.000000000000000000e+01 -5.865400000000000000e+04 1.993750988184957862e+01 6.593759735846697889e-02 6.009607771394933629e+00 1.242664000993644151e-02 -4.312296637663168286e-01 1.255624285589192722e-02 1.000000000000000000e+00 1.368751100000000065e+01 2.722300000000000067e-02 4.900613298999999643e+03
4.000000000000000000e+03 4.030000000000000000e+03 -5.865400000000000000e+04 1.981126939671363729e+01 6.840759444656037414e-02 6.219538188165282477e+00 1.213174433531474632e-02 -2.142306416585895712e-01 9.818308786011949521e-03 1.000000000000000000e+00 1.367397099999999988e+01 2.710699999999999915e-02 1.313548131000000012e+03
4.000000000000000000e+03 4.030000000000000000e+03 -5.865400000000000000e+04 1.982007093775327533e+01 6.624240283627047532e-02 6.192946938518301359e+00 1.417440630359776375e-02 -2.453607184741000979e-01 1.017555789221368488e-02 1.000000000000000000e+00 1.366168799999999983e+01 2.197700000000000001e-02 1.616122436999999991e+03
4.000000000000000000e+03 4.030000000000000000e+03 -5.865400000000000000e+04 1.980548330932339240e+01 5.240086392286132794e-02 6.228683777827086487e+00 1.395570692901470199e-02 -2.628100826748287488e-01 1.118978848098662812e-02 1.000000000000000000e+00 1.366205000000000069e+01 2.356099999999999861e-02 1.683796307999999954e+03
4.000000000000000000e+03 4.030000000000000000e+03 -5.865400000000000000e+04 1.981130131377704018e+01 7.409469888421620076e-02 6.191751264939609811e+00 1.030673748866566160e-02 -1.763086724724881593e-01 1.407214516685578384e-02 1.000000000000000000e+00 1.365364100000000036e+01 2.784899999999999876e-02 1.986369613999999956e+03
4.000000000000000000e+03 4.030000000000000000e+03 -5.865400000000000000e+04 1.980030446511690201e+01 6.515463036280406961e-02 6.221560218591097424e+00 1.458782883838721095e-02 -2.088473337502578520e-01 1.137632287113394050e-02 1.000000000000000000e+00 1.365835000000000043e+01 2.320600000000000093e-02 2.054039483999999902e+03
4.000000000000000000e+03 8.030000000000000000e+03 -5.865400000000000000e+04 1.968756102093936988e+01 6.407558584966767390e-02 6.087572653457174354e+00 1.389755021410434520e-02 -8.348768333929673657e-01 9.301511977539802731e-03 1.000000000000000000e+00 1.366165299999999938e+01 2.171700000000000019e-02 2.256966090999999778e+03
4.000000000000000000e+03 8.030000000000000000e+03 -5.865400000000000000e+04 1.967679039175839861e+01 6.319776198043158821e-02 6.089068353465931338e+00 1.255503570416337776e-02 -8.271876542085617734e-01 1.123398772172637394e-02 1.000000000000000000e+00 1.368247500000000016e+01 2.713399999999999840e-02 2.559546397999999954e+03
4.000000000000000000e+03 8.030000000000000000e+03 -5.865400000000000000e+04 1.968842089426095043e+01 5.828371061880644605e-02 6.103913206900706712e+00 1.919533300374274068e-02 -8.704775978795606939e-01 1.024399943277300856e-02 1.000000000000000000e+00 1.366811000000000043e+01 2.944499999999999895e-02 2.627210267999999814e+03
4.000000000000000000e+03 8.030000000000000000e+03 -5.865400000000000000e+04 1.966468142474717951e+01 6.679521689501986825e-02 6.113227543886847748e+00 1.749128422442969635e-02 -8.734643979588194718e-01 1.321574943495341589e-02 1.000000000000000000e+00 1.368163000000000018e+01 1.990099999999999855e-02 2.929801574999999957e+03
4.000000000000000000e+03 8.030000000000000000e+03 -5.865400000000000000e+04 1.969616682299896127e+01 8.002463871716185284e-02 6.117001649502835647e+00 1.566292762780406578e-02 -8.487073092219332704e-01 1.058560391824158765e-02 1.000000000000000000e+00 1.367708499999999994e+01 3.503499999999999670e-02 2.997467445000000225e+03
8.000000000000000000e+03 -3.970000000000000000e+03 -5.865400000000000000e+04 1.954939757949587431e+01 5.855540564268321702e-02 5.987126675675616738e+00 1.293483421950371130e-02 -1.731548592615942850e+00 1.383072835156484021e-02 1.000000000000000000e+00 1.367743300000000062e+01 2.363499999999999976e-02 3.239993316999999934e+03
8.000000000000000000e+03 -3.970000000000000000e+03 -5.865400000000000000e+04 1.956115652383827808e+01 6.762877352327961722e-02 5.901151124247676627e+00 1.050251078588328862e-02 -1.790774773588666324e+00 1.366859703588345007e-02 1.000000000000000000e+00 1.366594399999999965e+01 2.180899999999999853e-02 3.495593936000000213e+03
8.000000000000000000e+03 -3.970000000000000000e+03 -5.865400000000000000e+04 1.954739777117973176e+01 5.890129128508950207e-02 5.948818233112404208e+00 1.393775527471492227e-02 -1.774297415676698408e+00 1.435480079454940633e-02 1.000000000000000000e+00 1.368178400000000039e+01 2.138899999999999829e-02 3.610244494000000032e+03
8.000000000000000000e+03 -3.970000000000000000e+03 -5.865400000000000000e+04 1.956363086101973536e+01 6.196101242458625091e-02 5.896334260485127210e+00 1.332279241050651243e-02 -1.733824762631639649e+00 1.193679817651356091e-02 1.000000000000000000e+00 1.369661600000000057e+01 2.761100000000000013e-02 3.865845112999999856e+03
8.000000000000000000e+03 -3.970000000000000000e+03 -5.865400000000000000e+04 1.955508340461560479e+01 7.426740917023379185e-02 5.945776722972683892e+00 1.654080744350823820e-02 -1.776721410882827756e+00 1.239303131836024842e-02 1.000000000000000000e+00 1.369162900000000072e+01 2.060400000000000079e-02 3.980517672999999832e+03
8.000000000000000000e+03 3.000000000000000000e+01 -5.865400000000000000e+04 1.984827008474833931e+01 5.908312251884575289e-02 6.085373256127067698e+00 1.151056409152636899e-02 -4.095807347576670976e-01 1.174314309364939656e-02 1.000000000000000000e+00 1.372076099999999954e+01 2.750800000000000120e-02 4.183557286000000204e+03
8.000000000000000000e+03 3.000000000000000000e+01 -5.865400000000000000e+04 1.992409857332774337e+01 7.540405260027796541e-02 5.838634362192306249e+00 1.334020072649752531e-02 -4.193415978656839238e-01 1.009831931715707114e-02 1.000000000000000000e+00 1.368799800000000033e+01 2.430200000000000068e-02 4.439179906000000301e+03
8.000000000000000000e+03 3.000000000000000000e+01 -5.865400000000000000e+04 1.989141829911771708e+01 6.538809083078715723e-02 5.876910356049863893e+00 1.582513818074134451e-02 -4.041694018224655793e-01 1.131969646524022717e-02 1.000000000000000000e+00 1.368749099999999963e+01 2.405799999999999952e-02 4.553836463999999978e+03
8.000000000000000000e+03 3.000000000000000000e+01 -5.865400000000000000e+04 1.990970438609475579e+01 6.741897098929533483e-02 5.822946024969246182e+00 1.365218179696633255e-02 -4.080410809271938777e-01 1.482541233582176932e-02 1.000000000000000000e+00 1.371196400000000004e+01 3.239500000000000018e-02 4.809447084000000359e+03
8.000000000000000000e+03 3.000000000000000000e+01 -5.865400000000000000e+04 1.990902642177816162e+01 6.549346979164286098e-02 5.867614555381368113e+00 1.313735189237404989e-02 -4.034218971024451927e-01 8.580990147244121555e-03 1.000000000000000000e+00 1.368930399999999992e+01 3.163099999999999939e-02 4.924107643000000280e+03
8.000000000000000000e+03 4.030000000000000000e+03 -5.865400000000000000e+04 2.006792329681770681e+01 8.881067095623669527e-02 6.273814216984317405e+00 1.176403028219237534e-02 3.548664674843803324e-01 1.106626169140766634e-02 1.000000000000000000e+00 1.368587699999999963e+01 1.994399999999999992e-02 1.337039473999999927e+03
8.000000000000000000e+03 4.030000000000000000e+03 -5.865400000000000000e+04 2.007747035127578883e+01 7.544130201938668845e-02 6.223277078463746115e+00 1.216382286448026637e-02 4.176061050935254704e-01 1.213887379212854473e-02 1.000000000000000000e+00 1.367871500000000040e+01 2.262000000000000122e-02 1.592632092999999941e+03
8.000000000000000000e+03 4.030000000000000000e+03 -5.865400000000000000e+04 2.005558744506410562e+01 6.461426667625475018e-02 6.270331720673516074e+00 9.688479386492337975e-03 3.847099915048191598e-01 1.000857847385672704e-02 1.000000000000000000e+00 1.364429799999999915e+01 2.769299999999999887e-02 1.707287651000000096e+03
8.000000000000000000e+03 4.030000000000000000e+03 -5.865400000000000000e+04 2.007408773191192708e+01 7.256409622190117259e-02 6.204986304362879679e+00 1.009312324804240504e-02 3.703893583924844357e-01 1.061161536235150776e-02 1.000000000000000000e+00 1.367095100000000052e+01 2.175600000000000103e-02 1.962876269999999977e+03
8.000000000000000000e+03 4.030000000000000000e+03 -5.865400000000000000e+04 2.005643945801952910e+01 5.844680084135490949e-02 6.239049033011182743e+00 8.132364549508219742e-03 4.235627017390450888e-01 1.112364222028452282e-02 1.000000000000000000e+00 1.367000700000000002e+01 3.195400000000000323e-02 2.077526827000000139e+03
8.000000000000000000e+03 8.030000000000000000e+03 -5.865400000000000000e+04 1.971865079699884404e+01 7.463480244578073186e-02 6.248250325498596602e+00 1.230097166913046020e-02 -8.183699961194391692e-01 1.233485289229395605e-02 1.000000000000000000e+00 1.367131900000000044e+01 2.576600000000000071e-02 2.280456434000000172e+03
8.000000000000000000e+03 8.030000000000000000e+03 -5.865400000000000000e+04 1.972475639283367244e+01 6.738694694376151650e-02 6.245231456505168310e+00 1.263382139042511579e-02 -7.971376571172894554e-01 1.144746280507198677e-02 1.000000000000000000e+00 1.368175399999999975e+01 3.049999999999999933e-02 2.536054054000000178e+03
8.000000000000000000e+03 8.030000000000000000e+03 -5.865400000000000000e+04 1.970982864489284481e+01 7.765948967792936364e-02 6.269481124005197969e+00 1.338726500287470630e-02 -8.316611858701998816e-01 1.046766046957911360e-02 1.000000000000000000e+00 1.370688799999999929e+01 2.293900000000000106e-02 2.650705612000000201e+03
8.000000000000000000e+03 8.030000000000000000e+03 -5.865400000000000000e+04 1.974398228087951068e+01 5.731332237402916169e-02 6.245742165008933533e+00 1.181050051209423662e-02 -8.041388100704245367e-01 1.230532836231649184e-02 1.000000000000000000e+00 1.367761199999999988e+01 2.927899999999999947e-02 2.906307230999999774e+03
8.000000000000000000e+03 8.030000000000000000e+03 -5.865400000000000000e+04 1.971068489179395300e+01 8.580834372817094935e-02 6.304292314038284495e+00 1.309712375584541275e-02 -7.681158165839594432e-01 1.063681385341211892e-02 1.000000000000000000e+00 1.369080899999999978e+01 2.407499999999999918e-02 3.020960789000000204e+03
1.200000000000000000e+04 -3.970000000000000000e+03 -5.865400000000000000e+04 1.937844491934217928e+01 6.149010687563199323e-02 5.916994110735835477e+00 1.397170376615554550e-02 -2.291554977767674472e+00 1.335662454717322957e-02 1.000000000000000000e+00 1.367796000000000056e+01 2.300599999999999867e-02 3.263485661000000164e+03
1.200000000000000000e+04 -3.970000000000000000e+03 -5.865400000000000000e+04 1.940566848268081657e+01 6.648996282040922634e-02 5.820631445017216521e+00 1.395081117274570709e-02 -2.358521503470809577e+00 1.175228410833363893e-02 1.000000000000000000e+00 1.366932199999999931e+01 1.991599999999999968e-02 3.472107593000000179e+03
1.200000000000000000e+04 -3.970000000000000000e+03 -5.865400000000000000e+04 1.938041575425325647e+01 7.089049833522126365e-02 5.921751608476633066e+00 1.412794954532400893e-02 -2.330678871502827931e+00 1.419364412082991904e-02 1.000000000000000000e+00 1.369178299999999915e+01 2.768699999999999981e-02 3.633736836999999923e+03
1.200000000000000000e+04 -3.970000000000000000e+03 -5.865400000000000000e+04 1.940900525726606674e+01 6.800062911307344637e-02 5.823230231965974113e+00 1.522677088909644635e-02 -2.336450867078485150e+00 1.304135658270229661e-02 1.000000000000000000e+00 1.369372500000000059e+01 3.403699999999999781e-02 3.842357770000000073e+03
1.200000000000000000e+04 -3.970000000000000000e+03 -5.865400000000000000e+04 1.937384991354479169e+01 8.147024324989494970e-02 5.938165673046445825e+00 1.377227700497750396e-02 -2.381133773009907806e+00 1.211796867883039620e-02 1.000000000000000000e+00 1.367244600000000077e+01 2.687499999999999958e-02 4.004011015999999927e+03
1.200000000000000000e+04 3.000000000000000000e+01 -5.865400000000000000e+04 1.984008102952233088e+01 7.558417132487327272e-02 5.875368661908657586e+00 1.396757120007122328e-02 -4.146270447906163503e-01 1.560623955035764232e-02 1.000000000000000000e+00 1.370873100000000022e+01 2.238499999999999865e-02 4.207051629999999932e+03
1.200000000000000000e+04 3.000000000000000000e+01 -5.865400000000000000e+04 1.992350660939055729e+01 8.974172187209281115e-02 5.595202227067590961e+00 1.155322546703748711e-02 -4.043038332216709607e-01 1.387702741006649303e-02 1.000000000000000000e+00 1.369450499999999948e+01 2.650399999999999978e-02 4.415689562999999907e+03
1.200000000000000000e+04 3.000000000000000000e+01 -5.865400000000000000e+04 1.989545800031252298e+01 7.000833435564088325e-02 5.730771154174850501e+00 1.268765768312949890e-02 -3.949008278630394275e-01 1.051059362093879034e-02 1.000000000000000000e+00 1.369663100000000000e+01 2.291299999999999934e-02 4.577329808000000412e+03
1.200000000000000000e+04 3.000000000000000000e+01 -5.865400000000000000e+04 1.993649072229622377e+01 4.748765480506936948e-02 5.581658049274690114e+00 1.212094625993605755e-02 -3.797876395944557171e-01 1.262489492543656180e-02 1.000000000000000000e+00 1.371306700000000056e+01 2.463500000000000065e-02 4.785956740999999965e+03
1.200000000000000000e+04 3.000000000000000000e+01 -5.865400000000000000e+04 1.991165264319362649e+01 8.445396827309278875e-02 5.710491247875787657e+00 9.461430085376689933e-03 -4.227495118616538261e-01 1.113442399349729058e-02 1.000000000000000000e+00 1.367931100000000022e+01 2.463200000000000112e-02 4.947596985999999561e+03
1.200000000000000000e+04 4.030000000000000000e+03 -5.865400000000000000e+04 2.036031837438723358e+01 6.466471294107849210e-02 6.307123017531974796e+00 1.237452112878361168e-02 9.346830537619924550e-01 1.051672425621224399e-02 1.000000000000000000e+00 1.370677799999999991e+01 3.033500000000000085e-02 1.360524816999999985e+03
1.200000000000000000e+04 4.030000000000000000e+03 -5.865400000000000000e+04 2.038028054018018409e+01 8.535861289502780225e-02 6.234833892846253001e+00 1.519435694870333205e-02 9.735150312422474750e-01 1.184977449372702843e-02 1.000000000000000000e+00 1.365468899999999941e+01 2.420800000000000035e-02 1.569143749999999955e+03
1.200000000000000000e+04 4.030000000000000000e+03 -5.865400000000000000e+04 2.034973942003734493e+01 7.104006795114552186e-02 6.277973068143027469e+00 1.167716600216395575e-02 9.386043867604441093e-01 1.278232610499869734e-02 1.000000000000000000e+00 1.367378199999999921e+01 2.797499999999999987e-02 1.730766994000000068e+03
1.200000000000000000e+04 4.030000000000000000e+03 -5.865400000000000000e+04 2.037467305730652356e+01 8.255020401437591915e-02 6.229045044296426248e+00 1.578045471098013866e-02 9.887191504633253691e-01 1.154995607349295662e-02 1.000000000000000000e+00 1.365872199999999914e+01 2.510599999999999984e-02 1.939384925999999950e+03
1.200000000000000000e+04 4.030000000000000000e+03 -5.865400000000000000e+04 2.033628678148810920e+01 7.589934308988099954e-02 6.332162490581195513e+00 8.943763941707609869e-03 9.695038208148289982e-01 1.363530014629461655e-02 1.000000000000000000e+00 1.367389700000000019e+01 2.396399999999999919e-02 2.101021170999999867e+03
1.200000000000000000e+04 8.030000000000000000e+03 -5.865400000000000000e+04 1.976191763739354812e+01 6.987720080857756644e-02 6.446189618506434016e+00 1.041635294128596782e-02 -8.904687694414710197e-01 1.132464977649592919e-02 1.000000000000000000e+00 1.364767999999999937e+01 3.690800000000000330e-02 2.303949778000000151e+03
1.200000000000000000e+04 8.030000000000000000e+03 -5.865400000000000000e+04 1.980612765367665418e+01 6.146783792874104674e-02 6.317035175385375290e+00 1.713174867960090206e-02 -8.665056666512100936e-01 1.106070922432268906e-02 1.000000000000000000e+00 1.369958600000000004e+01 2.019999999999999921e-02 2.512565709999999854e+03
1.200000000000000000e+04 8.030000000000000000e+03 -5.865400000000000000e+04 1.977634680379154020e+01 7.973106808495787623e-02 6.431542064873134734e+00 9.775541943245574100e-03 -8.715142294149014202e-01 1.070233375239523950e-02 1.000000000000000000e+00 1.369510099999999930e+01 2.046500000000000055e-02 2.674197955000000093e+03
1.200000000000000000e+04 8.030000000000000000e+03 -5.865400000000000000e+04 1.981097976211472300e+01 6.626329479868518779e-02 6.343753185783191029e+00 1.320139553620210647e-02 -8.704176981039861705e-01 1.350388845182309491e-02 1.000000000000000000e+00 1.368802299999999939e+01 3.116100000000000120e-02 2.882813886999999795e+03
1.200000000000000000e+04 8.030000000000000000e+03 -5.865400000000000000e+04 1.977473109365703152e+01 7.256142068190489514e-02 6.417051802472515831e+00 1.107899859632125936e-02 -8.475921511121603524e-01 1.435496693574508931e-02 1.000000000000000000e+00 1.368413400000000024e+01 2.497699999999999920e-02 3.044455132000000049e+03
1.600000000000000000e+04 -3.970000000000000000e+03 -5.865400000000000000e+04 1.921610686519701616e+01 6.568370832796502357e-02 5.996599374484851808e+00 1.574873330146970424e-02 -2.806273066353487611e+00 1.359984840672852878e-02 1.000000000000000000e+00 1.369948199999999972e+01 2.470999999999999933e-02 3.286974004000000150e+03
1.600000000000000000e+04 -3.970000000000000000e+03 -5.865400000000000000e+04 1.928990358630429114e+01 8.068445642718664879e-02 5.760597784260712118e+00 1.093242733856553302e-02 -2.831646434172765847e+00 1.279306990274053750e-02 1.000000000000000000e+00 1.369158900000000045e+01 2.372399999999999856e-02 3.448611249000000043e+03
1.600000000000000000e+04 -3.970000000000000000e+03 -5.865400000000000000e+04 1.922539566913290088e+01 7.598868422504626019e-02 5.993551239888772919e+00 1.324874333095460432e-02 -2.827611466619790015e+00 1.383051188122443910e-02 1.000000000000000000e+00 1.367840699999999998e+01 2.141399999999999901e-02 3.657229181000000153e+03
1.600000000000000000e+04 -3.970000000000000000e+03 -5.865400000000000000e+04 1.929034512939972501e+01 5.228634882591211286e-02 5.764105437643799235e+00 1.599259806187884256e-02 -2.831959401325973236e+00 1.316435823297998700e-02 1.000000000000000000e+00 1.368707400000000085e+01 2.058099999999999860e-02 3.818866426000000047e+03
1.600000000000000000e+04 -3.970000000000000000e+03 -5.865400000000000000e+04 1.923092326715118006e+01 8.225056890754375849e-02 5.982965622401177797e+00 1.154505899951997587e-02 -2.804988435179361694e+00 9.980016637410705355e-03 1.000000000000000000e+00 1.370328199999999974e+01 2.458400000000000168e-02 4.027506359999999859e+03
1.600000000000000000e+04 3.000000000000000000e+01 -5.865400000000000000e+04 1.986806456292719503e+01 7.070216207583129853e-02 5.670852548439420993e+00 1.367024778635235645e-02 -3.913656129870150546e-01 7.792412223606322991e-03 1.000000000000000000e+00 1.370638600000000018e+01 2.355700000000000155e-02 4.230543972999999824e+03
1.600000000000000000e+04 3.000000000000000000e+01 -5.865400000000000000e+04 1.994486930843131489e+01 7.614825808020922460e-02 5.374298519827119591e+00 1.282550522205432898e-02 -3.974049188959701273e-01 1.301103324678349986e-02 1.000000000000000000e+00 1.370816400000000002e+01 3.215500000000000302e-02 4.392198218999999881e+03
1.600000000000000000e+04 3.000000000000000000e+01 -5.865400000000000000e+04 1.990171455468198403e+01 6.559659214128878146e-02 5.539731764089879107e+00 1.762884428907899106e-02 -3.608344672917909168e-01 1.226136666447980202e-02 1.000000000000000000e+00 1.372418300000000002e+01 2.750599999999999920e-02 4.600819150999999692e+03
1.600000000000000000e+04 3.000000000000000000e+01 -5.865400000000000000e+04 1.996894514791162223e+01 6.411395990876976592e-02 5.295673089767897856e+00 1.429988280460311144e-02 -3.770774654814230686e-01 1.045774309262179763e-02 1.000000000000000000e+00 1.369965599999999917e+01 1.957400000000000112e-02 4.762466397000000143e+03
1.600000000000000000e+04 3.000000000000000000e+01 -5.865400000000000000e+04 1.989156545370616413e+01 8.189225399591934518e-02 5.537073812333711764e+00 1.085501192884668481e-02 -3.748964690640991804e-01 1.214958256453405917e-02 1.000000000000000000e+00 1.368821200000000005e+01 2.592200000000000060e-02 4.971083330000000387e+03
1.600000000000000000e+04 4.030000000000000000e+03 -5.865400000000000000e+04 2.067668900085364569e+01 8.144894755083444127e-02 6.366020639006245041e+00 1.260999701847343932e-02 1.568529068532412030e+00 1.303845435837827985e-02 1.000000000000000000e+00 1.366465299999999949e+01 2.537199999999999872e-02 1.384016161000000011e+03
1.600000000000000000e+04 4.030000000000000000e+03 -5.865400000000000000e+04 2.070842460217562575e+01 6.792023869833581362e-02 6.245071620382468325e+00 1.374580677943580340e-02 1.641819835377067660e+00 1.161998270839948756e-02 1.000000000000000000e+00 1.366969899999999960e+01 2.191699999999999898e-02 1.545652405999999928e+03
1.600000000000000000e+04 4.030000000000000000e+03 -5.865400000000000000e+04 2.067555316946427268e+01 7.746461218504573087e-02 6.340649119316645432e+00 1.344693180086185824e-02 1.582803469630009952e+00 8.191610657461399769e-03 1.000000000000000000e+00 1.367008700000000054e+01 3.211499999999999772e-02 1.754258336999999983e+03
1.600000000000000000e+04 4.030000000000000000e+03 -5.865400000000000000e+04 2.070274210496397060e+01 8.081022027797343799e-02 6.248939730435729700e+00 1.176064312078149189e-02 1.628517801545529498e+00 1.253699844504371601e-02 1.000000000000000000e+00 1.366851199999999977e+01 2.750100000000000114e-02 1.915894583000000011e+03
1.600000000000000000e+04 4.030000000000000000e+03 -5.865400000000000000e+04 2.066210838075340561e+01 9.496903994762098677e-02 6.358782710541492023e+00 1.365362303149091419e-02 1.567047268602787646e+00 1.236951371481967432e-02 1.000000000000000000e+00 1.368527100000000019e+01 2.338700000000000154e-02 2.124512514999999894e+03
1.600000000000000000e+04 8.030000000000000000e+03 -5.865400000000000000e+04 1.982428567020694032e+01 7.207167089803902249e-02 6.604579843342973433e+00 1.430334843874264163e-02 -7.479954804819126668e-01 1.440450663524007156e-02 1.000000000000000000e+00 1.366092800000000018e+01 1.758300000000000141e-02 2.327440121999999974e+03
1.600000000000000000e+04 8.030000000000000000e+03 -5.865400000000000000e+04 1.989201147337000464e+01 7.952890202731160985e-02 6.414030908586884294e+00 1.473545670206071433e-02 -7.361333803627068129e-01 1.385053010220077714e-02 1.000000000000000000e+00 1.367154700000000034e+01 3.147599999999999704e-02 2.489076367000000118e+03
1.600000000000000000e+04 8.030000000000000000e+03 -5.865400000000000000e+04 1.981436026965222652e+01 5.900233749690626806e-02 6.595489371152614133e+00 1.319023372875870008e-02 -7.791015437684281064e-01 1.272501261617786997e-02 1.000000000000000000e+00 1.368518199999999929e+01 2.450000000000000094e-02 2.697689299000000119e+03
1.600000000000000000e+04 8.030000000000000000e+03 -5.865400000000000000e+04 1.991115569090954196e+01 7.696238529409472895e-02 6.442608002334235806e+00 1.240550850256597060e-02 -7.395429144590408566e-01 1.227343691213179586e-02 1.000000000000000000e+00 1.369443000000000055e+01 3.080799999999999858e-02 2.859322544000000107e+03
1.600000000000000000e+04 8.030000000000000000e+03 -5.865400000000000000e+04 1.984811142001826667e+01 6.224709125066727605e-02 6.589538395791006309e+00 1.071246178599970060e-02 -7.850301663921486206e-01 9.957381699754132634e-03 1.000000000000000000e+00 1.367797499999999999e+01 2.486800000000000122e-02 3.067949477000000115e+03
2.000000000000000000e+04 -3.970000000000000000e+03 -5.865400000000000000e+04 1.912164688514271660e+01 8.798758119081305507e-02 5.858495231966614369e+00 1.395703660140071301e-02 -3.469240827654838544e+00 1.965924842147430407e-02 1.000000000000000000e+00 1.368005100000000063e+01 2.032899999999999985e-02 3.310471348000000035e+03
2.000000000000000000e+04 -3.970000000000000000e+03 -5.865400000000000000e+04 1.917028072699157804e+01 7.657883552734953692e-02 5.657793234733135890e+00 1.139451076258504898e-02 -3.544335126516422463e+00 1.501070304004721578e-02 1.000000000000000000e+00 1.368022500000000008e+01 1.876699999999999896e-02 3.425119905000000017e+03
2.000000000000000000e+04 -3.970000000000000000e+03 -5.865400000000000000e+04 1.912024773582086468e+01 7.054129407400890062e-02 5.855277141949621011e+00 1.800052297491186101e-02 -3.512853499572730964e+00 1.390866909498777657e-02 1.000000000000000000e+00 1.368310600000000044e+01 2.656100000000000128e-02 3.680719524999999976e+03
2.000000000000000000e+04 -3.970000000000000000e+03 -5.865400000000000000e+04 1.916465069378948982e+01 8.214392808794634959e-02 5.678951970127451787e+00 1.426968163606695886e-02 -3.552813356323210048e+00 1.110978610449317970e-02 1.000000000000000000e+00 1.368685100000000077e+01 2.829600000000000171e-02 3.795376083000000108e+03
2.000000000000000000e+04 -3.970000000000000000e+03 -5.865400000000000000e+04 1.912443826753391107e+01 8.532937852838809456e-02 5.870322653010015657e+00 1.421129512552451318e-02 -3.482668345177010405e+00 1.378062570474587745e-02 1.000000000000000000e+00 1.368057199999999973e+01 2.419899999999999829e-02 4.050994702999999845e+03
2.000000000000000000e+04 3.000000000000000000e+01 -5.865400000000000000e+04 1.988234603465138406e+01 7.856728593989052711e-02 5.408439087350609853e+00 1.424787154878584192e-02 -3.629416614576014277e-01 1.377168676556287871e-02 1.000000000000000000e+00 1.369759900000000030e+01 2.687000000000000152e-02 4.254036317000000054e+03
2.000000000000000000e+04 3.000000000000000000e+01 -5.865400000000000000e+04 1.995824775796723216e+01 7.105079829774597899e-02 5.167313334148442294e+00 1.322738862480183838e-02 -3.678888499895660580e-01 1.129162510099753110e-02 1.000000000000000000e+00 1.368593199999999932e+01 2.479100000000000054e-02 4.368704875000000357e+03
2.000000000000000000e+04 3.000000000000000000e+01 -5.865400000000000000e+04 1.992771409817843775e+01 7.242652511928483750e-02 5.303576051972377137e+00 1.070467618798509428e-02 -3.490738305865350721e-01 1.235081021050794467e-02 1.000000000000000000e+00 1.369588099999999997e+01 3.256099999999999967e-02 4.624312495000000126e+03
2.000000000000000000e+04 3.000000000000000000e+01 -5.865400000000000000e+04 1.998937454742885933e+01 7.646147167289121804e-02 5.076765418114432826e+00 1.462543768710997637e-02 -3.831476482944615736e-01 9.119342798476107181e-03 1.000000000000000000e+00 1.372460500000000039e+01 2.488100000000000034e-02 4.738972053999999844e+03
2.000000000000000000e+04 3.000000000000000000e+01 -5.865400000000000000e+04 1.993954063518065922e+01 7.761320933251031340e-02 5.298949829068273054e+00 1.181727628403281445e-02 -3.736904583242384170e-01 9.241139341811217128e-03 1.000000000000000000e+00 1.368503800000000048e+01 2.676299999999999860e-02 4.994576672999999573e+03
2.000000000000000000e+04 4.030000000000000000e+03 -5.865400000000000000e+04 2.102790040330437904e+01 6.588142938752071520e-02 6.404806108112440555e+00 1.305958519485140613e-02 2.149667464904018388e+00 1.249582035704485498e-02 1.000000000000000000e+00 1.369592500000000079e+01 3.085900000000000101e-02 1.407506505000000061e+03
2.000000000000000000e+04 4.030000000000000000e+03 -5.865400000000000000e+04 2.106985083767297340e+01 6.587070067799599693e-02 6.238573865441104260e+00 1.481116005896267879e-02 2.204778176056612526e+00 9.434940905890363758e-03 1.000000000000000000e+00 1.367293300000000045e+01 1.667499999999999885e-02 1.522165062000000034e+03
2.000000000000000000e+04 4.030000000000000000e+03 -5.865400000000000000e+04 2.102381243828672552e+01 7.256144392666195875e-02 6.376363981763657485e+00 8.858178405356825769e-03 2.192803274479989017e+00 1.208586031760932634e-02 1.000000000000000000e+00 1.366574100000000058e+01 1.955300000000000094e-02 1.777750680999999986e+03
2.000000000000000000e+04 4.030000000000000000e+03 -5.865400000000000000e+04 2.106539680664399228e+01 7.714559759769502867e-02 6.217004072902919454e+00 1.563016242399063380e-02 2.204265999863808556e+00 1.102281229515322293e-02 1.000000000000000000e+00 1.367031000000000063e+01 2.608100000000000002e-02 1.892407238999999890e+03
2.000000000000000000e+04 4.030000000000000000e+03 -5.865400000000000000e+04 2.101382977235044081e+01 7.774538363094291027e-02 6.387026676326763130e+00 1.137065670202503515e-02 2.171599392018080721e+00 8.630367561245815347e-03 1.000000000000000000e+00 1.367195000000000071e+01 2.588100000000000123e-02 2.148005858999999873e+03
2.000000000000000000e+04 8.030000000000000000e+03 -5.865400000000000000e+04 1.991221889757765950e+01 6.758620239107655803e-02 6.702743761498939357e+00 8.605166603757765167e-03 -8.407455518824702434e-01 9.879280949239625104e-03 1.000000000000000000e+00 1.365196199999999926e+01 2.313399999999999831e-02 2.350933465000000069e+03
2.000000000000000000e+04 8.030000000000000000e+03 -5.865400000000000000e+04 1.994631440729773431e+01 8.923542771474356206e-02 6.533852336332924615e+00 1.538078804099884088e-02 -8.176742642651588788e-01 1.300329238326388206e-02 1.000000000000000000e+00 1.366641599999999990e+01 2.227300000000000113e-02 2.465585023000000092e+03
2.000000000000000000e+04 8.030000000000000000e+03 -5.865400000000000000e+04 1.989533186438295331e+01 7.953087516444966310e-02 6.672750704120272047e+00 1.348093090671395773e-02 -8.391965393064431122e-01 1.385297626739937123e-02 1.000000000000000000e+00 1.367825299999999977e+01 2.247700000000000045e-02 2.721184643000000051e+03
2.000000000000000000e+04 8.030000000000000000e+03 -5.865400000000000000e+04 1.995628060084279909e+01 8.672904135137003701e-02 6.544678356600787339e+00 1.182043080443571058e-02 -8.049057873637359695e-01 1.164256397319321165e-02 1.000000000000000000e+00 1.367141299999999937e+01 2.379500000000000018e-02 2.835827200000000175e+03
2.000000000000000000e+04 8.030000000000000000e+03 -5.865400000000000000e+04 1.991850340068506853e+01 8.044548190330581827e-02 6.679313204212216526e+00 1.217609073052840045e-02 -8.680875077731257106e-01 1.103110225076521511e-02 1.000000000000000000e+00 1.370452300000000001e+01 2.391000000000000070e-02 3.091439820000000054e+03
2.400000000000000000e+04 -3.970000000000000000e+03 -5.865400000000000000e+04 1.905701907617643442e+01 1.001264477580082884e-01 5.783551046621924208e+00 1.528141397698577243e-02 -4.096671322439120466e+00 1.390171616120897471e-02 1.000000000000000000e+00 1.369897500000000079e+01 2.528599999999999945e-02 3.333959691999999905e+03
2.400000000000000000e+04 -3.970000000000000000e+03 -5.865400000000000000e+04 1.909051229607077005e+01 6.666735685100562414e-02 5.585337402248836902e+00 1.506061832904729246e-02 -4.135580443779092619e+00 1.457250719840061208e-02 1.000000000000000000e+00 1.368806799999999946e+01 2.551300000000000096e-02 3.401629562000000078e+03
2.400000000000000000e+04 -3.970000000000000000e+03 -5.865400000000000000e+04 1.906774389485896748e+01 7.444071168165360131e-02 5.736822306716097941e+00 1.813061906351296979e-02 -4.135182454077135361e+00 1.261254731220863914e-02 1.000000000000000000e+00 1.365802200000000077e+01 3.365200000000000136e-02 3.704207868999999846e+03
2.400000000000000000e+04 -3.970000000000000000e+03 -5.865400000000000000e+04 1.908106311042106285e+01 5.481624189480485687e-02 5.677798662850675804e+00 1.027862538485921698e-02 -4.148398730695688208e+00 1.048826337998660409e-02 1.000000000000000000e+00 1.366762800000000055e+01 2.381600000000000036e-02 3.771885738999999830e+03
2.400000000000000000e+04 -3.970000000000000000e+03 -5.865400000000000000e+04 1.907686090847521143e+01 6.636475930340528240e-02 5.703169906523466892e+00 1.484361631472413609e-02 -4.147258703370527932e+00 1.258366760139259348e-02 1.000000000000000000e+00 1.367969800000000014e+01 2.271000000000000102e-02 4.074486046999999871e+03
2.400000000000000000e+04 3.000000000000000000e+01 -5.865400000000000000e+04 1.992360466299238553e+01 6.602427161746821094e-02 5.114493647043345526e+00 1.229783120326105247e-02 -3.399929345963198513e-01 9.385345709076542073e-03 1.000000000000000000e+00 1.369882600000000039e+01 2.568199999999999997e-02 4.277531660999999986e+03
2.400000000000000000e+04 3.000000000000000000e+01 -5.865400000000000000e+04 1.998553055834933545e+01 8.097314670362003308e-02 4.985703734061341486e+00 1.352569073390477196e-02 -3.734934823430022810e-01 1.049096525991739630e-02 1.000000000000000000e+00 1.370835800000000049e+01 2.244099999999999914e-02 4.345211532000000261e+03
2.400000000000000000e+04 3.000000000000000000e+01 -5.865400000000000000e+04 1.996742607422036997e+01 8.421705918936209234e-02 5.008905394872424921e+00 1.567205086969972877e-02 -3.252330190315968483e-01 1.133002665632469250e-02 1.000000000000000000e+00 1.368243000000000009e+01 2.594700000000000131e-02 4.647798839000000044e+03
2.400000000000000000e+04 3.000000000000000000e+01 -5.865400000000000000e+04 1.997549772243457156e+01 6.535581868763568059e-02 4.900368034902156111e+00 1.103438161795512393e-02 -3.533870460222501841e-01 1.148008183673888440e-02 1.000000000000000000e+00 1.370402200000000015e+01 2.234099999999999975e-02 4.715478710000000319e+03
2.400000000000000000e+04 3.000000000000000000e+01 -5.865400000000000000e+04 1.998759662826831374e+01 7.517327592147064752e-02 5.013927975202519427e+00 1.122794411607486338e-02 -3.533886597848557298e-01 1.070581431562970393e-02 1.000000000000000000e+00 1.369240899999999961e+01 2.736699999999999897e-02 5.018071017000000211e+03
2.400000000000000000e+04 4.030000000000000000e+03 -5.865400000000000000e+04 2.142493665917634971e+01 6.970816084491250619e-02 6.426317343623126455e+00 1.621400509733142425e-02 2.684842119883535716e+00 1.219492822133518353e-02 1.000000000000000000e+00 1.370313299999999934e+01 2.028699999999999948e-02 1.430996848000000000e+03
2.400000000000000000e+04 4.030000000000000000e+03 -5.865400000000000000e+04 2.143654368440056146e+01 7.931313174575736757e-02 6.349963201629503118e+00 1.567820942904063833e-02 2.722612179969036816e+00 1.237455497297883580e-02 1.000000000000000000e+00 1.368775499999999923e+01 2.382599999999999996e-02 1.498674719000000096e+03
2.400000000000000000e+04 4.030000000000000000e+03 -5.865400000000000000e+04 2.141352628312433026e+01 8.480964072708904733e-02 6.386723445691203871e+00 1.139912625146779004e-02 2.688844213699011831e+00 9.554800021202619967e-03 1.000000000000000000e+00 1.365823999999999927e+01 2.526499999999999926e-02 1.801240025000000060e+03
2.400000000000000000e+04 4.030000000000000000e+03 -5.865400000000000000e+04 2.145163093205771077e+01 6.938729106848801065e-02 6.243076045417709885e+00 1.572806831636193794e-02 2.741832890832255121e+00 1.318750758152485020e-02 1.000000000000000000e+00 1.367821299999999951e+01 2.572699999999999987e-02 1.868918895999999904e+03
2.400000000000000000e+04 4.030000000000000000e+03 -5.865400000000000000e+04 2.141138362733271094e+01 7.272873245350945648e-02 6.372592777666883812e+00 1.648215633827552692e-02 2.733803840958866971e+00 1.097785412302790947e-02 1.000000000000000000e+00 1.365988899999999973e+01 2.525099999999999914e-02 2.171499201999999968e+03
2.400000000000000000e+04 8.030000000000000000e+03 -5.865400000000000000e+04 2.000651269352469086e+01 5.661732550069563386e-02 6.777458128330121845e+00 1.273316134821623688e-02 -7.212955178894242536e-01 6.893260855978924039e-03 1.000000000000000000e+00 1.368168000000000006e+01 2.611099999999999879e-02 2.374425808999999845e+03
2.400000000000000000e+04 8.030000000000000000e+03 -5.865400000000000000e+04 2.002167221590296009e+01 6.301097833595067921e-02 6.702336146812868378e+00 1.420175507864525517e-02 -7.049034972945088517e-01 1.117426502426558180e-02 1.000000000000000000e+00 1.365694899999999912e+01 2.259900000000000103e-02 2.442097679999999855e+03
2.400000000000000000e+04 8.030000000000000000e+03 -5.865400000000000000e+04 2.001085746918403530e+01 7.108071365819686183e-02 6.743595805510070207e+00 1.559627332169716621e-02 -7.148102823732307431e-01 1.374152896574261200e-02 1.000000000000000000e+00 1.367682699999999940e+01 2.361500000000000057e-02 2.744674985999999990e+03
2.400000000000000000e+04 8.030000000000000000e+03 -5.865400000000000000e+04 2.001869851303186110e+01 6.140777723812135269e-02 6.681934039078393006e+00 1.452697290491363098e-02 -6.976622036790488535e-01 1.183620301841640556e-02 1.000000000000000000e+00 1.367589300000000030e+01 2.635699999999999849e-02 2.812337856000000102e+03
2.400000000000000000e+04 8.030000000000000000e+03 -5.865400000000000000e+04 2.001083918611137591e+01 6.092128117600700832e-02 6.756843630793274436e+00 1.248803830334106746e-02 -7.238267812500088771e-01 1.340032851120373861e-02 1.000000000000000000e+00 1.368074599999999919e+01 2.572699999999999987e-02 3.114933164000000033e+03
2.800000000000000000e+04 -3.970000000000000000e+03 -5.865400000000000000e+04 1.902104982885106566e+01 6.917705086798660308e-02 5.701693643273324952e+00 1.446696786385566653e-02 -4.646939203339152336e+00 1.394927690004617304e-02 1.000000000000000000e+00 1.367714499999999944e+01 3.404800000000000187e-02 3.357449035000000094e+03
2.800000000000000000e+04 -3.970000000000000000e+03 -5.865400000000000000e+04 1.898109298193599059e+01 7.777003721527102342e-02 5.711268379361866820e+00 1.963751752979881957e-02 -4.667117152675992031e+00 2.354448576211005256e-02 1.000000000000000000e+00 1.362052599999999991e+01 5.380599999999999966e-02 3.378140218000000004e+03
2.800000000000000000e+04 -3.970000000000000000e+03 -5.865400000000000000e+04 1.902726409946338393e+01 5.759603425552808215e-02 5.672118765830855835e+00 1.249980187790213255e-02 -4.660928428765164888e+00 1.338553517978379424e-02 1.000000000000000000e+00 1.368802799999999920e+01 2.069000000000000006e-02 3.727699211999999989e+03
2.800000000000000000e+04 -3.970000000000000000e+03 -5.865400000000000000e+04 1.898433214647775813e+01 8.069712554001493010e-02 5.685759907843009664e+00 1.177224585150535123e-02 -4.668725820088193146e+00 2.680917917786344515e-02 1.000000000000000000e+00 1.360597699999999932e+01 3.599399999999999822e-02 3.748393395000000055e+03
2.800000000000000000e+04 -3.970000000000000000e+03 -5.865400000000000000e+04 1.904159800282027248e+01 6.858615412103077902e-02 5.683403648255612950e+00 1.096630259886565394e-02 -4.665515334281395532e+00 1.287966553122885972e-02 1.000000000000000000e+00 1.366932199999999931e+01 2.214199999999999849e-02 4.097982390999999552e+03
2.800000000000000000e+04 3.000000000000000000e+01 -5.865400000000000000e+04 1.998874294395832507e+01 8.256412858332162763e-02 4.777147883612448354e+00 1.210616470499371183e-02 -3.610906743510148287e-01 1.245191376505213124e-02 1.000000000000000000e+00 1.369372000000000078e+01 2.231100000000000097e-02 4.301021004000000175e+03
2.800000000000000000e+04 3.000000000000000000e+01 -5.865400000000000000e+04 1.994818061878508431e+01 8.461340442851648935e-02 4.782543143300148181e+00 1.043626325165220720e-02 -3.570761676014637120e-01 1.136711073045910611e-02 1.000000000000000000e+00 1.362695300000000032e+01 3.593999999999999972e-02 4.321713187999999718e+03
2.800000000000000000e+04 3.000000000000000000e+01 -5.865400000000000000e+04 2.000709185021504055e+01 7.876375187944729961e-02 4.713783243943568735e+00 1.247268705562801748e-02 -3.489308499355322502e-01 1.065544961440999076e-02 1.000000000000000000e+00 1.369875700000000052e+01 2.382400000000000143e-02 4.671291183000000274e+03
2.800000000000000000e+04 3.000000000000000000e+01 -5.865400000000000000e+04 1.998393281194619675e+01 9.440796180545088512e-02 4.714090943370080389e+00 1.424339193905472915e-02 -3.586576270238142627e-01 1.078858924099904484e-02 1.000000000000000000e+00 1.362237799999999943e+01 6.249500000000000194e-02 4.691986366000000089e+03
2.800000000000000000e+04 3.000000000000000000e+01 -5.865400000000000000e+04 2.001855058532755649e+01 6.414981404856244518e-02 4.710074557588768585e+00 1.464049030135878941e-02 -3.398605299774037913e-01 1.348930873954183075e-02 1.000000000000000000e+00 1.368645300000000020e+01 2.605899999999999883e-02 5.041561359999999695e+03
2.800000000000000000e+04 4.030000000000000000e+03 -5.865400000000000000e+04 2.183667130059302863e+01 6.718762635566329078e-02 6.325615028688343244e+00 1.329902274668625858e-02 3.368066006048852756e+00 1.507591163661090722e-02 1.000000000000000000e+00 1.366776699999999956e+01 2.412800000000000014e-02 1.454490191999999979e+03
2.800000000000000000e+04 4.030000000000000000e+03 -5.865400000000000000e+04 2.178858632045709953e+01 6.718665731819144227e-02 6.362977032661389920e+00 1.080634029596663076e-02 3.360637001576816107e+00 2.708143718150275020e-02 1.000000000000000000e+00 1.360419899999999949e+01 5.573600000000000082e-02 1.475184375000000045e+03
2.800000000000000000e+04 4.030000000000000000e+03 -5.865400000000000000e+04 2.183415269144895277e+01 8.160420247118010950e-02 6.313992132184730544e+00 1.371988663722635907e-02 3.341854918760347903e+00 9.819360656595632966e-03 1.000000000000000000e+00 1.366142400000000023e+01 2.803800000000000042e-02 1.824732367999999951e+03
2.800000000000000000e+04 4.030000000000000000e+03 -5.865400000000000000e+04 2.178807752905736805e+01 8.906473163290970496e-02 6.324857185960182093e+00 1.411927751056756691e-02 3.345608577381717019e+00 2.543072399160814859e-02 1.000000000000000000e+00 1.358411700000000089e+01 4.162799999999999834e-02 1.845426551999999901e+03
2.800000000000000000e+04 4.030000000000000000e+03 -5.865400000000000000e+04 2.183025456439861145e+01 8.550048856612414705e-02 6.307456078520645271e+00 1.075263839197914545e-02 3.371287992147264045e+00 1.049792553628623934e-02 1.000000000000000000e+00 1.364161600000000085e+01 2.025400000000000117e-02 2.194986546000000089e+03
2.800000000000000000e+04 8.030000000000000000e+03 -5.865400000000000000e+04 2.010043177582355511e+01 8.389239545643735474e-02 6.816244643922532376e+00 1.669006986663877298e-02 -6.906374594280711987e-01 1.026781897130273069e-02 1.000000000000000000e+00 1.370252699999999990e+01 3.198100000000000248e-02 2.397919152999999824e+03
2.800000000000000000e+04 8.030000000000000000e+03 -5.865400000000000000e+04 2.005355579288615786e+01 7.380005700075667474e-02 6.816336120484889349e+00 1.248038515205571013e-02 -6.957082551932138870e-01 1.333770576753788746e-02 1.000000000000000000e+00 1.357263299999999973e+01 4.920800000000000174e-02 2.418609335999999985e+03
2.800000000000000000e+04 8.030000000000000000e+03 -5.865400000000000000e+04 2.009376724602806874e+01 7.417210401617582716e-02 6.795367702331263082e+00 1.259999665675905212e-02 -7.185268125829916697e-01 1.048091179541423175e-02 1.000000000000000000e+00 1.366486599999999996e+01 3.139100000000000223e-02 2.768165329999999813e+03
2.800000000000000000e+04 8.030000000000000000e+03 -5.865400000000000000e+04 2.008293590301233777e+01 6.360388334010293188e-02 6.799608903767739854e+00 1.624778347333391201e-02 -7.057266979799621254e-01 1.410755770012070941e-02 1.000000000000000000e+00 1.356325099999999928e+01 4.117300000000000126e-02 2.788852512999999817e+03
2.800000000000000000e+04 8.030000000000000000e+03 -5.865400000000000000e+04 2.010695360937346976e+01 6.575795387316617224e-02 6.814386604074567089e+00 1.342985270800378834e-02 -6.764373448837945890e-01 9.336653932532365877e-03 1.000000000000000000e+00 1.365327300000000044e+01 2.474200000000000010e-02 3.138424508000000060e+03
