6.400000000000000000e+03 4.150000000000000000e+03 -7.400000000000000000e+04 2.429474911439711349e+01 5.725878091889071569e-02 5.687287410522553266e+00 1.004144054311506898e-02 -3.474932527998988885e+00 1.119327961330192703e-02 1.000000000000000000e+00 9.168314999999999770e+00 1.521600000000000036e-02 1.626992999999999867e+01
6.400000000000000000e+03 4.150000000000000000e+03 -7.331000000000000000e+04 2.440609299999999848e+01 8.308200000000000307e-02 5.104439000000000171e+00 1.642599999999999963e-02 -3.498350999999999988e+00 1.400299999999999982e-02 1.000000000000000000e+00 9.134560000000000457e+00 2.611600000000000033e-02 3.325090200000000351e+01
6.400000000000000000e+03 4.150000000000000000e+03 -7.262000000000000000e+04 2.438186299999999918e+01 4.608099999999999696e-02 5.138916000000000039e+00 7.856999999999999401e-03 -3.368088000000000193e+00 1.035999999999999942e-02 1.000000000000000000e+00 9.139347000000000776e+00 3.250200000000000311e-02 4.894379899999999850e+01
6.400000000000000000e+03 4.150000000000000000e+03 -7.193000000000000000e+04 2.436114200000000096e+01 6.639499999999999569e-02 5.180055000000000298e+00 1.195000000000000055e-02 -3.223335000000000061e+00 1.491199999999999991e-02 1.000000000000000000e+00 9.134349999999999525e+00 3.098100000000000159e-02 6.463369699999999796e+01
6.400000000000000000e+03 4.150000000000000000e+03 -7.124000000000000000e+04 2.434094100000000083e+01 4.565199999999999814e-02 5.233420999999999879e+00 8.802000000000000796e-03 -3.030653000000000041e+00 9.806999999999999745e-03 1.000000000000000000e+00 9.151111000000000217e+00 2.395399999999999960e-02 8.032459400000000471e+01
6.400000000000000000e+03 4.150000000000000000e+03 -7.055000000000000000e+04 2.431308999999999898e+01 4.818499999999999867e-02 5.242562999999999640e+00 1.545099999999999946e-02 -2.907449999999999868e+00 1.251200000000000055e-02 1.000000000000000000e+00 9.128045999999999438e+00 1.844000000000000153e-02 9.601749200000000428e+01
6.400000000000000000e+03 4.150000000000000000e+03 -6.986000000000000000e+04 2.428173699999999968e+01 6.358700000000000463e-02 5.290675000000000239e+00 1.181100000000000032e-02 -2.802451000000000025e+00 1.364300000000000061e-02 1.000000000000000000e+00 9.142355999999999483e+00 2.392100000000000129e-02 1.116993889999999965e+02
6.400000000000000000e+03 4.150000000000000000e+03 -6.917000000000000000e+04 2.424942400000000120e+01 5.197299999999999837e-02 5.355286000000000435e+00 1.207000000000000087e-02 -2.705678999999999945e+00 1.371799999999999929e-02 1.000000000000000000e+00 9.131192999999999671e+00 2.428400000000000003e-02 1.273842860000000030e+02
6.400000000000000000e+03 4.150000000000000000e+03 -6.848000000000000000e+04 2.421067400000000092e+01 4.315700000000000092e-02 5.393328000000000344e+00 1.153200000000000058e-02 -2.609421999999999908e+00 9.253000000000000808e-03 1.000000000000000000e+00 9.144567999999999586e+00 2.700500000000000123e-02 1.430761829999999861e+02
6.400000000000000000e+03 4.150000000000000000e+03 -6.779000000000000000e+04 2.416740899999999925e+01 5.115499999999999908e-02 5.414005999999999652e+00 1.422299999999999953e-02 -2.531296000000000213e+00 1.368399999999999998e-02 1.000000000000000000e+00 9.135275000000000034e+00 2.356600000000000014e-02 1.587630809999999997e+02
6.400000000000000000e+03 4.150000000000000000e+03 -6.710000000000000000e+04 2.413082299999999947e+01 4.177700000000000163e-02 5.479263999999999690e+00 1.249300000000000063e-02 -2.478293999999999997e+00 1.172600000000000031e-02 1.000000000000000000e+00 9.148792999999999509e+00 2.052299999999999958e-02 1.744609790000000089e+02
6.400000000000000000e+03 4.150000000000000000e+03 -6.641000000000000000e+04 2.408388899999999921e+01 5.882099999999999829e-02 5.521938999999999709e+00 1.830599999999999936e-02 -2.391837000000000213e+00 1.430999999999999980e-02 1.000000000000000000e+00 9.126549000000000689e+00 2.257699999999999985e-02 1.901728769999999997e+02
6.400000000000000000e+03 4.150000000000000000e+03 -6.572000000000000000e+04 2.404023000000000110e+01 3.529700000000000198e-02 5.577084000000000152e+00 1.385300000000000073e-02 -2.359412999999999982e+00 9.898000000000000548e-03 1.000000000000000000e+00 9.150852999999999682e+00 2.208799999999999999e-02 2.058557739999999967e+02
6.400000000000000000e+03 4.150000000000000000e+03 -6.503000000000000000e+04 2.399057600000000079e+01 5.925099999999999811e-02 5.609801000000000037e+00 1.437000000000000083e-02 -2.374804000000000137e+00 1.238700000000000044e-02 1.000000000000000000e+00 9.124340999999999369e+00 2.924600000000000116e-02 2.215366710000000126e+02
6.400000000000000000e+03 4.150000000000000000e+03 -6.434000000000000000e+04 2.394836499999999901e+01 5.238899999999999807e-02 5.673099999999999810e+00 9.242000000000000215e-03 -2.348791999999999991e+00 8.899999999999999925e-03 1.000000000000000000e+00 9.138640999999999792e+00 2.772499999999999964e-02 2.372305690000000027e+02
6.400000000000000000e+03 4.150000000000000000e+03 -6.365000000000000000e+04 2.389591700000000074e+01 8.577200000000000102e-02 5.708020999999999567e+00 1.151699999999999946e-02 -2.335280000000000022e+00 1.223999999999999914e-02 1.000000000000000000e+00 9.143046999999999258e+00 2.038900000000000087e-02 2.529564680000000010e+02
6.400000000000000000e+03 4.150000000000000000e+03 -6.296000000000000000e+04 2.384616300000000066e+01 5.809399999999999981e-02 5.755168000000000283e+00 1.022900000000000025e-02 -2.339024999999999910e+00 1.113600000000000007e-02 1.000000000000000000e+00 9.134449999999999292e+00 2.076000000000000068e-02 2.686413660000000050e+02
6.400000000000000000e+03 4.150000000000000000e+03 -6.227000000000000000e+04 2.379796100000000081e+01 6.873400000000000343e-02 5.753455999999999904e+00 1.361399999999999937e-02 -2.317362999999999840e+00 1.396499999999999998e-02 1.000000000000000000e+00 9.118586000000000524e+00 2.112100000000000088e-02 2.843302630000000022e+02
6.400000000000000000e+03 4.150000000000000000e+03 -6.158000000000000000e+04 2.374744600000000005e+01 3.815400000000000041e-02 5.828087000000000018e+00 8.500000000000000611e-03 -2.303945000000000132e+00 7.786000000000000386e-03 1.000000000000000000e+00 9.153128000000000597e+00 2.267900000000000124e-02 3.000171599999999899e+02
6.400000000000000000e+03 4.150000000000000000e+03 -6.089000000000000000e+04 2.369707100000000111e+01 7.544299999999999617e-02 5.896650000000000169e+00 1.439600000000000081e-02 -2.260092000000000212e+00 1.065400000000000028e-02 1.000000000000000000e+00 9.126915999999999585e+00 3.413000000000000062e-02 3.157080569999999966e+02
6.400000000000000000e+03 4.150000000000000000e+03 -6.020000000000000000e+04 2.364310800000000157e+01 3.814900000000000235e-02 5.973798000000000386e+00 8.340999999999999456e-03 -2.242725000000000080e+00 7.398000000000000062e-03 1.000000000000000000e+00 9.163188999999999140e+00 2.171899999999999872e-02 3.314029550000000199e+02
6.400000000000000000e+03 4.150000000000000000e+03 -5.951000000000000000e+04 2.357828699999999955e+01 5.786600000000000077e-02 6.053179000000000087e+00 1.176899999999999995e-02 -2.240432000000000201e+00 1.068099999999999952e-02 1.000000000000000000e+00 9.150733999999999924e+00 2.387799999999999992e-02 3.470958529999999769e+02
6.400000000000000000e+03 4.150000000000000000e+03 -5.882000000000000000e+04 2.352466400000000135e+01 5.941300000000000053e-02 6.130423999999999651e+00 1.129699999999999975e-02 -2.223368999999999929e+00 1.004299999999999984e-02 1.000000000000000000e+00 9.134525999999999257e+00 2.160400000000000167e-02 3.627877500000000168e+02
6.400000000000000000e+03 4.150000000000000000e+03 -5.813000000000000000e+04 2.346796700000000158e+01 5.141899999999999943e-02 6.171533000000000158e+00 1.808399999999999938e-02 -2.196425000000000072e+00 1.113899999999999960e-02 1.000000000000000000e+00 9.151092000000000226e+00 2.480200000000000113e-02 3.784626470000000040e+02
6.400000000000000000e+03 4.150000000000000000e+03 -5.744000000000000000e+04 2.342491899999999916e+01 5.272199999999999803e-02 6.194079999999999586e+00 1.021900000000000065e-02 -2.190803999999999974e+00 1.026799999999999935e-02 1.000000000000000000e+00 9.136957999999999913e+00 3.267799999999999871e-02 3.941695450000000278e+02
6.400000000000000000e+03 4.150000000000000000e+03 -5.675000000000000000e+04 2.337697999999999965e+01 5.308600000000000124e-02 6.242652999999999786e+00 1.530300000000000063e-02 -2.180937999999999821e+00 8.949999999999999623e-03 1.000000000000000000e+00 9.126611000000000473e+00 2.510000000000000078e-02 4.098574419999999918e+02
6.400000000000000000e+03 4.150000000000000000e+03 -5.606000000000000000e+04 2.334172600000000131e+01 3.196800000000000336e-02 6.245280000000000165e+00 1.020100000000000000e-02 -2.167964000000000002e+00 1.100699999999999942e-02 1.000000000000000000e+00 9.156413000000000579e+00 2.394599999999999854e-02 4.255473400000000197e+02
6.400000000000000000e+03 4.150000000000000000e+03 -5.537000000000000000e+04 2.329382100000000122e+01 9.579600000000000615e-02 6.235610000000000319e+00 1.341000000000000004e-02 -2.139721999999999902e+00 1.352100000000000003e-02 1.000000000000000000e+00 9.136528999999999456e+00 3.362199999999999911e-02 4.412422379999999862e+02
6.400000000000000000e+03 4.150000000000000000e+03 -5.468000000000000000e+04 2.325172399999999939e+01 5.197000000000000230e-02 6.277363000000000248e+00 9.851000000000000381e-03 -2.135445999999999955e+00 8.704999999999999197e-03 1.000000000000000000e+00 9.152884000000000242e+00 2.221800000000000164e-02 4.569241349999999784e+02
6.400000000000000000e+03 4.150000000000000000e+03 -5.399000000000000000e+04 2.320730999999999966e+01 6.031899999999999762e-02 6.251114000000000281e+00 1.368300000000000072e-02 -2.112225000000000019e+00 1.180100000000000073e-02 1.000000000000000000e+00 9.136900999999999939e+00 3.030800000000000161e-02 4.726160320000000183e+02
6.400000000000000000e+03 4.150000000000000000e+03 -5.330000000000000000e+04 2.316062700000000163e+01 4.612299999999999733e-02 6.288922000000000345e+00 8.531000000000000388e-03 -2.097504999999999953e+00 8.319000000000000006e-03 1.000000000000000000e+00 9.152694000000000329e+00 2.294600000000000112e-02 4.883069300000000226e+02
6.400000000000000000e+03 4.150000000000000000e+03 -5.261000000000000000e+04 2.312307600000000107e+01 7.162999999999999923e-02 6.276044999999999874e+00 1.221700000000000043e-02 -2.089627000000000123e+00 1.095400000000000020e-02 1.000000000000000000e+00 9.148654999999999760e+00 3.030899999999999914e-02 5.039968269999999961e+02
6.400000000000000000e+03 4.150000000000000000e+03 -5.192000000000000000e+04 2.307180599999999870e+01 5.446600000000000052e-02 6.314230000000000231e+00 1.646600000000000147e-02 -2.055350999999999928e+00 1.125499999999999938e-02 1.000000000000000000e+00 9.145160000000000622e+00 2.323499999999999871e-02 5.196887249999999767e+02
6.400000000000000000e+03 4.150000000000000000e+03 -5.123000000000000000e+04 2.302555399999999963e+01 5.807899999999999868e-02 6.310247999999999635e+00 1.543100000000000027e-02 -2.051131999999999955e+00 1.639499999999999985e-02 1.000000000000000000e+00 9.127311999999999870e+00 2.825700000000000087e-02 5.353766219999999976e+02
6.400000000000000000e+03 4.150000000000000000e+03 -5.054000000000000000e+04 2.298011500000000140e+01 3.961300000000000238e-02 6.355723000000000233e+00 1.076599999999999953e-02 -2.049176000000000109e+00 8.833999999999999839e-03 1.000000000000000000e+00 9.149323000000000761e+00 2.418599999999999917e-02 5.510675189999999475e+02
6.400000000000000000e+03 4.150000000000000000e+03 -4.985000000000000000e+04 2.293873900000000177e+01 7.364700000000000413e-02 6.321824000000000332e+00 1.622799999999999937e-02 -2.008274000000000115e+00 1.137200000000000016e-02 1.000000000000000000e+00 9.129343000000000430e+00 2.294699999999999865e-02 5.667564170000000559e+02
6.400000000000000000e+03 4.150000000000000000e+03 -4.916000000000000000e+04 2.289660200000000145e+01 4.748499999999999943e-02 6.360942999999999792e+00 1.340900000000000078e-02 -1.999738999999999933e+00 7.341000000000000303e-03 1.000000000000000000e+00 9.160147000000000261e+00 2.177600000000000022e-02 5.824483139999999821e+02
6.400000000000000000e+03 4.150000000000000000e+03 -4.847000000000000000e+04 2.285654100000000000e+01 5.810699999999999893e-02 6.356778000000000262e+00 9.830000000000000196e-03 -1.978706999999999994e+00 1.119299999999999982e-02 1.000000000000000000e+00 9.142141000000000517e+00 2.854399999999999993e-02 5.981352110000000266e+02
6.400000000000000000e+03 4.150000000000000000e+03 -4.778000000000000000e+04 2.281068600000000046e+01 5.218300000000000022e-02 6.370606000000000435e+00 1.215100000000000034e-02 -1.951016000000000084e+00 1.321899999999999985e-02 1.000000000000000000e+00 9.154610999999999166e+00 1.833500000000000060e-02 6.138271089999999504e+02
6.400000000000000000e+03 4.150000000000000000e+03 -4.709000000000000000e+04 2.276827499999999915e+01 5.268799999999999872e-02 6.400299999999999656e+00 1.369599999999999984e-02 -1.942781000000000091e+00 1.429199999999999915e-02 1.000000000000000000e+00 9.146910000000000096e+00 2.281800000000000148e-02 6.295210070000000542e+02
6.400000000000000000e+03 4.150000000000000000e+03 -4.640000000000000000e+04 2.272431500000000071e+01 5.911799999999999694e-02 6.356217000000000006e+00 1.325499999999999942e-02 -1.940417999999999976e+00 8.000000000000000167e-03 1.000000000000000000e+00 9.134164000000000172e+00 2.801000000000000018e-02 6.452109040000000277e+02
6.400000000000000000e+03 4.150000000000000000e+03 -4.571000000000000000e+04 2.268280199999999880e+01 6.971499999999999919e-02 6.381307999999999758e+00 1.317499999999999921e-02 -1.928055000000000074e+00 1.139500000000000061e-02 1.000000000000000000e+00 9.130530000000000257e+00 2.749700000000000061e-02 6.609058019999999942e+02
6.400000000000000000e+03 4.150000000000000000e+03 -4.502000000000000000e+04 2.263774099999999834e+01 3.272599999999999815e-02 6.368901000000000145e+00 9.268999999999999462e-03 -1.935051000000000077e+00 9.090000000000000857e-03 1.000000000000000000e+00 9.148927000000000476e+00 2.552700000000000108e-02 6.765936990000000151e+02
6.400000000000000000e+03 4.150000000000000000e+03 -4.433000000000000000e+04 2.259657199999999833e+01 8.145700000000000163e-02 6.393877999999999950e+00 1.423999999999999919e-02 -1.898441000000000045e+00 9.934999999999999387e-03 1.000000000000000000e+00 9.155979000000000312e+00 2.559200000000000016e-02 6.922855960000000550e+02
6.400000000000000000e+03 4.150000000000000000e+03 -4.364000000000000000e+04 2.256715499999999963e+01 3.822600000000000303e-02 6.394993000000000372e+00 8.175999999999999240e-03 -1.841514000000000095e+00 8.642000000000000376e-03 1.000000000000000000e+00 9.176401999999999504e+00 3.233699999999999769e-02 7.079754940000000261e+02
6.400000000000000000e+03 4.150000000000000000e+03 -4.295000000000000000e+04 2.252020500000000069e+01 4.695099999999999968e-02 6.381026999999999560e+00 1.115200000000000045e-02 -1.859067999999999943e+00 1.264700000000000026e-02 1.000000000000000000e+00 9.166349999999999554e+00 1.890000000000000013e-02 7.236693920000000162e+02
6.400000000000000000e+03 4.150000000000000000e+03 -4.226000000000000000e+04 2.245683599999999913e+01 5.741700000000000276e-02 6.402569999999999872e+00 1.138899999999999982e-02 -1.867836000000000052e+00 1.114799999999999992e-02 1.000000000000000000e+00 9.146184999999999121e+00 2.526499999999999926e-02 7.393612890000000561e+02
6.400000000000000000e+03 4.150000000000000000e+03 -4.157000000000000000e+04 2.241353700000000160e+01 6.329100000000000004e-02 6.379351999999999911e+00 1.306500000000000022e-02 -1.844724999999999948e+00 1.109800000000000023e-02 1.000000000000000000e+00 9.144334999999999880e+00 2.861000000000000001e-02 7.550521860000000061e+02
6.400000000000000000e+03 4.150000000000000000e+03 -4.088000000000000000e+04 2.237734800000000135e+01 5.370599999999999680e-02 6.387235999999999692e+00 9.270999999999999727e-03 -1.824181000000000052e+00 1.061499999999999944e-02 1.000000000000000000e+00 9.144206000000000500e+00 2.687600000000000058e-02 7.707460839999999962e+02
6.400000000000000000e+03 4.150000000000000000e+03 -4.019000000000000000e+04 2.232989699999999900e+01 5.884600000000000247e-02 6.370389000000000301e+00 1.802000000000000129e-02 -1.805998999999999910e+00 1.287899999999999982e-02 1.000000000000000000e+00 9.134316000000000102e+00 2.980800000000000116e-02 7.864409819999999627e+02
6.400000000000000000e+03 4.150000000000000000e+03 -3.950000000000000000e+04 2.228411099999999934e+01 3.332999999999999852e-02 6.401328000000000351e+00 9.717999999999999208e-03 -1.805561999999999889e+00 1.046300000000000008e-02 1.000000000000000000e+00 9.158243999999999829e+00 1.662100000000000036e-02 8.021308790000000499e+02
6.400000000000000000e+03 4.150000000000000000e+03 -3.881000000000000000e+04 2.224192100000000138e+01 8.363900000000000501e-02 6.408000000000000362e+00 1.244100000000000067e-02 -1.779009000000000063e+00 1.178200000000000081e-02 1.000000000000000000e+00 9.149217999999999407e+00 2.273899999999999880e-02 8.178217769999999973e+02
6.400000000000000000e+03 4.150000000000000000e+03 -3.812000000000000000e+04 2.219277400000000000e+01 4.737100000000000338e-02 6.395936999999999983e+00 9.346000000000000141e-03 -1.769268999999999981e+00 8.255999999999999450e-03 1.000000000000000000e+00 9.170011999999999830e+00 2.631700000000000012e-02 8.335076739999999518e+02
6.400000000000000000e+03 4.150000000000000000e+03 -3.743000000000000000e+04 2.214972300000000160e+01 7.199700000000000544e-02 6.397446000000000410e+00 1.304600000000000030e-02 -1.730372999999999939e+00 1.035299999999999936e-02 1.000000000000000000e+00 9.145464999999999733e+00 2.479999999999999913e-02 8.491945709999999963e+02
6.400000000000000000e+03 4.150000000000000000e+03 -3.674000000000000000e+04 2.210412699999999830e+01 4.757000000000000117e-02 6.406385000000000218e+00 1.835499999999999979e-02 -1.726271000000000111e+00 1.123799999999999973e-02 1.000000000000000000e+00 9.150114000000000303e+00 2.668999999999999845e-02 8.648884689999999864e+02
6.400000000000000000e+03 4.150000000000000000e+03 -3.605000000000000000e+04 2.205380600000000157e+01 6.203999999999999793e-02 6.413497999999999699e+00 1.469600000000000073e-02 -1.746609000000000078e+00 1.200500000000000005e-02 1.000000000000000000e+00 9.157901000000000735e+00 2.231100000000000097e-02 8.805793660000000500e+02
6.400000000000000000e+03 4.150000000000000000e+03 -3.536000000000000000e+04 2.200445900000000066e+01 6.159499999999999698e-02 6.433735000000000426e+00 8.699999999999999400e-03 -1.708727000000000107e+00 9.629999999999999671e-03 1.000000000000000000e+00 9.151386999999999716e+00 2.405799999999999952e-02 8.962682630000000472e+02
6.400000000000000000e+03 4.150000000000000000e+03 -3.467000000000000000e+04 2.196380699999999919e+01 7.411800000000000332e-02 6.390513000000000332e+00 1.332200000000000051e-02 -1.678469999999999906e+00 9.516999999999999418e-03 1.000000000000000000e+00 9.145727000000000828e+00 2.366599999999999954e-02 9.119551609999999755e+02
6.400000000000000000e+03 4.150000000000000000e+03 -3.398000000000000000e+04 2.194544899999999998e+01 4.977899999999999686e-02 6.400883999999999574e+00 1.009799999999999934e-02 -1.668755999999999906e+00 1.453899999999999984e-02 1.000000000000000000e+00 9.193687000000000609e+00 2.415300000000000086e-02 9.276450579999999491e+02
6.400000000000000000e+03 4.150000000000000000e+03 -3.329000000000000000e+04 2.198046599999999984e+01 6.515100000000000058e-02 6.435624999999999929e+00 1.359800000000000071e-02 -1.640398000000000023e+00 1.714900000000000105e-02 1.000000000000000000e+00 9.265079000000000065e+00 2.930200000000000166e-02 9.433369559999999865e+02
6.400000000000000000e+03 4.150000000000000000e+03 -3.260000000000000000e+04 2.186229300000000109e+01 4.831499999999999684e-02 6.438394999999999868e+00 8.972000000000000808e-03 -1.645728999999999997e+00 9.475000000000000783e-03 1.000000000000000000e+00 9.214791999999999206e+00 2.123699999999999893e-02 9.590248530000000073e+02
6.400000000000000000e+03 4.150000000000000000e+03 -3.191000000000000000e+04 2.175980399999999904e+01 5.668800000000000228e-02 6.441402000000000072e+00 1.301300000000000026e-02 -1.623304999999999998e+00 1.385600000000000026e-02 1.000000000000000000e+00 9.134797999999999973e+00 2.521699999999999983e-02 9.747157509999999547e+02
6.400000000000000000e+03 4.150000000000000000e+03 -3.122000000000000000e+04 2.170056999999999903e+01 5.006300000000000333e-02 6.461089000000000304e+00 8.930999999999999703e-03 -1.605965000000000087e+00 8.486999999999999753e-03 1.000000000000000000e+00 9.144921000000000078e+00 1.932100000000000137e-02 9.904056480000000420e+02
6.400000000000000000e+03 4.150000000000000000e+03 -3.053000000000000000e+04 2.168735600000000119e+01 7.558099999999999541e-02 6.386631000000000391e+00 1.384499999999999967e-02 -1.582592999999999916e+00 2.496999999999999914e-02 1.000000000000000000e+00 9.179520999999999376e+00 4.142200000000000049e-02 1.006104546000000028e+03
6.400000000000000000e+03 4.150000000000000000e+03 -2.984000000000000000e+04 2.164957100000000167e+01 4.176900000000000057e-02 6.419478999999999935e+00 8.540000000000000716e-03 -1.558813999999999922e+00 1.389100000000000057e-02 1.000000000000000000e+00 9.186740000000000350e+00 4.222499999999999865e-02 1.021793443000000025e+03
6.400000000000000000e+03 4.150000000000000000e+03 -2.915000000000000000e+04 2.159739000000000075e+01 7.760799999999999643e-02 6.461853999999999765e+00 1.298400000000000075e-02 -1.515735999999999972e+00 1.097099999999999985e-02 1.000000000000000000e+00 9.175563000000000358e+00 4.044099999999999778e-02 1.037486341000000039e+03
6.400000000000000000e+03 4.150000000000000000e+03 -2.846000000000000000e+04 2.155510999999999910e+01 3.732599999999999807e-02 6.453272000000000119e+00 8.259999999999999981e-03 -1.522130999999999901e+00 9.752999999999999517e-03 1.000000000000000000e+00 9.200844999999999274e+00 2.554000000000000020e-02 1.053178237999999965e+03
6.400000000000000000e+03 4.150000000000000000e+03 -2.777000000000000000e+04 2.150302599999999842e+01 6.303999999999999881e-02 6.450915000000000177e+00 1.988200000000000037e-02 -1.509379999999999944e+00 1.198100000000000033e-02 1.000000000000000000e+00 9.185085000000000832e+00 2.165900000000000117e-02 1.068869136000000026e+03
6.400000000000000000e+03 4.150000000000000000e+03 -2.708000000000000000e+04 2.144683600000000112e+01 4.733199999999999907e-02 6.441525999999999641e+00 7.624999999999999833e-03 -1.509393999999999902e+00 8.132999999999999605e-03 1.000000000000000000e+00 9.200029000000000678e+00 2.388900000000000051e-02 1.084561032999999952e+03
6.400000000000000000e+03 4.150000000000000000e+03 -2.639000000000000000e+04 2.139735900000000157e+01 4.665799999999999809e-02 6.443111000000000033e+00 1.158499999999999981e-02 -1.496056000000000052e+00 1.288500000000000062e-02 1.000000000000000000e+00 9.187364999999999782e+00 2.767899999999999874e-02 1.100249931000000061e+03
6.400000000000000000e+03 4.150000000000000000e+03 -2.570000000000000000e+04 2.134897000000000133e+01 5.065999999999999670e-02 6.480893000000000015e+00 8.795999999999999999e-03 -1.478749000000000091e+00 7.781999999999999855e-03 1.000000000000000000e+00 9.185238000000000014e+00 2.826700000000000046e-02 1.115943827999999939e+03
6.400000000000000000e+03 4.150000000000000000e+03 -2.501000000000000000e+04 2.130220699999999923e+01 6.569400000000000239e-02 6.440764999999999851e+00 1.608000000000000054e-02 -1.467332999999999998e+00 1.150900000000000013e-02 1.000000000000000000e+00 9.183797999999999462e+00 2.460800000000000140e-02 1.131634726000000001e+03
6.400000000000000000e+03 4.150000000000000000e+03 -2.432000000000000000e+04 2.124726199999999920e+01 7.011199999999999377e-02 6.471053000000000388e+00 1.312999999999999931e-02 -1.453367999999999993e+00 1.025900000000000076e-02 1.000000000000000000e+00 9.190082999999999558e+00 2.354200000000000043e-02 1.147328623000000107e+03
6.400000000000000000e+03 4.150000000000000000e+03 -2.363000000000000000e+04 2.119037199999999999e+01 8.122200000000000253e-02 6.489126999999999867e+00 1.503499999999999975e-02 -1.423410000000000064e+00 1.115499999999999999e-02 1.000000000000000000e+00 9.186597000000000790e+00 3.394199999999999995e-02 1.163020520999999917e+03
6.400000000000000000e+03 4.150000000000000000e+03 -2.294000000000000000e+04 2.114309400000000139e+01 3.698900000000000104e-02 6.487410999999999817e+00 9.901999999999999344e-03 -1.393105999999999955e+00 5.516000000000000070e-03 1.000000000000000000e+00 9.190426000000000428e+00 3.019900000000000015e-02 1.178707417999999961e+03
6.400000000000000000e+03 4.150000000000000000e+03 -2.225000000000000000e+04 2.109200500000000034e+01 6.860600000000000032e-02 6.490555999999999770e+00 1.554999999999999959e-02 -1.389885000000000037e+00 1.446599999999999969e-02 1.000000000000000000e+00 9.182681999999999789e+00 2.385100000000000067e-02 1.194398316000000023e+03
6.400000000000000000e+03 4.150000000000000000e+03 -2.156000000000000000e+04 2.103665300000000116e+01 3.590200000000000335e-02 6.506817999999999991e+00 1.044899999999999995e-02 -1.367907999999999902e+00 9.020999999999999505e-03 1.000000000000000000e+00 9.200511000000000550e+00 2.591299999999999853e-02 1.210088212999999996e+03
6.400000000000000000e+03 4.150000000000000000e+03 -2.087000000000000000e+04 2.099141499999999994e+01 5.488599999999999729e-02 6.522999999999999687e+00 1.672799999999999981e-02 -1.343077999999999994e+00 1.719599999999999948e-02 1.000000000000000000e+00 9.183588000000000306e+00 2.217099999999999974e-02 1.225780109999999922e+03
6.400000000000000000e+03 4.150000000000000000e+03 -2.018000000000000000e+04 2.093255500000000069e+01 4.203099999999999892e-02 6.510418999999999734e+00 1.260299999999999962e-02 -1.325541000000000080e+00 8.120000000000000481e-03 1.000000000000000000e+00 9.193391999999999342e+00 2.548900000000000124e-02 1.241474007999999912e+03
6.400000000000000000e+03 4.150000000000000000e+03 -1.949000000000000000e+04 2.088099199999999911e+01 5.011000000000000176e-02 6.534168000000000198e+00 1.164800000000000037e-02 -1.306845999999999952e+00 1.357099999999999973e-02 1.000000000000000000e+00 9.195099000000000800e+00 1.847100000000000131e-02 1.257162906000000021e+03
6.400000000000000000e+03 4.150000000000000000e+03 -1.880000000000000000e+04 2.083009600000000106e+01 5.911299999999999888e-02 6.512959000000000387e+00 1.144399999999999931e-02 -1.298283999999999994e+00 7.001000000000000278e-03 1.000000000000000000e+00 9.189935000000000187e+00 2.673299999999999982e-02 1.272852802999999994e+03
6.400000000000000000e+03 4.150000000000000000e+03 -1.811000000000000000e+04 2.078095599999999976e+01 7.302899999999999670e-02 6.542038999999999938e+00 1.634499999999999842e-02 -1.290810999999999931e+00 1.407500000000000070e-02 1.000000000000000000e+00 9.163798999999999140e+00 1.846199999999999924e-02 1.288542699999999968e+03
6.400000000000000000e+03 4.150000000000000000e+03 -1.742000000000000000e+04 2.072755400000000137e+01 4.348899999999999988e-02 6.524734999999999729e+00 6.693000000000000164e-03 -1.271587999999999941e+00 8.000000000000000167e-03 1.000000000000000000e+00 9.195370999999999739e+00 2.928100000000000147e-02 1.304236597999999958e+03
6.400000000000000000e+03 4.150000000000000000e+03 -1.673000000000000000e+04 2.067553300000000149e+01 8.151400000000000312e-02 6.567880999999999858e+00 1.475100000000000022e-02 -1.258717000000000086e+00 9.005000000000000851e-03 1.000000000000000000e+00 9.171208999999999278e+00 2.758100000000000135e-02 1.319928495000000112e+03
6.400000000000000000e+03 4.150000000000000000e+03 -1.604000000000000000e+04 2.061857900000000043e+01 3.911400000000000293e-02 6.567313000000000400e+00 7.379000000000000142e-03 -1.241357000000000044e+00 9.098000000000000184e-03 1.000000000000000000e+00 9.200314999999999799e+00 2.276099999999999998e-02 1.335619392999999945e+03
6.400000000000000000e+03 4.150000000000000000e+03 -1.535000000000000000e+04 2.057037700000000058e+01 7.163700000000000623e-02 6.576893000000000100e+00 1.623499999999999943e-02 -1.216205999999999898e+00 1.281200000000000047e-02 1.000000000000000000e+00 9.196711000000000524e+00 2.485100000000000156e-02 1.351309289999999919e+03
6.400000000000000000e+03 4.150000000000000000e+03 -1.466000000000000000e+04 2.049941400000000158e+01 5.629200000000000176e-02 6.569729999999999848e+00 9.031000000000000832e-03 -1.186482000000000037e+00 1.244999999999999926e-02 1.000000000000000000e+00 9.178914999999999935e+00 2.744800000000000018e-02 1.366999188000000004e+03
6.400000000000000000e+03 4.150000000000000000e+03 -1.397000000000000000e+04 2.044828499999999849e+01 8.506299999999999972e-02 6.592920999999999587e+00 1.477200000000000041e-02 -1.182587000000000055e+00 1.670299999999999910e-02 1.000000000000000000e+00 9.179648999999999504e+00 3.026500000000000024e-02 1.382692084999999906e+03
6.400000000000000000e+03 4.150000000000000000e+03 -1.328000000000000000e+04 2.039363399999999871e+01 5.009700000000000264e-02 6.568667999999999729e+00 1.361899999999999916e-02 -1.156735000000000069e+00 1.160800000000000026e-02 1.000000000000000000e+00 9.180808000000000746e+00 2.357899999999999927e-02 1.398381982999999991e+03
6.400000000000000000e+03 4.150000000000000000e+03 -1.259000000000000000e+04 2.033561600000000169e+01 6.982599999999999918e-02 6.584950000000000081e+00 1.689399999999999930e-02 -1.123089999999999922e+00 1.516299999999999940e-02 1.000000000000000000e+00 9.173740999999999701e+00 2.561300000000000035e-02 1.414072879999999941e+03
6.400000000000000000e+03 4.150000000000000000e+03 -1.190000000000000000e+04 2.028176600000000107e+01 3.353400000000000131e-02 6.579563000000000272e+00 9.714999999999999677e-03 -1.111631000000000036e+00 1.232499999999999915e-02 1.000000000000000000e+00 9.177132000000000289e+00 2.098600000000000118e-02 1.429764777999999978e+03
6.400000000000000000e+03 4.150000000000000000e+03 -1.121000000000000000e+04 2.023466499999999968e+01 8.644100000000000394e-02 6.588866000000000334e+00 1.346600000000000054e-02 -1.059814000000000034e+00 1.764699999999999949e-02 1.000000000000000000e+00 9.163183999999999330e+00 2.925000000000000169e-02 1.445449675000000070e+03
6.400000000000000000e+03 4.150000000000000000e+03 -1.052000000000000000e+04 2.017445400000000078e+01 5.849900000000000239e-02 6.618699999999999584e+00 1.064499999999999995e-02 -1.060769000000000073e+00 1.025000000000000043e-02 1.000000000000000000e+00 9.198107999999999507e+00 2.152199999999999946e-02 1.461137572000000091e+03
6.400000000000000000e+03 4.150000000000000000e+03 -9.830000000000000000e+03 2.011450599999999866e+01 6.862300000000000344e-02 6.588445000000000107e+00 1.851699999999999874e-02 -1.045317999999999969e+00 1.343699999999999929e-02 1.000000000000000000e+00 9.181352000000000402e+00 1.927500000000000047e-02 1.476828469999999925e+03
6.400000000000000000e+03 4.150000000000000000e+03 -9.140000000000000000e+03 2.006294899999999970e+01 7.096199999999999730e-02 6.636180000000000412e+00 9.471000000000000252e-03 -1.013147000000000020e+00 1.186199999999999928e-02 1.000000000000000000e+00 9.172053000000000011e+00 2.872900000000000106e-02 1.492519367000000102e+03
6.400000000000000000e+03 4.150000000000000000e+03 -8.450000000000000000e+03 2.000089200000000034e+01 9.021700000000000552e-02 6.636908000000000030e+00 2.110700000000000076e-02 -1.017109000000000041e+00 1.546800000000000085e-02 1.000000000000000000e+00 9.192047000000000523e+00 2.739700000000000121e-02 1.508214265000000069e+03
6.400000000000000000e+03 4.150000000000000000e+03 -7.760000000000000000e+03 1.994195799999999963e+01 6.373900000000000399e-02 6.674110999999999905e+00 1.572700000000000140e-02 -9.936909999999999910e-01 1.269299999999999942e-02 1.000000000000000000e+00 9.180044999999999789e+00 2.439600000000000102e-02 1.523907163000000082e+03
6.400000000000000000e+03 4.150000000000000000e+03 -7.070000000000000000e+03 1.988713399999999965e+01 6.703299999999999537e-02 6.668359999999999843e+00 2.904299999999999937e-02 -9.510729999999999462e-01 1.443499999999999991e-02 1.000000000000000000e+00 9.187015999999999849e+00 2.951900000000000010e-02 1.539601059999999961e+03
6.400000000000000000e+03 4.150000000000000000e+03 -6.380000000000000000e+03 1.982603500000000096e+01 6.099399999999999961e-02 6.682191999999999688e+00 1.408099999999999977e-02 -9.437969999999999970e-01 1.409900000000000042e-02 1.000000000000000000e+00 9.184927999999999315e+00 1.770599999999999952e-02 1.555290956999999935e+03
6.400000000000000000e+03 4.150000000000000000e+03 -5.690000000000000000e+03 1.976859699999999975e+01 1.227919999999999984e-01 6.731466000000000172e+00 2.338700000000000154e-02 -9.013919999999999710e-01 2.245000000000000120e-02 1.000000000000000000e+00 9.183149000000000228e+00 2.620300000000000060e-02 1.570981854999999996e+03
6.400000000000000000e+03 4.150000000000000000e+03 -5.000000000000000000e+03 1.970188599999999823e+01 5.100299999999999973e-02 6.742651000000000394e+00 1.228100000000000025e-02 -8.719959999999999933e-01 1.185899999999999975e-02 1.000000000000000000e+00 9.195356000000000307e+00 2.138599999999999876e-02 1.586673751999999922e+03
