0.000000000000000000e+00 4.030000000000000000e+03 -7.000000000000000000e+04 2.024569066535221395e+01 5.766134010675681015e-02 6.157403779855150638e+00 9.218340595245037503e-03 -1.301016867482332806e+00 1.030818353362882890e-02 1.000000000000000000e+00 1.370043599999999984e+01 2.227399999999999866e-02 1.426881599999999928e+01
0.000000000000000000e+00 4.030000000000000000e+03 -7.000000000000000000e+04 2.026711851399425868e+01 5.922240310881796144e-02 6.034685382593086622e+00 1.382058355920520905e-02 -1.255007806961560224e+00 8.637071384427420090e-03 1.000000000000000000e+00 1.367080200000000012e+01 2.006399999999999850e-02 4.988625329999999849e+02
0.000000000000000000e+00 4.030000000000000000e+03 -7.000000000000000000e+04 2.022373081032091591e+01 3.938528114553122017e-02 6.051758858003810637e+00 1.000007845315526410e-02 -1.278631916264417523e+00 2.296843296827633107e-02 1.000000000000000000e+00 1.359273499999999935e+01 4.208200000000000135e-02 5.195597169999999778e+02
0.000000000000000000e+00 4.030000000000000000e+03 -7.000000000000000000e+04 2.027775825908600638e+01 7.327109237609752412e-02 6.020634741931564449e+00 9.450886578484652897e-03 -1.259486960384178955e+00 1.020226415527457006e-02 1.000000000000000000e+00 1.368009099999999911e+01 2.348199999999999940e-02 1.004166434999999979e+03
0.000000000000000000e+00 4.030000000000000000e+03 -7.000000000000000000e+04 2.023664334435631318e+01 5.431197010912903328e-02 6.009424370261598369e+00 9.063496294209261867e-03 -1.260851507118698978e+00 2.326303331016680090e-02 1.000000000000000000e+00 1.357831099999999935e+01 4.498200000000000115e-02 1.024856618000000026e+03
0.000000000000000000e+00 4.030000000000000000e+03 -6.650000000000000000e+04 2.006973559244666561e+01 5.652241243616870636e-02 6.185484757476899631e+00 1.234952368306859241e-02 -9.719054904857158395e-01 1.159269542414396656e-02 1.000000000000000000e+00 1.365460500000000010e+01 1.823999999999999927e-02 3.758314899999999881e+01
0.000000000000000000e+00 4.030000000000000000e+03 -6.650000000000000000e+04 2.007497079225511172e+01 5.667527561626093530e-02 6.100594240686350034e+00 1.206802472829134401e-02 -9.524706026291048788e-01 9.022548973444672119e-03 1.000000000000000000e+00 1.366628200000000071e+01 1.721400000000000013e-02 4.756672060000000215e+02
0.000000000000000000e+00 4.030000000000000000e+03 -6.650000000000000000e+04 2.009974062736624489e+01 6.085787578425565225e-02 6.087327169510323266e+00 9.436667689542405091e-03 -9.690802533171092303e-01 1.069242254801296144e-02 1.000000000000000000e+00 1.367258999999999958e+01 2.003100000000000019e-02 5.427600439999999935e+02
0.000000000000000000e+00 4.030000000000000000e+03 -6.650000000000000000e+04 2.008637549648677734e+01 6.327370188386810534e-02 6.053149020405328429e+00 9.098555048730550335e-03 -9.627710037316634661e-01 1.052077254466647627e-02 1.000000000000000000e+00 1.366347599999999929e+01 1.858800000000000036e-02 9.809731080000000247e+02
0.000000000000000000e+00 4.030000000000000000e+03 -6.650000000000000000e+04 2.010887368852811363e+01 6.310835307366617630e-02 6.027192569281289991e+00 1.282664427231589369e-02 -9.583911046555961821e-01 9.220323749248417536e-03 1.000000000000000000e+00 1.369040700000000044e+01 2.359299999999999939e-02 1.048051944999999932e+03
0.000000000000000000e+00 4.030000000000000000e+03 -6.300000000000000000e+04 1.986248228917014913e+01 3.420604631696305686e-02 6.223237396350251416e+00 7.064184726906750332e-03 -8.288225894525381721e-01 7.877433306979859592e-03 1.000000000000000000e+00 1.366517400000000038e+01 1.593400000000000025e-02 6.076747600000000205e+01
0.000000000000000000e+00 4.030000000000000000e+03 -6.300000000000000000e+04 1.985999680785529620e+01 4.912399706816202721e-02 6.137858270094236346e+00 6.766132085491892434e-03 -8.033656676552545228e-01 9.371526537810476523e-03 1.000000000000000000e+00 1.367517299999999913e+01 1.964099999999999874e-02 4.524798799999999801e+02
0.000000000000000000e+00 4.030000000000000000e+03 -6.300000000000000000e+04 1.989109967996924055e+01 4.980293835821493487e-02 6.137846968629326661e+00 8.632391677450014164e-03 -8.069872469434362650e-01 9.294626555969581413e-03 1.000000000000000000e+00 1.368765999999999927e+01 1.795599999999999974e-02 5.659593710000000328e+02
0.000000000000000000e+00 4.030000000000000000e+03 -6.300000000000000000e+04 1.987789063720714822e+01 4.048430361340912831e-02 6.107106792579426902e+00 8.373113233312579062e-03 -7.911106213973598811e-01 9.248711787023893710e-03 1.000000000000000000e+00 1.370524400000000043e+01 1.820499999999999896e-02 9.577847819999999501e+02
0.000000000000000000e+00 4.030000000000000000e+03 -6.300000000000000000e+04 1.989971398781046474e+01 4.913603694939081695e-02 6.114892702274346448e+00 7.216711390249909430e-03 -8.393731271618471990e-01 5.587357480771848808e-03 1.000000000000000000e+00 1.368749099999999963e+01 1.888199999999999948e-02 1.071238270999999941e+03
0.000000000000000000e+00 4.030000000000000000e+03 -5.950000000000000000e+04 1.965546594907283406e+01 3.344531564202760793e-02 6.219554983869694631e+00 1.078160601810689012e-02 -6.897992628737470433e-01 1.144987839566277005e-02 1.000000000000000000e+00 1.368113899999999994e+01 1.772100000000000064e-02 8.395780200000000093e+01
0.000000000000000000e+00 4.030000000000000000e+03 -5.950000000000000000e+04 1.964234475168344929e+01 5.523368994306234597e-02 6.178915461156305966e+00 1.054722352621036488e-02 -6.843117337670429068e-01 1.003300150312999399e-02 1.000000000000000000e+00 1.366791599999999995e+01 1.766099999999999962e-02 4.292925539999999955e+02
0.000000000000000000e+00 4.030000000000000000e+03 -5.950000000000000000e+04 1.966948649360326229e+01 4.434449376469447313e-02 6.178278547721139269e+00 8.525793171806718418e-03 -6.878750872205083855e-01 8.382308485408244622e-03 1.000000000000000000e+00 1.368410899999999941e+01 2.162999999999999992e-02 5.891586979999999585e+02
0.000000000000000000e+00 4.030000000000000000e+03 -5.950000000000000000e+04 1.965160711926354509e+01 4.247928289365496962e-02 6.141039445997169999e+00 7.957343051632171163e-03 -6.691405743362017766e-01 9.057937811636459710e-03 1.000000000000000000e+00 1.367628099999999947e+01 1.989300000000000096e-02 9.345974559999999656e+02
0.000000000000000000e+00 4.030000000000000000e+03 -5.950000000000000000e+04 1.966893339307629773e+01 4.197975281782788393e-02 6.162726115492962009e+00 9.190906236345861707e-03 -6.822092683392698698e-01 1.084554364284107467e-02 1.000000000000000000e+00 1.369122699999999959e+01 1.786799999999999847e-02 1.094427597999999989e+03
0.000000000000000000e+00 4.030000000000000000e+03 -5.600000000000000000e+04 1.944047330014099728e+01 5.603629098666750019e-02 6.231349568098417002e+00 1.043259188985145268e-02 -5.601422830340735404e-01 1.001509799838886695e-02 1.000000000000000000e+00 1.366544299999999978e+01 2.774799999999999836e-02 1.071461280000000045e+02
0.000000000000000000e+00 4.030000000000000000e+03 -5.600000000000000000e+04 1.942162784048207769e+01 6.699530193693463420e-02 6.204023136050929033e+00 1.154276686369932851e-02 -5.291660207224586632e-01 9.580687945510285575e-03 1.000000000000000000e+00 1.367227199999999954e+01 2.236799999999999899e-02 4.061012269999999944e+02
0.000000000000000000e+00 4.030000000000000000e+03 -5.600000000000000000e+04 1.945530521782167810e+01 4.836481483107871876e-02 6.203095578499248752e+00 9.797796821380164514e-03 -5.279846700063072218e-01 9.536406073695701327e-03 1.000000000000000000e+00 1.368172000000000033e+01 1.378399999999999938e-02 6.123590249999999742e+02
0.000000000000000000e+00 4.030000000000000000e+03 -5.600000000000000000e+04 1.943486730780995586e+01 4.269617941186048399e-02 6.178406558120257408e+00 1.255935835800541661e-02 -5.444791889771269933e-01 1.146150850740954019e-02 1.000000000000000000e+00 1.367553099999999944e+01 2.172200000000000172e-02 9.114061289999999644e+02
0.000000000000000000e+00 4.030000000000000000e+03 -5.600000000000000000e+04 1.944556436205805383e+01 5.638706212578952631e-02 6.221851771284862664e+00 1.000247205872275072e-02 -5.417464677152281638e-01 1.165965979507221049e-02 1.000000000000000000e+00 1.364920500000000025e+01 2.059899999999999926e-02 1.117621924000000035e+03
0.000000000000000000e+00 4.030000000000000000e+03 -5.250000000000000000e+04 1.922477682093880702e+01 5.142036097443541953e-02 6.245766613213364238e+00 9.747512015253553472e-03 -4.232694240483242387e-01 1.056044505554790472e-02 1.000000000000000000e+00 1.366350599999999993e+01 3.242699999999999749e-02 1.303394549999999867e+02
0.000000000000000000e+00 4.030000000000000000e+03 -5.250000000000000000e+04 1.920072052711508803e+01 5.436459459735921984e-02 6.249601340445138042e+00 6.941675958721383113e-03 -3.909970411098945831e-01 1.258825683519723161e-02 1.000000000000000000e+00 1.368174499999999938e+01 2.145199999999999885e-02 3.829129009999999766e+02
0.000000000000000000e+00 4.030000000000000000e+03 -5.250000000000000000e+04 1.923942757469867360e+01 4.320201952587736371e-02 6.241250869868281370e+00 1.296164962161782362e-02 -4.329642787305285068e-01 8.170261989197489388e-03 1.000000000000000000e+00 1.367481500000000061e+01 2.590500000000000094e-02 6.355603519999999662e+02
0.000000000000000000e+00 4.030000000000000000e+03 -5.250000000000000000e+04 1.920904992895554741e+01 6.178474194021935095e-02 6.223500379600245935e+00 1.145168256751613427e-02 -4.051303792489707734e-01 9.316091817567486236e-03 1.000000000000000000e+00 1.368383599999999944e+01 2.000800000000000148e-02 8.882188029999999799e+02
0.000000000000000000e+00 4.030000000000000000e+03 -5.250000000000000000e+04 1.922866258518174831e+01 5.576944882482219590e-02 6.222484596269324264e+00 1.063759064855200609e-02 -4.085048512043250590e-01 9.203358081123267850e-03 1.000000000000000000e+00 1.366946100000000008e+01 1.845799999999999871e-02 1.140809250000000020e+03
0.000000000000000000e+00 4.030000000000000000e+03 -4.900000000000000000e+04 1.899924459761604112e+01 4.308102649037545001e-02 6.258269978390596400e+00 8.133885050684151741e-03 -2.872320892635919498e-01 8.719081632707932975e-03 1.000000000000000000e+00 1.366731000000000051e+01 1.770499999999999852e-02 1.535267809999999997e+02
0.000000000000000000e+00 4.030000000000000000e+03 -4.900000000000000000e+04 1.897727523333242416e+01 4.096469613620699196e-02 6.268362684509072302e+00 1.130540764456106941e-02 -2.378268627973575688e-01 7.415244935841821226e-03 1.000000000000000000e+00 1.367879399999999990e+01 1.960900000000000143e-02 3.597245750000000157e+02
0.000000000000000000e+00 4.030000000000000000e+03 -4.900000000000000000e+04 1.901648235294484479e+01 4.715905171857651124e-02 6.220439838367833651e+00 7.836244609727592222e-03 -2.769675961888055649e-01 6.848246521639028521e-03 1.000000000000000000e+00 1.370124500000000012e+01 1.483100000000000043e-02 6.587636790000000246e+02
0.000000000000000000e+00 4.030000000000000000e+03 -4.900000000000000000e+04 1.899083731725756508e+01 4.801348284188449583e-02 6.229090727017016604e+00 6.583296367843942572e-03 -2.571124011966241518e-01 6.813382663933952726e-03 1.000000000000000000e+00 1.368495799999999996e+01 1.806500000000000120e-02 8.650254760000000260e+02
0.000000000000000000e+00 4.030000000000000000e+03 -4.900000000000000000e+04 1.900403047203782947e+01 4.446977860587413706e-02 6.223572980620040163e+00 1.037778365003717840e-02 -2.498587213965008380e-01 6.202203500173106808e-03 1.000000000000000000e+00 1.368671699999999980e+01 2.033300000000000038e-02 1.163999577000000045e+03
0.000000000000000000e+00 4.030000000000000000e+03 -4.550000000000000000e+04 1.876962372429519377e+01 3.877491871175480637e-02 6.270960548122970657e+00 7.246992156743227616e-03 -1.366351444000222792e-01 9.618491855634573456e-03 1.000000000000000000e+00 1.367113999999999940e+01 2.108099999999999904e-02 1.767171069999999986e+02
0.000000000000000000e+00 4.030000000000000000e+03 -4.550000000000000000e+04 1.874689144501618188e+01 4.018932309101373723e-02 6.263822952504981778e+00 1.224157277032976270e-02 -1.027671729288061886e-01 7.621098778708402209e-03 1.000000000000000000e+00 1.368285700000000027e+01 1.853700000000000139e-02 3.365312480000000050e+02
0.000000000000000000e+00 4.030000000000000000e+03 -4.550000000000000000e+04 1.878204202314688231e+01 4.157195715653779627e-02 6.265263000012875949e+00 9.274427862585948867e-03 -1.409411841308353674e-01 9.314797904231463671e-03 1.000000000000000000e+00 1.367888400000000004e+01 2.017800000000000149e-02 6.819660059999999930e+02
0.000000000000000000e+00 4.030000000000000000e+03 -4.550000000000000000e+04 1.875192682909301212e+01 4.682470054382136676e-02 6.215766622424848897e+00 1.058218112511803699e-02 -1.078361159574984240e-01 9.555246287597756252e-03 1.000000000000000000e+00 1.368468999999999980e+01 2.141300000000000148e-02 8.418391500000000178e+02
0.000000000000000000e+00 4.030000000000000000e+03 -4.550000000000000000e+04 1.877304155418255505e+01 4.682053683553597662e-02 6.242009709558008268e+00 9.756472446227171941e-03 -1.241846400228227704e-01 8.107680422798423797e-03 1.000000000000000000e+00 1.367476100000000017e+01 1.956499999999999906e-02 1.187191902999999911e+03
0.000000000000000000e+00 4.030000000000000000e+03 -4.200000000000000000e+04 1.853750146549481315e+01 5.287172193681809879e-02 6.260518192580575736e+00 1.007711293524629972e-02 8.169620570385453112e-03 8.354333565645990362e-03 1.000000000000000000e+00 1.364986099999999958e+01 2.725999999999999951e-02 1.999124339999999904e+02
0.000000000000000000e+00 4.030000000000000000e+03 -4.200000000000000000e+04 1.850946025400451944e+01 6.957417300224513768e-02 6.276968059887664708e+00 1.206606060146327326e-02 1.825784661541896350e-02 1.062954202284740850e-02 1.000000000000000000e+00 1.366384799999999977e+01 2.253300000000000095e-02 3.133419220000000109e+02
0.000000000000000000e+00 4.030000000000000000e+03 -4.200000000000000000e+04 1.854271242972265554e+01 5.844309396153449243e-02 6.266328051296550683e+00 1.001595075020181302e-02 8.921175303275453300e-03 1.105303798838954896e-02 1.000000000000000000e+00 1.367226699999999973e+01 2.592399999999999913e-02 7.051653330000000324e+02
0.000000000000000000e+00 4.030000000000000000e+03 -4.200000000000000000e+04 1.851879867383524925e+01 5.676624692884135043e-02 6.260543104762250621e+00 1.212976833508735280e-02 2.619297063418118618e-02 9.897227023309218899e-03 1.000000000000000000e+00 1.366174200000000027e+01 2.144100000000000172e-02 8.186478240000000142e+02
0.000000000000000000e+00 4.030000000000000000e+03 -4.200000000000000000e+04 1.854136547293883197e+01 7.135276316766457627e-02 6.216892323603046222e+00 7.404314697943712754e-03 4.834755741317715155e-03 8.485034719609825526e-03 1.000000000000000000e+00 1.367994099999999946e+01 1.812599999999999975e-02 1.210381229000000076e+03
0.000000000000000000e+00 4.030000000000000000e+03 -3.850000000000000000e+04 1.829229658313204965e+01 5.935481282395670827e-02 6.283601186547276285e+00 1.099606396083863645e-02 1.392011136703188157e-01 8.857973696179622519e-03 1.000000000000000000e+00 1.364236600000000088e+01 2.484400000000000150e-02 2.230997610000000009e+02
0.000000000000000000e+00 4.030000000000000000e+03 -3.850000000000000000e+04 1.827494050645150381e+01 6.387661330871480247e-02 6.291324558370107844e+00 1.053661700156647250e-02 1.581890848611855194e-01 8.957560905247567706e-03 1.000000000000000000e+00 1.365960600000000014e+01 2.569199999999999956e-02 2.901575960000000123e+02
0.000000000000000000e+00 4.030000000000000000e+03 -3.850000000000000000e+04 1.829839039765304776e+01 6.611293997094465358e-02 6.280622005397720642e+00 1.288162995487398578e-02 1.498633791548147909e-01 1.028523835912240579e-02 1.000000000000000000e+00 1.367221800000000087e+01 1.912099999999999911e-02 7.283586589999999887e+02
0.000000000000000000e+00 4.030000000000000000e+03 -3.850000000000000000e+04 1.828039726422321110e+01 5.923699728738911902e-02 6.265723370040173101e+00 1.169154984582867693e-02 1.516792271272486003e-01 1.165795233205036037e-02 1.000000000000000000e+00 1.368560899999999947e+01 2.705799999999999872e-02 7.954544969999999466e+02
0.000000000000000000e+00 4.030000000000000000e+03 -3.850000000000000000e+04 1.829407995121448849e+01 5.100554750790819991e-02 6.261044414918640832e+00 9.679427168841072196e-03 1.244457531536750650e-01 1.096830534319773696e-02 1.000000000000000000e+00 1.367088700000000046e+01 1.874400000000000024e-02 1.233571556000000101e+03
0.000000000000000000e+00 4.030000000000000000e+03 -3.500000000000000000e+04 1.804254419392162490e+01 5.412395258467676135e-02 6.300611433231584790e+00 8.946402576465792636e-03 2.637614230366027157e-01 8.410469639173972708e-03 1.000000000000000000e+00 1.367569499999999927e+01 2.276600000000000151e-02 2.462900869999999998e+02
0.000000000000000000e+00 4.030000000000000000e+03 -3.500000000000000000e+04 1.799850370640601938e+01 4.892724072090242488e-02 6.310768972185579528e+00 7.098122782555617641e-03 2.610741467602984978e-01 2.480670486789068874e-02 1.000000000000000000e+00 1.358204600000000006e+01 5.331799999999999734e-02 2.669802700000000186e+02
0.000000000000000000e+00 4.030000000000000000e+03 -3.500000000000000000e+04 1.805205607066957540e+01 3.811976963921837741e-02 6.283586184720554968e+00 9.960891829588100835e-03 2.813475500368720073e-01 8.358692577919680025e-03 1.000000000000000000e+00 1.368526100000000056e+01 1.877399999999999902e-02 7.515619860000000472e+02
0.000000000000000000e+00 4.030000000000000000e+03 -3.500000000000000000e+04 1.801029410166391642e+01 4.082322132546325338e-02 6.292908441646330786e+00 8.026735721551332692e-03 2.810951385069379582e-01 2.550437962916594567e-02 1.000000000000000000e+00 1.360212300000000063e+01 4.612600000000000033e-02 7.722611699999999928e+02
0.000000000000000000e+00 4.030000000000000000e+03 -3.500000000000000000e+04 1.804593210119503865e+01 4.873848106209412168e-02 6.294482606529673063e+00 8.874358380689936765e-03 2.625732296328535664e-01 9.973326029513467431e-03 1.000000000000000000e+00 1.369430599999999920e+01 2.383700000000000055e-02 1.256766883000000007e+03
