0.000000000000000000e+00 4.050000000000000000e+03 -7.000000000000000000e+04 2.016674311259345131e+01 6.231280839712972225e-02 6.270769788937362144e+00 1.396267965285058303e-02 -1.323589454151049782e+00 1.008172254996496202e-02 1.000000000000000000e+00 5.308593000000000117e+00 9.020999999999999505e-03 1.916009599999999935e+01
0.000000000000000000e+00 4.050000000000000000e+03 -7.000000000000000000e+04 2.018119871631265738e+01 7.717444502394188444e-02 6.207021080111010392e+00 1.322790117707608668e-02 -1.297987581385831923e+00 1.174445518941094439e-02 1.000000000000000000e+00 5.295425999999999966e+00 1.633300000000000030e-02 5.318764220000000478e+02
0.000000000000000000e+00 4.050000000000000000e+03 -7.000000000000000000e+04 2.012684033868979938e+01 5.806727145519472583e-02 6.206851911799132537e+00 1.435241743912486073e-02 -1.308229660827693541e+00 2.470145958039389120e-02 1.000000000000000000e+00 5.175347000000000364e+00 4.910899999999999987e-02 5.525806059999999889e+02
0.000000000000000000e+00 4.050000000000000000e+03 -6.650000000000000000e+04 1.999866700940490816e+01 5.513400902039330975e-02 6.293247096233376858e+00 9.306656038623279878e-03 -1.009617727742964766e+00 1.179164317294019958e-02 1.000000000000000000e+00 5.301580000000000403e+00 1.362900000000000049e-02 4.386150899999999808e+01
0.000000000000000000e+00 4.050000000000000000e+03 -6.650000000000000000e+04 1.999396224992123550e+01 4.659319890207638121e-02 6.225186231604065590e+00 1.211497006730581812e-02 -9.777150857973281317e-01 7.100990518218767110e-03 1.000000000000000000e+00 5.285477000000000203e+00 1.343699999999999929e-02 5.072700140000000033e+02
0.000000000000000000e+00 4.050000000000000000e+03 -6.650000000000000000e+04 2.000765092516508403e+01 4.665645169804241016e-02 6.212422505007001661e+00 1.055307417269446546e-02 -9.940957047851386452e-01 5.694793626975870604e-03 1.000000000000000000e+00 5.277256000000000391e+00 1.517600000000000025e-02 5.771870139999999765e+02
0.000000000000000000e+00 4.050000000000000000e+03 -6.300000000000000000e+04 1.979392917811147612e+01 3.520754084087565627e-02 6.347117293772052804e+00 8.236931049317677833e-03 -8.298367793323857544e-01 7.715536522294405911e-03 1.000000000000000000e+00 5.299885999999999875e+00 1.037399999999999954e-02 6.844891499999999951e+01
0.000000000000000000e+00 4.050000000000000000e+03 -6.300000000000000000e+04 1.978859799292294497e+01 4.887349379214588757e-02 6.269623009229214894e+00 8.107803322364005513e-03 -8.501669945225729386e-01 5.781445047299197185e-03 1.000000000000000000e+00 5.285898999999999681e+00 1.163400000000000024e-02 4.826696069999999850e+02
0.000000000000000000e+00 4.050000000000000000e+03 -6.300000000000000000e+04 1.980124089969432077e+01 4.830416816794134982e-02 6.258807397051405985e+00 8.515309202464729429e-03 -8.420690508583102973e-01 7.929615992572499120e-03 1.000000000000000000e+00 5.285020000000000273e+00 1.401099999999999915e-02 6.017774200000000064e+02
0.000000000000000000e+00 4.050000000000000000e+03 -5.950000000000000000e+04 1.958838970410025127e+01 5.954092625432905878e-02 6.330564845313864986e+00 9.606280984296713607e-03 -7.037464063960324756e-01 8.306678724212717205e-03 1.000000000000000000e+00 5.299572999999999645e+00 7.386000000000000204e-03 9.303832099999999627e+01
0.000000000000000000e+00 4.050000000000000000e+03 -5.950000000000000000e+04 1.957036351207383973e+01 4.739856604496234943e-02 6.291988404830656911e+00 1.002391764530320521e-02 -6.967713575307944440e-01 9.887016583455417867e-03 1.000000000000000000e+00 5.274922000000000111e+00 1.172899999999999984e-02 4.580672000000000139e+02
0.000000000000000000e+00 4.050000000000000000e+03 -5.950000000000000000e+04 1.958728972814969538e+01 4.315974349598347692e-02 6.297519640187193346e+00 1.032488882336604456e-02 -7.164756906274574177e-01 7.998228187920321253e-03 1.000000000000000000e+00 5.290398999999999852e+00 6.617999999999999751e-03 6.263708269999999629e+02
0.000000000000000000e+00 4.050000000000000000e+03 -5.600000000000000000e+04 1.937403499723324174e+01 6.356643704944026085e-02 6.339734150275818436e+00 1.343588876153543193e-02 -5.728729193389805463e-01 1.397234207379694469e-02 1.000000000000000000e+00 5.285600999999999772e+00 1.157599999999999948e-02 1.176267280000000000e+02
0.000000000000000000e+00 4.050000000000000000e+03 -5.600000000000000000e+04 1.935244476902565935e+01 7.919415161044010554e-02 6.330134706318465199e+00 1.184625003815485168e-02 -5.737187033859069141e-01 1.134650240101075895e-02 1.000000000000000000e+00 5.293707000000000384e+00 1.298200000000000048e-02 4.334547919999999976e+02
0.000000000000000000e+00 4.050000000000000000e+03 -5.600000000000000000e+04 1.936822440448272431e+01 7.508901979592405573e-02 6.310150819665069299e+00 1.195738595878581730e-02 -5.767114526347437709e-01 1.013363726013307396e-02 1.000000000000000000e+00 5.276659999999999684e+00 1.554499999999999979e-02 6.509782340000000431e+02
0.000000000000000000e+00 4.050000000000000000e+03 -5.250000000000000000e+04 1.915305528363432330e+01 6.916901352285266535e-02 6.374591990340505276e+00 9.977189690161472266e-03 -4.466233689248673699e-01 8.268194552740118844e-03 1.000000000000000000e+00 5.287850999999999857e+00 1.398499999999999917e-02 1.422131339999999966e+02
0.000000000000000000e+00 4.050000000000000000e+03 -5.250000000000000000e+04 1.913381550290590383e+01 5.984207093666590871e-02 6.352454389215202113e+00 1.103435171773150744e-02 -4.333904792956443930e-01 6.190313657678496971e-03 1.000000000000000000e+00 5.291392000000000095e+00 1.573300000000000046e-02 4.088463849999999979e+02
0.000000000000000000e+00 4.050000000000000000e+03 -5.250000000000000000e+04 1.914664782197432302e+01 5.471839363872123968e-02 6.324542269918111970e+00 1.217146188874474420e-02 -4.316519530026570184e-01 1.081116159757062808e-02 1.000000000000000000e+00 5.274990999999999985e+00 1.068400000000000079e-02 6.755786409999999478e+02
0.000000000000000000e+00 4.050000000000000000e+03 -4.900000000000000000e+04 1.892944401135650168e+01 4.297000483209616889e-02 6.366339008627529772e+00 7.890431432518350829e-03 -3.210874084309234822e-01 7.755316662674613046e-03 1.000000000000000000e+00 5.282218000000000302e+00 8.732999999999999444e-03 1.668065410000000099e+02
0.000000000000000000e+00 4.050000000000000000e+03 -4.900000000000000000e+04 1.891087272162760513e+01 4.161572367734471534e-02 6.355447737736363401e+00 1.135859709708557201e-02 -2.944647285849606444e-01 8.452582078688746642e-03 1.000000000000000000e+00 5.285432000000000130e+00 6.066000000000000211e-03 3.842399770000000103e+02
0.000000000000000000e+00 4.050000000000000000e+03 -4.900000000000000000e+04 1.892979509358347556e+01 4.205912474782885768e-02 6.333915676375376336e+00 8.621226968198661064e-03 -2.789036978314951565e-01 7.981939113359259874e-03 1.000000000000000000e+00 5.281298999999999744e+00 7.834000000000000685e-03 7.001770480000000134e+02
0.000000000000000000e+00 4.050000000000000000e+03 -4.550000000000000000e+04 1.870153872366862302e+01 5.595668956490797846e-02 6.360187910860049421e+00 7.411150950191148883e-03 -1.710456682811946072e-01 6.423121400845554184e-03 1.000000000000000000e+00 5.296414000000000399e+00 1.133499999999999959e-02 1.914019470000000069e+02
0.000000000000000000e+00 4.050000000000000000e+03 -4.550000000000000000e+04 1.867741154234132139e+01 4.343663361438891701e-02 6.363823141678525808e+00 1.068898462913888889e-02 -1.750354380860922876e-01 8.079246242526070404e-03 1.000000000000000000e+00 5.280961999999999712e+00 8.654000000000000234e-03 3.596395699999999920e+02
0.000000000000000000e+00 4.050000000000000000e+03 -4.550000000000000000e+04 1.869458798256827592e+01 5.184237209579159456e-02 6.341871831395115677e+00 1.016933566111444080e-02 -1.613786097218224969e-01 8.400217895571228041e-03 1.000000000000000000e+00 5.288412000000000113e+00 8.335999999999999660e-03 7.247684550000000172e+02
0.000000000000000000e+00 4.050000000000000000e+03 -4.200000000000000000e+04 1.846588554934501758e+01 4.062838132274955438e-02 6.376349150052525339e+00 1.259514672913949335e-02 -4.689125680912796523e-02 1.161302608990015008e-02 1.000000000000000000e+00 5.286082999999999643e+00 1.869600000000000081e-02 2.159933540000000107e+02
0.000000000000000000e+00 4.050000000000000000e+03 -4.200000000000000000e+04 1.844107100264672994e+01 7.441244014345932412e-02 6.381134053217807356e+00 1.441476073167898865e-02 -3.581878938505639320e-02 1.148391043784869649e-02 1.000000000000000000e+00 5.297322999999999560e+00 5.788999999999999875e-03 3.350351630000000114e+02
0.000000000000000000e+00 4.050000000000000000e+03 -4.200000000000000000e+04 1.845836467889909116e+01 4.618478006108198142e-02 6.366603219072451303e+00 1.020495884560784251e-02 -2.965692783852010017e-02 7.822152048441289793e-03 1.000000000000000000e+00 5.279745000000000132e+00 7.176000000000000087e-03 7.493578609999999571e+02
0.000000000000000000e+00 4.050000000000000000e+03 -3.850000000000000000e+04 1.821936388375371507e+01 5.523483429765474462e-02 6.396067141849647975e+00 9.140433542157280766e-03 9.349522654157024770e-02 8.154461525571712888e-03 1.000000000000000000e+00 5.292380999999999780e+00 1.151899999999999973e-02 2.405767600000000073e+02
0.000000000000000000e+00 4.050000000000000000e+03 -3.850000000000000000e+04 1.820015171164351742e+01 6.632582029371028587e-02 6.403626571236210374e+00 1.045000980351468850e-02 1.205240615730289455e-01 1.113185251756846142e-02 1.000000000000000000e+00 5.289782999999999902e+00 1.583700000000000038e-02 3.104397559999999885e+02
0.000000000000000000e+00 4.050000000000000000e+03 -3.850000000000000000e+04 1.821253115195090544e+01 4.569711934984462681e-02 6.375427326704118158e+00 9.805029850575210787e-03 1.101719866846342377e-01 1.074622211548715775e-02 1.000000000000000000e+00 5.279188000000000436e+00 8.581000000000000086e-03 7.739512680000000273e+02
0.000000000000000000e+00 4.050000000000000000e+03 -3.500000000000000000e+04 1.797536207486663429e+01 4.498372699038544892e-02 6.406778285910559312e+00 6.568814428943694876e-03 2.693254178817950928e-01 8.101556088343179335e-03 1.000000000000000000e+00 5.277106999999999992e+00 9.287999999999999381e-03 2.651691670000000158e+02
0.000000000000000000e+00 4.050000000000000000e+03 -3.500000000000000000e+04 1.792684999870680329e+01 5.165102758124955756e-02 6.407849361221069628e+00 7.588057390813420303e-03 2.683643802435541348e-01 2.575962313068107593e-02 1.000000000000000000e+00 5.193655999999999828e+00 5.377400000000000235e-02 2.858613510000000133e+02
0.000000000000000000e+00 4.050000000000000000e+03 -3.500000000000000000e+04 1.795909683031317172e+01 5.122870709468198974e-02 6.398034195601106866e+00 9.442697388612359202e-03 2.502510851208232245e-01 8.375054354114563893e-03 1.000000000000000000e+00 5.261867999999999768e+00 6.837000000000000195e-03 7.985556749999999511e+02
