4.525000000000000000e+03 4.000000000000000000e+03 -7.000000000000000000e+04 2.601039300000000054e+01 5.872700000000000142e-02 5.396856999999999793e+00 1.087699999999999952e-02 4.796758999999999773e+00 1.178300000000000007e-02 1.000000000000000000e+00 1.762340000000000018e+01 1.282600000000000059e-02 2.586448000000000036e+01
4.525000000000000000e+03 4.000000000000000000e+03 -7.000000000000000000e+04 2.601687400000000139e+01 5.104100000000000303e-02 5.388018999999999892e+00 1.077799999999999939e-02 4.791119000000000128e+00 1.057800000000000060e-02 1.000000000000000000e+00 1.762062299999999837e+01 7.753999999999999608e-03 5.385468029999999544e+02
4.525000000000000000e+03 4.000000000000000000e+03 -7.000000000000000000e+04 2.600753200000000120e+01 5.508699999999999708e-02 5.397998000000000296e+00 9.688999999999999696e-03 4.785904000000000380e+00 1.384699999999999993e-02 1.000000000000000000e+00 1.758702600000000160e+01 3.350700000000000206e-02 5.592389869999999519e+02
4.525000000000000000e+03 4.000000000000000000e+03 -6.650000000000000000e+04 2.576115599999999972e+01 5.328999999999999709e-02 5.480637999999999899e+00 1.450599999999999980e-02 5.163280000000000314e+00 1.001400000000000033e-02 1.000000000000000000e+00 1.762087100000000106e+01 9.258000000000000604e-03 5.056289199999999795e+01
4.525000000000000000e+03 4.000000000000000000e+03 -6.650000000000000000e+04 2.575918400000000119e+01 5.533699999999999730e-02 5.404840000000000089e+00 1.043299999999999957e-02 5.191366999999999621e+00 1.186100000000000002e-02 1.000000000000000000e+00 1.762447299999999828e+01 1.245699999999999932e-02 5.140354009999999789e+02
4.525000000000000000e+03 4.000000000000000000e+03 -6.650000000000000000e+04 2.576099900000000176e+01 5.158599999999999991e-02 5.473818999999999768e+00 1.126800000000000024e-02 5.140203999999999773e+00 1.013599999999999918e-02 1.000000000000000000e+00 1.761666400000000010e+01 6.359000000000000069e-03 5.838263930000000528e+02
4.525000000000000000e+03 4.000000000000000000e+03 -6.300000000000000000e+04 2.554363199999999878e+01 5.332400000000000334e-02 5.547933999999999699e+00 1.119599999999999936e-02 5.229491000000000334e+00 6.627000000000000078e-03 1.000000000000000000e+00 1.764010899999999893e+01 8.583000000000000351e-03 7.514729800000000637e+01
4.525000000000000000e+03 4.000000000000000000e+03 -6.300000000000000000e+04 2.554371199999999931e+01 4.937400000000000122e-02 5.499990000000000379e+00 8.026999999999999413e-03 5.210632999999999626e+00 6.204000000000000313e-03 1.000000000000000000e+00 1.763361199999999940e+01 1.488899999999999946e-02 4.894549959999999942e+02
4.525000000000000000e+03 4.000000000000000000e+03 -6.300000000000000000e+04 2.554702899999999843e+01 4.247900000000000287e-02 5.504639000000000060e+00 8.713999999999999524e-03 5.212756999999999863e+00 6.834999999999999930e-03 1.000000000000000000e+00 1.763649799999999956e+01 8.887000000000000802e-03 6.084148000000000138e+02
4.525000000000000000e+03 4.000000000000000000e+03 -5.950000000000000000e+04 2.533429599999999837e+01 6.023499999999999688e-02 5.537499000000000393e+00 1.046899999999999914e-02 5.273895000000000444e+00 8.946000000000000826e-03 1.000000000000000000e+00 1.762893800000000155e+01 9.131999999999999493e-03 9.974670600000000320e+01
4.525000000000000000e+03 4.000000000000000000e+03 -5.950000000000000000e+04 2.531681400000000082e+01 5.169699999999999990e-02 5.530723000000000056e+00 1.052900000000000016e-02 5.281958000000000375e+00 7.971000000000000654e-03 1.000000000000000000e+00 1.762931499999999829e+01 8.628000000000000252e-03 4.648635889999999904e+02
4.525000000000000000e+03 4.000000000000000000e+03 -5.950000000000000000e+04 2.533467500000000072e+01 5.057699999999999696e-02 5.547564999999999635e+00 6.986000000000000022e-03 5.258593000000000295e+00 8.467999999999999833e-03 1.000000000000000000e+00 1.763314499999999896e+01 6.975000000000000297e-03 6.330032059999999774e+02
4.525000000000000000e+03 4.000000000000000000e+03 -5.600000000000000000e+04 2.511326000000000036e+01 6.676100000000000090e-02 5.588227999999999973e+00 9.903999999999999609e-03 5.304228000000000165e+00 1.044899999999999995e-02 1.000000000000000000e+00 1.761697699999999855e+01 1.210400000000000018e-02 1.244981209999999976e+02
4.525000000000000000e+03 4.000000000000000000e+03 -5.600000000000000000e+04 2.509924099999999925e+01 5.808200000000000168e-02 5.582831999999999795e+00 1.167900000000000015e-02 5.331174999999999997e+00 9.842999999999999319e-03 1.000000000000000000e+00 1.761600899999999825e+01 1.054399999999999955e-02 4.402741819999999962e+02
4.525000000000000000e+03 4.000000000000000000e+03 -5.600000000000000000e+04 2.511531799999999848e+01 6.318799999999999417e-02 5.596903000000000183e+00 8.481000000000000691e-03 5.313528999999999947e+00 8.741000000000000505e-03 1.000000000000000000e+00 1.762787000000000148e+01 1.297700000000000069e-02 6.575916120000000546e+02
4.525000000000000000e+03 4.000000000000000000e+03 -5.250000000000000000e+04 2.489353499999999997e+01 5.447799999999999865e-02 5.606043999999999805e+00 9.180999999999999925e-03 5.361545999999999701e+00 8.257000000000000450e-03 1.000000000000000000e+00 1.761554200000000137e+01 9.922000000000000264e-03 1.490895280000000014e+02
4.525000000000000000e+03 4.000000000000000000e+03 -5.250000000000000000e+04 2.487326399999999893e+01 7.020800000000000651e-02 5.590561000000000114e+00 8.786000000000000407e-03 5.371232000000000006e+00 7.440999999999999698e-03 1.000000000000000000e+00 1.762646900000000016e+01 9.025999999999999301e-03 4.156917760000000044e+02
4.525000000000000000e+03 4.000000000000000000e+03 -5.250000000000000000e+04 2.489505399999999824e+01 4.408499999999999919e-02 5.589375000000000426e+00 1.063799999999999989e-02 5.373259000000000007e+00 8.358000000000000845e-03 1.000000000000000000e+00 1.762639499999999870e+01 1.090099999999999923e-02 6.821800180000000182e+02
4.525000000000000000e+03 4.000000000000000000e+03 -4.900000000000000000e+04 2.466845199999999849e+01 4.870100000000000123e-02 5.621304000000000300e+00 9.377999999999999184e-03 5.415621999999999936e+00 6.204999999999999578e-03 1.000000000000000000e+00 1.763173400000000157e+01 1.107799999999999931e-02 1.736749340000000075e+02
4.525000000000000000e+03 4.000000000000000000e+03 -4.900000000000000000e+04 2.465133799999999908e+01 3.301099999999999868e-02 5.619780999999999693e+00 8.554000000000000839e-03 5.435781999999999670e+00 8.163999999999999382e-03 1.000000000000000000e+00 1.763583699999999865e+01 1.008099999999999968e-02 3.911063700000000267e+02
4.525000000000000000e+03 4.000000000000000000e+03 -4.900000000000000000e+04 2.467016900000000135e+01 5.082099999999999812e-02 5.606287000000000020e+00 8.056999999999999926e-03 5.417742999999999753e+00 8.181000000000000771e-03 1.000000000000000000e+00 1.763734699999999833e+01 8.245000000000000592e-03 7.067714250000000220e+02
4.525000000000000000e+03 4.000000000000000000e+03 -4.550000000000000000e+04 2.443571899999999886e+01 6.525799999999999657e-02 5.630605000000000082e+00 1.164699999999999937e-02 5.476005999999999929e+00 5.451000000000000116e-03 1.000000000000000000e+00 1.761957999999999913e+01 1.397999999999999937e-02 1.982643400000000042e+02
4.525000000000000000e+03 4.000000000000000000e+03 -4.550000000000000000e+04 2.441609899999999911e+01 4.466799999999999937e-02 5.625340999999999703e+00 7.120999999999999726e-03 5.480320999999999998e+00 6.830000000000000134e-03 1.000000000000000000e+00 1.763056699999999921e+01 1.086100000000000086e-02 3.665209639999999922e+02
4.525000000000000000e+03 4.000000000000000000e+03 -4.550000000000000000e+04 2.443805899999999909e+01 4.643800000000000011e-02 5.602125000000000021e+00 1.079399999999999978e-02 5.509642000000000372e+00 9.537000000000000338e-03 1.000000000000000000e+00 1.762998100000000079e+01 1.051599999999999931e-02 7.313698319999999740e+02
4.525000000000000000e+03 4.000000000000000000e+03 -4.200000000000000000e+04 2.420439199999999857e+01 6.819600000000000661e-02 5.640882999999999647e+00 1.196099999999999941e-02 5.553882999999999903e+00 9.723000000000000739e-03 1.000000000000000000e+00 1.762684700000000149e+01 1.332700000000000030e-02 2.228547470000000033e+02
4.525000000000000000e+03 4.000000000000000000e+03 -4.200000000000000000e+04 2.418070300000000117e+01 5.034399999999999986e-02 5.649509000000000114e+00 9.721999999999999739e-03 5.543065999999999605e+00 1.044699999999999969e-02 1.000000000000000000e+00 1.762676700000000096e+01 1.367299999999999939e-02 3.419005559999999946e+02
4.525000000000000000e+03 4.000000000000000000e+03 -4.200000000000000000e+04 2.420387399999999900e+01 5.636599999999999944e-02 5.633237000000000272e+00 1.198199999999999960e-02 5.556174000000000390e+00 8.519000000000000530e-03 1.000000000000000000e+00 1.760814600000000141e+01 1.451299999999999986e-02 7.559562379999999848e+02
4.525000000000000000e+03 4.000000000000000000e+03 -3.850000000000000000e+04 2.395755000000000123e+01 5.925500000000000211e-02 5.653952999999999562e+00 9.263999999999999665e-03 5.583662999999999599e+00 7.960000000000000062e-03 1.000000000000000000e+00 1.761304300000000111e+01 1.198699999999999939e-02 2.474461530000000096e+02
4.525000000000000000e+03 4.000000000000000000e+03 -3.850000000000000000e+04 2.394181000000000026e+01 6.611899999999999722e-02 5.639103000000000421e+00 9.879000000000000628e-03 5.619735999999999621e+00 7.874000000000000790e-03 1.000000000000000000e+00 1.763533999999999935e+01 1.472399999999999924e-02 3.173161499999999933e+02
4.525000000000000000e+03 4.000000000000000000e+03 -3.850000000000000000e+04 2.395759200000000178e+01 5.010099999999999970e-02 5.624482000000000426e+00 9.490999999999999437e-03 5.599207999999999963e+00 7.340000000000000170e-03 1.000000000000000000e+00 1.761469699999999960e+01 7.917000000000000426e-03 7.805456450000000359e+02
4.525000000000000000e+03 4.000000000000000000e+03 -3.500000000000000000e+04 2.370827099999999987e+01 5.464299999999999713e-02 5.677647999999999584e+00 1.041699999999999918e-02 5.637040999999999968e+00 5.445000000000000187e-03 1.000000000000000000e+00 1.763578299999999999e+01 1.368100000000000045e-02 2.720405600000000277e+02
4.525000000000000000e+03 4.000000000000000000e+03 -3.500000000000000000e+04 2.370530499999999918e+01 4.270399999999999890e-02 5.678951999999999778e+00 8.274999999999999370e-03 5.645381999999999678e+00 1.359999999999999924e-02 1.000000000000000000e+00 1.759493799999999908e+01 2.810800000000000104e-02 2.927277429999999754e+02
4.525000000000000000e+03 4.000000000000000000e+03 -3.500000000000000000e+04 2.370847600000000099e+01 5.356500000000000150e-02 5.652572000000000152e+00 1.031100000000000072e-02 5.635120999999999825e+00 7.720000000000000299e-03 1.000000000000000000e+00 1.763714799999999983e+01 1.239099999999999924e-02 8.051460520000000542e+02
