2.525000000000000000e+03 -3.840000000000000000e+03 -5.203200000000000000e+04 2.295177842255572287e+01 8.374608928284026088e-02 6.622901330509469275e+00 1.678497511193402514e-02 -2.795497951315693008e+00 1.396147951766938539e-02 1.000000000000000000e+00 9.101644000000000290e+00 1.265900000000000011e-02 2.264429517999999916e+03
2.525000000000000000e+03 -3.840000000000000000e+03 -5.203200000000000000e+04 2.296971397081161470e+01 7.254255369865428293e-02 6.739044628143523674e+00 1.417707125998915289e-02 -2.817362350700259643e+00 1.608812625407472427e-02 1.000000000000000000e+00 9.119853000000000876e+00 9.979999999999999288e-03 2.682779446000000007e+03
2.525000000000000000e+03 -3.840000000000000000e+03 -5.203200000000000000e+04 2.296074572664588587e+01 7.094983385217493166e-02 6.717645127177368281e+00 1.388109515679159488e-02 -2.818078632755950608e+00 1.676210510636625545e-02 1.000000000000000000e+00 9.082143999999999551e+00 2.843800000000000147e-02 2.703572634999999991e+03
2.525000000000000000e+03 1.600000000000000000e+02 -5.203200000000000000e+04 2.294278757189032092e+01 7.393442431104080281e-02 6.928969595448800867e+00 1.523751537360179889e-02 -2.954852746385363549e+00 1.152456576336949659e-02 1.000000000000000000e+00 9.115183999999999287e+00 9.020000000000000240e-03 2.959485272999999779e+03
2.525000000000000000e+03 1.600000000000000000e+02 -5.203200000000000000e+04 2.299147787435699541e+01 7.456411355573461242e-02 6.720963395632928439e+00 9.947089888601091251e-03 -2.958189723589778275e+00 1.346862154771605313e-02 1.000000000000000000e+00 9.090130999999999517e+00 8.240000000000000796e-03 3.377818200000000161e+03
2.525000000000000000e+03 1.600000000000000000e+02 -5.203200000000000000e+04 2.297228225377014965e+01 7.881075961761012383e-02 6.717621842791199782e+00 1.586739500766462529e-02 -2.929044319013894615e+00 1.120954799115514607e-02 1.000000000000000000e+00 9.052956999999999255e+00 1.996799999999999964e-02 3.398606389000000036e+03
2.525000000000000000e+03 4.160000000000000000e+03 -5.203200000000000000e+04 2.269788853815681406e+01 4.925794233548519419e-02 6.876847567140091932e+00 1.171020169426925488e-02 -2.874026732373795578e+00 7.844547033038315464e-03 1.000000000000000000e+00 9.103486999999999441e+00 1.968400000000000011e-02 8.434602429999999913e+02
2.525000000000000000e+03 4.160000000000000000e+03 -5.203200000000000000e+04 2.271917397878188538e+01 6.775003381692452920e-02 6.882168565134327842e+00 9.926921214097833221e-03 -2.823022485229642609e+00 8.610593127925541407e-03 1.000000000000000000e+00 9.105691999999999453e+00 1.232899999999999968e-02 1.261683164000000033e+03
2.525000000000000000e+03 4.160000000000000000e+03 -5.203200000000000000e+04 2.271930439700161486e+01 4.994996392591390111e-02 6.862294683197407430e+00 1.313043665763194076e-02 -2.824946649683459654e+00 1.237598327325214326e-02 1.000000000000000000e+00 9.057104999999999961e+00 1.984800000000000106e-02 1.282474353000000065e+03
2.525000000000000000e+03 8.160000000000000000e+03 -5.203200000000000000e+04 2.273435829747118930e+01 6.375328984695791124e-02 6.689628440288129418e+00 1.222679458468446320e-02 -2.914745659093808339e+00 1.112751211519029046e-02 1.000000000000000000e+00 9.110779000000000849e+00 9.877000000000000363e-03 1.538396991000000071e+03
2.525000000000000000e+03 8.160000000000000000e+03 -5.203200000000000000e+04 2.275868840200871546e+01 8.390656241193400477e-02 6.656652820747871679e+00 1.120525791616405753e-02 -2.921547983558960837e+00 1.470986193832103314e-02 1.000000000000000000e+00 9.090448000000000306e+00 1.391500000000000029e-02 1.956724917999999889e+03
2.525000000000000000e+03 8.160000000000000000e+03 -5.203200000000000000e+04 2.273947128193783840e+01 7.743450957077127605e-02 6.665885856659064856e+00 1.734513291767146928e-02 -2.937142153785179399e+00 1.097286278062561959e-02 1.000000000000000000e+00 9.067178000000000182e+00 1.645900000000000141e-02 1.977518107000000100e+03
4.525000000000000000e+03 -3.840000000000000000e+03 -5.203200000000000000e+04 2.288764079372356974e+01 7.544900785711787516e-02 6.760528979338415567e+00 1.642328760746024005e-02 -2.893073317323130222e+00 1.602482210632006493e-02 1.000000000000000000e+00 9.092207000000000150e+00 1.109100000000000016e-02 2.287641845999999987e+03
4.525000000000000000e+03 -3.840000000000000000e+03 -5.203200000000000000e+04 2.288797840811790962e+01 6.584795738429356782e-02 6.713160458365836192e+00 1.387314307493342676e-02 -2.921059479964534411e+00 1.516982015512000070e-02 1.000000000000000000e+00 9.083052000000000348e+00 8.179000000000000506e-03 2.659689126000000215e+03
4.525000000000000000e+03 -3.840000000000000000e+03 -5.203200000000000000e+04 2.289960476475281226e+01 5.682864014753043896e-02 6.765889504660192344e+00 1.389863179282199018e-02 -2.923438315453973591e+00 1.597128117184245383e-02 1.000000000000000000e+00 9.101957000000000519e+00 1.077900000000000039e-02 2.726661955999999918e+03
4.525000000000000000e+03 1.600000000000000000e+02 -5.203200000000000000e+04 2.296224920109836987e+01 7.443297673988023833e-02 6.891896935296139226e+00 1.302298942238939473e-02 -2.843435262592570734e+00 1.275287579900226051e-02 1.000000000000000000e+00 9.106308000000000291e+00 9.339000000000000079e-03 2.982675599000000147e+03
4.525000000000000000e+03 1.600000000000000000e+02 -5.203200000000000000e+04 2.296503187781435784e+01 6.582715445946230037e-02 6.709101452998767812e+00 1.249321131505604955e-02 -2.841246500393129093e+00 1.277584505257667487e-02 1.000000000000000000e+00 9.084730999999999668e+00 1.163800000000000077e-02 3.354729878999999983e+03
4.525000000000000000e+03 1.600000000000000000e+02 -5.203200000000000000e+04 2.295149153448550194e+01 5.989781661226042248e-02 6.758834133772085195e+00 1.296153798325817147e-02 -2.828040067088248399e+00 1.376237959775032139e-02 1.000000000000000000e+00 9.097685000000000244e+00 1.323799999999999977e-02 3.421695709999999963e+03
4.525000000000000000e+03 4.160000000000000000e+03 -5.203200000000000000e+04 2.277436418612451163e+01 6.432629686756441423e-02 6.876492173157684462e+00 1.320884655080050048e-02 -2.647565855943219582e+00 1.107198722467551445e-02 1.000000000000000000e+00 9.112353000000000591e+00 8.862999999999999351e-03 8.665505640000000085e+02
4.525000000000000000e+03 4.160000000000000000e+03 -5.203200000000000000e+04 2.283321852532681362e+01 6.773954944418705826e-02 6.877714977735537083e+00 1.231715467564918447e-02 -2.596266812218952058e+00 1.099688914169234463e-02 1.000000000000000000e+00 9.170799999999999841e+00 6.555000000000000063e-03 1.238593843000000106e+03
4.525000000000000000e+03 4.160000000000000000e+03 -5.203200000000000000e+04 2.277038233464431372e+01 7.541476869793875548e-02 6.877844519989397831e+00 1.147196960137660503e-02 -2.637234144427872184e+00 1.173225914738881999e-02 1.000000000000000000e+00 9.098724000000000700e+00 7.215000000000000059e-03 1.305565673999999944e+03
4.525000000000000000e+03 8.160000000000000000e+03 -5.203200000000000000e+04 2.274894312020371956e+01 7.484345343530987571e-02 6.733116505106663929e+00 1.191007411976188063e-02 -2.931021702268672424e+00 8.930380357990347351e-03 1.000000000000000000e+00 9.104172000000000153e+00 1.190899999999999945e-02 1.561586317999999892e+03
4.525000000000000000e+03 8.160000000000000000e+03 -5.203200000000000000e+04 2.274462320143208416e+01 8.468137720282760406e-02 6.639798645491608475e+00 1.173875652159065558e-02 -2.956768723138502697e+00 1.220023218464493832e-02 1.000000000000000000e+00 9.084846000000000643e+00 1.148599999999999968e-02 1.933639597999999978e+03
4.525000000000000000e+03 8.160000000000000000e+03 -5.203200000000000000e+04 2.272776116569528071e+01 6.657912857903225401e-02 6.716939974945276504e+00 1.214253807663617964e-02 -2.970534469574193093e+00 1.150268684760784657e-02 1.000000000000000000e+00 9.077037000000000688e+00 7.539999999999999827e-03 2.000609427999999980e+03
8.525000000000000000e+03 -3.840000000000000000e+03 -5.203200000000000000e+04 2.275496660054834663e+01 5.906503499985240463e-02 6.738899325762719883e+00 1.542896367104705686e-02 -3.495340951992823797e+00 1.343484419350369358e-02 1.000000000000000000e+00 9.099583000000000865e+00 9.183000000000000190e-03 2.312727280000000064e+03
8.525000000000000000e+03 -3.840000000000000000e+03 -5.203200000000000000e+04 2.277562667498806803e+01 6.156666081339112057e-02 6.709998059976500784e+00 1.608934374385052879e-02 -3.502877702492827705e+00 1.564174936447547057e-02 1.000000000000000000e+00 9.082864000000000715e+00 1.059500000000000025e-02 2.634596689999999853e+03
8.525000000000000000e+03 -3.840000000000000000e+03 -5.203200000000000000e+04 2.278720129292072016e+01 7.594706699921000004e-02 6.768796361250564608e+00 1.396203674471854089e-02 -3.452519190133966465e+00 1.496030832425045837e-02 1.000000000000000000e+00 9.101440999999999448e+00 9.615000000000000283e-03 2.751752390999999989e+03
8.525000000000000000e+03 1.600000000000000000e+02 -5.203200000000000000e+04 2.291534159109408009e+01 7.782405037791222113e-02 6.778313502071630303e+00 1.366051253140526840e-02 -2.805183189932723753e+00 1.477477983441711530e-02 1.000000000000000000e+00 9.103590999999999767e+00 7.929999999999999549e-03 3.007766034000000218e+03
8.525000000000000000e+03 1.600000000000000000e+02 -5.203200000000000000e+04 2.295041159997890645e+01 7.735947052813715863e-02 6.640288635333599920e+00 1.398396610679450251e-02 -2.811562382496595625e+00 1.253923285254333192e-02 1.000000000000000000e+00 9.082639999999999603e+00 7.822000000000000827e-03 3.329638444000000163e+03
8.525000000000000000e+03 1.600000000000000000e+02 -5.203200000000000000e+04 2.295400899958708152e+01 7.501290336553660676e-02 6.657051301727177517e+00 1.281962501239703248e-02 -2.765779564350082875e+00 1.450272230356050400e-02 1.000000000000000000e+00 9.091848999999999847e+00 1.289000000000000042e-02 3.446784145000000080e+03
8.525000000000000000e+03 4.160000000000000000e+03 -5.203200000000000000e+04 2.291270557415560916e+01 4.610103650282377369e-02 6.930520402901275467e+00 1.300106747827517971e-02 -2.034907972808726040e+00 8.146044180499288981e-03 1.000000000000000000e+00 9.108926000000000300e+00 6.908000000000000078e-03 8.916409989999999652e+02
8.525000000000000000e+03 4.160000000000000000e+03 -5.203200000000000000e+04 2.294072715980337307e+01 8.180932046514612088e-02 6.898746454535272576e+00 1.156643042762870062e-02 -2.021401024522028855e+00 1.180465150666687446e-02 1.000000000000000000e+00 9.110614999999999242e+00 7.383999999999999939e-03 1.213505407999999989e+03
8.525000000000000000e+03 4.160000000000000000e+03 -5.203200000000000000e+04 2.290382616515571712e+01 6.974275898364930282e-02 6.890185111232728588e+00 1.176443908010865909e-02 -2.078862503870106515e+00 9.762596093202595068e-03 1.000000000000000000e+00 9.090866000000000113e+00 1.075300000000000041e-02 1.330659108999999944e+03
8.525000000000000000e+03 8.160000000000000000e+03 -5.203200000000000000e+04 2.274481536244024227e+01 9.464890915727479370e-02 6.802666698059642414e+00 1.387885560360313693e-02 -2.985034050936558714e+00 1.365154223786742282e-02 1.000000000000000000e+00 9.092171999999999699e+00 9.192000000000000517e-03 1.586677752000000055e+03
8.525000000000000000e+03 8.160000000000000000e+03 -5.203200000000000000e+04 2.278091659607907715e+01 7.647966973146970437e-02 6.737124561754179730e+00 1.559690538866843369e-02 -2.982273769199032198e+00 9.202961374592477650e-03 1.000000000000000000e+00 9.101162000000000418e+00 1.611900000000000138e-02 1.908553163000000040e+03
8.525000000000000000e+03 8.160000000000000000e+03 -5.203200000000000000e+04 2.276978181458031614e+01 6.004077003656268369e-02 6.779391577761728627e+00 1.518253051105631669e-02 -2.965142977746430208e+00 1.233251704630652229e-02 1.000000000000000000e+00 9.068448999999999316e+00 5.296000000000000360e-03 2.025698863000000074e+03
1.252500000000000000e+04 -3.840000000000000000e+03 -5.203200000000000000e+04 2.267405185474499874e+01 6.663934090167611402e-02 6.628897331133475568e+00 1.176209129805169673e-02 -4.233302852425228302e+00 1.528020898045870553e-02 1.000000000000000000e+00 9.086773000000000877e+00 8.241999999999999327e-03 2.337817715000000135e+03
1.252500000000000000e+04 -3.840000000000000000e+03 -5.203200000000000000e+04 2.269618041034588174e+01 7.046699318491783659e-02 6.517685570064135625e+00 1.431991200804624831e-02 -4.277653425960132871e+00 1.424464431140888034e-02 1.000000000000000000e+00 9.082038999999999973e+00 1.408300000000000003e-02 2.609507254999999986e+03
1.252500000000000000e+04 -3.840000000000000000e+03 -5.203200000000000000e+04 2.268939353478938514e+01 7.956856731607918343e-02 6.659723203885195453e+00 1.361206206272192777e-02 -4.270826728684354201e+00 1.705730959639236571e-02 1.000000000000000000e+00 9.109109999999999374e+00 9.015000000000000444e-03 2.776845826000000216e+03
1.252500000000000000e+04 1.600000000000000000e+02 -5.203200000000000000e+04 2.292253005806473354e+01 7.377963519392227720e-02 6.681366235230067119e+00 1.275666591112176174e-02 -2.707407173736610773e+00 1.449817197041642670e-02 1.000000000000000000e+00 9.106700999999999269e+00 1.089299999999999990e-02 3.032857469999999921e+03
1.252500000000000000e+04 1.600000000000000000e+02 -5.203200000000000000e+04 2.297964460293233557e+01 8.914474835907025552e-02 6.471812107371872180e+00 1.483639819779717685e-02 -2.699306490854411322e+00 1.291409348403677049e-02 1.000000000000000000e+00 9.087706999999999979e+00 1.049300000000000059e-02 3.304549008999999842e+03
1.252500000000000000e+04 1.600000000000000000e+02 -5.203200000000000000e+04 2.294875325026498203e+01 5.545327944094696065e-02 6.608150065585093103e+00 1.572779449335135610e-02 -2.700177864271177341e+00 1.071345414043279112e-02 1.000000000000000000e+00 9.099090999999999596e+00 1.031800000000000078e-02 3.471877579999999853e+03
1.252500000000000000e+04 4.160000000000000000e+03 -5.203200000000000000e+04 2.307599875618382157e+01 5.908744676054541317e-02 6.956697796076373841e+00 1.180616446359017933e-02 -1.434526729368949871e+00 1.108175464348359895e-02 1.000000000000000000e+00 9.107098000000000582e+00 1.244999999999999926e-02 9.167304339999999456e+02
1.252500000000000000e+04 4.160000000000000000e+03 -5.203200000000000000e+04 2.311755343729556245e+01 7.860053706871507340e-02 6.953876472686699728e+00 1.396514949153605627e-02 -1.349014511329466703e+00 1.021436915274741286e-02 1.000000000000000000e+00 9.120464000000000127e+00 1.071899999999999936e-02 1.188412972999999965e+03
1.252500000000000000e+04 4.160000000000000000e+03 -5.203200000000000000e+04 2.307692706368481694e+01 6.253563791510258207e-02 6.951932770986767096e+00 1.443023756663483828e-02 -1.428775681631449412e+00 8.846103115025538699e-03 1.000000000000000000e+00 9.093429000000000428e+00 8.869000000000000147e-03 1.355750545000000102e+03
1.252500000000000000e+04 8.160000000000000000e+03 -5.203200000000000000e+04 2.275792278719633543e+01 8.727100198687956500e-02 6.862628191613177719e+00 1.364011760556335662e-02 -3.001872615752169793e+00 9.139303579182904425e-03 1.000000000000000000e+00 9.080937000000000481e+00 7.997999999999999901e-03 1.611767188000000033e+03
1.252500000000000000e+04 8.160000000000000000e+03 -5.203200000000000000e+04 2.278543900593365024e+01 6.400373983193000105e-02 6.814923818781899456e+00 1.279381051677007559e-02 -2.967185865195586914e+00 1.381812581313408318e-02 1.000000000000000000e+00 9.068260999999999683e+00 7.931000000000000549e-03 1.883463727999999946e+03
1.252500000000000000e+04 8.160000000000000000e+03 -5.203200000000000000e+04 2.279375884531974705e+01 6.264306044478683277e-02 6.852429862384767034e+00 1.163502425521650493e-02 -3.009997340185937009e+00 1.045839536885585959e-02 1.000000000000000000e+00 9.064083000000000112e+00 1.041100000000000012e-02 2.050788297999999941e+03
1.652500000000000000e+04 -3.840000000000000000e+03 -5.203200000000000000e+04 2.260637928861164525e+01 4.377309627931651875e-02 6.922200631032068507e+00 1.361525991485122017e-02 -4.408010402304375575e+00 1.504473059156368614e-02 1.000000000000000000e+00 9.076178000000000523e+00 1.008000000000000042e-02 2.362907150000000001e+03
1.652500000000000000e+04 -3.840000000000000000e+03 -5.203200000000000000e+04 2.266177691254861060e+01 6.215010349198922535e-02 6.715899947076600540e+00 1.266068827816828161e-02 -4.486045719697496992e+00 1.478234779248821171e-02 1.000000000000000000e+00 9.082172999999999163e+00 1.150799999999999913e-02 2.584414819999999963e+03
1.652500000000000000e+04 -3.840000000000000000e+03 -5.203200000000000000e+04 2.264299257121318831e+01 4.212454901268394142e-02 6.908251250841011881e+00 1.315124466863743999e-02 -4.385164418621797289e+00 2.012888112001320201e-02 1.000000000000000000e+00 9.105285000000000295e+00 1.309699999999999927e-02 2.801937261999999919e+03
1.652500000000000000e+04 1.600000000000000000e+02 -5.203200000000000000e+04 2.291857386710704247e+01 7.478213067568277583e-02 6.579865034992153916e+00 1.287238105364075201e-02 -2.686302341784849279e+00 1.251369016777121972e-02 1.000000000000000000e+00 9.099214999999999165e+00 7.246999999999999970e-03 3.057949904000000060e+03
1.652500000000000000e+04 1.600000000000000000e+02 -5.203200000000000000e+04 2.299732971337700604e+01 9.190002624451022728e-02 6.251196925366445001e+00 1.069700850127136560e-02 -2.678426806859243392e+00 1.364165266315108156e-02 1.000000000000000000e+00 9.091540999999999428e+00 1.241199999999999942e-02 3.279454573999999866e+03
1.652500000000000000e+04 1.600000000000000000e+02 -5.203200000000000000e+04 2.293940245507108244e+01 7.386168863455642997e-02 6.503061601559900318e+00 1.178052126687973052e-02 -2.664063016965030783e+00 1.420633452838663408e-02 1.000000000000000000e+00 9.101917000000000257e+00 8.302000000000000351e-03 3.496974014999999781e+03
1.652500000000000000e+04 4.160000000000000000e+03 -5.203200000000000000e+04 2.326766617658410397e+01 5.452126341497161299e-02 7.024426149688432375e+00 1.193748337173446659e-02 -7.954840819724816603e-01 9.687576342142624822e-03 1.000000000000000000e+00 9.091919000000000750e+00 6.625999999999999945e-03 9.418218689999999924e+02
1.652500000000000000e+04 4.160000000000000000e+03 -5.203200000000000000e+04 2.332356401410148550e+01 5.984111043865038282e-02 6.861775411790066670e+00 9.256261445693936621e-03 -7.271092165759267534e-01 9.726040690754382545e-03 1.000000000000000000e+00 9.095053000000000054e+00 1.039200000000000020e-02 1.163325538000000051e+03
1.652500000000000000e+04 4.160000000000000000e+03 -5.203200000000000000e+04 2.327293078764341061e+01 5.683296179924281211e-02 7.058906678854801164e+00 1.209068246318368255e-02 -7.873755733672378465e-01 7.949912244815697179e-03 1.000000000000000000e+00 9.077603999999999118e+00 6.823000000000000072e-03 1.380843978999999990e+03
1.652500000000000000e+04 8.160000000000000000e+03 -5.203200000000000000e+04 2.283127466718401877e+01 6.000372263234429737e-02 6.929293636655441624e+00 1.638753220126637489e-02 -3.072159351065903987e+00 1.564953496475699618e-02 1.000000000000000000e+00 9.092325999999999908e+00 7.152999999999999636e-03 1.636857623000000103e+03
1.652500000000000000e+04 8.160000000000000000e+03 -5.203200000000000000e+04 2.285309676823397851e+01 7.997362802964809447e-02 6.809467733413510970e+00 1.119104263758713587e-02 -2.992065444418637643e+00 1.168602218289838818e-02 1.000000000000000000e+00 9.078661999999999566e+00 1.239200000000000024e-02 1.858374293000000080e+03
1.652500000000000000e+04 8.160000000000000000e+03 -5.203200000000000000e+04 2.284320597304292377e+01 8.379364637804978533e-02 6.901736897918349101e+00 1.114457948453642655e-02 -3.018490857415747186e+00 1.038067043996655607e-02 1.000000000000000000e+00 9.083012999999999337e+00 7.846999999999999809e-03 2.075873732999999902e+03
2.052500000000000000e+04 -3.840000000000000000e+03 -5.203200000000000000e+04 2.258772303340944987e+01 5.881730368419103849e-02 6.835739040705818503e+00 1.225807710049302279e-02 -5.152455989136580428e+00 1.489499711715369309e-02 1.000000000000000000e+00 9.083717999999999293e+00 8.304999999999999882e-03 2.387997585000000072e+03
2.052500000000000000e+04 -3.840000000000000000e+03 -5.203200000000000000e+04 2.265766355125160203e+01 5.696779374844068711e-02 6.527828348328919894e+00 1.174933506912702146e-02 -5.253634617166168752e+00 1.603190056944293548e-02 1.000000000000000000e+00 9.081841000000000719e+00 1.053800000000000049e-02 2.559326384999999846e+03
2.052500000000000000e+04 -3.840000000000000000e+03 -5.203200000000000000e+04 2.261745183058465614e+01 5.744583802925504884e-02 6.827762860486883412e+00 1.410656939731287814e-02 -5.155730325806863412e+00 1.323252742129749950e-02 1.000000000000000000e+00 9.095857999999999777e+00 8.887000000000000802e-03 2.827025696000000153e+03
2.052500000000000000e+04 1.600000000000000000e+02 -5.203200000000000000e+04 2.292657325658120016e+01 8.466977084025721634e-02 6.347945109154553123e+00 1.332905568950208675e-02 -2.556573259793534891e+00 1.436978821293064153e-02 1.000000000000000000e+00 9.064396000000000342e+00 1.354999999999999954e-02 3.083041340000000218e+03
2.052500000000000000e+04 1.600000000000000000e+02 -5.203200000000000000e+04 2.302298882267177760e+01 7.350046325843324901e-02 6.127726665456300736e+00 1.130095843442070584e-02 -2.603399072606060738e+00 1.310495971986175637e-02 1.000000000000000000e+00 9.090324000000000737e+00 8.436000000000000790e-03 3.254360138000000006e+03
2.052500000000000000e+04 1.600000000000000000e+02 -5.203200000000000000e+04 2.294898497580156160e+01 7.442426901756060698e-02 6.383543815666975263e+00 1.393319664167069587e-02 -2.631140901430039314e+00 1.404269356449492322e-02 1.000000000000000000e+00 9.098798000000000386e+00 1.144799999999999984e-02 3.522064449999999852e+03
2.052500000000000000e+04 4.160000000000000000e+03 -5.203200000000000000e+04 2.350970276225794464e+01 5.601123257918910747e-02 7.077688943463665616e+00 6.898931282324653746e-03 -2.153135019972653164e-01 8.286910288023344520e-03 1.000000000000000000e+00 9.091834000000000415e+00 1.038399999999999913e-02 9.669123039999999492e+02
2.052500000000000000e+04 4.160000000000000000e+03 -5.203200000000000000e+04 2.357279728029314825e+01 5.613539667903517938e-02 6.838061229506904759e+00 8.612015178800724868e-03 -1.078800110237194410e-01 9.594847171657943166e-03 1.000000000000000000e+00 9.096215000000000828e+00 1.001900000000000013e-02 1.138235102999999981e+03
2.052500000000000000e+04 4.160000000000000000e+03 -5.203200000000000000e+04 2.351156427022071327e+01 6.505207955938885345e-02 7.054836969319213225e+00 1.255051484041336957e-02 -1.721702799941993156e-01 7.288724733415843579e-03 1.000000000000000000e+00 9.092544999999999433e+00 1.238799999999999971e-02 1.405937415000000101e+03
2.052500000000000000e+04 8.160000000000000000e+03 -5.203200000000000000e+04 2.287737909351683996e+01 6.680558795766848579e-02 6.946395301575432946e+00 1.391343093537811618e-02 -3.052957168355692197e+00 8.883586563808743355e-03 1.000000000000000000e+00 9.080320999999999643e+00 1.525600000000000046e-02 1.661949057999999923e+03
2.052500000000000000e+04 8.160000000000000000e+03 -5.203200000000000000e+04 2.292610863122809306e+01 7.946749017048496122e-02 6.837311335711469873e+00 1.162235511455496709e-02 -3.041765980088251276e+00 1.006193811325902486e-02 1.000000000000000000e+00 9.067788999999999433e+00 1.341499999999999984e-02 1.833284857999999986e+03
2.052500000000000000e+04 8.160000000000000000e+03 -5.203200000000000000e+04 2.290605755876980965e+01 4.840888527156254201e-02 6.930562391395130639e+00 1.188739407851858651e-02 -3.024014986562387097e+00 1.288293967954119192e-02 1.000000000000000000e+00 9.086290999999999229e+00 9.185000000000000456e-03 2.100960168000000067e+03
2.452500000000000000e+04 -3.840000000000000000e+03 -5.203200000000000000e+04 2.261413641875231306e+01 6.504048424614178314e-02 6.542682254316041224e+00 1.733980333935250875e-02 -5.997554627546814565e+00 1.456610497627841734e-02 1.000000000000000000e+00 9.087785999999999476e+00 1.099999999999999936e-02 2.413086020000000190e+03
2.452500000000000000e+04 -3.840000000000000000e+03 -5.203200000000000000e+04 2.264816299548674294e+01 5.820729958656931102e-02 6.368222762555736161e+00 1.411774860782206813e-02 -6.027398992852035953e+00 1.690556331760958292e-02 1.000000000000000000e+00 9.085262999999999423e+00 7.986000000000000043e-03 2.534231949999999870e+03
2.452500000000000000e+04 -3.840000000000000000e+03 -5.203200000000000000e+04 2.263362273821967108e+01 7.357998033799223458e-02 6.581087556390320614e+00 1.601004270796769005e-02 -6.006772854013965102e+00 1.692509140151768690e-02 1.000000000000000000e+00 9.100844000000000378e+00 8.996999999999999789e-03 2.852115131000000019e+03
2.452500000000000000e+04 1.600000000000000000e+02 -5.203200000000000000e+04 2.299511000295323981e+01 6.168626340612402836e-02 6.221784279630382386e+00 1.204539650725672609e-02 -2.528711734078686213e+00 1.214165948185221867e-02 1.000000000000000000e+00 9.100844000000000378e+00 7.744000000000000015e-03 3.108127774999999929e+03
2.452500000000000000e+04 1.600000000000000000e+02 -5.203200000000000000e+04 2.306005679074383607e+01 8.342237114796327568e-02 6.014094695906058163e+00 1.193592932632612201e-02 -2.534649850034068841e+00 1.459889917659592563e-02 1.000000000000000000e+00 9.079779000000000266e+00 1.322500000000000064e-02 3.229268703000000187e+03
2.452500000000000000e+04 1.600000000000000000e+02 -5.203200000000000000e+04 2.301757081046094910e+01 7.929246005585689760e-02 6.185637620672719272e+00 1.150821234646011437e-02 -2.500633263566564679e+00 1.450004675437714143e-02 1.000000000000000000e+00 9.090775999999999968e+00 1.059799999999999978e-02 3.547252891000000091e+03
2.452500000000000000e+04 4.160000000000000000e+03 -5.203200000000000000e+04 2.378672040013492506e+01 6.701460489461333325e-02 7.102094110201599975e+00 9.858499373733706911e-03 4.019281337280732336e-01 7.914716793225178709e-03 1.000000000000000000e+00 9.101454999999999629e+00 9.561999999999999320e-03 9.919997389999999768e+02
2.452500000000000000e+04 4.160000000000000000e+03 -5.203200000000000000e+04 2.383505141275166395e+01 6.443638619666373912e-02 6.870572421237223004e+00 1.320954465795596590e-02 4.669933328480534440e-01 1.025644742802632285e-02 1.000000000000000000e+00 9.100820000000000576e+00 1.092399999999999968e-02 1.113141667999999981e+03
2.452500000000000000e+04 4.160000000000000000e+03 -5.203200000000000000e+04 2.378710632593031349e+01 5.066160351679659807e-02 7.048084529058558978e+00 1.407748544556897130e-02 4.666905119119680312e-01 1.007536950373023009e-02 1.000000000000000000e+00 9.078483000000000303e+00 9.794000000000000622e-03 1.431023850000000039e+03
2.452500000000000000e+04 8.160000000000000000e+03 -5.203200000000000000e+04 2.295207276363559146e+01 7.024657207065591880e-02 6.946634909085713794e+00 1.383315911024666015e-02 -3.060031072272155761e+00 1.273070584660357212e-02 1.000000000000000000e+00 9.103884000000000754e+00 8.068000000000000518e-03 1.687040492999999969e+03
2.452500000000000000e+04 8.160000000000000000e+03 -5.203200000000000000e+04 2.298138997625295232e+01 5.813182951694341460e-02 6.848470151816824725e+00 1.494784236583799643e-02 -3.012673245456639837e+00 1.160035898664716313e-02 1.000000000000000000e+00 9.079038999999999859e+00 7.863999999999999463e-03 1.808193422999999939e+03
2.452500000000000000e+04 8.160000000000000000e+03 -5.203200000000000000e+04 2.297214836347156464e+01 7.182559355788943611e-02 6.938892324304988257e+00 1.468341067487288938e-02 -3.076241849709995257e+00 1.052102499806465905e-02 1.000000000000000000e+00 9.071612999999999261e+00 1.106900000000000071e-02 2.126052603000000090e+03
2.852500000000000000e+04 -3.840000000000000000e+03 -5.203200000000000000e+04 2.266377031089086103e+01 6.378672272632587847e-02 6.358984360775590261e+00 1.096300798404182403e-02 -6.667121054739426178e+00 1.468284028301941255e-02 1.000000000000000000e+00 9.088426999999999367e+00 8.470000000000000098e-03 2.438178456000000097e+03
2.852500000000000000e+04 -3.840000000000000000e+03 -5.203200000000000000e+04 2.266266367892870193e+01 8.104071647210772666e-02 6.309524546190170113e+00 1.403599530493377864e-02 -6.728378050787848785e+00 1.330135716712120726e-02 1.000000000000000000e+00 9.076406999999999670e+00 9.298000000000000709e-03 2.509144514999999956e+03
2.852500000000000000e+04 -3.840000000000000000e+03 -5.203200000000000000e+04 2.269062800428768867e+01 6.466456287786817581e-02 6.380936531181110816e+00 1.553000082227162099e-02 -6.702998803677850503e+00 1.654476543425370885e-02 1.000000000000000000e+00 9.100680999999999798e+00 9.409000000000000696e-03 2.877204565999999886e+03
2.852500000000000000e+04 1.600000000000000000e+02 -5.203200000000000000e+04 2.307261811424687536e+01 7.301536080300338738e-02 6.030127779418275047e+00 1.387569206001710437e-02 -2.438965045055347947e+00 1.265987909353066647e-02 1.000000000000000000e+00 9.099151000000000877e+00 7.759000000000000272e-03 3.133216209000000163e+03
2.852500000000000000e+04 1.600000000000000000e+02 -5.203200000000000000e+04 2.308540271628761431e+01 6.735130113712546607e-02 5.865037061868139112e+00 1.271731896552062355e-02 -2.471682938484492720e+00 1.406186714008665455e-02 1.000000000000000000e+00 9.094621000000000066e+00 1.314000000000000064e-02 3.204178268000000116e+03
2.852500000000000000e+04 1.600000000000000000e+02 -5.203200000000000000e+04 2.307334608737377124e+01 6.997490119112773077e-02 5.980859473444708030e+00 1.323666664987635522e-02 -2.435823849165022370e+00 1.188955227466363673e-02 1.000000000000000000e+00 9.082466000000000150e+00 1.448600000000000061e-02 3.572345326000000114e+03
2.852500000000000000e+04 4.160000000000000000e+03 -5.203200000000000000e+04 2.408313357336636784e+01 5.411002214783391245e-02 7.071228523818654743e+00 1.045679675692567576e-02 9.774771245041966594e-01 9.461461818623581252e-03 1.000000000000000000e+00 9.106144000000000460e+00 7.119000000000000328e-03 1.017092174000000000e+03
2.852500000000000000e+04 4.160000000000000000e+03 -5.203200000000000000e+04 2.412487494058193249e+01 7.531498561947250203e-02 6.915546554177109506e+00 1.166381302843724939e-02 1.040216941442917653e+00 1.128755047724294865e-02 1.000000000000000000e+00 9.107132999999999257e+00 1.139899999999999941e-02 1.088053233000000091e+03
2.852500000000000000e+04 4.160000000000000000e+03 -5.203200000000000000e+04 2.408861901763061653e+01 5.220588770048269212e-02 7.050590011544933589e+00 1.474796376655233658e-02 1.005338834526219971e+00 1.068767889417765286e-02 1.000000000000000000e+00 9.093949999999999534e+00 6.268000000000000134e-03 1.456113284999999905e+03
2.852500000000000000e+04 8.160000000000000000e+03 -5.203200000000000000e+04 2.304471894012221611e+01 7.151967875350816184e-02 6.968915423043190671e+00 1.265811689185568877e-02 -3.027356500227694980e+00 9.637777272126077030e-03 1.000000000000000000e+00 9.096712000000000131e+00 7.440000000000000432e-03 1.712130928000000040e+03
2.852500000000000000e+04 8.160000000000000000e+03 -5.203200000000000000e+04 2.308078979030879552e+01 5.590840848371929350e-02 6.885936927939436458e+00 1.288597327801963531e-02 -2.997027643158331145e+00 1.172510889057104544e-02 1.000000000000000000e+00 9.099199999999999733e+00 7.667000000000000204e-03 1.783100987000000032e+03
2.852500000000000000e+04 8.160000000000000000e+03 -5.203200000000000000e+04 2.306492334221985274e+01 5.869226448192497309e-02 6.939124258499575149e+00 1.141235643885611835e-02 -2.992635679255079229e+00 1.219995243827889583e-02 1.000000000000000000e+00 9.083503999999999579e+00 8.349999999999999784e-03 2.151141038000000208e+03
3.252500000000000000e+04 -3.840000000000000000e+03 -5.203200000000000000e+04 2.273929298027440637e+01 6.165774091878739593e-02 5.759042596044078977e+00 1.677175139312966565e-02 -7.741017393433754279e+00 1.452466540057783910e-02 1.000000000000000000e+00 9.090626999999999569e+00 7.689999999999999787e-03 2.463366895999999997e+03
3.252500000000000000e+04 -3.840000000000000000e+03 -5.203200000000000000e+04 2.275519120673968487e+01 6.497316693939617083e-02 5.707843964644471413e+00 1.736690980523093036e-02 -7.706902672651286146e+00 1.810501043032919019e-02 1.000000000000000000e+00 9.070287000000000432e+00 2.024400000000000158e-02 2.484055079000000205e+03
3.252500000000000000e+04 -3.840000000000000000e+03 -5.203200000000000000e+04 2.278194967873381671e+01 7.147759192724424671e-02 5.726827060555388371e+00 1.206418110827028010e-02 -7.701760082041865019e+00 1.793257548343800412e-02 1.000000000000000000e+00 9.105121000000000464e+00 1.330899999999999965e-02 2.902393007000000125e+03
3.252500000000000000e+04 1.600000000000000000e+02 -5.203200000000000000e+04 2.312503386454007881e+01 7.241816401497508382e-02 5.772644598747939781e+00 1.743661339449386477e-02 -2.381657772624103941e+00 1.344244933154385875e-02 1.000000000000000000e+00 9.093270000000000408e+00 9.206999999999999906e-03 3.158402649999999994e+03
3.252500000000000000e+04 1.600000000000000000e+02 -5.203200000000000000e+04 2.315314328806508470e+01 8.603754991475577596e-02 5.778211200033066319e+00 1.140340380462680735e-02 -2.386921819092760799e+00 1.412763983595738751e-02 1.000000000000000000e+00 9.058341000000000420e+00 2.358400000000000080e-02 3.179088832999999795e+03
3.252500000000000000e+04 1.600000000000000000e+02 -5.203200000000000000e+04 2.312517704521518525e+01 7.158626716512611621e-02 5.736666441840400310e+00 1.104908053606338050e-02 -2.393866892855752049e+00 1.424702627465716104e-02 1.000000000000000000e+00 9.091495999999999356e+00 8.900999999999999190e-03 3.597432761000000028e+03
3.252500000000000000e+04 4.160000000000000000e+03 -5.203200000000000000e+04 2.442382986690082447e+01 7.000035900578981118e-02 7.008946654823303923e+00 1.124159235599737558e-02 1.608663600240481717e+00 6.149987265199908029e-03 1.000000000000000000e+00 9.096930000000000405e+00 7.498999999999999590e-03 1.042280614999999898e+03
3.252500000000000000e+04 4.160000000000000000e+03 -5.203200000000000000e+04 2.443353377252747904e+01 6.758629573672816915e-02 6.998831204281607654e+00 1.127938494219345514e-02 1.623769025290028090e+00 9.349162792108147574e-03 1.000000000000000000e+00 9.084329000000000320e+00 2.044800000000000090e-02 1.062968798000000106e+03
3.252500000000000000e+04 4.160000000000000000e+03 -5.203200000000000000e+04 2.442870253015799875e+01 5.877442017724689161e-02 6.981352024525356192e+00 1.001953368018278744e-02 1.577789025320302629e+00 8.868311150389040012e-03 1.000000000000000000e+00 9.087939999999999685e+00 1.152000000000000073e-02 1.481303726000000097e+03
3.252500000000000000e+04 8.160000000000000000e+03 -5.203200000000000000e+04 2.315768942533531671e+01 7.354041563059696140e-02 6.890739283012242034e+00 1.358345651955587992e-02 -3.032067549021106423e+00 1.203001487365606276e-02 1.000000000000000000e+00 9.088525999999999883e+00 1.379099999999999944e-02 1.737220362999999907e+03
3.252500000000000000e+04 8.160000000000000000e+03 -5.203200000000000000e+04 2.315516305663527774e+01 8.919528372851802389e-02 6.889029590612159026e+00 1.214439373923900493e-02 -3.028927112890795303e+00 1.183708407064437695e-02 1.000000000000000000e+00 9.062022000000000688e+00 2.793400000000000050e-02 1.758009551999999985e+03
3.252500000000000000e+04 8.160000000000000000e+03 -5.203200000000000000e+04 2.313988376612185505e+01 7.532548642437775221e-02 6.874387800538856119e+00 1.424597825966721076e-02 -3.063404330395340214e+00 1.171145201740470161e-02 1.000000000000000000e+00 9.080334999999999823e+00 8.182999999999999302e-03 2.176234472999999980e+03
