4.525000000000000000e+03 4.010000000000000000e+03 -7.200000000000000000e+04 2.387490000000000023e+01 6.061099999999999821e-02 6.912513999999999825e+00 9.587999999999999301e-03 -3.657970999999999862e+00 1.083199999999999961e-02 1.000000000000000000e+00 9.066134999999999167e+00 1.057499999999999933e-02 7.353420999999999985e+00
4.525000000000000000e+03 4.010000000000000000e+03 -7.200000000000000000e+04 2.390116799999999841e+01 7.643999999999999406e-02 6.814033000000000229e+00 1.221700000000000043e-02 -3.585587999999999997e+00 1.010100000000000060e-02 1.000000000000000000e+00 9.029139999999999944e+00 1.373899999999999948e-02 5.819502850000000080e+02
4.525000000000000000e+03 4.010000000000000000e+03 -7.200000000000000000e+04 2.391836500000000143e+01 6.387500000000000122e-02 6.810970000000000191e+00 8.141999999999999932e-03 -3.580389999999999961e+00 8.538999999999999715e-03 1.000000000000000000e+00 9.044518000000000058e+00 9.298000000000000709e-03 6.026374690000000101e+02
4.525000000000000000e+03 4.010000000000000000e+03 -7.200000000000000000e+04 2.391239200000000054e+01 8.966399999999999371e-02 6.793077000000000254e+00 1.543800000000000033e-02 -3.525005999999999862e+00 1.280599999999999968e-02 1.000000000000000000e+00 9.044449000000000183e+00 1.271000000000000081e-02 1.177126328000000058e+03
4.525000000000000000e+03 4.010000000000000000e+03 -6.540000000000000000e+04 2.360490499999999869e+01 4.609200000000000103e-02 6.970467000000000191e+00 6.656999999999999723e-03 -2.860489999999999977e+00 8.266000000000000777e-03 1.000000000000000000e+00 9.049797999999999121e+00 1.461600000000000052e-02 3.519801300000000310e+01
4.525000000000000000e+03 4.010000000000000000e+03 -6.540000000000000000e+04 2.361272800000000061e+01 5.538499999999999673e-02 6.879024000000000250e+00 1.509199999999999951e-02 -2.867747000000000046e+00 8.770000000000000018e-03 1.000000000000000000e+00 9.039823999999999415e+00 1.056200000000000021e-02 5.542637019999999666e+02
4.525000000000000000e+03 4.010000000000000000e+03 -6.540000000000000000e+04 2.362135500000000121e+01 6.006800000000000334e-02 6.915409999999999613e+00 9.716999999999999943e-03 -2.865828000000000042e+00 9.129999999999999227e-03 1.000000000000000000e+00 9.035999999999999588e+00 1.129900000000000002e-02 6.303260530000000017e+02
4.525000000000000000e+03 4.010000000000000000e+03 -6.540000000000000000e+04 2.362364900000000034e+01 6.740899999999999670e-02 6.858844000000000385e+00 1.192299999999999957e-02 -2.853797000000000139e+00 9.898999999999999813e-03 1.000000000000000000e+00 9.053805999999999798e+00 1.324700000000000009e-02 1.149438744000000042e+03
4.525000000000000000e+03 4.010000000000000000e+03 -5.880000000000000000e+04 2.322918400000000005e+01 4.804800000000000043e-02 6.978679999999999772e+00 1.117199999999999964e-02 -2.719726999999999784e+00 9.235000000000000153e-03 1.000000000000000000e+00 9.032368999999999204e+00 1.232499999999999915e-02 6.288459699999999941e+01
4.525000000000000000e+03 4.010000000000000000e+03 -5.880000000000000000e+04 2.321225499999999897e+01 6.657699999999999729e-02 6.952772999999999648e+00 1.173800000000000017e-02 -2.707574999999999843e+00 9.044999999999999221e-03 1.000000000000000000e+00 9.043609000000000009e+00 1.277000000000000010e-02 5.265701179999999795e+02
4.525000000000000000e+03 4.010000000000000000e+03 -5.880000000000000000e+04 2.324663500000000127e+01 8.115899999999999503e-02 6.947172000000000125e+00 1.073299999999999949e-02 -2.721214999999999939e+00 1.445600000000000010e-02 1.000000000000000000e+00 9.045118999999999687e+00 1.304899999999999984e-02 6.580186360000000150e+02
4.525000000000000000e+03 4.010000000000000000e+03 -5.880000000000000000e+04 2.322709100000000149e+01 9.211300000000000043e-02 6.896370000000000111e+00 1.674900000000000000e-02 -2.704644000000000048e+00 1.255900000000000072e-02 1.000000000000000000e+00 9.046509999999999607e+00 1.359600000000000045e-02 1.121748160000000098e+03
4.525000000000000000e+03 4.010000000000000000e+03 -5.220000000000000000e+04 2.283368899999999968e+01 5.158999999999999697e-02 6.982072999999999752e+00 8.514999999999999999e-03 -2.580531000000000130e+00 7.604999999999999781e-03 1.000000000000000000e+00 9.036331999999999809e+00 1.141299999999999953e-02 9.051017699999999877e+01
4.525000000000000000e+03 4.010000000000000000e+03 -5.220000000000000000e+04 2.281007400000000018e+01 5.166500000000000259e-02 6.989072000000000173e+00 7.938999999999999876e-03 -2.563400000000000123e+00 1.002199999999999966e-02 1.000000000000000000e+00 9.056414000000000186e+00 1.605600000000000083e-02 4.988775340000000256e+02
4.525000000000000000e+03 4.010000000000000000e+03 -5.220000000000000000e+04 2.285368799999999823e+01 5.793100000000000332e-02 6.935394999999999754e+00 6.491000000000000242e-03 -2.569932999999999801e+00 7.093000000000000346e-03 1.000000000000000000e+00 9.036402000000000712e+00 1.238799999999999971e-02 6.857052200000000539e+02
4.525000000000000000e+03 4.010000000000000000e+03 -5.220000000000000000e+04 2.282581400000000116e+01 5.665300000000000197e-02 6.969746999999999915e+00 1.170500000000000013e-02 -2.559168999999999805e+00 7.553999999999999951e-03 1.000000000000000000e+00 9.051467000000000596e+00 9.419999999999999554e-03 1.094053576000000021e+03
4.525000000000000000e+03 4.010000000000000000e+03 -4.560000000000000000e+04 2.243055199999999871e+01 4.915400000000000325e-02 7.014986000000000388e+00 1.049500000000000086e-02 -2.407872999999999930e+00 1.002399999999999992e-02 1.000000000000000000e+00 9.050290000000000390e+00 1.056499999999999974e-02 1.182067610000000002e+02
4.525000000000000000e+03 4.010000000000000000e+03 -4.560000000000000000e+04 2.239800400000000025e+01 6.981999999999999318e-02 7.022082000000000157e+00 1.051000000000000024e-02 -2.417371999999999854e+00 1.067099999999999993e-02 1.000000000000000000e+00 9.042495999999999867e+00 1.728000000000000022e-02 4.711889509999999746e+02
4.525000000000000000e+03 4.010000000000000000e+03 -4.560000000000000000e+04 2.243914699999999840e+01 8.920599999999999363e-02 6.983346000000000053e+00 1.460599999999999919e-02 -2.428151000000000170e+00 9.658999999999999184e-03 1.000000000000000000e+00 9.046604000000000312e+00 1.241800000000000022e-02 7.133858030000000099e+02
4.525000000000000000e+03 4.010000000000000000e+03 -4.560000000000000000e+04 2.239799100000000109e+01 6.028499999999999831e-02 7.012662999999999869e+00 1.610699999999999979e-02 -2.401510000000000034e+00 1.204799999999999968e-02 1.000000000000000000e+00 9.051681000000000310e+00 1.342400000000000017e-02 1.066360991999999897e+03
4.525000000000000000e+03 4.010000000000000000e+03 -3.900000000000000000e+04 2.198860200000000020e+01 4.877900000000000291e-02 7.018087000000000408e+00 9.180000000000000659e-03 -2.293371000000000048e+00 8.819000000000000450e-03 1.000000000000000000e+00 9.064470999999999279e+00 1.139500000000000061e-02 1.458963449999999966e+02
4.525000000000000000e+03 4.010000000000000000e+03 -3.900000000000000000e+04 2.195670799999999900e+01 5.312499999999999861e-02 7.045220999999999734e+00 8.519999999999999796e-03 -2.257861000000000118e+00 7.733000000000000290e-03 1.000000000000000000e+00 9.055341000000000307e+00 1.765900000000000108e-02 4.434963670000000207e+02
4.525000000000000000e+03 4.010000000000000000e+03 -3.900000000000000000e+04 2.200656700000000043e+01 5.336099999999999871e-02 6.994273999999999880e+00 7.511999999999999580e-03 -2.251848999999999990e+00 9.102999999999999980e-03 1.000000000000000000e+00 9.065827000000000524e+00 1.376499999999999946e-02 7.410733870000000252e+02
4.525000000000000000e+03 4.010000000000000000e+03 -3.900000000000000000e+04 2.196053600000000117e+01 6.654699999999999505e-02 7.028089999999999726e+00 1.218400000000000039e-02 -2.256712999999999969e+00 8.212000000000000549e-03 1.000000000000000000e+00 9.061858000000000857e+00 7.387999999999999602e-03 1.038674408999999969e+03
4.525000000000000000e+03 4.010000000000000000e+03 -3.240000000000000000e+04 2.153310899999999961e+01 5.304799999999999793e-02 7.041051999999999644e+00 1.137499999999999969e-02 -2.153058999999999834e+00 1.082999999999999935e-02 1.000000000000000000e+00 9.026348999999999734e+00 1.676199999999999912e-02 1.735869280000000003e+02
4.525000000000000000e+03 4.010000000000000000e+03 -3.240000000000000000e+04 2.149739800000000045e+01 5.663100000000000078e-02 7.061614999999999753e+00 1.726899999999999963e-02 -2.126471000000000000e+00 1.017900000000000055e-02 1.000000000000000000e+00 9.035458000000000212e+00 1.271699999999999914e-02 4.158087830000000054e+02
4.525000000000000000e+03 4.010000000000000000e+03 -3.240000000000000000e+04 2.154860899999999901e+01 8.720999999999999586e-02 7.026741000000000348e+00 1.073999999999999955e-02 -2.135260000000000158e+00 1.184100000000000083e-02 1.000000000000000000e+00 9.045595999999999748e+00 9.809000000000000011e-03 7.687549699999999575e+02
4.525000000000000000e+03 4.010000000000000000e+03 -3.240000000000000000e+04 2.151302300000000045e+01 6.631599999999999995e-02 7.015601000000000198e+00 1.398199999999999964e-02 -2.109662999999999844e+00 1.451999999999999992e-02 1.000000000000000000e+00 9.034513999999999712e+00 1.607199999999999948e-02 1.010984825000000001e+03
4.525000000000000000e+03 4.010000000000000000e+03 -2.580000000000000000e+04 2.104954000000000036e+01 4.971300000000000024e-02 7.098168000000000255e+00 8.063000000000000722e-03 -1.973603999999999914e+00 7.268000000000000155e-03 1.000000000000000000e+00 9.039948000000000761e+00 1.026400000000000055e-02 2.012785120000000063e+02
4.525000000000000000e+03 4.010000000000000000e+03 -2.580000000000000000e+04 2.101874199999999959e+01 5.499400000000000122e-02 7.123757999999999591e+00 9.577999999999999708e-03 -1.963902999999999954e+00 1.003899999999999931e-02 1.000000000000000000e+00 9.068941000000000585e+00 1.149299999999999974e-02 3.881181990000000042e+02
4.525000000000000000e+03 4.010000000000000000e+03 -2.580000000000000000e+04 2.106962700000000055e+01 7.031600000000000350e-02 7.032773999999999859e+00 1.170700000000000039e-02 -1.993996000000000102e+00 8.061000000000000457e-03 1.000000000000000000e+00 9.053240000000000620e+00 1.525899999999999999e-02 7.964465539999999919e+02
4.525000000000000000e+03 4.010000000000000000e+03 -2.580000000000000000e+04 2.103609499999999954e+01 4.948999999999999927e-02 7.061360999999999777e+00 1.201499999999999964e-02 -1.983846999999999916e+00 7.257000000000000429e-03 1.000000000000000000e+00 9.063904000000000849e+00 1.189800000000000059e-02 9.832932409999999663e+02
4.525000000000000000e+03 4.010000000000000000e+03 -1.920000000000000000e+04 2.055101300000000109e+01 6.653299999999999492e-02 7.136001000000000261e+00 1.258399999999999970e-02 -1.850896000000000097e+00 8.262000000000000247e-03 1.000000000000000000e+00 9.033167999999999864e+00 1.794799999999999868e-02 2.289760970000000100e+02
4.525000000000000000e+03 4.010000000000000000e+03 -1.920000000000000000e+04 2.052571899999999872e+01 8.182399999999999396e-02 7.158024000000000164e+00 1.617100000000000135e-02 -1.817072000000000020e+00 9.676999999999999838e-03 1.000000000000000000e+00 9.036312999999999818e+00 1.184100000000000083e-02 3.604266150000000266e+02
4.525000000000000000e+03 4.010000000000000000e+03 -1.920000000000000000e+04 2.056803000000000026e+01 5.752299999999999774e-02 7.122847000000000151e+00 1.516400000000000040e-02 -1.841866000000000003e+00 1.408799999999999983e-02 1.000000000000000000e+00 9.072556999999999761e+00 1.341099999999999931e-02 8.241411379999999554e+02
4.525000000000000000e+03 4.010000000000000000e+03 -1.920000000000000000e+04 2.052792300000000125e+01 6.518000000000000183e-02 7.129491999999999940e+00 1.250399999999999949e-02 -1.805417000000000050e+00 1.294499999999999991e-02 1.000000000000000000e+00 9.030500999999999223e+00 1.213999999999999975e-02 9.556006569999999556e+02
4.525000000000000000e+03 4.010000000000000000e+03 -1.260000000000000000e+04 2.003506399999999843e+01 4.419599999999999917e-02 7.194958999999999882e+00 8.562999999999999431e-03 -1.657723999999999975e+00 9.924000000000000529e-03 1.000000000000000000e+00 9.050781999999999883e+00 8.867999999999999147e-03 2.566686809999999923e+02
4.525000000000000000e+03 4.010000000000000000e+03 -1.260000000000000000e+04 2.000046499999999838e+01 4.610800000000000315e-02 7.226901999999999937e+00 1.143699999999999925e-02 -1.637078000000000033e+00 7.014000000000000269e-03 1.000000000000000000e+00 9.043604000000000198e+00 9.235000000000000153e-03 3.327360320000000229e+02
4.525000000000000000e+03 4.010000000000000000e+03 -1.260000000000000000e+04 2.004586300000000065e+01 5.674099999999999977e-02 7.194176999999999822e+00 1.141499999999999980e-02 -1.655894999999999895e+00 1.047400000000000067e-02 1.000000000000000000e+00 9.052837999999999496e+00 9.504000000000000295e-03 8.518337219999999661e+02
4.525000000000000000e+03 4.010000000000000000e+03 -1.260000000000000000e+04 2.000418900000000022e+01 3.974699999999999761e-02 7.202243000000000173e+00 1.030400000000000066e-02 -1.650738999999999956e+00 1.231900000000000009e-02 1.000000000000000000e+00 9.057501999999999498e+00 1.464099999999999950e-02 9.279090730000000349e+02
4.525000000000000000e+03 4.010000000000000000e+03 -6.000000000000000000e+03 1.947414699999999854e+01 6.575300000000000589e-02 7.268798999999999566e+00 1.377800000000000032e-02 -1.477120999999999906e+00 1.147699999999999936e-02 1.000000000000000000e+00 9.053910999999999376e+00 2.175099999999999950e-02 2.843522639999999910e+02
4.525000000000000000e+03 4.010000000000000000e+03 -6.000000000000000000e+03 1.948410099999999900e+01 7.038400000000000212e-02 7.301676999999999751e+00 1.019800000000000047e-02 -1.495903999999999900e+00 9.192000000000000517e-03 1.000000000000000000e+00 9.027281999999999584e+00 1.382199999999999922e-02 3.050424479999999789e+02
4.525000000000000000e+03 4.010000000000000000e+03 -6.000000000000000000e+03 1.948534899999999936e+01 6.475499999999999312e-02 7.291655999999999693e+00 1.827099999999999905e-02 -1.478758999999999935e+00 1.280799999999999994e-02 1.000000000000000000e+00 9.043922000000000239e+00 1.463700000000000070e-02 8.795253060000000005e+02
4.525000000000000000e+03 4.010000000000000000e+03 -6.000000000000000000e+03 1.950046700000000044e+01 6.700200000000000600e-02 7.256670999999999871e+00 1.688900000000000123e-02 -1.468971000000000027e+00 1.111700000000000015e-02 1.000000000000000000e+00 9.031748000000000332e+00 1.378799999999999991e-02 9.002194899999999507e+02
