2.525000000000000000e+03 -3.950000000000000000e+03 -5.203200000000000000e+04 2.345770500000000069e+01 1.059859999999999969e-01 5.493794000000000288e+00 2.117399999999999838e-02 -2.643734999999999946e+00 1.530499999999999916e-02 1.000000000000000000e+00 9.182180000000000675e+00 2.095999999999999946e-02 3.944427607999999964e+03
2.525000000000000000e+03 -3.950000000000000000e+03 -5.203200000000000000e+04 2.343104800000000054e+01 7.011399999999999577e-02 5.557996000000000159e+00 1.626700000000000021e-02 -2.640025000000000066e+00 1.717899999999999983e-02 1.000000000000000000e+00 9.158039999999999736e+00 1.614600000000000063e-02 4.612034792999999809e+03
2.525000000000000000e+03 -3.950000000000000000e+03 -5.203200000000000000e+04 2.343073499999999854e+01 7.860799999999999732e-02 5.572860000000000369e+00 1.343899999999999956e-02 -2.661852999999999803e+00 1.521899999999999989e-02 1.000000000000000000e+00 9.153311000000000419e+00 1.185499999999999922e-02 4.632827983000000131e+03
2.525000000000000000e+03 -3.950000000000000000e+03 -5.203200000000000000e+04 2.344311599999999984e+01 8.339100000000000679e-02 5.537906000000000439e+00 1.545700000000000025e-02 -2.645145999999999997e+00 1.617800000000000141e-02 1.000000000000000000e+00 9.179686999999999486e+00 1.145099999999999937e-02 5.300149150999999620e+03
2.525000000000000000e+03 5.000000000000000000e+01 -5.203200000000000000e+04 2.321133000000000024e+01 8.456199999999999828e-02 6.867574000000000289e+00 1.808799999999999991e-02 -1.868082000000000020e+00 1.006499999999999929e-02 1.000000000000000000e+00 9.174784000000000717e+00 1.088800000000000011e-02 5.341338507000000391e+03
2.525000000000000000e+03 5.000000000000000000e+01 -5.203200000000000000e+04 2.330426100000000034e+01 8.839500000000000135e-02 6.432794000000000345e+00 1.572899999999999993e-02 -1.862622999999999918e+00 1.289700000000000048e-02 1.000000000000000000e+00 9.155552000000000135e+00 1.840699999999999975e-02 6.008740681000000222e+03
2.525000000000000000e+03 5.000000000000000000e+01 -5.203200000000000000e+04 2.333888800000000074e+01 7.369399999999999562e-02 6.431013000000000090e+00 1.820899999999999949e-02 -1.863968999999999987e+00 1.548500000000000050e-02 1.000000000000000000e+00 9.173467999999999734e+00 8.904000000000000456e-03 6.029536869999999908e+03
2.525000000000000000e+03 5.000000000000000000e+01 -5.203200000000000000e+04 2.331326699999999974e+01 8.852799999999999558e-02 6.419087000000000209e+00 1.765900000000000108e-02 -1.873663000000000078e+00 1.189899999999999985e-02 1.000000000000000000e+00 9.140119000000000327e+00 1.181899999999999964e-02 6.696874039999999695e+03
2.525000000000000000e+03 4.050000000000000000e+03 -5.203200000000000000e+04 2.296232900000000043e+01 6.582799999999999763e-02 6.675233000000000416e+00 1.345299999999999968e-02 -2.460071999999999814e+00 1.202199999999999970e-02 1.000000000000000000e+00 9.193355999999999639e+00 9.872999999999999832e-03 1.110967544000000089e+03
2.525000000000000000e+03 4.050000000000000000e+03 -5.203200000000000000e+04 2.295283299999999826e+01 9.421300000000000507e-02 6.745042999999999900e+00 2.279799999999999882e-02 -2.446108999999999867e+00 1.799200000000000105e-02 1.000000000000000000e+00 9.173408000000000229e+00 1.363299999999999929e-02 1.778386717999999973e+03
2.525000000000000000e+03 4.050000000000000000e+03 -5.203200000000000000e+04 2.294621700000000075e+01 9.760499999999999732e-02 6.666451000000000349e+00 1.366900000000000059e-02 -2.450466000000000033e+00 1.268000000000000030e-02 1.000000000000000000e+00 9.179652000000000811e+00 1.173699999999999917e-02 1.799178906999999981e+03
2.525000000000000000e+03 4.050000000000000000e+03 -5.203200000000000000e+04 2.296457799999999949e+01 1.001049999999999995e-01 6.676950999999999858e+00 1.501899999999999936e-02 -2.476014000000000159e+00 1.042700000000000050e-02 1.000000000000000000e+00 9.173536999999999608e+00 9.471000000000000252e-03 2.466432072000000062e+03
2.525000000000000000e+03 8.050000000000000000e+03 -5.203200000000000000e+04 2.268658299999999883e+01 1.101469999999999949e-01 7.185935999999999879e+00 1.540700000000000056e-02 -3.309505999999999837e+00 1.177199999999999948e-02 1.000000000000000000e+00 9.178981000000000279e+00 2.089900000000000091e-02 2.507620428000000175e+03
2.525000000000000000e+03 8.050000000000000000e+03 -5.203200000000000000e+04 2.257568600000000103e+01 8.956400000000000472e-02 7.372224000000000110e+00 1.931700000000000084e-02 -3.284975999999999896e+00 1.857500000000000123e-02 1.000000000000000000e+00 9.156674000000000646e+00 1.360500000000000077e-02 3.175112606000000142e+03
2.525000000000000000e+03 8.050000000000000000e+03 -5.203200000000000000e+04 2.263256600000000063e+01 8.344600000000000628e-02 7.373573000000000377e+00 1.683499999999999927e-02 -3.280539000000000094e+00 1.742600000000000052e-02 1.000000000000000000e+00 9.148479000000000028e+00 1.417200000000000057e-02 3.195905796000000009e+03
2.525000000000000000e+03 8.050000000000000000e+03 -5.203200000000000000e+04 2.262638400000000161e+01 7.374899999999999511e-02 7.389000000000000234e+00 1.661599999999999883e-02 -3.288994999999999891e+00 1.455599999999999949e-02 1.000000000000000000e+00 9.139950000000000685e+00 1.012900000000000085e-02 3.863240964999999960e+03
4.525000000000000000e+03 -3.950000000000000000e+03 -5.203200000000000000e+04 2.336547300000000149e+01 9.540200000000000069e-02 5.599986999999999604e+00 1.434900000000000064e-02 -2.804358999999999824e+00 1.247000000000000018e-02 1.000000000000000000e+00 9.163662999999999670e+00 1.255200000000000066e-02 3.967716939999999795e+03
4.525000000000000000e+03 -3.950000000000000000e+03 -5.203200000000000000e+04 2.337819500000000161e+01 1.078240000000000032e-01 5.547735999999999557e+00 2.084899999999999948e-02 -2.792492000000000196e+00 1.796599999999999933e-02 1.000000000000000000e+00 9.174561000000000632e+00 1.059099999999999972e-02 4.588950472999999874e+03
4.525000000000000000e+03 -3.950000000000000000e+03 -5.203200000000000000e+04 2.336767700000000048e+01 1.039489999999999997e-01 5.578759999999999941e+00 1.363999999999999935e-02 -2.810690000000000133e+00 1.250099999999999996e-02 1.000000000000000000e+00 9.164889999999999759e+00 1.569299999999999862e-02 4.655917303999999604e+03
4.525000000000000000e+03 -3.950000000000000000e+03 -5.203200000000000000e+04 2.339070099999999996e+01 8.288199999999999734e-02 5.542093000000000380e+00 2.131100000000000008e-02 -2.821594000000000158e+00 1.808900000000000091e-02 1.000000000000000000e+00 9.141206999999999638e+00 9.995000000000000412e-03 5.277055830000000242e+03
4.525000000000000000e+03 5.000000000000000000e+01 -5.203200000000000000e+04 2.323493500000000012e+01 6.499599999999999822e-02 6.650088000000000221e+00 1.646399999999999947e-02 -1.878808000000000034e+00 1.134600000000000018e-02 1.000000000000000000e+00 9.144247000000000014e+00 1.031900000000000005e-02 5.364534834000000046e+03
4.525000000000000000e+03 5.000000000000000000e+01 -5.203200000000000000e+04 2.332594999999999885e+01 8.774600000000000455e-02 6.417989000000000388e+00 1.575199999999999864e-02 -1.912514000000000047e+00 1.643199999999999869e-02 1.000000000000000000e+00 9.156520000000000437e+00 1.092500000000000068e-02 5.985649360000000343e+03
4.525000000000000000e+03 5.000000000000000000e+01 -5.203200000000000000e+04 2.332435100000000006e+01 8.697799999999999976e-02 6.418739999999999668e+00 1.992100000000000121e-02 -1.893956999999999891e+00 1.277799999999999943e-02 1.000000000000000000e+00 9.160652999999999935e+00 8.673999999999999419e-03 6.052633190999999897e+03
4.525000000000000000e+03 5.000000000000000000e+01 -5.203200000000000000e+04 2.328631700000000038e+01 9.572799999999999365e-02 6.387392000000000181e+00 1.442599999999999959e-02 -1.916968000000000005e+00 1.327599999999999961e-02 1.000000000000000000e+00 9.147797999999999874e+00 1.220100000000000004e-02 6.673782718999999815e+03
4.525000000000000000e+03 4.050000000000000000e+03 -5.203200000000000000e+04 2.299481400000000164e+01 7.883199999999999930e-02 6.712457999999999814e+00 1.381100000000000036e-02 -2.267533999999999939e+00 1.013700000000000018e-02 1.000000000000000000e+00 9.189346999999999710e+00 1.439600000000000081e-02 1.134159871000000066e+03
4.525000000000000000e+03 4.050000000000000000e+03 -5.203200000000000000e+04 2.301739299999999844e+01 9.138499999999999401e-02 6.657378999999999714e+00 1.735700000000000090e-02 -2.270868000000000109e+00 1.569699999999999915e-02 1.000000000000000000e+00 9.167448000000000263e+00 1.693000000000000060e-02 1.755297397999999930e+03
4.525000000000000000e+03 4.050000000000000000e+03 -5.203200000000000000e+04 2.299068300000000065e+01 1.004189999999999944e-01 6.718403000000000347e+00 1.697500000000000051e-02 -2.323748999999999842e+00 1.486700000000000001e-02 1.000000000000000000e+00 9.160940999999999335e+00 1.332400000000000077e-02 1.822270228000000088e+03
4.525000000000000000e+03 4.050000000000000000e+03 -5.203200000000000000e+04 2.300631900000000130e+01 8.218599999999999517e-02 6.667911000000000143e+00 2.211400000000000171e-02 -2.293512999999999913e+00 1.547699999999999944e-02 1.000000000000000000e+00 9.167790000000000106e+00 1.760400000000000159e-02 2.443349752000000080e+03
4.525000000000000000e+03 8.050000000000000000e+03 -5.203200000000000000e+04 2.268679900000000060e+01 7.933300000000000074e-02 7.247002000000000166e+00 1.549599999999999936e-02 -3.255504999999999871e+00 1.447799999999999955e-02 1.000000000000000000e+00 9.178395000000000081e+00 1.473400000000000057e-02 2.530806754000000183e+03
4.525000000000000000e+03 8.050000000000000000e+03 -5.203200000000000000e+04 2.261402700000000010e+01 8.505300000000000360e-02 7.364195999999999742e+00 1.593500000000000125e-02 -3.287490000000000023e+00 1.448900000000000014e-02 1.000000000000000000e+00 9.141132000000000701e+00 1.349999999999999985e-02 3.152020285999999942e+03
4.525000000000000000e+03 8.050000000000000000e+03 -5.203200000000000000e+04 2.264783600000000163e+01 7.306699999999999307e-02 7.409709000000000323e+00 1.883400000000000005e-02 -3.251462000000000074e+00 9.983999999999999819e-03 1.000000000000000000e+00 9.157479000000000369e+00 1.182300000000000018e-02 3.218997116000000005e+03
4.525000000000000000e+03 8.050000000000000000e+03 -5.203200000000000000e+04 2.265127199999999874e+01 6.459600000000000064e-02 7.390831999999999624e+00 1.620399999999999965e-02 -3.221483999999999792e+00 1.442399999999999932e-02 1.000000000000000000e+00 9.159093000000000373e+00 1.134800000000000045e-02 3.840146643999999924e+03
6.525000000000000000e+03 -3.950000000000000000e+03 -5.203200000000000000e+04 2.331666699999999892e+01 1.112400000000000055e-01 5.541056000000000203e+00 1.785399999999999834e-02 -3.078129000000000115e+00 1.330399999999999985e-02 1.000000000000000000e+00 9.175966000000000733e+00 1.196299999999999968e-02 3.990810261999999966e+03
6.525000000000000000e+03 -3.950000000000000000e+03 -5.203200000000000000e+04 2.332074499999999873e+01 7.159999999999999698e-02 5.474065999999999654e+00 1.362999999999999975e-02 -3.101042000000000076e+00 1.711899999999999880e-02 1.000000000000000000e+00 9.158115000000000450e+00 1.527099999999999985e-02 4.565856152000000293e+03
6.525000000000000000e+03 -3.950000000000000000e+03 -5.203200000000000000e+04 2.331834599999999824e+01 8.005199999999999816e-02 5.522566000000000308e+00 1.536700000000000045e-02 -3.077239000000000058e+00 1.564499999999999919e-02 1.000000000000000000e+00 9.155253999999999337e+00 1.175600000000000082e-02 4.679004624000000149e+03
6.525000000000000000e+03 -3.950000000000000000e+03 -5.203200000000000000e+04 2.332470199999999849e+01 1.020989999999999953e-01 5.526431999999999789e+00 1.987299999999999831e-02 -3.106738000000000000e+00 2.149399999999999922e-02 1.000000000000000000e+00 9.146744999999999237e+00 1.357099999999999973e-02 5.253964509999999791e+03
6.525000000000000000e+03 5.000000000000000000e+01 -5.203200000000000000e+04 2.327486400000000089e+01 8.953600000000000447e-02 6.572861999999999760e+00 1.638099999999999973e-02 -1.905416999999999916e+00 1.230499999999999997e-02 1.000000000000000000e+00 9.161918999999999258e+00 9.993999999999999412e-03 5.387624155000000428e+03
6.525000000000000000e+03 5.000000000000000000e+01 -5.203200000000000000e+04 2.333588100000000054e+01 8.212800000000000655e-02 6.361231000000000080e+00 1.593599999999999878e-02 -1.926469999999999905e+00 1.167200000000000008e-02 1.000000000000000000e+00 9.178369999999999251e+00 1.241100000000000016e-02 5.962564038999999866e+03
6.525000000000000000e+03 5.000000000000000000e+01 -5.203200000000000000e+04 2.328633100000000056e+01 8.615799999999999847e-02 6.353400999999999854e+00 1.537499999999999978e-02 -1.939626999999999990e+00 1.298000000000000022e-02 1.000000000000000000e+00 9.168177999999999273e+00 1.050799999999999998e-02 6.075720511000000442e+03
6.525000000000000000e+03 5.000000000000000000e+01 -5.203200000000000000e+04 2.323714599999999919e+01 8.659300000000000330e-02 6.354229000000000127e+00 1.662999999999999895e-02 -1.937141000000000002e+00 9.955000000000000307e-03 1.000000000000000000e+00 9.138882000000000616e+00 2.192200000000000051e-02 6.650691397999999936e+03
6.525000000000000000e+03 4.050000000000000000e+03 -5.203200000000000000e+04 2.307559399999999883e+01 8.995300000000000518e-02 6.650223999999999691e+00 1.846400000000000124e-02 -1.955648999999999971e+00 1.259000000000000050e-02 1.000000000000000000e+00 9.160807000000000144e+00 1.472099999999999971e-02 1.157249191000000110e+03
6.525000000000000000e+03 4.050000000000000000e+03 -5.203200000000000000e+04 2.308118400000000037e+01 1.128870000000000012e-01 6.678199000000000218e+00 1.508400000000000019e-02 -1.993071000000000037e+00 1.103499999999999967e-02 1.000000000000000000e+00 9.168236999999999526e+00 1.246899999999999918e-02 1.732205077000000074e+03
6.525000000000000000e+03 4.050000000000000000e+03 -5.203200000000000000e+04 2.306354599999999877e+01 1.006340000000000012e-01 6.739112000000000435e+00 1.736100000000000143e-02 -2.003836000000000173e+00 1.108600000000000037e-02 1.000000000000000000e+00 9.161492000000000857e+00 1.223999999999999914e-02 1.845363548999999921e+03
6.525000000000000000e+03 4.050000000000000000e+03 -5.203200000000000000e+04 2.308093399999999917e+01 9.408999999999999309e-02 6.681986000000000203e+00 1.585900000000000157e-02 -1.967494999999999994e+00 1.291600000000000040e-02 1.000000000000000000e+00 9.161685999999999552e+00 9.929000000000000326e-03 2.420273431999999957e+03
6.525000000000000000e+03 8.050000000000000000e+03 -5.203200000000000000e+04 2.269228499999999826e+01 7.705599999999999949e-02 7.301968999999999710e+00 1.012500000000000032e-02 -3.294972000000000012e+00 1.501100000000000004e-02 1.000000000000000000e+00 9.183526000000000522e+00 1.012700000000000058e-02 2.553990080000000034e+03
6.525000000000000000e+03 8.050000000000000000e+03 -5.203200000000000000e+04 2.264568799999999982e+01 7.137200000000000488e-02 7.411336000000000368e+00 1.765500000000000055e-02 -3.223514000000000213e+00 1.167400000000000035e-02 1.000000000000000000e+00 9.157652999999999821e+00 1.315700000000000029e-02 3.128930965000000015e+03
6.525000000000000000e+03 8.050000000000000000e+03 -5.203200000000000000e+04 2.265268299999999968e+01 6.650300000000000655e-02 7.429325999999999652e+00 1.734399999999999831e-02 -3.270761999999999947e+00 1.325400000000000016e-02 1.000000000000000000e+00 9.151239999999999597e+00 1.303200000000000018e-02 3.242086436999999933e+03
6.525000000000000000e+03 8.050000000000000000e+03 -5.203200000000000000e+04 2.267466399999999993e+01 7.112200000000000466e-02 7.428660999999999959e+00 1.769499999999999892e-02 -3.261353999999999864e+00 1.392400000000000061e-02 1.000000000000000000e+00 9.164721000000000117e+00 1.313500000000000084e-02 3.817056324000000131e+03
8.525000000000000000e+03 -3.950000000000000000e+03 -5.203200000000000000e+04 2.325496199999999902e+01 6.774399999999999866e-02 5.539355999999999725e+00 1.643800000000000122e-02 -3.415885999999999978e+00 1.807699999999999932e-02 1.000000000000000000e+00 9.162077999999999278e+00 7.708999999999999707e-03 4.014000587999999880e+03
8.525000000000000000e+03 -3.950000000000000000e+03 -5.203200000000000000e+04 2.327147000000000077e+01 7.704300000000000037e-02 5.439132999999999996e+00 1.501100000000000004e-02 -3.430881999999999987e+00 1.787700000000000053e-02 1.000000000000000000e+00 9.153430999999999429e+00 1.178099999999999981e-02 4.542766830999999911e+03
8.525000000000000000e+03 -3.950000000000000000e+03 -5.203200000000000000e+04 2.326989500000000177e+01 8.461599999999999677e-02 5.442467999999999861e+00 1.736800000000000149e-02 -3.396901999999999866e+00 1.684099999999999833e-02 1.000000000000000000e+00 9.154075999999999880e+00 1.928500000000000006e-02 4.702196949999999561e+03
8.525000000000000000e+03 -3.950000000000000000e+03 -5.203200000000000000e+04 2.327468299999999957e+01 8.051800000000000623e-02 5.434098999999999791e+00 1.423199999999999986e-02 -3.442508999999999819e+00 1.820400000000000143e-02 1.000000000000000000e+00 9.166731999999999658e+00 2.108200000000000005e-02 5.230877188999999817e+03
8.525000000000000000e+03 5.000000000000000000e+01 -5.203200000000000000e+04 2.327806599999999904e+01 9.130800000000000027e-02 6.454347000000000278e+00 1.242700000000000055e-02 -1.856444999999999901e+00 1.206300000000000081e-02 1.000000000000000000e+00 9.186565999999999121e+00 1.376400000000000019e-02 5.410812480999999934e+03
8.525000000000000000e+03 5.000000000000000000e+01 -5.203200000000000000e+04 2.329852800000000101e+01 9.307200000000000195e-02 6.272613999999999912e+00 1.213599999999999922e-02 -1.867293000000000092e+00 1.410199999999999995e-02 1.000000000000000000e+00 9.167412999999999812e+00 8.822999999999999246e-03 5.939471717999999782e+03
8.525000000000000000e+03 5.000000000000000000e+01 -5.203200000000000000e+04 2.331807900000000089e+01 9.328699999999999493e-02 6.282658999999999772e+00 1.523500000000000028e-02 -1.901550999999999991e+00 1.063899999999999915e-02 1.000000000000000000e+00 9.175484000000000862e+00 8.441000000000000586e-03 6.098912838000000193e+03
8.525000000000000000e+03 5.000000000000000000e+01 -5.203200000000000000e+04 2.329315599999999975e+01 1.086529999999999996e-01 6.261028999999999733e+00 1.298999999999999981e-02 -1.899669999999999970e+00 1.652999999999999955e-02 1.000000000000000000e+00 9.135315999999999548e+00 1.347899999999999966e-02 6.627600077000000056e+03
8.525000000000000000e+03 4.050000000000000000e+03 -5.203200000000000000e+04 2.316053899999999999e+01 9.992800000000000293e-02 6.615649000000000335e+00 2.041899999999999965e-02 -1.660484999999999989e+00 1.754400000000000057e-02 1.000000000000000000e+00 9.176149999999999807e+00 7.328999999999999578e-03 1.180438517999999931e+03
8.525000000000000000e+03 4.050000000000000000e+03 -5.203200000000000000e+04 2.317223800000000011e+01 8.159900000000000486e-02 6.608065999999999995e+00 1.512699999999999982e-02 -1.674212000000000033e+00 1.626800000000000121e-02 1.000000000000000000e+00 9.162117999999999540e+00 1.395799999999999992e-02 1.709118756000000076e+03
8.525000000000000000e+03 4.050000000000000000e+03 -5.203200000000000000e+04 2.315280600000000177e+01 1.051600000000000035e-01 6.655045999999999573e+00 1.546400000000000031e-02 -1.698121999999999909e+00 9.372999999999999388e-03 1.000000000000000000e+00 9.169648000000000465e+00 1.186500000000000055e-02 1.868553875000000062e+03
8.525000000000000000e+03 4.050000000000000000e+03 -5.203200000000000000e+04 2.317887199999999837e+01 9.174400000000000610e-02 6.620599999999999596e+00 2.338600000000000054e-02 -1.657119000000000009e+00 1.279300000000000055e-02 1.000000000000000000e+00 9.171117999999999881e+00 1.563000000000000153e-02 2.397192110999999841e+03
8.525000000000000000e+03 8.050000000000000000e+03 -5.203200000000000000e+04 2.271378699999999995e+01 8.544999999999999818e-02 7.337423000000000251e+00 1.516900000000000019e-02 -3.222091999999999956e+00 1.172699999999999958e-02 1.000000000000000000e+00 9.185845999999999734e+00 1.064999999999999974e-02 2.577175405999999839e+03
8.525000000000000000e+03 8.050000000000000000e+03 -5.203200000000000000e+04 2.265367399999999876e+01 8.328900000000000192e-02 7.407176999999999900e+00 1.981700000000000128e-02 -3.200937999999999839e+00 1.503799999999999928e-02 1.000000000000000000e+00 9.167427999999999244e+00 1.135000000000000071e-02 3.105837644000000182e+03
8.525000000000000000e+03 8.050000000000000000e+03 -5.203200000000000000e+04 2.266663600000000045e+01 7.961699999999999333e-02 7.443789999999999907e+00 1.471699999999999918e-02 -3.236197999999999908e+00 1.468299999999999987e-02 1.000000000000000000e+00 9.161656000000000688e+00 1.089700000000000044e-02 3.265272762999999941e+03
8.525000000000000000e+03 8.050000000000000000e+03 -5.203200000000000000e+04 2.266563800000000128e+01 9.836399999999999311e-02 7.423808000000000185e+00 1.344700000000000062e-02 -3.239282000000000217e+00 1.377500000000000079e-02 1.000000000000000000e+00 9.153048000000000073e+00 1.516299999999999940e-02 3.793966002000000117e+03
1.052500000000000000e+04 -3.950000000000000000e+03 -5.203200000000000000e+04 2.321048100000000147e+01 9.472400000000000264e-02 5.457982000000000333e+00 1.649600000000000025e-02 -3.760044000000000164e+00 1.326100000000000022e-02 1.000000000000000000e+00 9.171962999999999866e+00 8.581999999999999351e-03 4.037091907999999876e+03
1.052500000000000000e+04 -3.950000000000000000e+03 -5.203200000000000000e+04 2.322659300000000115e+01 6.633300000000000307e-02 5.367905000000000371e+00 1.606799999999999895e-02 -3.756845000000000212e+00 1.778899999999999926e-02 1.000000000000000000e+00 9.162981999999999516e+00 1.313800000000000037e-02 4.519674511000000166e+03
1.052500000000000000e+04 -3.950000000000000000e+03 -5.203200000000000000e+04 2.321911800000000170e+01 1.086960000000000010e-01 5.463058000000000192e+00 1.810399999999999857e-02 -3.728765000000000107e+00 1.141499999999999980e-02 1.000000000000000000e+00 9.159779000000000337e+00 1.739500000000000074e-02 4.725289270999999644e+03
1.052500000000000000e+04 -3.950000000000000000e+03 -5.203200000000000000e+04 2.323295999999999850e+01 1.056200000000000055e-01 5.357904999999999696e+00 1.960100000000000037e-02 -3.763561999999999852e+00 1.572099999999999886e-02 1.000000000000000000e+00 9.165093000000000600e+00 1.966199999999999892e-02 5.207784867999999733e+03
1.052500000000000000e+04 5.000000000000000000e+01 -5.203200000000000000e+04 2.324717000000000056e+01 9.069299999999999584e-02 6.402912999999999855e+00 1.389199999999999983e-02 -1.886161999999999894e+00 1.004299999999999984e-02 1.000000000000000000e+00 9.156098000000000070e+00 1.780800000000000091e-02 5.433899801999999909e+03
1.052500000000000000e+04 5.000000000000000000e+01 -5.203200000000000000e+04 2.334713500000000153e+01 7.403800000000000658e-02 6.198385000000000034e+00 1.424300000000000045e-02 -1.913480000000000070e+00 1.206899999999999987e-02 1.000000000000000000e+00 9.153460000000000818e+00 1.181100000000000032e-02 5.916381398000000445e+03
1.052500000000000000e+04 5.000000000000000000e+01 -5.203200000000000000e+04 2.331134000000000128e+01 1.054540000000000061e-01 6.197940000000000005e+00 1.019399999999999994e-02 -1.884792000000000023e+00 1.103299999999999940e-02 1.000000000000000000e+00 9.152442000000000633e+00 1.239900000000000030e-02 6.122003158999999869e+03
1.052500000000000000e+04 5.000000000000000000e+01 -5.203200000000000000e+04 2.330938599999999994e+01 8.498899999999999511e-02 6.127341000000000371e+00 1.351300000000000071e-02 -1.887591000000000019e+00 1.171299999999999945e-02 1.000000000000000000e+00 9.129846999999999824e+00 2.144100000000000172e-02 6.604507755999999972e+03
1.052500000000000000e+04 4.050000000000000000e+03 -5.203200000000000000e+04 2.323877999999999844e+01 9.595700000000000063e-02 6.680049000000000348e+00 1.808600000000000138e-02 -1.329698999999999964e+00 1.750600000000000073e-02 1.000000000000000000e+00 9.179622000000000170e+00 1.465100000000000083e-02 1.203529837999999927e+03
1.052500000000000000e+04 4.050000000000000000e+03 -5.203200000000000000e+04 2.325958999999999932e+01 7.722999999999999310e-02 6.588032000000000110e+00 1.343500000000000076e-02 -1.322818000000000049e+00 1.511700000000000023e-02 1.000000000000000000e+00 9.175867000000000218e+00 9.927999999999999325e-03 1.686027434999999969e+03
1.052500000000000000e+04 4.050000000000000000e+03 -5.203200000000000000e+04 2.323371799999999965e+01 9.392699999999999660e-02 6.682114000000000331e+00 1.614799999999999916e-02 -1.342052999999999940e+00 1.219100000000000045e-02 1.000000000000000000e+00 9.158134000000000441e+00 1.373500000000000068e-02 1.891645195999999942e+03
1.052500000000000000e+04 4.050000000000000000e+03 -5.203200000000000000e+04 2.326617500000000049e+01 7.574899999999999689e-02 6.550932999999999673e+00 1.782100000000000004e-02 -1.303671000000000024e+00 1.587300000000000169e-02 1.000000000000000000e+00 9.150997000000000270e+00 1.894200000000000050e-02 2.374106791000000158e+03
1.052500000000000000e+04 8.050000000000000000e+03 -5.203200000000000000e+04 2.270904799999999923e+01 6.840499999999999359e-02 7.403182000000000151e+00 1.473400000000000057e-02 -3.254764999999999908e+00 1.541999999999999968e-02 1.000000000000000000e+00 9.174307000000000656e+00 1.737199999999999855e-02 2.600264727000000221e+03
1.052500000000000000e+04 8.050000000000000000e+03 -5.203200000000000000e+04 2.268705299999999880e+01 9.086199999999999832e-02 7.406371000000000038e+00 1.686500000000000152e-02 -3.241528000000000187e+00 1.536999999999999998e-02 1.000000000000000000e+00 9.139841000000000548e+00 1.115700000000000025e-02 3.082747323000000051e+03
1.052500000000000000e+04 8.050000000000000000e+03 -5.203200000000000000e+04 2.267267599999999916e+01 7.698499999999999788e-02 7.469174999999999898e+00 2.122200000000000128e-02 -3.235488999999999837e+00 1.337900000000000027e-02 1.000000000000000000e+00 9.159520000000000550e+00 1.075399999999999967e-02 3.288367083999999977e+03
1.052500000000000000e+04 8.050000000000000000e+03 -5.203200000000000000e+04 2.270565799999999967e+01 8.844499999999999584e-02 7.433474000000000359e+00 1.620900000000000118e-02 -3.247653999999999819e+00 1.500699999999999951e-02 1.000000000000000000e+00 9.154363999999999280e+00 1.326100000000000022e-02 3.770875681999999870e+03
1.252500000000000000e+04 -3.950000000000000000e+03 -5.203200000000000000e+04 2.319076400000000149e+01 7.787199999999999678e-02 5.370603000000000016e+00 1.596300000000000149e-02 -4.038073999999999941e+00 1.357799999999999979e-02 1.000000000000000000e+00 9.181419999999999249e+00 1.007300000000000036e-02 4.060181228999999803e+03
1.252500000000000000e+04 -3.950000000000000000e+03 -5.203200000000000000e+04 2.321243199999999973e+01 9.922000000000000264e-02 5.222468000000000110e+00 1.583999999999999991e-02 -4.111565999999999832e+00 2.030200000000000060e-02 1.000000000000000000e+00 9.162188000000000443e+00 1.060099999999999931e-02 4.496582190000000082e+03
1.252500000000000000e+04 -3.950000000000000000e+03 -5.203200000000000000e+04 2.318017599999999945e+01 1.083130000000000065e-01 5.381736000000000075e+00 1.407800000000000024e-02 -4.048729999999999940e+00 1.090400000000000050e-02 1.000000000000000000e+00 9.143705000000000638e+00 1.220300000000000031e-02 4.748380592000000433e+03
1.252500000000000000e+04 -3.950000000000000000e+03 -5.203200000000000000e+04 2.322236499999999992e+01 9.180299999999999572e-02 5.225774999999999615e+00 1.507099999999999933e-02 -4.126210999999999629e+00 1.892399999999999985e-02 1.000000000000000000e+00 9.163900999999999186e+00 1.051700000000000031e-02 5.184700547999999799e+03
1.252500000000000000e+04 5.000000000000000000e+01 -5.203200000000000000e+04 2.327138000000000062e+01 1.009479999999999961e-01 6.291519000000000084e+00 1.669599999999999904e-02 -1.876252999999999949e+00 1.292699999999999926e-02 1.000000000000000000e+00 9.174953000000000358e+00 7.343999999999999834e-03 5.456992121999999654e+03
1.252500000000000000e+04 5.000000000000000000e+01 -5.203200000000000000e+04 2.335995099999999880e+01 1.007480000000000042e-01 6.009247000000000227e+00 1.558700000000000016e-02 -1.850689999999999946e+00 1.793200000000000002e-02 1.000000000000000000e+00 9.151042000000000343e+00 1.381600000000000016e-02 5.893291076999999859e+03
1.252500000000000000e+04 5.000000000000000000e+01 -5.203200000000000000e+04 2.329375399999999985e+01 8.117099999999999316e-02 6.094341000000000008e+00 1.445800000000000037e-02 -1.858576000000000006e+00 1.126699999999999924e-02 1.000000000000000000e+00 9.147156999999999982e+00 1.673499999999999988e-02 6.145089479000000210e+03
1.252500000000000000e+04 5.000000000000000000e+01 -5.203200000000000000e+04 2.333396499999999918e+01 9.180399999999999672e-02 5.888733000000000217e+00 1.531399999999999949e-02 -1.891232000000000024e+00 1.241699999999999922e-02 1.000000000000000000e+00 9.160612999999999673e+00 1.499100000000000085e-02 6.581418435999999929e+03
1.252500000000000000e+04 4.050000000000000000e+03 -5.203200000000000000e+04 2.334994100000000117e+01 1.132350000000000023e-01 6.591008000000000422e+00 1.689900000000000083e-02 -1.041112999999999955e+00 1.772699999999999970e-02 1.000000000000000000e+00 9.176602000000000814e+00 1.436600000000000030e-02 1.226623158999999987e+03
1.252500000000000000e+04 4.050000000000000000e+03 -5.203200000000000000e+04 2.338705399999999912e+01 7.858700000000000407e-02 6.501205999999999818e+00 2.025499999999999870e-02 -1.003173000000000092e+00 1.423699999999999966e-02 1.000000000000000000e+00 9.167934000000000694e+00 1.518300000000000032e-02 1.662937114999999949e+03
1.252500000000000000e+04 4.050000000000000000e+03 -5.203200000000000000e+04 2.334815800000000152e+01 8.774899999999999367e-02 6.622460000000000235e+00 1.858299999999999882e-02 -1.013220999999999927e+00 1.150699999999999987e-02 1.000000000000000000e+00 9.158352999999999966e+00 6.117000000000000041e-03 1.914735517000000073e+03
1.252500000000000000e+04 4.050000000000000000e+03 -5.203200000000000000e+04 2.338576400000000177e+01 7.524599999999999345e-02 6.455675000000000274e+00 1.239799999999999930e-02 -9.837059999999999693e-01 9.232999999999999888e-03 1.000000000000000000e+00 9.175603999999999871e+00 1.016000000000000063e-02 2.351019471000000067e+03
1.252500000000000000e+04 8.050000000000000000e+03 -5.203200000000000000e+04 2.274488500000000002e+01 9.037100000000000688e-02 7.393304999999999794e+00 1.396700000000000025e-02 -3.204918999999999851e+00 1.361700000000000063e-02 1.000000000000000000e+00 9.165779000000000565e+00 1.348899999999999925e-02 2.623352046999999857e+03
1.252500000000000000e+04 8.050000000000000000e+03 -5.203200000000000000e+04 2.274468600000000151e+01 7.790199999999999902e-02 7.362294000000000338e+00 1.804800000000000154e-02 -3.196699999999999875e+00 1.368800000000000051e-02 1.000000000000000000e+00 9.156176999999999566e+00 2.571899999999999881e-02 3.059658003000000008e+03
1.252500000000000000e+04 8.050000000000000000e+03 -5.203200000000000000e+04 2.276889299999999849e+01 5.893400000000000027e-02 7.442586999999999620e+00 2.186300000000000049e-02 -3.214738000000000095e+00 1.833800000000000013e-02 1.000000000000000000e+00 9.158621000000000123e+00 1.182199999999999918e-02 3.311454404000000068e+03
1.252500000000000000e+04 8.050000000000000000e+03 -5.203200000000000000e+04 2.279167400000000043e+01 6.139000000000000012e-02 7.381730000000000125e+00 1.443400000000000065e-02 -3.224410999999999916e+00 1.313600000000000011e-02 1.000000000000000000e+00 9.161576999999999416e+00 1.441199999999999946e-02 3.747785361000000194e+03
1.452500000000000000e+04 -3.950000000000000000e+03 -5.203200000000000000e+04 2.315991299999999953e+01 9.116499999999999604e-02 5.349535999999999625e+00 1.913899999999999976e-02 -4.373915000000000219e+00 1.476399999999999935e-02 1.000000000000000000e+00 9.167382999999999171e+00 8.999000000000000055e-03 4.083263548999999784e+03
1.452500000000000000e+04 -3.950000000000000000e+03 -5.203200000000000000e+04 2.320623900000000006e+01 8.251699999999999313e-02 5.097830000000000084e+00 2.068899999999999906e-02 -4.439589999999999925e+00 1.890100000000000113e-02 1.000000000000000000e+00 9.150325999999999738e+00 2.010599999999999887e-02 4.473497868999999810e+03
1.452500000000000000e+04 -3.950000000000000000e+03 -5.203200000000000000e+04 2.316319100000000120e+01 7.430900000000000005e-02 5.302577000000000318e+00 1.680299999999999849e-02 -4.394862999999999964e+00 2.145700000000000038e-02 1.000000000000000000e+00 9.158918999999999144e+00 7.924000000000000488e-03 4.771470913000000110e+03
1.452500000000000000e+04 -3.950000000000000000e+03 -5.203200000000000000e+04 2.320331900000000047e+01 8.624600000000000322e-02 5.059868999999999950e+00 1.647500000000000006e-02 -4.425516000000000005e+00 1.556300000000000044e-02 1.000000000000000000e+00 9.175886999999999460e+00 1.398800000000000043e-02 5.161608226999999715e+03
1.452500000000000000e+04 5.000000000000000000e+01 -5.203200000000000000e+04 2.328139300000000134e+01 7.674400000000000666e-02 6.179706999999999617e+00 1.679399999999999990e-02 -1.796996000000000038e+00 1.237700000000000085e-02 1.000000000000000000e+00 9.166731999999999658e+00 1.926900000000000140e-02 5.480077443000000130e+03
1.452500000000000000e+04 5.000000000000000000e+01 -5.203200000000000000e+04 2.333406199999999941e+01 8.531500000000000195e-02 5.877767000000000408e+00 1.445300000000000057e-02 -1.814599999999999991e+00 1.304600000000000030e-02 1.000000000000000000e+00 9.163365000000000649e+00 1.012300000000000005e-02 5.870199757000000318e+03
1.452500000000000000e+04 5.000000000000000000e+01 -5.203200000000000000e+04 2.331832899999999853e+01 8.592900000000000538e-02 5.999981000000000009e+00 1.519399999999999917e-02 -1.821838999999999986e+00 1.037399999999999954e-02 1.000000000000000000e+00 9.153048000000000073e+00 1.374300000000000001e-02 6.168183799999999792e+03
1.452500000000000000e+04 5.000000000000000000e+01 -5.203200000000000000e+04 2.335444000000000031e+01 8.889400000000000079e-02 5.777703999999999951e+00 1.208799999999999979e-02 -1.821118999999999932e+00 1.082400000000000029e-02 1.000000000000000000e+00 9.138073000000000334e+00 8.186999999999999833e-03 6.558328115000000253e+03
1.452500000000000000e+04 4.050000000000000000e+03 -5.203200000000000000e+04 2.346261799999999909e+01 9.307200000000000195e-02 6.563977999999999646e+00 1.970699999999999882e-02 -7.147299999999999764e-01 1.693300000000000013e-02 1.000000000000000000e+00 9.191592999999999236e+00 1.126199999999999944e-02 1.249717480000000023e+03
1.452500000000000000e+04 4.050000000000000000e+03 -5.203200000000000000e+04 2.352773399999999882e+01 9.430499999999999994e-02 6.364551999999999765e+00 1.533900000000000020e-02 -6.710869999999999891e-01 1.447099999999999949e-02 1.000000000000000000e+00 9.169062000000000268e+00 1.176699999999999968e-02 1.639845794000000069e+03
1.452500000000000000e+04 4.050000000000000000e+03 -5.203200000000000000e+04 2.345400300000000016e+01 8.808499999999999663e-02 6.574387999999999899e+00 1.160500000000000073e-02 -7.131720000000000281e-01 9.379000000000000184e-03 1.000000000000000000e+00 9.147242000000000317e+00 1.835300000000000126e-02 1.937825837999999976e+03
1.452500000000000000e+04 4.050000000000000000e+03 -5.203200000000000000e+04 2.352406300000000172e+01 5.722900000000000209e-02 6.339215000000000266e+00 1.786199999999999941e-02 -6.828880000000000505e-01 1.198100000000000033e-02 1.000000000000000000e+00 9.160484000000000293e+00 1.766600000000000115e-02 2.327936150999999882e+03
1.452500000000000000e+04 8.050000000000000000e+03 -5.203200000000000000e+04 2.279197999999999880e+01 8.800299999999999789e-02 7.383312000000000097e+00 1.481099999999999951e-02 -3.245617000000000196e+00 1.391500000000000029e-02 1.000000000000000000e+00 9.163707000000000491e+00 1.585500000000000104e-02 2.646439367999999831e+03
1.452500000000000000e+04 8.050000000000000000e+03 -5.203200000000000000e+04 2.280304299999999884e+01 8.815399999999999625e-02 7.249470999999999776e+00 1.873100000000000112e-02 -3.231593999999999856e+00 1.229000000000000058e-02 1.000000000000000000e+00 9.141629000000000005e+00 1.867600000000000163e-02 3.036571681999999782e+03
1.452500000000000000e+04 8.050000000000000000e+03 -5.203200000000000000e+04 2.276993900000000082e+01 9.293899999999999384e-02 7.420907999999999838e+00 1.601199999999999846e-02 -3.244893999999999945e+00 1.700499999999999928e-02 1.000000000000000000e+00 9.160057000000000116e+00 1.157000000000000042e-02 3.334546725000000151e+03
1.452500000000000000e+04 8.050000000000000000e+03 -5.203200000000000000e+04 2.282608199999999954e+01 1.091040000000000065e-01 7.283983000000000096e+00 2.034800000000000150e-02 -3.241525000000000212e+00 9.596000000000000363e-03 1.000000000000000000e+00 9.135792999999999608e+00 1.142400000000000013e-02 3.724693040000000110e+03
1.652500000000000000e+04 -3.950000000000000000e+03 -5.203200000000000000e+04 2.314262199999999936e+01 8.978400000000000269e-02 5.287976999999999705e+00 2.018000000000000002e-02 -4.697186000000000305e+00 2.038600000000000134e-02 1.000000000000000000e+00 9.171117999999999881e+00 1.098000000000000018e-02 4.106351870000000417e+03
1.652500000000000000e+04 -3.950000000000000000e+03 -5.203200000000000000e+04 2.317332299999999989e+01 1.028059999999999946e-01 5.009331999999999674e+00 1.941999999999999976e-02 -4.802585999999999800e+00 1.477299999999999967e-02 1.000000000000000000e+00 9.146352999999999511e+00 9.872999999999999832e-03 4.450406549000000268e+03
1.652500000000000000e+04 -3.950000000000000000e+03 -5.203200000000000000e+04 2.313498699999999886e+01 1.042959999999999998e-01 5.293918999999999819e+00 1.967800000000000105e-02 -4.695600999999999914e+00 1.369300000000000031e-02 1.000000000000000000e+00 9.168615000000000848e+00 1.718700000000000089e-02 4.794557233000000451e+03
1.652500000000000000e+04 -3.950000000000000000e+03 -5.203200000000000000e+04 2.317304499999999834e+01 1.055510000000000059e-01 5.092687999999999882e+00 1.678599999999999884e-02 -4.763078000000000145e+00 1.557900000000000083e-02 1.000000000000000000e+00 9.155635999999999441e+00 1.333299999999999937e-02 5.138516907000000174e+03
1.652500000000000000e+04 5.000000000000000000e+01 -5.203200000000000000e+04 2.329193899999999928e+01 1.208349999999999980e-01 6.067750000000000199e+00 1.244900000000000000e-02 -1.831973999999999991e+00 1.339699999999999919e-02 1.000000000000000000e+00 9.164009999999999323e+00 9.839000000000000523e-03 5.503166763000000174e+03
1.652500000000000000e+04 5.000000000000000000e+01 -5.203200000000000000e+04 2.334071000000000140e+01 6.029000000000000331e-02 5.822646999999999906e+00 1.434299999999999985e-02 -1.834297000000000066e+00 1.125400000000000011e-02 1.000000000000000000e+00 9.158134000000000441e+00 1.681200000000000055e-02 5.847106434999999692e+03
1.652500000000000000e+04 5.000000000000000000e+01 -5.203200000000000000e+04 2.328455699999999950e+01 8.848699999999999621e-02 5.935463000000000378e+00 1.423600000000000039e-02 -1.835781000000000107e+00 1.213799999999999948e-02 1.000000000000000000e+00 9.159758999999999318e+00 1.082299999999999929e-02 6.191276120999999875e+03
1.652500000000000000e+04 5.000000000000000000e+01 -5.203200000000000000e+04 2.335658600000000007e+01 1.178580000000000044e-01 5.716864000000000168e+00 1.448999999999999941e-02 -1.831445999999999907e+00 1.176199999999999989e-02 1.000000000000000000e+00 9.147593999999999781e+00 1.546800000000000085e-02 6.535236794000000373e+03
1.652500000000000000e+04 4.050000000000000000e+03 -5.203200000000000000e+04 2.357274299999999911e+01 6.969699999999999507e-02 6.529264999999999652e+00 1.833699999999999913e-02 -4.238870000000000138e-01 1.596200000000000049e-02 1.000000000000000000e+00 9.203925999999999163e+00 9.960000000000000103e-03 1.272809801000000107e+03
1.652500000000000000e+04 4.050000000000000000e+03 -5.203200000000000000e+04 2.362612100000000126e+01 9.784199999999999842e-02 6.338561999999999585e+00 1.759200000000000000e-02 -3.562919999999999976e-01 1.638799999999999979e-02 1.000000000000000000e+00 9.164531999999999456e+00 1.486700000000000001e-02 1.616758473000000095e+03
1.652500000000000000e+04 4.050000000000000000e+03 -5.203200000000000000e+04 2.356991299999999967e+01 9.850000000000000422e-02 6.539066000000000045e+00 1.626700000000000021e-02 -4.185090000000000199e-01 1.408599999999999956e-02 1.000000000000000000e+00 9.156276999999999333e+00 1.169599999999999980e-02 1.960916157999999996e+03
1.652500000000000000e+04 4.050000000000000000e+03 -5.203200000000000000e+04 2.362961900000000171e+01 8.604100000000000636e-02 6.319298999999999999e+00 1.516799999999999919e-02 -3.362370000000000081e-01 1.344200000000000082e-02 1.000000000000000000e+00 9.170552000000000703e+00 1.214299999999999928e-02 2.304856831000000057e+03
1.652500000000000000e+04 8.050000000000000000e+03 -5.203200000000000000e+04 2.283321300000000065e+01 8.685199999999999865e-02 7.385234999999999772e+00 1.674300000000000094e-02 -3.239449000000000023e+00 1.041199999999999938e-02 1.000000000000000000e+00 9.170875000000000554e+00 1.381699999999999942e-02 2.669529688000000078e+03
1.652500000000000000e+04 8.050000000000000000e+03 -5.203200000000000000e+04 2.285640700000000081e+01 7.643800000000000594e-02 7.266270999999999702e+00 1.945500000000000007e-02 -3.256399000000000044e+00 1.603500000000000064e-02 1.000000000000000000e+00 9.141643999999999437e+00 1.542299999999999921e-02 3.013479362000000037e+03
1.652500000000000000e+04 8.050000000000000000e+03 -5.203200000000000000e+04 2.276307900000000117e+01 6.852999999999999370e-02 7.423516000000000226e+00 1.494900000000000048e-02 -3.244362000000000190e+00 1.175700000000000009e-02 1.000000000000000000e+00 9.150166999999999717e+00 1.677899999999999878e-02 3.357639045999999780e+03
1.652500000000000000e+04 8.050000000000000000e+03 -5.203200000000000000e+04 2.285431099999999915e+01 9.163300000000000611e-02 7.267380000000000173e+00 1.628100000000000033e-02 -3.251284000000000063e+00 1.200999999999999984e-02 1.000000000000000000e+00 9.160463999999999274e+00 1.388099999999999924e-02 3.701603720000000067e+03
1.852500000000000000e+04 -3.950000000000000000e+03 -5.203200000000000000e+04 2.311939599999999828e+01 7.489800000000000624e-02 5.213556999999999775e+00 1.891699999999999979e-02 -5.026205000000000034e+00 1.452499999999999972e-02 1.000000000000000000e+00 9.151820999999999984e+00 1.707699999999999843e-02 4.129443191000000297e+03
1.852500000000000000e+04 -3.950000000000000000e+03 -5.203200000000000000e+04 2.316003800000000012e+01 7.540900000000000380e-02 4.902579000000000242e+00 2.653000000000000150e-02 -5.142883999999999567e+00 1.892800000000000038e-02 1.000000000000000000e+00 9.171094000000000079e+00 8.972000000000000808e-03 4.427314228000000185e+03
1.852500000000000000e+04 -3.950000000000000000e+03 -5.203200000000000000e+04 2.313110299999999953e+01 7.555000000000000604e-02 5.222415999999999947e+00 1.822500000000000162e-02 -5.011046000000000333e+00 1.698799999999999963e-02 1.000000000000000000e+00 9.164557000000000286e+00 1.698300000000000157e-02 4.817647554000000127e+03
1.852500000000000000e+04 -3.950000000000000000e+03 -5.203200000000000000e+04 2.316413000000000011e+01 8.413900000000000545e-02 4.935216999999999743e+00 2.362200000000000064e-02 -5.119807999999999915e+00 1.333600000000000063e-02 1.000000000000000000e+00 9.132856999999999559e+00 9.617999999999999813e-03 5.115426585999999588e+03
1.852500000000000000e+04 5.000000000000000000e+01 -5.203200000000000000e+04 2.326383099999999970e+01 8.190300000000000358e-02 5.993287999999999727e+00 1.408900000000000083e-02 -1.812141999999999920e+00 1.488300000000000040e-02 1.000000000000000000e+00 9.167417999999999623e+00 1.234900000000000060e-02 5.526256083999999646e+03
1.852500000000000000e+04 5.000000000000000000e+01 -5.203200000000000000e+04 2.335746899999999826e+01 9.320499999999999619e-02 5.711644999999999861e+00 2.000000000000000042e-02 -1.786265999999999909e+00 1.279399999999999982e-02 1.000000000000000000e+00 9.152049999999999130e+00 1.086699999999999992e-02 5.824016115000000354e+03
1.852500000000000000e+04 5.000000000000000000e+01 -5.203200000000000000e+04 2.333281399999999906e+01 8.565200000000000591e-02 5.846358999999999639e+00 1.940300000000000011e-02 -1.768669000000000047e+00 1.309699999999999927e-02 1.000000000000000000e+00 9.147510000000000474e+00 1.116699999999999984e-02 6.214367441999999755e+03
1.852500000000000000e+04 5.000000000000000000e+01 -5.203200000000000000e+04 2.339577099999999987e+01 7.458199999999999552e-02 5.584984000000000393e+00 1.814999999999999947e-02 -1.765296999999999894e+00 1.586500000000000063e-02 1.000000000000000000e+00 9.141023000000000565e+00 1.102500000000000008e-02 6.512150474000000031e+03
1.852500000000000000e+04 4.050000000000000000e+03 -5.203200000000000000e+04 2.369097299999999962e+01 1.008990000000000026e-01 6.526659999999999684e+00 2.206999999999999934e-02 -1.309099999999999986e-01 2.431300000000000128e-02 1.000000000000000000e+00 9.173204999999999387e+00 2.075400000000000161e-02 1.295899120999999923e+03
1.852500000000000000e+04 4.050000000000000000e+03 -5.203200000000000000e+04 2.375740400000000108e+01 1.020110000000000045e-01 6.284188999999999581e+00 1.330600000000000012e-02 1.516299999999999940e-02 1.641799999999999857e-02 1.000000000000000000e+00 9.171243000000000478e+00 1.259500000000000029e-02 1.593672152999999980e+03
1.852500000000000000e+04 4.050000000000000000e+03 -5.203200000000000000e+04 2.369143599999999950e+01 8.150799999999999712e-02 6.543182999999999971e+00 1.282100000000000080e-02 -1.058690000000000048e-01 1.458399999999999974e-02 1.000000000000000000e+00 9.186769999999999214e+00 1.720599999999999907e-02 1.983998477999999977e+03
1.852500000000000000e+04 4.050000000000000000e+03 -5.203200000000000000e+04 2.376155500000000131e+01 8.775600000000000067e-02 6.249367999999999590e+00 1.966599999999999945e-02 2.608100000000000002e-02 1.378500000000000038e-02 1.000000000000000000e+00 9.158711000000000269e+00 1.718899999999999942e-02 2.281770509999999831e+03
1.852500000000000000e+04 8.050000000000000000e+03 -5.203200000000000000e+04 2.284610199999999836e+01 7.838399999999999535e-02 7.378218000000000387e+00 1.354200000000000022e-02 -3.258634999999999948e+00 1.422099999999999927e-02 1.000000000000000000e+00 9.168540000000000134e+00 9.353999999999999468e-03 2.692622009000000162e+03
1.852500000000000000e+04 8.050000000000000000e+03 -5.203200000000000000e+04 2.291588399999999837e+01 8.372799999999999687e-02 7.184980000000000366e+00 1.407100000000000017e-02 -3.279120999999999952e+00 1.542100000000000068e-02 1.000000000000000000e+00 9.153385999999999356e+00 1.038700000000000040e-02 2.990390041000000110e+03
1.852500000000000000e+04 8.050000000000000000e+03 -5.203200000000000000e+04 2.283056300000000149e+01 9.149599999999999400e-02 7.405594999999999928e+00 1.630200000000000052e-02 -3.252091000000000065e+00 1.426799999999999943e-02 1.000000000000000000e+00 9.165312000000000126e+00 1.080300000000000010e-02 3.380726367000000209e+03
1.852500000000000000e+04 8.050000000000000000e+03 -5.203200000000000000e+04 2.291831399999999874e+01 7.977099999999999469e-02 7.205977999999999994e+00 1.601899999999999852e-02 -3.264907000000000004e+00 1.536399999999999919e-02 1.000000000000000000e+00 9.158079999999999998e+00 1.485999999999999995e-02 3.678513398999999936e+03
2.052500000000000000e+04 -3.950000000000000000e+03 -5.203200000000000000e+04 2.310927799999999976e+01 8.785400000000000154e-02 5.222203999999999624e+00 1.687999999999999917e-02 -5.371069000000000315e+00 1.085299999999999980e-02 1.000000000000000000e+00 9.146442000000000405e+00 1.104400000000000000e-02 4.152532511999999770e+03
2.052500000000000000e+04 -3.950000000000000000e+03 -5.203200000000000000e+04 2.314435999999999893e+01 8.480899999999999550e-02 4.910941000000000223e+00 2.428299999999999903e-02 -5.469663999999999859e+00 1.838800000000000157e-02 1.000000000000000000e+00 9.165544999999999831e+00 1.502099999999999963e-02 4.404126901999999973e+03
2.052500000000000000e+04 -3.950000000000000000e+03 -5.203200000000000000e+04 2.310735199999999878e+01 8.683200000000000640e-02 5.224797999999999831e+00 1.330100000000000032e-02 -5.382372000000000156e+00 1.743300000000000058e-02 1.000000000000000000e+00 9.148955000000000837e+00 1.001299999999999933e-02 4.840739875000000211e+03
2.052500000000000000e+04 -3.950000000000000000e+03 -5.203200000000000000e+04 2.314301800000000142e+01 6.705200000000000049e-02 4.935394999999999754e+00 1.516400000000000040e-02 -5.454481000000000357e+00 2.328300000000000161e-02 1.000000000000000000e+00 9.178653000000000617e+00 9.568999999999999381e-03 5.092337265000000116e+03
2.052500000000000000e+04 5.000000000000000000e+01 -5.203200000000000000e+04 2.330693199999999976e+01 1.026310000000000000e-01 5.912608999999999781e+00 1.437599999999999989e-02 -1.748674000000000062e+00 1.580799999999999914e-02 1.000000000000000000e+00 9.173994000000000426e+00 1.138800000000000055e-02 5.549346405000000232e+03
2.052500000000000000e+04 5.000000000000000000e+01 -5.203200000000000000e+04 2.334861000000000075e+01 9.577800000000000202e-02 5.644255000000000244e+00 1.696500000000000091e-02 -1.741654000000000035e+00 1.501599999999999983e-02 1.000000000000000000e+00 9.168625000000000469e+00 1.246399999999999939e-02 5.800926793999999973e+03
2.052500000000000000e+04 5.000000000000000000e+01 -5.203200000000000000e+04 2.335173199999999838e+01 9.219499999999999917e-02 5.766390000000000349e+00 1.188200000000000020e-02 -1.745395000000000030e+00 9.773000000000000437e-03 1.000000000000000000e+00 9.149065000000000225e+00 1.337600000000000074e-02 6.237453762000000097e+03
2.052500000000000000e+04 5.000000000000000000e+01 -5.203200000000000000e+04 2.339264800000000122e+01 7.580299999999999538e-02 5.500807000000000002e+00 1.544799999999999993e-02 -1.741760999999999893e+00 1.432699999999999946e-02 1.000000000000000000e+00 9.120473999999999748e+00 1.108999999999999916e-02 6.489060153000000355e+03
2.052500000000000000e+04 4.050000000000000000e+03 -5.203200000000000000e+04 2.381538499999999914e+01 6.575599999999999501e-02 6.553287000000000084e+00 2.278499999999999970e-02 3.173329999999999762e-01 1.514399999999999948e-02 1.000000000000000000e+00 9.175271000000000399e+00 1.129999999999999928e-02 1.318985441999999921e+03
2.052500000000000000e+04 4.050000000000000000e+03 -5.203200000000000000e+04 2.387187099999999873e+01 9.302900000000000058e-02 6.305920000000000414e+00 1.734700000000000131e-02 3.155950000000000144e-01 1.749099999999999960e-02 1.000000000000000000e+00 9.182259000000000171e+00 1.136599999999999937e-02 1.570579831999999897e+03
2.052500000000000000e+04 4.050000000000000000e+03 -5.203200000000000000e+04 2.381181399999999826e+01 1.029380000000000017e-01 6.529797000000000295e+00 1.549400000000000083e-02 2.446579999999999866e-01 1.553700000000000046e-02 1.000000000000000000e+00 9.156083000000000638e+00 2.286300000000000138e-02 2.007088799000000108e+03
2.052500000000000000e+04 4.050000000000000000e+03 -5.203200000000000000e+04 2.386928800000000095e+01 8.639499999999999957e-02 6.287054000000000364e+00 1.663900000000000101e-02 3.859299999999999953e-01 9.965999999999999165e-03 1.000000000000000000e+00 9.173994000000000426e+00 1.077099999999999932e-02 2.258686189999999897e+03
2.052500000000000000e+04 8.050000000000000000e+03 -5.203200000000000000e+04 2.287548900000000174e+01 8.183600000000000596e-02 7.405866999999999756e+00 1.537400000000000051e-02 -3.311212999999999962e+00 1.267099999999999997e-02 1.000000000000000000e+00 9.168122999999999578e+00 1.098400000000000071e-02 2.715711330000000089e+03
2.052500000000000000e+04 8.050000000000000000e+03 -5.203200000000000000e+04 2.288870800000000116e+01 6.923999999999999599e-02 7.207659999999999734e+00 1.671500000000000069e-02 -3.277521000000000129e+00 1.522899999999999948e-02 1.000000000000000000e+00 9.144320999999999700e+00 1.330600000000000012e-02 2.967293720000000121e+03
2.052500000000000000e+04 8.050000000000000000e+03 -5.203200000000000000e+04 2.285442199999999957e+01 9.075300000000000034e-02 7.433303000000000438e+00 1.455000000000000043e-02 -3.273880999999999819e+00 1.065499999999999954e-02 1.000000000000000000e+00 9.162838000000000704e+00 1.102599999999999934e-02 3.403819687000000158e+03
2.052500000000000000e+04 8.050000000000000000e+03 -5.203200000000000000e+04 2.295670300000000097e+01 8.796299999999999952e-02 7.211873999999999896e+00 1.973199999999999954e-02 -3.244841999999999782e+00 1.251500000000000008e-02 1.000000000000000000e+00 9.141227000000000658e+00 1.001800000000000086e-02 3.655424078000000009e+03
2.252500000000000000e+04 -3.950000000000000000e+03 -5.203200000000000000e+04 2.309429599999999994e+01 9.487299999999999900e-02 5.164911000000000030e+00 1.357500000000000026e-02 -5.681198000000000192e+00 1.717399999999999829e-02 1.000000000000000000e+00 9.151642999999999972e+00 9.263000000000000400e-03 4.175623832000000220e+03
2.252500000000000000e+04 -3.950000000000000000e+03 -5.203200000000000000e+04 2.312934999999999874e+01 1.057489999999999958e-01 4.911465999999999887e+00 1.664600000000000107e-02 -5.778610999999999720e+00 2.244300000000000114e-02 1.000000000000000000e+00 9.154469000000000634e+00 1.365599999999999974e-02 4.381035581000000093e+03
2.252500000000000000e+04 -3.950000000000000000e+03 -5.203200000000000000e+04 2.310080100000000058e+01 8.505500000000000560e-02 5.152349000000000068e+00 2.292999999999999899e-02 -5.693272999999999584e+00 1.679100000000000037e-02 1.000000000000000000e+00 9.176859999999999573e+00 9.143999999999999351e-03 4.863831194999999752e+03
2.252500000000000000e+04 -3.950000000000000000e+03 -5.203200000000000000e+04 2.313348500000000030e+01 1.195530000000000065e-01 4.957368999999999915e+00 1.779800000000000132e-02 -5.774219999999999686e+00 1.269600000000000069e-02 1.000000000000000000e+00 9.169831999999999539e+00 1.416899999999999930e-02 5.069246944000000440e+03
2.252500000000000000e+04 5.000000000000000000e+01 -5.203200000000000000e+04 2.331613799999999870e+01 1.002839999999999981e-01 5.851084000000000174e+00 1.564899999999999972e-02 -1.709543999999999953e+00 1.475399999999999975e-02 1.000000000000000000e+00 9.152288000000000423e+00 1.448200000000000008e-02 5.572436724999999569e+03
2.252500000000000000e+04 5.000000000000000000e+01 -5.203200000000000000e+04 2.336625899999999945e+01 1.027590000000000031e-01 5.578865000000000407e+00 1.867299999999999863e-02 -1.720479000000000092e+00 1.199199999999999919e-02 1.000000000000000000e+00 9.164690999999999477e+00 1.128900000000000042e-02 5.777833472999999685e+03
2.252500000000000000e+04 5.000000000000000000e+01 -5.203200000000000000e+04 2.338765199999999922e+01 8.809100000000000263e-02 5.695634000000000086e+00 1.792300000000000143e-02 -1.714985999999999899e+00 9.943999999999999714e-03 1.000000000000000000e+00 9.162610000000000809e+00 2.185300000000000090e-02 6.260544082999999773e+03
2.252500000000000000e+04 5.000000000000000000e+01 -5.203200000000000000e+04 2.337969700000000017e+01 1.024400000000000033e-01 5.471701999999999622e+00 1.652899999999999855e-02 -1.694798000000000027e+00 1.685700000000000046e-02 1.000000000000000000e+00 9.150123000000000673e+00 1.048999999999999932e-02 6.465967832999999700e+03
2.252500000000000000e+04 4.050000000000000000e+03 -5.203200000000000000e+04 2.394248100000000079e+01 1.225350000000000050e-01 6.545026000000000010e+00 2.227600000000000066e-02 6.054950000000000054e-01 2.072600000000000137e-02 1.000000000000000000e+00 9.178912000000000404e+00 1.842699999999999894e-02 1.342076763000000028e+03
2.252500000000000000e+04 4.050000000000000000e+03 -5.203200000000000000e+04 2.398273999999999972e+01 8.411100000000000521e-02 6.396399999999999864e+00 1.727100000000000163e-02 6.191379999999999661e-01 1.569900000000000115e-02 1.000000000000000000e+00 9.182786000000000115e+00 1.053300000000000070e-02 1.547491512000000057e+03
2.252500000000000000e+04 4.050000000000000000e+03 -5.203200000000000000e+04 2.394390699999999939e+01 7.591100000000000625e-02 6.517026000000000430e+00 1.440100000000000061e-02 5.790459999999999496e-01 8.344000000000000722e-03 1.000000000000000000e+00 9.166370000000000573e+00 1.051999999999999984e-02 2.030185120000000097e+03
2.252500000000000000e+04 4.050000000000000000e+03 -5.203200000000000000e+04 2.398667999999999978e+01 9.624599999999999822e-02 6.314129000000000325e+00 1.591300000000000006e-02 6.556570000000000453e-01 1.539599999999999996e-02 1.000000000000000000e+00 9.173541999999999419e+00 1.309500000000000074e-02 2.235596868999999970e+03
2.252500000000000000e+04 8.050000000000000000e+03 -5.203200000000000000e+04 2.291446900000000042e+01 8.627700000000000646e-02 7.391733000000000331e+00 1.394800000000000033e-02 -3.316511999999999905e+00 1.171200000000000019e-02 1.000000000000000000e+00 9.151175999999999533e+00 1.187799999999999967e-02 2.738802650999999969e+03
2.252500000000000000e+04 8.050000000000000000e+03 -5.203200000000000000e+04 2.292707300000000004e+01 1.214670000000000055e-01 7.245180000000000398e+00 1.696100000000000038e-02 -3.258516000000000190e+00 1.211699999999999930e-02 1.000000000000000000e+00 9.148865999999999943e+00 7.882000000000000117e-03 2.944202398999999787e+03
2.252500000000000000e+04 8.050000000000000000e+03 -5.203200000000000000e+04 2.289592599999999933e+01 1.041450000000000015e-01 7.429345999999999783e+00 1.302299999999999985e-02 -3.293671999999999933e+00 1.299100000000000081e-02 1.000000000000000000e+00 9.165450999999999127e+00 1.101599999999999975e-02 3.426912007999999787e+03
2.252500000000000000e+04 8.050000000000000000e+03 -5.203200000000000000e+04 2.298532499999999956e+01 8.940800000000000136e-02 7.235869000000000106e+00 1.305599999999999990e-02 -3.273547000000000207e+00 1.439099999999999928e-02 1.000000000000000000e+00 9.161521999999999721e+00 1.636400000000000007e-02 3.632329757999999856e+03
2.452500000000000000e+04 -3.950000000000000000e+03 -5.203200000000000000e+04 2.308821500000000171e+01 9.147099999999999675e-02 5.192211999999999605e+00 1.766099999999999962e-02 -6.048142999999999603e+00 1.973899999999999960e-02 1.000000000000000000e+00 9.182924999999999116e+00 1.017700000000000028e-02 4.198712153000000399e+03
2.452500000000000000e+04 -3.950000000000000000e+03 -5.203200000000000000e+04 2.311356500000000125e+01 1.457100000000000062e-01 4.970727000000000118e+00 1.770100000000000146e-02 -6.078622000000000192e+00 1.868799999999999975e-02 1.000000000000000000e+00 9.153325999999999851e+00 1.162700000000000018e-02 4.357947259999999915e+03
2.452500000000000000e+04 -3.950000000000000000e+03 -5.203200000000000000e+04 2.309640600000000177e+01 9.024100000000000177e-02 5.122976000000000418e+00 1.569500000000000062e-02 -6.041790999999999912e+00 1.548099999999999997e-02 1.000000000000000000e+00 9.159133000000000635e+00 1.600000000000000033e-02 4.886922515999999632e+03
2.452500000000000000e+04 -3.950000000000000000e+03 -5.203200000000000000e+04 2.312949000000000055e+01 8.616699999999999360e-02 4.974775000000000169e+00 1.822800000000000115e-02 -6.094198999999999700e+00 1.660199999999999870e-02 1.000000000000000000e+00 9.147961999999999705e+00 1.249300000000000063e-02 5.046154623999999785e+03
2.452500000000000000e+04 5.000000000000000000e+01 -5.203200000000000000e+04 2.335115100000000155e+01 7.954799999999999371e-02 5.786326999999999998e+00 1.822000000000000008e-02 -1.652721000000000107e+00 1.496699999999999940e-02 1.000000000000000000e+00 9.179766000000000759e+00 1.734600000000000031e-02 5.595523046000000249e+03
2.452500000000000000e+04 5.000000000000000000e+01 -5.203200000000000000e+04 2.336714900000000128e+01 8.449900000000000466e-02 5.517750000000000377e+00 1.884900000000000117e-02 -1.669885999999999981e+00 1.294799999999999944e-02 1.000000000000000000e+00 9.179503000000000412e+00 9.674999999999999573e-03 5.754748152999999547e+03
2.452500000000000000e+04 5.000000000000000000e+01 -5.203200000000000000e+04 2.336358500000000049e+01 1.038810000000000011e-01 5.622012999999999927e+00 1.418799999999999922e-02 -1.621428000000000091e+00 1.701499999999999888e-02 1.000000000000000000e+00 9.175072000000000116e+00 8.347999999999999518e-03 6.283632402999999613e+03
2.452500000000000000e+04 5.000000000000000000e+01 -5.203200000000000000e+04 2.341266500000000050e+01 1.068920000000000009e-01 5.427190000000000403e+00 1.367499999999999966e-02 -1.667748000000000008e+00 1.196900000000000047e-02 1.000000000000000000e+00 9.139894999999999214e+00 1.406400000000000011e-02 6.442873510999999780e+03
2.452500000000000000e+04 4.050000000000000000e+03 -5.203200000000000000e+04 2.408936399999999978e+01 8.301699999999999358e-02 6.496317000000000341e+00 2.048399999999999874e-02 8.844359999999999999e-01 1.927399999999999947e-02 1.000000000000000000e+00 9.187991000000000241e+00 1.649300000000000072e-02 1.365165083000000095e+03
2.452500000000000000e+04 4.050000000000000000e+03 -5.203200000000000000e+04 2.412399500000000074e+01 9.841099999999999848e-02 6.305023000000000266e+00 1.561199999999999914e-02 9.418990000000000418e-01 1.508800000000000072e-02 1.000000000000000000e+00 9.181798000000000570e+00 1.688500000000000070e-02 1.524398190999999997e+03
2.452500000000000000e+04 4.050000000000000000e+03 -5.203200000000000000e+04 2.407362099999999927e+01 7.576199999999999601e-02 6.525599999999999845e+00 1.643299999999999969e-02 9.086769999999999570e-01 1.660199999999999870e-02 1.000000000000000000e+00 9.171799000000000035e+00 1.439700000000000008e-02 2.053274441000000024e+03
2.452500000000000000e+04 4.050000000000000000e+03 -5.203200000000000000e+04 2.413305899999999937e+01 9.389899999999999636e-02 6.311236000000000068e+00 1.520299999999999950e-02 9.748529999999999696e-01 1.486499999999999974e-02 1.000000000000000000e+00 9.164322999999999553e+00 1.289700000000000048e-02 2.212507548000000043e+03
2.452500000000000000e+04 8.050000000000000000e+03 -5.203200000000000000e+04 2.297081599999999924e+01 7.178800000000000459e-02 7.398151000000000366e+00 1.590899999999999953e-02 -3.336323000000000150e+00 1.440499999999999940e-02 1.000000000000000000e+00 9.174232999999999194e+00 1.262500000000000080e-02 2.761891971999999896e+03
2.452500000000000000e+04 8.050000000000000000e+03 -5.203200000000000000e+04 2.299696600000000046e+01 8.369100000000000150e-02 7.266674000000000078e+00 1.916100000000000095e-02 -3.259698999999999902e+00 1.663299999999999848e-02 1.000000000000000000e+00 9.153048000000000073e+00 1.573000000000000093e-02 2.921118078999999852e+03
2.452500000000000000e+04 8.050000000000000000e+03 -5.203200000000000000e+04 2.294972100000000026e+01 1.076290000000000024e-01 7.451643999999999934e+00 1.662399999999999989e-02 -3.329143000000000185e+00 1.492500000000000077e-02 1.000000000000000000e+00 9.156719000000000719e+00 1.259799999999999982e-02 3.450003329000000122e+03
2.452500000000000000e+04 8.050000000000000000e+03 -5.203200000000000000e+04 2.297253399999999957e+01 8.013800000000000090e-02 7.270576000000000150e+00 1.632499999999999923e-02 -3.256507000000000041e+00 1.618999999999999953e-02 1.000000000000000000e+00 9.162072999999999467e+00 1.401499999999999968e-02 3.609237437000000227e+03
2.652500000000000000e+04 -3.950000000000000000e+03 -5.203200000000000000e+04 2.308881299999999825e+01 6.538399999999999768e-02 5.178307000000000215e+00 2.399099999999999844e-02 -6.384828999999999866e+00 1.391200000000000075e-02 1.000000000000000000e+00 9.164918999999999372e+00 1.429799999999999995e-02 4.221803472999999940e+03
2.652500000000000000e+04 -3.950000000000000000e+03 -5.203200000000000000e+04 2.310010600000000025e+01 9.493799999999999462e-02 4.971822999999999659e+00 1.874400000000000024e-02 -6.423798999999999815e+00 1.107600000000000078e-02 1.000000000000000000e+00 9.158343000000000345e+00 1.215499999999999914e-02 4.334856939999999668e+03
2.652500000000000000e+04 -3.950000000000000000e+03 -5.203200000000000000e+04 2.309467499999999873e+01 1.057089999999999974e-01 5.156311999999999784e+00 2.161499999999999880e-02 -6.418993999999999645e+00 1.666000000000000120e-02 1.000000000000000000e+00 9.141073000000000448e+00 1.064499999999999995e-02 4.910011837000000014e+03
2.652500000000000000e+04 -3.950000000000000000e+03 -5.203200000000000000e+04 2.310638199999999998e+01 1.149130000000000013e-01 4.988737999999999673e+00 2.135099999999999845e-02 -6.388981000000000243e+00 1.808600000000000138e-02 1.000000000000000000e+00 9.157792000000000598e+00 1.434400000000000085e-02 5.023071302999999716e+03
2.652500000000000000e+04 5.000000000000000000e+01 -5.203200000000000000e+04 2.333181899999999942e+01 1.041789999999999938e-01 5.710201999999999778e+00 2.010999999999999940e-02 -1.619720999999999966e+00 1.227299999999999919e-02 1.000000000000000000e+00 9.191706999999999184e+00 1.606399999999999842e-02 5.618614367000000129e+03
2.652500000000000000e+04 5.000000000000000000e+01 -5.203200000000000000e+04 2.338041700000000134e+01 8.848499999999999421e-02 5.532589999999999897e+00 1.282699999999999986e-02 -1.622203000000000062e+00 1.485799999999999968e-02 1.000000000000000000e+00 9.181539000000000783e+00 1.161200000000000079e-02 5.731655832000000373e+03
2.652500000000000000e+04 5.000000000000000000e+01 -5.203200000000000000e+04 2.337357700000000094e+01 8.905899999999999928e-02 5.558226000000000333e+00 1.612600000000000144e-02 -1.576165000000000038e+00 1.125699999999999965e-02 1.000000000000000000e+00 9.156579999999999941e+00 1.317699999999999948e-02 6.306725723999999900e+03
2.652500000000000000e+04 5.000000000000000000e+01 -5.203200000000000000e+04 2.340491499999999903e+01 7.098799999999999555e-02 5.408268999999999771e+00 1.699000000000000163e-02 -1.632136999999999949e+00 1.522300000000000042e-02 1.000000000000000000e+00 9.155397999999999925e+00 1.114599999999999966e-02 6.419784190999999737e+03
2.652500000000000000e+04 4.050000000000000000e+03 -5.203200000000000000e+04 2.422350099999999884e+01 6.968900000000000095e-02 6.509560999999999709e+00 1.450599999999999980e-02 1.232877000000000001e+00 1.798200000000000146e-02 1.000000000000000000e+00 9.169121999999999773e+00 8.907999999999999252e-03 1.388255403999999999e+03
2.652500000000000000e+04 4.050000000000000000e+03 -5.203200000000000000e+04 2.425033300000000125e+01 8.311599999999999544e-02 6.392783999999999800e+00 1.554900000000000032e-02 1.267600999999999978e+00 1.367200000000000013e-02 1.000000000000000000e+00 9.170094999999999885e+00 9.809000000000000011e-03 1.501308870000000070e+03
2.652500000000000000e+04 4.050000000000000000e+03 -5.203200000000000000e+04 2.420188100000000020e+01 8.367399999999999838e-02 6.516299000000000063e+00 2.092799999999999869e-02 1.234866000000000019e+00 1.379499999999999997e-02 1.000000000000000000e+00 9.170273999999999148e+00 9.823000000000000134e-03 2.076366762000000108e+03
2.652500000000000000e+04 4.050000000000000000e+03 -5.203200000000000000e+04 2.424193599999999904e+01 8.020900000000000252e-02 6.380711999999999939e+00 1.352500000000000056e-02 1.286577999999999999e+00 1.129699999999999975e-02 1.000000000000000000e+00 9.164536999999999267e+00 1.096100000000000026e-02 2.189420227999999952e+03
2.652500000000000000e+04 8.050000000000000000e+03 -5.203200000000000000e+04 2.299672299999999936e+01 7.829300000000000148e-02 7.419594000000000023e+00 1.733900000000000025e-02 -3.344411000000000023e+00 1.759200000000000000e-02 1.000000000000000000e+00 9.148106000000000293e+00 1.396700000000000025e-02 2.784981291999999939e+03
2.652500000000000000e+04 8.050000000000000000e+03 -5.203200000000000000e+04 2.297608400000000017e+01 7.089099999999999568e-02 7.325184000000000140e+00 1.339699999999999919e-02 -3.291040000000000187e+00 1.062500000000000076e-02 1.000000000000000000e+00 9.136730999999999270e+00 1.402199999999999974e-02 2.898028757999999925e+03
2.652500000000000000e+04 8.050000000000000000e+03 -5.203200000000000000e+04 2.294064300000000145e+01 8.935500000000000387e-02 7.443660999999999639e+00 1.779199999999999879e-02 -3.316425000000000178e+00 1.286200000000000017e-02 1.000000000000000000e+00 9.170035999999999632e+00 1.103999999999999947e-02 3.473092650000000049e+03
2.652500000000000000e+04 8.050000000000000000e+03 -5.203200000000000000e+04 2.295755499999999927e+01 9.030900000000000039e-02 7.337617999999999974e+00 1.915599999999999942e-02 -3.274194000000000049e+00 1.380800000000000083e-02 1.000000000000000000e+00 9.162461000000000411e+00 1.078199999999999992e-02 3.586150115999999798e+03
2.852500000000000000e+04 -3.950000000000000000e+03 -5.203200000000000000e+04 2.309506100000000117e+01 1.017539999999999972e-01 5.173011999999999944e+00 2.176799999999999916e-02 -6.709279999999999688e+00 1.951100000000000056e-02 1.000000000000000000e+00 9.153480000000000061e+00 1.632400000000000170e-02 4.244891794000000118e+03
2.852500000000000000e+04 -3.950000000000000000e+03 -5.203200000000000000e+04 2.310662900000000164e+01 1.106860000000000066e-01 5.053658999999999679e+00 1.225200000000000074e-02 -6.733704999999999607e+00 1.599899999999999933e-02 1.000000000000000000e+00 9.157961000000000240e+00 1.608100000000000154e-02 4.311765618999999788e+03
2.852500000000000000e+04 -3.950000000000000000e+03 -5.203200000000000000e+04 2.310803999999999903e+01 1.048039999999999944e-01 5.076906000000000141e+00 1.837499999999999897e-02 -6.723111000000000281e+00 1.420199999999999935e-02 1.000000000000000000e+00 9.164894999999999570e+00 1.129100000000000069e-02 4.933103157999999894e+03
2.852500000000000000e+04 -3.950000000000000000e+03 -5.203200000000000000e+04 2.310977199999999954e+01 9.794500000000000428e-02 5.050214000000000425e+00 2.035299999999999956e-02 -6.715309000000000417e+00 1.594800000000000037e-02 1.000000000000000000e+00 9.162604999999999222e+00 1.444199999999999998e-02 4.999978981999999633e+03
2.852500000000000000e+04 5.000000000000000000e+01 -5.203200000000000000e+04 2.335183299999999917e+01 1.166129999999999944e-01 5.624446999999999974e+00 1.747200000000000142e-02 -1.589933999999999958e+00 1.213400000000000069e-02 1.000000000000000000e+00 9.178772999999999627e+00 1.657399999999999846e-02 5.641703687000000173e+03
2.852500000000000000e+04 5.000000000000000000e+01 -5.203200000000000000e+04 2.337909499999999952e+01 9.236099999999999866e-02 5.520840999999999887e+00 2.166300000000000170e-02 -1.600886000000000031e+00 1.443099999999999938e-02 1.000000000000000000e+00 9.165024000000000726e+00 1.034400000000000076e-02 5.708572511999999733e+03
2.852500000000000000e+04 5.000000000000000000e+01 -5.203200000000000000e+04 2.339120899999999992e+01 7.649699999999999556e-02 5.493275999999999826e+00 1.786899999999999947e-02 -1.577633000000000063e+00 1.353599999999999942e-02 1.000000000000000000e+00 9.166140999999999650e+00 6.684999999999999970e-03 6.329821044999999685e+03
2.852500000000000000e+04 5.000000000000000000e+01 -5.203200000000000000e+04 2.340468200000000110e+01 8.965299999999999658e-02 5.416805000000000092e+00 1.073299999999999949e-02 -1.614557999999999938e+00 1.276700000000000057e-02 1.000000000000000000e+00 9.132023000000000224e+00 9.749000000000000721e-03 6.396695869999999559e+03
2.852500000000000000e+04 4.050000000000000000e+03 -5.203200000000000000e+04 2.435653200000000140e+01 7.115399999999999503e-02 6.549445000000000405e+00 1.576100000000000070e-02 1.522061000000000108e+00 1.872599999999999959e-02 1.000000000000000000e+00 9.161587000000000813e+00 1.323299999999999997e-02 1.411349725000000035e+03
2.852500000000000000e+04 4.050000000000000000e+03 -5.203200000000000000e+04 2.437266899999999836e+01 8.135000000000000564e-02 6.441436999999999635e+00 2.043999999999999984e-02 1.555171999999999999e+00 1.719499999999999848e-02 1.000000000000000000e+00 9.179422999999999888e+00 1.094099999999999934e-02 1.478220550000000003e+03
2.852500000000000000e+04 4.050000000000000000e+03 -5.203200000000000000e+04 2.434977299999999900e+01 8.920100000000000251e-02 6.525331999999999688e+00 1.786899999999999947e-02 1.537408000000000108e+00 1.101000000000000069e-02 1.000000000000000000e+00 9.139383999999999730e+00 8.347999999999999518e-03 2.099458082000000104e+03
2.852500000000000000e+04 4.050000000000000000e+03 -5.203200000000000000e+04 2.436504000000000048e+01 8.380899999999999461e-02 6.446780999999999651e+00 1.694100000000000120e-02 1.590024000000000104e+00 1.290400000000000054e-02 1.000000000000000000e+00 9.141336000000000794e+00 1.260400000000000062e-02 2.166326907000000119e+03
2.852500000000000000e+04 8.050000000000000000e+03 -5.203200000000000000e+04 2.300227900000000147e+01 7.215599999999999792e-02 7.440483000000000402e+00 1.268400000000000083e-02 -3.304659000000000013e+00 1.020000000000000073e-02 1.000000000000000000e+00 9.155436999999999159e+00 1.352500000000000056e-02 2.808063611999999921e+03
2.852500000000000000e+04 8.050000000000000000e+03 -5.203200000000000000e+04 2.299608999999999881e+01 8.832800000000000373e-02 7.385849999999999582e+00 1.951900000000000163e-02 -3.268334999999999990e+00 1.787499999999999853e-02 1.000000000000000000e+00 9.147311000000000192e+00 1.511900000000000049e-02 2.874937437000000045e+03
2.852500000000000000e+04 8.050000000000000000e+03 -5.203200000000000000e+04 2.296124100000000112e+01 1.037290000000000018e-01 7.466225999999999807e+00 1.914199999999999929e-02 -3.235825999999999869e+00 1.550499999999999969e-02 1.000000000000000000e+00 9.167194000000000287e+00 1.549700000000000036e-02 3.496183970000000045e+03
2.852500000000000000e+04 8.050000000000000000e+03 -5.203200000000000000e+04 2.301300900000000027e+01 8.812000000000000388e-02 7.392063000000000272e+00 2.085599999999999954e-02 -3.226691999999999894e+00 1.569200000000000109e-02 1.000000000000000000e+00 9.166518999999999195e+00 1.799800000000000011e-02 3.563057796000000053e+03
3.052500000000000000e+04 -3.950000000000000000e+03 -5.203200000000000000e+04 2.309958400000000012e+01 9.340700000000000391e-02 5.161086000000000062e+00 1.928300000000000153e-02 -7.056097000000000286e+00 1.516999999999999946e-02 1.000000000000000000e+00 9.141937000000000424e+00 1.079899999999999957e-02 4.267984115000000202e+03
3.052500000000000000e+04 -3.950000000000000000e+03 -5.203200000000000000e+04 2.309971699999999828e+01 9.570900000000000241e-02 5.156225000000000058e+00 1.808500000000000038e-02 -7.058809000000000111e+00 1.741900000000000046e-02 1.000000000000000000e+00 9.118760999999999228e+00 8.087999999999999703e-03 4.288674297999999908e+03
3.052500000000000000e+04 -3.950000000000000000e+03 -5.203200000000000000e+04 2.309584999999999866e+01 7.515499999999999958e-02 5.123330000000000162e+00 2.080500000000000058e-02 -7.100045999999999857e+00 1.327599999999999961e-02 1.000000000000000000e+00 9.129369999999999763e+00 1.060200000000000031e-02 4.956196477999999843e+03
3.052500000000000000e+04 -3.950000000000000000e+03 -5.203200000000000000e+04 2.309299199999999885e+01 7.189600000000000157e-02 5.157556999999999725e+00 1.998600000000000029e-02 -7.092281999999999975e+00 1.594599999999999837e-02 1.000000000000000000e+00 9.151840999999999227e+00 1.825200000000000086e-02 4.976887662000000091e+03
3.052500000000000000e+04 5.000000000000000000e+01 -5.203200000000000000e+04 2.340051000000000059e+01 8.265300000000000424e-02 5.571941999999999950e+00 1.163999999999999931e-02 -1.484815999999999914e+00 1.495499999999999954e-02 1.000000000000000000e+00 9.163126000000000104e+00 9.632999999999999202e-03 5.664794007999999849e+03
3.052500000000000000e+04 5.000000000000000000e+01 -5.203200000000000000e+04 2.337868200000000130e+01 8.916000000000000314e-02 5.566824000000000439e+00 2.070100000000000065e-02 -1.496264999999999956e+00 1.321400000000000005e-02 1.000000000000000000e+00 9.147733000000000558e+00 7.889000000000000179e-03 5.685484190999999555e+03
3.052500000000000000e+04 5.000000000000000000e+01 -5.203200000000000000e+04 2.339031500000000108e+01 7.701500000000000012e-02 5.460903000000000063e+00 1.492399999999999977e-02 -1.498056000000000054e+00 1.216199999999999920e-02 1.000000000000000000e+00 9.156197000000000585e+00 1.527200000000000085e-02 6.352909365999999864e+03
3.052500000000000000e+04 5.000000000000000000e+01 -5.203200000000000000e+04 2.340868100000000140e+01 1.115769999999999956e-01 5.464045999999999736e+00 1.217900000000000059e-02 -1.507700999999999958e+00 1.532900000000000061e-02 1.000000000000000000e+00 9.148498000000000019e+00 1.039099999999999920e-02 6.373601548999999977e+03
3.052500000000000000e+04 4.050000000000000000e+03 -5.203200000000000000e+04 2.449850899999999854e+01 9.839599999999999735e-02 6.544666999999999568e+00 1.646699999999999900e-02 1.902287999999999979e+00 1.767399999999999874e-02 1.000000000000000000e+00 9.182427999999999813e+00 1.216099999999999993e-02 1.434439045000000078e+03
3.052500000000000000e+04 4.050000000000000000e+03 -5.203200000000000000e+04 2.448939299999999974e+01 8.118300000000000516e-02 6.549646000000000079e+00 1.947600000000000026e-02 1.893669000000000047e+00 1.853799999999999892e-02 1.000000000000000000e+00 9.171411000000000868e+00 1.244800000000000073e-02 1.455127228999999943e+03
3.052500000000000000e+04 4.050000000000000000e+03 -5.203200000000000000e+04 2.448314099999999982e+01 8.702500000000000513e-02 6.564521000000000051e+00 1.675499999999999906e-02 1.911985000000000046e+00 1.687999999999999917e-02 1.000000000000000000e+00 9.156062999999999619e+00 1.622799999999999937e-02 2.122549402999999984e+03
3.052500000000000000e+04 4.050000000000000000e+03 -5.203200000000000000e+04 2.448149300000000039e+01 1.049520000000000036e-01 6.603343999999999880e+00 1.593800000000000078e-02 1.904082000000000052e+00 1.128900000000000042e-02 1.000000000000000000e+00 9.177466000000000790e+00 9.641999999999999529e-03 2.143237586000000192e+03
3.052500000000000000e+04 8.050000000000000000e+03 -5.203200000000000000e+04 2.301907900000000140e+01 8.928600000000000425e-02 7.489093999999999696e+00 1.874800000000000078e-02 -3.329671999999999965e+00 1.391599999999999955e-02 1.000000000000000000e+00 9.155134000000000327e+00 1.251099999999999955e-02 2.831155933000000005e+03
3.052500000000000000e+04 8.050000000000000000e+03 -5.203200000000000000e+04 2.300286600000000092e+01 6.789299999999999502e-02 7.490273000000000181e+00 1.489500000000000025e-02 -3.353378000000000192e+00 1.223800000000000061e-02 1.000000000000000000e+00 9.139860999999999791e+00 1.844600000000000059e-02 2.851848116000000118e+03
3.052500000000000000e+04 8.050000000000000000e+03 -5.203200000000000000e+04 2.303111000000000175e+01 8.761900000000000244e-02 7.506363999999999592e+00 1.944500000000000048e-02 -3.324987999999999833e+00 1.608800000000000160e-02 1.000000000000000000e+00 9.172404999999999475e+00 1.429199999999999915e-02 3.519276291000000128e+03
3.052500000000000000e+04 8.050000000000000000e+03 -5.203200000000000000e+04 2.304626599999999925e+01 1.196389999999999953e-01 7.501231999999999900e+00 1.801900000000000029e-02 -3.322929999999999939e+00 1.699399999999999869e-02 1.000000000000000000e+00 9.146045000000000869e+00 1.297500000000000042e-02 3.539967474999999922e+03
