4.525000000000000000e+03 3.950000000000000000e+03 -7.000000000000000000e+04 2.356769099999999995e+01 6.703800000000000037e-02 7.223984999999999879e+00 1.061899999999999997e-02 -2.852708999999999939e+00 1.053800000000000049e-02 1.000000000000000000e+00 9.069319000000000131e+00 1.050700000000000071e-02 2.577847399999999922e+01
4.525000000000000000e+03 3.950000000000000000e+03 -7.000000000000000000e+04 2.358978700000000117e+01 6.780600000000000516e-02 7.165456999999999965e+00 1.267000000000000071e-02 -2.960637000000000185e+00 9.667000000000000245e-03 1.000000000000000000e+00 9.037722999999999729e+00 1.062300000000000050e-02 5.383777929999999969e+02
4.525000000000000000e+03 3.950000000000000000e+03 -7.000000000000000000e+04 2.358746800000000121e+01 5.544299999999999923e-02 7.167226999999999570e+00 1.278699999999999976e-02 -3.003753999999999813e+00 1.603100000000000011e-02 1.000000000000000000e+00 9.005884000000000000e+00 2.913699999999999971e-02 5.590699769999999944e+02
4.525000000000000000e+03 3.950000000000000000e+03 -6.650000000000000000e+04 2.342040799999999834e+01 6.217199999999999810e-02 7.246921999999999642e+00 1.248999999999999937e-02 -2.535404000000000213e+00 8.999999999999999320e-03 1.000000000000000000e+00 9.048517000000000365e+00 1.566700000000000037e-02 5.046988699999999994e+01
4.525000000000000000e+03 3.950000000000000000e+03 -6.650000000000000000e+04 2.342123899999999992e+01 5.695800000000000168e-02 7.193113000000000312e+00 1.176999999999999921e-02 -2.639787999999999801e+00 9.084000000000000061e-03 1.000000000000000000e+00 9.042099000000000331e+00 9.823999999999999400e-03 5.137883869999999433e+02
4.525000000000000000e+03 3.950000000000000000e+03 -6.650000000000000000e+04 2.344191700000000012e+01 5.371100000000000180e-02 7.204316000000000386e+00 1.021500000000000012e-02 -2.645090999999999859e+00 1.040100000000000052e-02 1.000000000000000000e+00 9.039744999999999919e+00 1.150600000000000060e-02 5.836573829999999816e+02
4.525000000000000000e+03 3.950000000000000000e+03 -6.300000000000000000e+04 2.321731000000000122e+01 3.816200000000000148e-02 7.279893999999999643e+00 1.123399999999999919e-02 -2.566327999999999943e+00 1.112499999999999947e-02 1.000000000000000000e+00 9.037922000000000011e+00 7.334000000000000241e-03 7.506029300000000148e+01
4.525000000000000000e+03 3.950000000000000000e+03 -6.300000000000000000e+04 2.320776199999999889e+01 4.427199999999999885e-02 7.243647000000000169e+00 8.543999999999999512e-03 -2.573083000000000009e+00 9.135000000000000758e-03 1.000000000000000000e+00 9.044482999999999606e+00 1.287199999999999976e-02 4.891969799999999964e+02
4.525000000000000000e+03 3.950000000000000000e+03 -6.300000000000000000e+04 2.323465600000000109e+01 5.012300000000000089e-02 7.280745999999999718e+00 9.482000000000000844e-03 -2.612664999999999793e+00 7.962999999999999592e-03 1.000000000000000000e+00 9.045690000000000452e+00 6.983999999999999757e-03 6.082527900000000045e+02
4.525000000000000000e+03 3.950000000000000000e+03 -5.950000000000000000e+04 2.301798399999999845e+01 4.080999999999999905e-02 7.282695999999999614e+00 8.821000000000000715e-03 -2.484494000000000202e+00 9.646999999999999326e-03 1.000000000000000000e+00 9.053637999999999408e+00 1.108800000000000063e-02 9.964969999999999573e+01
4.525000000000000000e+03 3.950000000000000000e+03 -5.950000000000000000e+04 2.299689000000000050e+01 5.111600000000000171e-02 7.276041000000000203e+00 7.389999999999999868e-03 -2.485371000000000219e+00 8.016000000000000555e-03 1.000000000000000000e+00 9.053195999999999799e+00 5.618999999999999863e-03 4.646065740000000233e+02
4.525000000000000000e+03 3.950000000000000000e+03 -5.950000000000000000e+04 2.302588000000000079e+01 4.728600000000000164e-02 7.294343999999999717e+00 1.050199999999999918e-02 -2.488938000000000095e+00 9.062000000000000610e-03 1.000000000000000000e+00 9.051923999999999637e+00 8.928999999999999437e-03 6.328431960000000345e+02
4.525000000000000000e+03 3.950000000000000000e+03 -5.600000000000000000e+04 2.280688900000000174e+01 8.645300000000000207e-02 7.300170999999999744e+00 1.297799999999999995e-02 -2.414534999999999876e+00 1.280099999999999988e-02 1.000000000000000000e+00 9.049594000000000804e+00 1.157399999999999922e-02 1.242421060000000068e+02
4.525000000000000000e+03 3.950000000000000000e+03 -5.600000000000000000e+04 2.279379099999999880e+01 6.516500000000000070e-02 7.288558000000000092e+00 1.217999999999999985e-02 -2.418133999999999784e+00 1.302900000000000065e-02 1.000000000000000000e+00 9.046822999999999837e+00 1.355400000000000008e-02 4.400141669999999863e+02
4.525000000000000000e+03 3.950000000000000000e+03 -5.600000000000000000e+04 2.282047999999999988e+01 5.880500000000000310e-02 7.307170000000000165e+00 1.046000000000000055e-02 -2.421558000000000099e+00 1.428399999999999982e-02 1.000000000000000000e+00 9.056587999999999639e+00 1.230599999999999923e-02 6.574366029999999910e+02
4.525000000000000000e+03 3.950000000000000000e+03 -5.250000000000000000e+04 2.259562299999999979e+01 6.158000000000000279e-02 7.292943000000000175e+00 9.424999999999999351e-03 -2.315512000000000015e+00 9.464000000000000190e-03 1.000000000000000000e+00 9.051456999999999198e+00 1.815200000000000147e-02 1.488355129999999917e+02
4.525000000000000000e+03 3.950000000000000000e+03 -5.250000000000000000e+04 2.257463999999999871e+01 7.041999999999999649e-02 7.313436000000000270e+00 1.288199999999999935e-02 -2.360158999999999896e+00 9.593000000000000832e-03 1.000000000000000000e+00 9.058360999999999663e+00 9.608000000000000221e-03 4.154217610000000036e+02
4.525000000000000000e+03 3.950000000000000000e+03 -5.250000000000000000e+04 2.260381800000000041e+01 6.246199999999999669e-02 7.305719999999999992e+00 1.089200000000000064e-02 -2.354725000000000179e+00 8.654000000000000234e-03 1.000000000000000000e+00 9.043952000000000879e+00 1.697600000000000151e-02 6.820240089999999782e+02
4.525000000000000000e+03 3.950000000000000000e+03 -4.900000000000000000e+04 2.238308800000000076e+01 3.633200000000000318e-02 7.313640999999999615e+00 9.995999999999999677e-03 -2.222430999999999823e+00 1.020199999999999926e-02 1.000000000000000000e+00 9.046072999999999809e+00 1.032100000000000031e-02 1.734329199999999958e+02
4.525000000000000000e+03 3.950000000000000000e+03 -4.900000000000000000e+04 2.235117400000000032e+01 4.064199999999999757e-02 7.316548000000000052e+00 7.197000000000000272e-03 -2.269362000000000101e+00 7.877999999999999586e-03 1.000000000000000000e+00 9.042149000000000214e+00 1.188600000000000073e-02 3.908343540000000189e+02
4.525000000000000000e+03 3.950000000000000000e+03 -4.900000000000000000e+04 2.238631799999999927e+01 4.699400000000000105e-02 7.317834000000000394e+00 8.798999999999999530e-03 -2.282389999999999919e+00 1.002399999999999992e-02 1.000000000000000000e+00 9.055744000000000682e+00 9.183000000000000190e-03 7.066154159999999820e+02
4.525000000000000000e+03 3.950000000000000000e+03 -4.550000000000000000e+04 2.215383999999999887e+01 5.693700000000000150e-02 7.308516000000000012e+00 8.090999999999999234e-03 -2.185805000000000220e+00 6.677999999999999908e-03 1.000000000000000000e+00 9.039998000000000644e+00 1.042299999999999997e-02 1.980213259999999877e+02
4.525000000000000000e+03 3.950000000000000000e+03 -4.550000000000000000e+04 2.212825300000000084e+01 5.214400000000000285e-02 7.320863000000000120e+00 1.093599999999999954e-02 -2.172498000000000040e+00 6.630999999999999742e-03 1.000000000000000000e+00 9.048754999999999882e+00 1.314700000000000070e-02 3.662449480000000221e+02
4.525000000000000000e+03 3.950000000000000000e+03 -4.550000000000000000e+04 2.216230300000000142e+01 4.609400000000000303e-02 7.324105999999999561e+00 8.200999999999999956e-03 -2.205977999999999994e+00 8.141999999999999932e-03 1.000000000000000000e+00 9.057994000000000767e+00 1.430200000000000048e-02 7.312078229999999621e+02
4.525000000000000000e+03 3.950000000000000000e+03 -4.200000000000000000e+04 2.193028999999999940e+01 6.071599999999999914e-02 7.327843999999999802e+00 1.159299999999999914e-02 -2.098294000000000104e+00 1.051200000000000051e-02 1.000000000000000000e+00 9.051178999999999419e+00 1.431400000000000033e-02 2.226087320000000034e+02
4.525000000000000000e+03 3.950000000000000000e+03 -4.200000000000000000e+04 2.189924800000000005e+01 6.262800000000000311e-02 7.300894000000000439e+00 1.165500000000000043e-02 -2.095835000000000115e+00 8.304999999999999882e-03 1.000000000000000000e+00 9.070669999999999789e+00 8.158999999999999586e-03 3.416585420000000113e+02
4.525000000000000000e+03 3.950000000000000000e+03 -4.200000000000000000e+04 2.193558200000000014e+01 7.475700000000000400e-02 7.322445000000000093e+00 8.541999999999999246e-03 -2.101119999999999877e+00 1.344399999999999935e-02 1.000000000000000000e+00 9.052296000000000120e+00 8.002000000000000432e-03 7.557952289999999493e+02
4.525000000000000000e+03 3.950000000000000000e+03 -3.850000000000000000e+04 2.168982899999999958e+01 5.527100000000000068e-02 7.317753999999999870e+00 1.020399999999999953e-02 -2.030472000000000055e+00 1.077400000000000059e-02 1.000000000000000000e+00 9.053931000000000395e+00 7.681000000000000327e-03 2.471991390000000024e+02
4.525000000000000000e+03 3.950000000000000000e+03 -3.850000000000000000e+04 2.166126900000000077e+01 5.669699999999999740e-02 7.344039999999999679e+00 1.023699999999999957e-02 -2.012332999999999927e+00 1.072200000000000063e-02 1.000000000000000000e+00 9.047890999999999906e+00 1.504699999999999961e-02 3.170681349999999838e+02
4.525000000000000000e+03 3.950000000000000000e+03 -3.850000000000000000e+04 2.169534700000000171e+01 6.883200000000000429e-02 7.317072999999999716e+00 1.211199999999999950e-02 -2.026825000000000099e+00 9.906999999999999140e-03 1.000000000000000000e+00 9.043798000000000670e+00 7.657999999999999877e-03 7.803846350000000029e+02
4.525000000000000000e+03 3.950000000000000000e+03 -3.500000000000000000e+04 2.145190500000000000e+01 4.108300000000000146e-02 7.354473999999999734e+00 9.435000000000000678e-03 -1.950986000000000109e+00 8.458999999999999506e-03 1.000000000000000000e+00 9.043212000000000472e+00 7.747000000000000414e-03 2.717875450000000228e+02
4.525000000000000000e+03 3.950000000000000000e+03 -3.500000000000000000e+04 2.145304900000000004e+01 5.224499999999999977e-02 7.317319999999999602e+00 7.522000000000000040e-03 -1.933813999999999922e+00 1.326699999999999928e-02 1.000000000000000000e+00 9.003261999999999432e+00 3.281200000000000089e-02 2.924777290000000107e+02
4.525000000000000000e+03 3.950000000000000000e+03 -3.500000000000000000e+04 2.145194400000000101e+01 3.995200000000000140e-02 7.355298000000000336e+00 1.024399999999999963e-02 -1.949327999999999950e+00 8.479000000000000425e-03 1.000000000000000000e+00 9.041299000000000419e+00 6.185999999999999659e-03 8.049690409999999474e+02
