4.525000000000000000e+03 4.160000000000000000e+03 -7.000000000000000000e+04 -6.803330806150817089e+00 5.512535509136316791e-02 3.437855335004414759e+00 1.465431488579089191e-02 2.377009317722600201e+01 1.221180753529994834e-02 1.000000000000000000e+00 9.135728000000000293e+00 9.565999999999999850e-03 2.596948499999999882e+01
4.525000000000000000e+03 4.160000000000000000e+03 -7.000000000000000000e+04 -6.817115180723913426e+00 4.572133370149877862e-02 3.099728102207565339e+00 1.282920291988802648e-02 -1.021011777122464359e+01 1.068934282341661018e-02 0.000000000000000000e+00 -2.358412699999999873e+01 1.761899999999999925e-02 3.651308800000000332e+01
4.525000000000000000e+03 4.160000000000000000e+03 -6.650000000000000000e+04 -6.866573774540738029e+00 4.646341303533634004e-02 3.075352321264126942e+00 9.033788441901497226e-03 2.362360926333973055e+01 1.027941707951884540e-02 1.000000000000000000e+00 9.122377000000000180e+00 6.883000000000000229e-03 5.076190299999999667e+01
4.525000000000000000e+03 4.160000000000000000e+03 -6.650000000000000000e+04 -6.782962263014043813e+00 4.576722930764400010e-02 3.079691106978063697e+00 1.016381738611948221e-02 -1.036055605006708369e+01 9.706749746601454898e-03 0.000000000000000000e+00 -2.358076499999999953e+01 2.064699999999999869e-02 6.110549499999999767e+01
4.525000000000000000e+03 4.160000000000000000e+03 -6.300000000000000000e+04 -6.857843078822166483e+00 3.903072459437997160e-02 2.949145855634447866e+00 1.088805800264863385e-02 2.342658998505576662e+01 7.576742807342848850e-03 1.000000000000000000e+00 9.131923000000000457e+00 1.132999999999999979e-02 7.535030999999999324e+01
4.525000000000000000e+03 4.160000000000000000e+03 -6.300000000000000000e+04 -6.793008285356177289e+00 3.948065079441317321e-02 3.016997880803671706e+00 1.041816031045184922e-02 -1.055288646209531045e+01 1.142236904478790074e-02 0.000000000000000000e+00 -2.358555300000000088e+01 2.387500000000000039e-02 8.569790100000000166e+01
4.525000000000000000e+03 4.160000000000000000e+03 -5.950000000000000000e+04 -6.875649926786238986e+00 5.278286180939550237e-02 2.912777011204530364e+00 8.001481656285986885e-03 2.322587367316902274e+01 7.118731594489108652e-03 1.000000000000000000e+00 9.116958000000000339e+00 6.251999999999999745e-03 9.994171599999999955e+01
4.525000000000000000e+03 4.160000000000000000e+03 -5.950000000000000000e+04 -6.780566672448325782e+00 5.268959001918121360e-02 2.950775634620731669e+00 9.151932697505813299e-03 -1.075661797458107394e+01 9.209086030161904232e-03 0.000000000000000000e+00 -2.358085900000000024e+01 2.869000000000000022e-02 1.102863080000000053e+02
4.525000000000000000e+03 4.160000000000000000e+03 -5.600000000000000000e+04 -6.863759087331278153e+00 5.527204876609342205e-02 2.854871866847836781e+00 8.175185883419372121e-03 2.302232742216182260e+01 8.795316820338622624e-03 1.000000000000000000e+00 9.119346999999999426e+00 7.406000000000000257e-03 1.245311229999999938e+02
4.525000000000000000e+03 4.160000000000000000e+03 -5.600000000000000000e+04 -6.787433441906612686e+00 5.416508951474384437e-02 2.891928605449039402e+00 1.214715138281530042e-02 -1.096212811531352926e+01 1.399025261182781227e-02 0.000000000000000000e+00 -2.358916899999999828e+01 2.840099999999999916e-02 1.348767139999999927e+02
4.525000000000000000e+03 4.160000000000000000e+03 -5.250000000000000000e+04 -6.888129086126553169e+00 4.922802960055693011e-02 2.749381620369036661e+00 1.072258006253079196e-02 2.280708915971864315e+01 9.386025167732452157e-03 1.000000000000000000e+00 9.120468999999999937e+00 5.995000000000000329e-03 1.491225289999999859e+02
4.525000000000000000e+03 4.160000000000000000e+03 -5.250000000000000000e+04 -6.794135675324167067e+00 3.843775532795152411e-02 2.807118963930443467e+00 9.675145533544034920e-03 -1.117339539109873847e+01 9.733926353392910805e-03 0.000000000000000000e+00 -2.359589400000000126e+01 2.293099999999999999e-02 1.594681209999999965e+02
4.525000000000000000e+03 4.160000000000000000e+03 -4.900000000000000000e+04 -6.922664317304246140e+00 4.613225163788230859e-02 2.663388438183318829e+00 1.106651673528953432e-02 2.259390612659668207e+01 8.235244450935361171e-03 1.000000000000000000e+00 9.102339999999999876e+00 1.446399999999999943e-02 1.737139359999999897e+02
4.525000000000000000e+03 4.160000000000000000e+03 -4.900000000000000000e+04 -6.815987280046893027e+00 4.813585466514502115e-02 2.721487316202375162e+00 7.285976939467504222e-03 -1.138534644744056834e+01 9.773084962977887993e-03 0.000000000000000000e+00 -2.360438299999999856e+01 2.142499999999999960e-02 1.840605270000000075e+02
4.525000000000000000e+03 4.160000000000000000e+03 -4.550000000000000000e+04 -6.918319141016608498e+00 4.117109676272866225e-02 2.618001844530075228e+00 1.075938427817802259e-02 2.236562631570315318e+01 7.394537261284811133e-03 1.000000000000000000e+00 9.107043000000000887e+00 5.479000000000000363e-03 1.983063429999999983e+02
4.525000000000000000e+03 4.160000000000000000e+03 -4.550000000000000000e+04 -6.836472639139874019e+00 3.478795678633075233e-02 2.651610103915753136e+00 8.655345043228842433e-03 -1.160159858118237075e+01 1.086159356701572702e-02 0.000000000000000000e+00 -2.360342400000000040e+01 1.691799999999999901e-02 2.086509340000000066e+02
4.525000000000000000e+03 4.160000000000000000e+03 -4.200000000000000000e+04 -6.915238363280659328e+00 6.745847000548241268e-02 2.540744965551307910e+00 1.487514513209766201e-02 2.213961656726959149e+01 9.969948837304079547e-03 1.000000000000000000e+00 9.107127999999999446e+00 1.196000000000000014e-02 2.228957489999999950e+02
4.525000000000000000e+03 4.160000000000000000e+03 -4.200000000000000000e+04 -6.850691824991715251e+00 6.680305720487154930e-02 2.588825128058264813e+00 1.050764889687266432e-02 -1.182776648747830173e+01 1.325271959798103236e-02 0.000000000000000000e+00 -2.359749400000000108e+01 2.426299999999999985e-02 2.332423410000000104e+02
4.525000000000000000e+03 4.160000000000000000e+03 -3.850000000000000000e+04 -6.938520841062977951e+00 4.641525135312545014e-02 2.465137918582865684e+00 8.652329769915456312e-03 2.189524046375898081e+01 8.531766310607714551e-03 1.000000000000000000e+00 9.106476999999999933e+00 5.083999999999999977e-03 2.474881550000000061e+02
4.525000000000000000e+03 4.160000000000000000e+03 -3.850000000000000000e+04 -6.875350422725700739e+00 6.027599040852861523e-02 2.521365466575009151e+00 9.877349400990855649e-03 -1.205617193703753998e+01 9.572274185464659663e-03 0.000000000000000000e+00 -2.358870699999999943e+01 2.388799999999999951e-02 2.578337470000000167e+02
4.525000000000000000e+03 4.160000000000000000e+03 -3.500000000000000000e+04 -6.964137372816247229e+00 5.392973806625400712e-02 2.377691960999493759e+00 9.402437087965828666e-03 2.166179603448027891e+01 6.347879560300375389e-03 1.000000000000000000e+00 9.101281999999999428e+00 6.206999999999999844e-03 2.720785619999999767e+02
4.525000000000000000e+03 4.160000000000000000e+03 -3.500000000000000000e+04 -6.913048374781930683e+00 3.716041412221929296e-02 2.409969583525555237e+00 7.641790015749435477e-03 -1.228485611468085459e+01 9.541578099054535619e-03 0.000000000000000000e+00 -2.358997899999999959e+01 2.138999999999999929e-02 2.824221529999999802e+02
4.525000000000000000e+03 4.160000000000000000e+03 -3.500000000000000000e+04 -6.940161579226487909e+00 4.076433142319291214e-02 2.375901222940107083e+00 7.042265885446197943e-03 2.167074754138939241e+01 8.525030429198917140e-03 1.000000000000000000e+00 9.085297999999999874e+00 2.643600000000000116e-02 2.927657449999999812e+02
4.525000000000000000e+03 4.160000000000000000e+03 -3.500000000000000000e+04 -6.902424527714508429e+00 4.163448236844095179e-02 2.414548827841183076e+00 1.090742823223556611e-02 -1.228731648761717921e+01 9.858699877296707784e-03 0.000000000000000000e+00 -2.360255499999999884e+01 2.525499999999999967e-02 3.031093369999999823e+02
4.525000000000000000e+03 4.160000000000000000e+03 -3.850000000000000000e+04 -6.910793417151802842e+00 4.460068569113367215e-02 2.447344431416849542e+00 1.097374066369108912e-02 2.187763635947268881e+01 9.541654401976462641e-03 1.000000000000000000e+00 9.104395999999999489e+00 1.022499999999999971e-02 3.173531510000000253e+02
4.525000000000000000e+03 4.160000000000000000e+03 -3.850000000000000000e+04 -6.880789934607526526e+00 3.994916876921172921e-02 2.465996266228438927e+00 9.520400003357489677e-03 -1.208085379457437902e+01 8.617978731994520650e-03 0.000000000000000000e+00 -2.357401499999999928e+01 2.445200000000000151e-02 3.277007429999999886e+02
4.525000000000000000e+03 4.160000000000000000e+03 -4.200000000000000000e+04 -6.919801674068757791e+00 6.815799054070578733e-02 2.516501765949795910e+00 1.068678815725543178e-02 2.211525567587103325e+01 1.116816288988501694e-02 1.000000000000000000e+00 9.111081999999999681e+00 9.743999999999999190e-03 3.419475580000000150e+02
4.525000000000000000e+03 4.160000000000000000e+03 -4.200000000000000000e+04 -6.837073963773354635e+00 6.809849974495868485e-02 2.533954097197500310e+00 1.334271293383925902e-02 -1.185071658270935657e+01 1.165686501813500454e-02 0.000000000000000000e+00 -2.359178700000000006e+01 2.156100000000000030e-02 3.522931500000000256e+02
4.525000000000000000e+03 4.160000000000000000e+03 -4.550000000000000000e+04 -6.903339044916820377e+00 5.559353449381724405e-02 2.582711321117895586e+00 8.181583302450017373e-03 2.234526305370671651e+01 7.142893191825219756e-03 1.000000000000000000e+00 9.111370000000000857e+00 5.545999999999999715e-03 3.665369640000000118e+02
4.525000000000000000e+03 4.160000000000000000e+03 -4.550000000000000000e+04 -6.833357450614838235e+00 3.833270736561698866e-02 2.634004201362408537e+00 7.848835708318343402e-03 -1.163066379550698315e+01 1.213767683890948183e-02 0.000000000000000000e+00 -2.358798200000000023e+01 1.878799999999999915e-02 3.768865569999999821e+02
4.525000000000000000e+03 4.160000000000000000e+03 -4.900000000000000000e+04 -6.903324455776889579e+00 4.374430157579643763e-02 2.686037183017722985e+00 8.350670358412540240e-03 2.257266089664902253e+01 6.088791851500895483e-03 1.000000000000000000e+00 9.103128999999999138e+00 8.500999999999999876e-03 3.911323709999999778e+02
4.525000000000000000e+03 4.160000000000000000e+03 -4.900000000000000000e+04 -6.807048061352054980e+00 3.833271013034889735e-02 2.692428349328194415e+00 1.064581296049533360e-02 -1.140645875435694201e+01 1.032468471541847510e-02 0.000000000000000000e+00 -2.359047500000000142e+01 1.945200000000000054e-02 4.014769630000000120e+02
4.525000000000000000e+03 4.160000000000000000e+03 -5.250000000000000000e+04 -6.876605669133953214e+00 5.662308587581785235e-02 2.762387615826451981e+00 8.553287114896966636e-03 2.278419235225610251e+01 7.020618023357723045e-03 1.000000000000000000e+00 9.099050999999999334e+00 8.519999999999999796e-03 4.157207779999999957e+02
4.525000000000000000e+03 4.160000000000000000e+03 -5.250000000000000000e+04 -6.802870416822146105e+00 4.360430791963056801e-02 2.789881348868058275e+00 9.496443592523259869e-03 -1.119723175499771806e+01 1.264154950724263524e-02 0.000000000000000000e+00 -2.358916899999999828e+01 2.111000000000000029e-02 4.260653699999999731e+02
4.525000000000000000e+03 4.160000000000000000e+03 -5.600000000000000000e+04 -6.864920889530040427e+00 7.160910507291960714e-02 2.835502934451041401e+00 9.605177284063161347e-03 2.300399196016984149e+01 1.063396497066249405e-02 1.000000000000000000e+00 9.121556999999999249e+00 1.043099999999999930e-02 4.403101839999999925e+02
4.525000000000000000e+03 4.160000000000000000e+03 -5.600000000000000000e+04 -6.800771091552610947e+00 5.865751197502876851e-02 2.854007544442085820e+00 1.459404277359695017e-02 -1.098487292782160374e+01 1.029246843190595971e-02 0.000000000000000000e+00 -2.359204000000000079e+01 2.041300000000000059e-02 4.506547760000000267e+02
4.525000000000000000e+03 4.160000000000000000e+03 -5.950000000000000000e+04 -6.802816384305831576e+00 4.760998320921092791e-02 2.904534979462574107e+00 9.756355039182734723e-03 2.321545505250602659e+01 6.762445502040446282e-03 1.000000000000000000e+00 9.101713999999999416e+00 7.974000000000000185e-03 4.649005910000000199e+02
4.525000000000000000e+03 4.160000000000000000e+03 -5.950000000000000000e+04 -6.804816012450409346e+00 2.918036479562790414e-02 2.943249273932072807e+00 6.320030443475708332e-03 -1.076904590354158664e+01 9.122104120630280741e-03 0.000000000000000000e+00 -2.360287299999999888e+01 2.338900000000000007e-02 4.752521820000000048e+02
4.525000000000000000e+03 4.160000000000000000e+03 -6.300000000000000000e+04 -6.746675793098176221e+00 2.727093278332242202e-02 2.976895707324501483e+00 1.018493721781700730e-02 2.343926026954116892e+01 7.028104509512970305e-03 1.000000000000000000e+00 9.104098000000000468e+00 8.366999999999999438e-03 4.895009979999999814e+02
4.525000000000000000e+03 4.160000000000000000e+03 -6.300000000000000000e+04 -6.836266520540621450e+00 3.703611702618708756e-02 3.013170255217654248e+00 9.718478674168060799e-03 -1.054827632835531048e+01 1.193265908682199922e-02 0.000000000000000000e+00 -2.360576400000000064e+01 2.412299999999999861e-02 4.998455890000000181e+02
4.525000000000000000e+03 4.160000000000000000e+03 -6.650000000000000000e+04 -6.662997807321880295e+00 5.158303229912520466e-02 3.073288131363979048e+00 8.585028255213209697e-03 2.364801122760415808e+01 7.603579991332785892e-03 1.000000000000000000e+00 9.109412999999999982e+00 6.708999999999999686e-03 5.140874039999999923e+02
4.525000000000000000e+03 4.160000000000000000e+03 -6.650000000000000000e+04 -6.849671677175849460e+00 5.310608837197967891e-02 3.086339706730933052e+00 9.422869850385312898e-03 -1.033911562701820408e+01 1.055999813495177124e-02 0.000000000000000000e+00 -2.360585299999999975e+01 2.410100000000000089e-02 5.244319960000000265e+02
4.525000000000000000e+03 4.160000000000000000e+03 -7.000000000000000000e+04 -6.608577529967186948e+00 5.043860989828414382e-02 3.404217401692392286e+00 1.288312853320489060e-02 2.381693440419796559e+01 9.466564145751917708e-03 1.000000000000000000e+00 9.094804999999999140e+00 1.009000000000000001e-02 5.386768100000000459e+02
4.525000000000000000e+03 4.160000000000000000e+03 -7.000000000000000000e+04 -6.878431425645674224e+00 5.763818864900270567e-02 3.057416384785480723e+00 9.886967340973601762e-03 -1.015725370911730607e+01 1.261770609344257596e-02 0.000000000000000000e+00 -2.358975999999999829e+01 9.716000000000000678e-03 5.490224020000000564e+02
4.525000000000000000e+03 4.160000000000000000e+03 -7.000000000000000000e+04 -6.620950774412369455e+00 4.598300935066784723e-02 3.402786147499423652e+00 1.170845957599109255e-02 2.382593504647142524e+01 1.136886640847612796e-02 1.000000000000000000e+00 9.075388000000000233e+00 2.543499999999999928e-02 5.593659940000000006e+02
4.525000000000000000e+03 4.160000000000000000e+03 -7.000000000000000000e+04 -6.877696220398456184e+00 7.041622917242740254e-02 3.056558017558403062e+00 1.020827562472442600e-02 -1.016002184440083944e+01 1.117388929181966674e-02 0.000000000000000000e+00 -2.360926100000000005e+01 2.273299999999999974e-02 5.697095849999999473e+02
4.525000000000000000e+03 4.160000000000000000e+03 -6.650000000000000000e+04 -6.667304962215354180e+00 4.097154842148507947e-02 3.071402990426700619e+00 8.015789415636787735e-03 2.367128150803586095e+01 9.009818255107516008e-03 1.000000000000000000e+00 9.104450999999999183e+00 5.374999999999999570e-03 5.839554000000000542e+02
4.525000000000000000e+03 4.160000000000000000e+03 -6.650000000000000000e+04 -6.816387250412738297e+00 4.543954808877884860e-02 3.091665609439652851e+00 9.816342177458071278e-03 -1.031301897946745072e+01 1.135957911819853415e-02 0.000000000000000000e+00 -2.360995099999999880e+01 2.981599999999999875e-02 5.943009919999999511e+02
4.525000000000000000e+03 4.160000000000000000e+03 -6.300000000000000000e+04 -6.722524406550744125e+00 4.840609939550882118e-02 2.986391874025044579e+00 8.679264953236044688e-03 2.346600081588621833e+01 7.429656935797846092e-03 1.000000000000000000e+00 9.110053000000000623e+00 4.562000000000000083e-03 6.085468069999999443e+02
4.525000000000000000e+03 4.160000000000000000e+03 -6.300000000000000000e+04 -6.831257623021128822e+00 3.179256509250433932e-02 3.028912591340176874e+00 6.944434715346121077e-03 -1.051975294989053822e+01 8.604869570375241195e-03 0.000000000000000000e+00 -2.360057799999999872e+01 1.803400000000000142e-02 6.188913979999999810e+02
4.525000000000000000e+03 4.160000000000000000e+03 -5.950000000000000000e+04 -6.799347395458126719e+00 4.730398834658000595e-02 2.899391637352020989e+00 1.053474010264790831e-02 2.324776799242656011e+01 8.269509445927591268e-03 1.000000000000000000e+00 9.104162000000000532e+00 7.517000000000000244e-03 6.331372129999999743e+02
4.525000000000000000e+03 4.160000000000000000e+03 -5.950000000000000000e+04 -6.805183102259135808e+00 5.693612675313190763e-02 2.947418939596109677e+00 9.585221193305334952e-03 -1.073671841260395965e+01 1.121454729477332213e-02 0.000000000000000000e+00 -2.360880399999999923e+01 2.544199999999999934e-02 6.434808050000000321e+02
4.525000000000000000e+03 4.160000000000000000e+03 -5.600000000000000000e+04 -6.817871523805878908e+00 8.051073703554381678e-02 2.840175539647622927e+00 8.159290894195892277e-03 2.303447994097590268e+01 9.232098141668816649e-03 1.000000000000000000e+00 9.095351000000000852e+00 7.598999999999999852e-03 6.577296199999999544e+02
4.525000000000000000e+03 4.160000000000000000e+03 -5.600000000000000000e+04 -6.829724774074091620e+00 5.474587690525795775e-02 2.863112119811135337e+00 1.008874408032529001e-02 -1.094598531918087225e+01 1.265198663278007708e-02 0.000000000000000000e+00 -2.360037000000000162e+01 1.717399999999999829e-02 6.680772120000000314e+02
4.525000000000000000e+03 4.160000000000000000e+03 -5.250000000000000000e+04 -6.819796810715638813e+00 5.696806700294243520e-02 2.766250183168153853e+00 9.615746728284560799e-03 2.282295463176516748e+01 8.628276409906364755e-03 1.000000000000000000e+00 9.096482999999999208e+00 8.411999999999999339e-03 6.823230270000000246e+02
4.525000000000000000e+03 4.160000000000000000e+03 -5.250000000000000000e+04 -6.824936516931557229e+00 4.385817968913084675e-02 2.793213747306496852e+00 6.374855419396865779e-03 -1.115719828030953842e+01 1.137499247198418828e-02 0.000000000000000000e+00 -2.359478199999999859e+01 2.459599999999999981e-02 6.926676179999999476e+02
4.525000000000000000e+03 4.160000000000000000e+03 -4.900000000000000000e+04 -6.827703842442915949e+00 4.764935165725333460e-02 2.685927185771707748e+00 1.042333450326004760e-02 2.260698592018287201e+01 7.493517630362738456e-03 1.000000000000000000e+00 9.103899000000000186e+00 6.461999999999999862e-03 7.069124329999999645e+02
4.525000000000000000e+03 4.160000000000000000e+03 -4.900000000000000000e+04 -6.829090272518629767e+00 5.647952386757483512e-02 2.720544720752925194e+00 8.941060820402548653e-03 -1.137280718701165050e+01 1.070180111466793350e-02 0.000000000000000000e+00 -2.360755699999999990e+01 2.186300000000000049e-02 7.172580249999999751e+02
4.525000000000000000e+03 4.160000000000000000e+03 -4.550000000000000000e+04 -6.828699491096196006e+00 3.792934857411019850e-02 2.602281766959352538e+00 7.943533560044881148e-03 2.237886620736860621e+01 7.703979577081228845e-03 1.000000000000000000e+00 9.105225000000000790e+00 7.264999999999999757e-03 7.315028399999999920e+02
4.525000000000000000e+03 4.160000000000000000e+03 -4.550000000000000000e+04 -6.864048644437288793e+00 4.519615485391383081e-02 2.622930349507393011e+00 6.531113812895801736e-03 -1.158566200259996570e+01 1.170911870227826432e-02 0.000000000000000000e+00 -2.360521800000000070e+01 2.253499999999999948e-02 7.418484310000000050e+02
4.525000000000000000e+03 4.160000000000000000e+03 -4.200000000000000000e+04 -6.860226390249894557e+00 4.145718139308881417e-02 2.501506410160595717e+00 1.011207777540800920e-02 2.215740735174112075e+01 1.097894949458415662e-02 1.000000000000000000e+00 9.115959000000000145e+00 6.651999999999999927e-03 7.560942459999999983e+02
4.525000000000000000e+03 4.160000000000000000e+03 -4.200000000000000000e+04 -6.902144883219838434e+00 5.185277447577690824e-02 2.555375430581459106e+00 1.214359704022547996e-02 -1.181044706708720682e+01 1.027215727531691040e-02 0.000000000000000000e+00 -2.359163300000000163e+01 2.151499999999999940e-02 7.664388380000000325e+02
4.525000000000000000e+03 4.160000000000000000e+03 -3.850000000000000000e+04 -6.881762120268526850e+00 5.851101338973198340e-02 2.451899531698216173e+00 8.301373426840084890e-03 2.192498143533810051e+01 6.583410767585296149e-03 1.000000000000000000e+00 9.106035000000000323e+00 9.003999999999999851e-03 7.806846520000000282e+02
4.525000000000000000e+03 4.160000000000000000e+03 -3.850000000000000000e+04 -6.899735841359846411e+00 5.430271161562794796e-02 2.489284783372673004e+00 1.035545486306946317e-02 -1.204080393042286090e+01 1.098606775734055178e-02 0.000000000000000000e+00 -2.358376000000000161e+01 2.472500000000000045e-02 7.910292439999999488e+02
4.525000000000000000e+03 4.160000000000000000e+03 -3.500000000000000000e+04 -6.882208246116864991e+00 4.570174894452145448e-02 2.387376889988737982e+00 9.296429256992097892e-03 2.167629428550410253e+01 6.714722591564982988e-03 1.000000000000000000e+00 9.106431999999999860e+00 7.366000000000000152e-03 8.052740589999999656e+02
4.525000000000000000e+03 4.160000000000000000e+03 -3.500000000000000000e+04 -6.922138092232974493e+00 3.644579424823406882e-02 2.411546947600932800e+00 7.979968924637767871e-03 -1.226813803963514893e+01 1.069191603863422178e-02 0.000000000000000000e+00 -2.360961299999999952e+01 1.646699999999999900e-02 8.156176510000000235e+02
