2.525000000000000000e+03 4.160000000000000000e+03 -5.203200000000000000e+04 -6.876847567140091932e+00 4.925794233548519419e-02 2.874026732373795578e+00 1.171020169426925488e-02 2.269788853815681406e+01 7.844547033038315464e-03 1.000000000000000000e+00 9.103486999999999441e+00 1.968400000000000011e-02 8.434602429999999913e+02
2.525000000000000000e+03 4.160000000000000000e+03 -5.203200000000000000e+04 -6.875496440313005664e+00 4.950772006991126933e-02 2.843584882225969501e+00 1.443304383773994296e-02 -1.126483710891108103e+01 1.557547755470703628e-02 0.000000000000000000e+00 -2.359032600000000102e+01 2.016099999999999837e-02 8.538048350000000255e+02
4.525000000000000000e+03 4.160000000000000000e+03 -5.203200000000000000e+04 -6.876492173157684462e+00 6.432629686756441423e-02 2.647565855943219582e+00 1.320884655080050048e-02 2.277436418612451163e+01 1.107198722467551445e-02 1.000000000000000000e+00 9.112353000000000591e+00 8.862999999999999351e-03 8.665505640000000085e+02
4.525000000000000000e+03 4.160000000000000000e+03 -5.203200000000000000e+04 -6.888735138827032145e+00 5.356819976397472066e-02 2.625435270148756217e+00 9.257426235713017704e-03 -1.121335258055068351e+01 1.414490168001290328e-02 0.000000000000000000e+00 -2.360912700000000086e+01 2.127499999999999877e-02 8.768951550000000452e+02
8.525000000000000000e+03 4.160000000000000000e+03 -5.203200000000000000e+04 -6.930520402901275467e+00 4.610103650282377369e-02 2.034907972808726040e+00 1.300106747827517971e-02 2.291270557415560916e+01 8.146044180499288981e-03 1.000000000000000000e+00 9.108926000000000300e+00 6.908000000000000078e-03 8.916409989999999652e+02
8.525000000000000000e+03 4.160000000000000000e+03 -5.203200000000000000e+04 -6.892350845955315997e+00 7.182943971150222706e-02 2.037747445518092171e+00 1.335692726631725925e-02 -1.107821592005556255e+01 1.257685082737238814e-02 0.000000000000000000e+00 -2.360477099999999950e+01 1.246899999999999918e-02 9.019855900000000020e+02
1.252500000000000000e+04 4.160000000000000000e+03 -5.203200000000000000e+04 -6.956697796076373841e+00 5.908744676054541317e-02 1.434526729368949871e+00 1.180616446359017933e-02 2.307599875618382157e+01 1.108175464348359895e-02 1.000000000000000000e+00 9.107098000000000582e+00 1.244999999999999926e-02 9.167304339999999456e+02
1.252500000000000000e+04 4.160000000000000000e+03 -5.203200000000000000e+04 -6.930599708241328649e+00 8.357183760603527356e-02 1.406319945994684684e+00 1.213102976319950510e-02 -1.091815339278999630e+01 1.042152014030765274e-02 0.000000000000000000e+00 -2.361145099999999886e+01 2.122100000000000028e-02 9.270760249999999587e+02
1.652500000000000000e+04 4.160000000000000000e+03 -5.203200000000000000e+04 -7.024426149688432375e+00 5.452126341497161299e-02 7.954840819724816603e-01 1.193748337173446659e-02 2.326766617658410397e+01 9.687576342142624822e-03 1.000000000000000000e+00 9.091919000000000750e+00 6.625999999999999945e-03 9.418218689999999924e+02
1.652500000000000000e+04 4.160000000000000000e+03 -5.203200000000000000e+04 -6.946443878904346114e+00 6.010714336581467893e-02 7.664163995164349208e-01 1.007114563459204915e-02 -1.074905091294676218e+01 1.113232918163307647e-02 0.000000000000000000e+00 -2.361721299999999957e+01 1.907599999999999921e-02 9.521664610000000266e+02
2.052500000000000000e+04 4.160000000000000000e+03 -5.203200000000000000e+04 -7.077688943463665616e+00 5.601123257918910747e-02 2.153135019972653164e-01 6.898931282324653746e-03 2.350970276225794464e+01 8.286910288023344520e-03 1.000000000000000000e+00 9.091834000000000415e+00 1.038399999999999913e-02 9.669123039999999492e+02
2.052500000000000000e+04 4.160000000000000000e+03 -5.203200000000000000e+04 -6.957578624442025905e+00 7.615646079262726464e-02 1.661611403356557937e-01 1.048442287994026147e-02 -1.054074037063055158e+01 1.328112154208415351e-02 0.000000000000000000e+00 -2.360147200000000112e+01 3.662399999999999683e-02 9.772548960000000307e+02
2.452500000000000000e+04 4.160000000000000000e+03 -5.203200000000000000e+04 -7.102094110201599975e+00 6.701460489461333325e-02 -4.019281337280732336e-01 9.858499373733706911e-03 2.378672040013492506e+01 7.914716793225178709e-03 1.000000000000000000e+00 9.101454999999999629e+00 9.561999999999999320e-03 9.919997389999999768e+02
2.452500000000000000e+04 4.160000000000000000e+03 -5.203200000000000000e+04 -6.974569909756881181e+00 5.120932386047177820e-02 -4.682739120058678761e-01 1.209852277498124282e-02 -1.029829885850326576e+01 1.355473918659363258e-02 0.000000000000000000e+00 -2.360307699999999897e+01 2.821800000000000003e-02 1.002347331000000054e+03
2.852500000000000000e+04 4.160000000000000000e+03 -5.203200000000000000e+04 -7.071228523818654743e+00 5.411002214783391245e-02 -9.774771245041966594e-01 1.045679675692567576e-02 2.408313357336636784e+01 9.461461818623581252e-03 1.000000000000000000e+00 9.106144000000000460e+00 7.119000000000000328e-03 1.017092174000000000e+03
2.852500000000000000e+04 4.160000000000000000e+03 -5.203200000000000000e+04 -6.993972718801640731e+00 5.547823826983356438e-02 -1.014686954851457656e+00 9.777360115006131919e-03 -1.004853079493303980e+01 1.027688102767872202e-02 0.000000000000000000e+00 -2.361220099999999888e+01 1.048800000000000079e-02 1.027535771000000068e+03
3.252500000000000000e+04 4.160000000000000000e+03 -5.203200000000000000e+04 -7.008946654823303923e+00 7.000035900578981118e-02 -1.608663600240481717e+00 1.124159235599737558e-02 2.442382986690082447e+01 6.149987265199908029e-03 1.000000000000000000e+00 9.096930000000000405e+00 7.498999999999999590e-03 1.042280614999999898e+03
3.252500000000000000e+04 4.160000000000000000e+03 -5.203200000000000000e+04 -6.990983800270023529e+00 4.678813670081177073e-02 -1.619985449568225322e+00 1.121979432385615885e-02 -9.760741591633207648e+00 1.201881326905926244e-02 0.000000000000000000e+00 -2.361258899999999983e+01 7.163000000000000096e-03 1.052626207000000022e+03
3.252500000000000000e+04 4.160000000000000000e+03 -5.203200000000000000e+04 -6.998831204281607654e+00 6.758629573672816915e-02 -1.623769025290028090e+00 1.127938494219345514e-02 2.443353377252747904e+01 9.349162792108147574e-03 1.000000000000000000e+00 9.084329000000000320e+00 2.044800000000000090e-02 1.062968798000000106e+03
3.252500000000000000e+04 4.160000000000000000e+03 -5.203200000000000000e+04 -6.990022013579517690e+00 6.865093023851069620e-02 -1.587695465582305676e+00 1.132590629662711887e-02 -9.764295162028039599e+00 1.072503883196506899e-02 0.000000000000000000e+00 -2.360076199999999957e+01 2.084899999999999948e-02 1.073311390000000074e+03
2.852500000000000000e+04 4.160000000000000000e+03 -5.203200000000000000e+04 -6.915546554177109506e+00 7.531498561947250203e-02 -1.040216941442917653e+00 1.166381302843724939e-02 2.412487494058193249e+01 1.128755047724294865e-02 1.000000000000000000e+00 9.107132999999999257e+00 1.139899999999999941e-02 1.088053233000000091e+03
2.852500000000000000e+04 4.160000000000000000e+03 -5.203200000000000000e+04 -7.043598715354511874e+00 7.119049940106027263e-02 -1.004365408358387279e+00 1.243554015632919452e-02 -1.000873834808535534e+01 1.560959205257971862e-02 0.000000000000000000e+00 -2.359897899999999993e+01 2.094599999999999934e-02 1.098396823999999924e+03
2.452500000000000000e+04 4.160000000000000000e+03 -5.203200000000000000e+04 -6.870572421237223004e+00 6.443638619666373912e-02 -4.669933328480534440e-01 1.320954465795596590e-02 2.383505141275166395e+01 1.025644742802632285e-02 1.000000000000000000e+00 9.100820000000000576e+00 1.092399999999999968e-02 1.113141667999999981e+03
2.452500000000000000e+04 4.160000000000000000e+03 -5.203200000000000000e+04 -7.076661707210650576e+00 7.158969968842808507e-02 -4.063436764663747591e-01 1.131617127711156273e-02 -1.025139592311877834e+01 1.259231063577122625e-02 0.000000000000000000e+00 -2.360963299999999876e+01 2.633399999999999977e-02 1.123489260000000058e+03
2.052500000000000000e+04 4.160000000000000000e+03 -5.203200000000000000e+04 -6.838061229506904759e+00 5.613539667903517938e-02 1.078800110237194410e-01 8.612015178800724868e-03 2.357279728029314825e+01 9.594847171657943166e-03 1.000000000000000000e+00 9.096215000000000828e+00 1.001900000000000013e-02 1.138235102999999981e+03
2.052500000000000000e+04 4.160000000000000000e+03 -5.203200000000000000e+04 -7.061815582831876270e+00 5.292470430347752386e-02 1.774088797364648529e-01 1.091182982925235911e-02 -1.047394882124738480e+01 1.399204435266362435e-02 0.000000000000000000e+00 -2.361665199999999842e+01 2.074399999999999855e-02 1.148579694999999901e+03
1.652500000000000000e+04 4.160000000000000000e+03 -5.203200000000000000e+04 -6.861775411790066670e+00 5.984111043865038282e-02 7.271092165759267534e-01 9.256261445693936621e-03 2.332356401410148550e+01 9.726040690754382545e-03 1.000000000000000000e+00 9.095053000000000054e+00 1.039200000000000020e-02 1.163325538000000051e+03
1.652500000000000000e+04 4.160000000000000000e+03 -5.203200000000000000e+04 -7.065602168973849295e+00 5.913720168085001561e-02 7.729139847943125030e-01 1.327894078410434345e-02 -1.067320571954421915e+01 1.277637421222160841e-02 0.000000000000000000e+00 -2.358977000000000146e+01 2.001599999999999907e-02 1.173669129999999996e+03
1.252500000000000000e+04 4.160000000000000000e+03 -5.203200000000000000e+04 -6.953876472686699728e+00 7.860053706871507340e-02 1.349014511329466703e+00 1.396514949153605627e-02 2.311755343729556245e+01 1.021436915274741286e-02 1.000000000000000000e+00 9.120464000000000127e+00 1.071899999999999936e-02 1.188412972999999965e+03
1.252500000000000000e+04 4.160000000000000000e+03 -5.203200000000000000e+04 -6.988168976248101849e+00 7.518257152900749418e-02 1.395868028744384537e+00 1.261348855908299947e-02 -1.088357878862802330e+01 9.174551250908838385e-03 0.000000000000000000e+00 -2.358004899999999893e+01 2.037599999999999828e-02 1.198758565000000090e+03
8.525000000000000000e+03 4.160000000000000000e+03 -5.203200000000000000e+04 -6.898746454535272576e+00 8.180932046514612088e-02 2.021401024522028855e+00 1.156643042762870062e-02 2.294072715980337307e+01 1.180465150666687446e-02 1.000000000000000000e+00 9.110614999999999242e+00 7.383999999999999939e-03 1.213505407999999989e+03
8.525000000000000000e+03 4.160000000000000000e+03 -5.203200000000000000e+04 -6.928049712698544305e+00 6.752298117368732422e-02 2.042733501037535593e+00 8.563274671348250489e-03 -1.105446782039251019e+01 1.211859093793142550e-02 0.000000000000000000e+00 -2.356089700000000065e+01 2.400400000000000103e-02 1.223851000000000113e+03
4.525000000000000000e+03 4.160000000000000000e+03 -5.203200000000000000e+04 -6.877714977735537083e+00 6.773954944418705826e-02 2.596266812218952058e+00 1.231715467564918447e-02 2.283321852532681362e+01 1.099688914169234463e-02 1.000000000000000000e+00 9.170799999999999841e+00 6.555000000000000063e-03 1.238593843000000106e+03
4.525000000000000000e+03 4.160000000000000000e+03 -5.203200000000000000e+04 -6.872610131067745876e+00 5.720654341225684530e-02 2.605804027759286878e+00 1.568446929748685756e-02 -1.116033227003660855e+01 1.981297682524678014e-02 0.000000000000000000e+00 -2.356344500000000153e+01 2.047500000000000014e-02 1.248939435000000003e+03
2.525000000000000000e+03 4.160000000000000000e+03 -5.203200000000000000e+04 -6.882168565134327842e+00 6.775003381692452920e-02 2.823022485229642609e+00 9.926921214097833221e-03 2.271917397878188538e+01 8.610593127925541407e-03 1.000000000000000000e+00 9.105691999999999453e+00 1.232899999999999968e-02 1.261683164000000033e+03
2.525000000000000000e+03 4.160000000000000000e+03 -5.203200000000000000e+04 -6.866903092968988709e+00 7.651621016398488240e-02 2.842027795584269878e+00 1.310706119777491595e-02 -1.126620062077950202e+01 1.016490570043231123e-02 0.000000000000000000e+00 -2.362393799999999899e+01 2.080699999999999911e-02 1.272127760999999964e+03
2.525000000000000000e+03 4.160000000000000000e+03 -5.203200000000000000e+04 -6.862294683197407430e+00 4.994996392591390111e-02 2.824946649683459654e+00 1.313043665763194076e-02 2.271930439700161486e+01 1.237598327325214326e-02 1.000000000000000000e+00 9.057104999999999961e+00 1.984800000000000106e-02 1.282474353000000065e+03
2.525000000000000000e+03 4.160000000000000000e+03 -5.203200000000000000e+04 -6.878932009682624305e+00 7.757131227511483706e-02 2.836382555068549305e+00 1.150210382342914568e-02 -1.126720334318182104e+01 1.476041153056631416e-02 0.000000000000000000e+00 -2.360329499999999925e+01 2.819199999999999831e-02 1.292818944999999985e+03
4.525000000000000000e+03 4.160000000000000000e+03 -5.203200000000000000e+04 -6.877844519989397831e+00 7.541476869793875548e-02 2.637234144427872184e+00 1.147196960137660503e-02 2.277038233464431372e+01 1.173225914738881999e-02 1.000000000000000000e+00 9.098724000000000700e+00 7.215000000000000059e-03 1.305565673999999944e+03
4.525000000000000000e+03 4.160000000000000000e+03 -5.203200000000000000e+04 -6.870711786019906953e+00 7.719323253332496804e-02 2.649832006709206933e+00 1.008673301891564039e-02 -1.121891964834170885e+01 1.434453254941188242e-02 0.000000000000000000e+00 -2.362119200000000063e+01 2.913100000000000064e-02 1.315912266000000045e+03
8.525000000000000000e+03 4.160000000000000000e+03 -5.203200000000000000e+04 -6.890185111232728588e+00 6.974275898364930282e-02 2.078862503870106515e+00 1.176443908010865909e-02 2.290382616515571712e+01 9.762596093202595068e-03 1.000000000000000000e+00 9.090866000000000113e+00 1.075300000000000041e-02 1.330659108999999944e+03
8.525000000000000000e+03 4.160000000000000000e+03 -5.203200000000000000e+04 -6.899040851910531735e+00 7.544781468798525403e-02 2.054686003709683462e+00 1.153346316348950566e-02 -1.108369808100807674e+01 1.254948486049795205e-02 0.000000000000000000e+00 -2.359002800000000022e+01 1.884699999999999917e-02 1.341003701000000092e+03
1.252500000000000000e+04 4.160000000000000000e+03 -5.203200000000000000e+04 -6.951932770986767096e+00 6.253563791510258207e-02 1.428775681631449412e+00 1.443023756663483828e-02 2.307692706368481694e+01 8.846103115025538699e-03 1.000000000000000000e+00 9.093429000000000428e+00 8.869000000000000147e-03 1.355750545000000102e+03
1.252500000000000000e+04 4.160000000000000000e+03 -5.203200000000000000e+04 -6.943742975887889024e+00 6.984077967229217199e-02 1.410134692005768686e+00 9.258507293526370766e-03 -1.092645738848133696e+01 1.449139932725823643e-02 0.000000000000000000e+00 -2.358614400000000089e+01 1.574000000000000052e-02 1.366098136000000068e+03
1.652500000000000000e+04 4.160000000000000000e+03 -5.203200000000000000e+04 -7.058906678854801164e+00 5.683296179924281211e-02 7.873755733672378465e-01 1.209068246318368255e-02 2.327293078764341061e+01 7.949912244815697179e-03 1.000000000000000000e+00 9.077603999999999118e+00 6.823000000000000072e-03 1.380843978999999990e+03
1.652500000000000000e+04 4.160000000000000000e+03 -5.203200000000000000e+04 -6.933053257835486427e+00 4.994956561678444429e-02 7.706431828187284561e-01 1.080763686077966003e-02 -1.074574800872385971e+01 1.010726813634931984e-02 0.000000000000000000e+00 -2.362452000000000041e+01 2.609699999999999867e-02 1.391190571000000091e+03
2.052500000000000000e+04 4.160000000000000000e+03 -5.203200000000000000e+04 -7.054836969319213225e+00 6.505207955938885345e-02 1.721702799941993156e-01 1.255051484041336957e-02 2.351156427022071327e+01 7.288724733415843579e-03 1.000000000000000000e+00 9.092544999999999433e+00 1.238799999999999971e-02 1.405937415000000101e+03
2.052500000000000000e+04 4.160000000000000000e+03 -5.203200000000000000e+04 -6.951196851687004852e+00 6.744196833124410650e-02 1.518175854435961647e-01 1.062483737491830803e-02 -1.054507116865883098e+01 1.301223302757852258e-02 0.000000000000000000e+00 -2.362219999999999942e+01 1.849500000000000102e-02 1.416282007000000021e+03
2.452500000000000000e+04 4.160000000000000000e+03 -5.203200000000000000e+04 -7.048084529058558978e+00 5.066160351679659807e-02 -4.666905119119680312e-01 1.407748544556897130e-02 2.378710632593031349e+01 1.007536950373023009e-02 1.000000000000000000e+00 9.078483000000000303e+00 9.794000000000000622e-03 1.431023850000000039e+03
2.452500000000000000e+04 4.160000000000000000e+03 -5.203200000000000000e+04 -6.969519503584856501e+00 6.943265052373973067e-02 -4.609933126792820635e-01 1.070758336795907088e-02 -1.030544076762781280e+01 1.133216593006090671e-02 0.000000000000000000e+00 -2.359806000000000026e+01 2.374400000000000122e-02 1.441367441000000099e+03
2.852500000000000000e+04 4.160000000000000000e+03 -5.203200000000000000e+04 -7.050590011544933589e+00 5.220588770048269212e-02 -1.005338834526219971e+00 1.474796376655233658e-02 2.408861901763061653e+01 1.068767889417765286e-02 1.000000000000000000e+00 9.093949999999999534e+00 6.268000000000000134e-03 1.456113284999999905e+03
2.852500000000000000e+04 4.160000000000000000e+03 -5.203200000000000000e+04 -6.999788478298006211e+00 5.890746104334544653e-02 -1.003984402492534622e+00 9.606176763724012108e-03 -1.004581842263467273e+01 1.160955901017900194e-02 0.000000000000000000e+00 -2.361812199999999962e+01 2.174099999999999991e-02 1.466557882000000063e+03
3.252500000000000000e+04 4.160000000000000000e+03 -5.203200000000000000e+04 -6.981352024525356192e+00 5.877442017724689161e-02 -1.577789025320302629e+00 1.001953368018278744e-02 2.442870253015799875e+01 8.868311150389040012e-03 1.000000000000000000e+00 9.087939999999999685e+00 1.152000000000000073e-02 1.481303726000000097e+03
3.252500000000000000e+04 4.160000000000000000e+03 -5.203200000000000000e+04 -7.008137212440793462e+00 6.177954093185535067e-02 -1.602536115817784212e+00 1.170337957913061139e-02 -9.759127032694843606e+00 1.163542791116841529e-02 0.000000000000000000e+00 -2.359990300000000119e+01 1.929799999999999918e-02 1.491651317999999947e+03
2.525000000000000000e+03 8.160000000000000000e+03 -5.203200000000000000e+04 2.273435829747118930e+01 6.375328984695791124e-02 2.914745659093808339e+00 1.222679458468446320e-02 6.689628440288129418e+00 1.112751211519029046e-02 1.000000000000000000e+00 9.110779000000000849e+00 9.877000000000000363e-03 1.538396991000000071e+03
2.525000000000000000e+03 8.160000000000000000e+03 -5.203200000000000000e+04 -1.124942482448914305e+01 5.472584738841439894e-02 2.947487227898545559e+00 1.281920765671545025e-02 6.676010206280725612e+00 1.320689409641740732e-02 0.000000000000000000e+00 -2.362878100000000003e+01 2.736299999999999844e-02 1.548841588000000002e+03
4.525000000000000000e+03 8.160000000000000000e+03 -5.203200000000000000e+04 2.274894312020371956e+01 7.484345343530987571e-02 2.931021702268672424e+00 1.191007411976188063e-02 6.733116505106663929e+00 8.930380357990347351e-03 1.000000000000000000e+00 9.104172000000000153e+00 1.190899999999999945e-02 1.561586317999999892e+03
4.525000000000000000e+03 8.160000000000000000e+03 -5.203200000000000000e+04 -1.126948615329534142e+01 8.323506968602666090e-02 2.976044068381174856e+00 1.425537999761052055e-02 6.691484493990087046e+00 1.430270392219638344e-02 0.000000000000000000e+00 -2.361308999999999969e+01 2.111999999999999988e-02 1.571933909000000085e+03
8.525000000000000000e+03 8.160000000000000000e+03 -5.203200000000000000e+04 2.274481536244024227e+01 9.464890915727479370e-02 2.985034050936558714e+00 1.387885560360313693e-02 6.802666698059642414e+00 1.365154223786742282e-02 1.000000000000000000e+00 9.092171999999999699e+00 9.192000000000000517e-03 1.586677752000000055e+03
8.525000000000000000e+03 8.160000000000000000e+03 -5.203200000000000000e+04 -1.124640671940523262e+01 8.026077590699891295e-02 2.974704469176602473e+00 1.289510543880458687e-02 6.765968100533920726e+00 1.016978960100044412e-02 0.000000000000000000e+00 -2.360983200000000082e+01 3.756700000000000317e-02 1.597023345000000063e+03
1.252500000000000000e+04 8.160000000000000000e+03 -5.203200000000000000e+04 2.275792278719633543e+01 8.727100198687956500e-02 3.001872615752169793e+00 1.364011760556335662e-02 6.862628191613177719e+00 9.139303579182904425e-03 1.000000000000000000e+00 9.080937000000000481e+00 7.997999999999999901e-03 1.611767188000000033e+03
1.252500000000000000e+04 8.160000000000000000e+03 -5.203200000000000000e+04 -1.119174249290054135e+01 7.233060950205030815e-02 3.004596812420433860e+00 1.179655637188957613e-02 6.840465851930509267e+00 9.333003365837923629e-03 0.000000000000000000e+00 -2.362257699999999971e+01 2.300999999999999920e-02 1.622110779000000093e+03
1.652500000000000000e+04 8.160000000000000000e+03 -5.203200000000000000e+04 2.283127466718401877e+01 6.000372263234429737e-02 3.072159351065903987e+00 1.638753220126637489e-02 6.929293636655441624e+00 1.564953496475699618e-02 1.000000000000000000e+00 9.092325999999999908e+00 7.152999999999999636e-03 1.636857623000000103e+03
1.652500000000000000e+04 8.160000000000000000e+03 -5.203200000000000000e+04 -1.114421187843391792e+01 7.320612699990700079e-02 3.030630269683320055e+00 1.353696741369362667e-02 6.862248164473329304e+00 9.813511395728124337e-03 0.000000000000000000e+00 -2.360609200000000030e+01 1.363499999999999955e-02 1.647205214999999953e+03
2.052500000000000000e+04 8.160000000000000000e+03 -5.203200000000000000e+04 2.287737909351683996e+01 6.680558795766848579e-02 3.052957168355692197e+00 1.391343093537811618e-02 6.946395301575432946e+00 8.883586563808743355e-03 1.000000000000000000e+00 9.080320999999999643e+00 1.525600000000000046e-02 1.661949057999999923e+03
2.052500000000000000e+04 8.160000000000000000e+03 -5.203200000000000000e+04 -1.108593734064011116e+01 7.633591404801948199e-02 3.047777421641148621e+00 1.671728656345179351e-02 6.884437956503977496e+00 1.211471326151873640e-02 0.000000000000000000e+00 -2.361493300000000062e+01 3.771900000000000253e-02 1.672293650000000071e+03
2.452500000000000000e+04 8.160000000000000000e+03 -5.203200000000000000e+04 2.295207276363559146e+01 7.024657207065591880e-02 3.060031072272155761e+00 1.383315911024666015e-02 6.946634909085713794e+00 1.273070584660357212e-02 1.000000000000000000e+00 9.103884000000000754e+00 8.068000000000000518e-03 1.687040492999999969e+03
2.452500000000000000e+04 8.160000000000000000e+03 -5.203200000000000000e+04 -1.104207429320945444e+01 8.537866327739460082e-02 3.052285318668852110e+00 1.473522898011034483e-02 6.893483314776537085e+00 1.006582782830051440e-02 0.000000000000000000e+00 -2.361972600000000000e+01 2.445999999999999910e-02 1.697388085000000046e+03
2.852500000000000000e+04 8.160000000000000000e+03 -5.203200000000000000e+04 2.304471894012221611e+01 7.151967875350816184e-02 3.027356500227694980e+00 1.265811689185568877e-02 6.968915423043190671e+00 9.637777272126077030e-03 1.000000000000000000e+00 9.096712000000000131e+00 7.440000000000000432e-03 1.712130928000000040e+03
2.852500000000000000e+04 8.160000000000000000e+03 -5.203200000000000000e+04 -1.096907471648382959e+01 7.616751754342604430e-02 2.986976102787926468e+00 1.233230452012340841e-02 6.915508897585917580e+00 9.519086169104176362e-03 0.000000000000000000e+00 -2.360877899999999840e+01 2.181500000000000106e-02 1.722475519999999960e+03
3.252500000000000000e+04 8.160000000000000000e+03 -5.203200000000000000e+04 2.315768942533531671e+01 7.354041563059696140e-02 3.032067549021106423e+00 1.358345651955587992e-02 6.890739283012242034e+00 1.203001487365606276e-02 1.000000000000000000e+00 9.088525999999999883e+00 1.379099999999999944e-02 1.737220362999999907e+03
3.252500000000000000e+04 8.160000000000000000e+03 -5.203200000000000000e+04 -1.089316803889914453e+01 5.915679124025022967e-02 3.032946570996978952e+00 1.414797036590069446e-02 6.884482522298231544e+00 1.053690887704024880e-02 0.000000000000000000e+00 -2.363612300000000133e+01 2.618799999999999947e-02 1.747663960000000088e+03
3.252500000000000000e+04 8.160000000000000000e+03 -5.203200000000000000e+04 2.315516305663527774e+01 8.919528372851802389e-02 3.028927112890795303e+00 1.214439373923900493e-02 6.889029590612159026e+00 1.183708407064437695e-02 1.000000000000000000e+00 9.062022000000000688e+00 2.793400000000000050e-02 1.758009551999999985e+03
3.252500000000000000e+04 8.160000000000000000e+03 -5.203200000000000000e+04 -1.088315594380067886e+01 6.953472416988187854e-02 3.052837742902222207e+00 1.331435906990552712e-02 6.883921382408985323e+00 1.317376882961249739e-02 0.000000000000000000e+00 -2.361343799999999860e+01 1.439200000000000028e-02 1.768356144000000086e+03
2.852500000000000000e+04 8.160000000000000000e+03 -5.203200000000000000e+04 2.308078979030879552e+01 5.590840848371929350e-02 2.997027643158331145e+00 1.288597327801963531e-02 6.885936927939436458e+00 1.172510889057104544e-02 1.000000000000000000e+00 9.099199999999999733e+00 7.667000000000000204e-03 1.783100987000000032e+03
2.852500000000000000e+04 8.160000000000000000e+03 -5.203200000000000000e+04 -1.095165316707279679e+01 8.651791110467638157e-02 3.023597413385532562e+00 1.271957737590740690e-02 6.954606497873308868e+00 1.382365098161903588e-02 0.000000000000000000e+00 -2.362088400000000021e+01 2.994799999999999893e-02 1.793446578999999929e+03
2.452500000000000000e+04 8.160000000000000000e+03 -5.203200000000000000e+04 2.298138997625295232e+01 5.813182951694341460e-02 3.012673245456639837e+00 1.494784236583799643e-02 6.848470151816824725e+00 1.160035898664716313e-02 1.000000000000000000e+00 9.079038999999999859e+00 7.863999999999999463e-03 1.808193422999999939e+03
2.452500000000000000e+04 8.160000000000000000e+03 -5.203200000000000000e+04 -1.099643457699573368e+01 4.683768884253647347e-02 3.058939107684882863e+00 1.174749993573101677e-02 6.941905660131352462e+00 7.591196489996456312e-03 0.000000000000000000e+00 -2.362826000000000093e+01 2.411699999999999955e-02 1.818538013999999976e+03
2.052500000000000000e+04 8.160000000000000000e+03 -5.203200000000000000e+04 2.292610863122809306e+01 7.946749017048496122e-02 3.041765980088251276e+00 1.162235511455496709e-02 6.837311335711469873e+00 1.006193811325902486e-02 1.000000000000000000e+00 9.067788999999999433e+00 1.341499999999999984e-02 1.833284857999999986e+03
2.052500000000000000e+04 8.160000000000000000e+03 -5.203200000000000000e+04 -1.106230676422831927e+01 7.810755214443435013e-02 3.019350378389977774e+00 1.522696159548285813e-02 6.944251965259805814e+00 8.854721654245152271e-03 0.000000000000000000e+00 -2.360983200000000082e+01 2.319900000000000087e-02 1.843630448999999999e+03
1.652500000000000000e+04 8.160000000000000000e+03 -5.203200000000000000e+04 2.285309676823397851e+01 7.997362802964809447e-02 2.992065444418637643e+00 1.119104263758713587e-02 6.809467733413510970e+00 1.168602218289838818e-02 1.000000000000000000e+00 9.078661999999999566e+00 1.239200000000000024e-02 1.858374293000000080e+03
1.652500000000000000e+04 8.160000000000000000e+03 -5.203200000000000000e+04 -1.112629471795515279e+01 7.364019496020876576e-02 3.032625032746889104e+00 1.475473469071524393e-02 6.917228705655626975e+00 1.229555108277178774e-02 0.000000000000000000e+00 -2.363247700000000151e+01 1.692499999999999907e-02 1.868719884000000093e+03
1.252500000000000000e+04 8.160000000000000000e+03 -5.203200000000000000e+04 2.278543900593365024e+01 6.400373983193000105e-02 2.967185865195586914e+00 1.279381051677007559e-02 6.814923818781899456e+00 1.381812581313408318e-02 1.000000000000000000e+00 9.068260999999999683e+00 7.931000000000000549e-03 1.883463727999999946e+03
1.252500000000000000e+04 8.160000000000000000e+03 -5.203200000000000000e+04 -1.118630648658275284e+01 5.008528041499389627e-02 2.981636005219912011e+00 1.391197645810081721e-02 6.856370563717066879e+00 1.123717552504534430e-02 0.000000000000000000e+00 -2.362350599999999901e+01 1.572399999999999839e-02 1.893809318999999959e+03
8.525000000000000000e+03 8.160000000000000000e+03 -5.203200000000000000e+04 2.278091659607907715e+01 7.647966973146970437e-02 2.982273769199032198e+00 1.559690538866843369e-02 6.737124561754179730e+00 9.202961374592477650e-03 1.000000000000000000e+00 9.101162000000000418e+00 1.611900000000000138e-02 1.908553163000000040e+03
8.525000000000000000e+03 8.160000000000000000e+03 -5.203200000000000000e+04 -1.120632661735498026e+01 5.503042260482634424e-02 2.958876445373500808e+00 1.131136111330035762e-02 6.787519650133188698e+00 1.365319049521884071e-02 0.000000000000000000e+00 -2.363020200000000060e+01 1.730200000000000141e-02 1.918896754000000101e+03
4.525000000000000000e+03 8.160000000000000000e+03 -5.203200000000000000e+04 2.274462320143208416e+01 8.468137720282760406e-02 2.956768723138502697e+00 1.173875652159065558e-02 6.639798645491608475e+00 1.220023218464493832e-02 1.000000000000000000e+00 9.084846000000000643e+00 1.148599999999999968e-02 1.933639597999999978e+03
4.525000000000000000e+03 8.160000000000000000e+03 -5.203200000000000000e+04 -1.123007067844097229e+01 6.166196910499522482e-02 2.930947746590080616e+00 1.416431884854577224e-02 6.713975778944903716e+00 1.379365689914551982e-02 0.000000000000000000e+00 -2.360342899999999844e+01 1.990600000000000008e-02 1.943982189000000062e+03
2.525000000000000000e+03 8.160000000000000000e+03 -5.203200000000000000e+04 2.275868840200871546e+01 8.390656241193400477e-02 2.921547983558960837e+00 1.120525791616405753e-02 6.656652820747871679e+00 1.470986193832103314e-02 1.000000000000000000e+00 9.090448000000000306e+00 1.391500000000000029e-02 1.956724917999999889e+03
2.525000000000000000e+03 8.160000000000000000e+03 -5.203200000000000000e+04 -1.127082838339196158e+01 6.598635785062105519e-02 2.919712303747684423e+00 1.311302905955825070e-02 6.667730250924115865e+00 1.152543459019935573e-02 0.000000000000000000e+00 -2.363117499999999893e+01 2.788300000000000153e-02 1.967171514999999999e+03
2.525000000000000000e+03 8.160000000000000000e+03 -5.203200000000000000e+04 2.273947128193783840e+01 7.743450957077127605e-02 2.937142153785179399e+00 1.734513291767146928e-02 6.665885856659064856e+00 1.097286278062561959e-02 1.000000000000000000e+00 9.067178000000000182e+00 1.645900000000000141e-02 1.977518107000000100e+03
2.525000000000000000e+03 8.160000000000000000e+03 -5.203200000000000000e+04 -1.123476400237164263e+01 6.968650640012771791e-02 2.906236345686839861e+00 1.285677424676478359e-02 6.668426643028861456e+00 1.034617396493425594e-02 0.000000000000000000e+00 -2.363198999999999828e+01 2.358599999999999933e-02 1.987862699000000021e+03
4.525000000000000000e+03 8.160000000000000000e+03 -5.203200000000000000e+04 2.272776116569528071e+01 6.657912857903225401e-02 2.970534469574193093e+00 1.214253807663617964e-02 6.716939974945276504e+00 1.150268684760784657e-02 1.000000000000000000e+00 9.077037000000000688e+00 7.539999999999999827e-03 2.000609427999999980e+03
4.525000000000000000e+03 8.160000000000000000e+03 -5.203200000000000000e+04 -1.124139488307399759e+01 9.471320125304003024e-02 2.951337391474872174e+00 1.131109475145249295e-02 6.684391505861025706e+00 1.228336745053245325e-02 0.000000000000000000e+00 -2.362750499999999931e+01 2.741400000000000087e-02 2.010954019999999900e+03
8.525000000000000000e+03 8.160000000000000000e+03 -5.203200000000000000e+04 2.276978181458031614e+01 6.004077003656268369e-02 2.965142977746430208e+00 1.518253051105631669e-02 6.779391577761728627e+00 1.233251704630652229e-02 1.000000000000000000e+00 9.068448999999999316e+00 5.296000000000000360e-03 2.025698863000000074e+03
8.525000000000000000e+03 8.160000000000000000e+03 -5.203200000000000000e+04 -1.121371290066698201e+01 5.946870378402996371e-02 2.998872152938023561e+00 1.314199598636019671e-02 6.765694312443979896e+00 1.222350521502707163e-02 0.000000000000000000e+00 -2.362572700000000125e+01 1.983599999999999947e-02 2.036044454999999971e+03
1.252500000000000000e+04 8.160000000000000000e+03 -5.203200000000000000e+04 2.279375884531974705e+01 6.264306044478683277e-02 3.009997340185937009e+00 1.163502425521650493e-02 6.852429862384767034e+00 1.045839536885585959e-02 1.000000000000000000e+00 9.064083000000000112e+00 1.041100000000000012e-02 2.050788297999999941e+03
1.252500000000000000e+04 8.160000000000000000e+03 -5.203200000000000000e+04 -1.116381216369527962e+01 5.157854127533841732e-02 2.992822844843730401e+00 1.401175137835924261e-02 6.833145739432152865e+00 1.035103261608519808e-02 0.000000000000000000e+00 -2.362402300000000110e+01 1.847000000000000031e-02 2.061131890000000112e+03
1.652500000000000000e+04 8.160000000000000000e+03 -5.203200000000000000e+04 2.284320597304292377e+01 8.379364637804978533e-02 3.018490857415747186e+00 1.114457948453642655e-02 6.901736897918349101e+00 1.038067043996655607e-02 1.000000000000000000e+00 9.083012999999999337e+00 7.846999999999999809e-03 2.075873732999999902e+03
1.652500000000000000e+04 8.160000000000000000e+03 -5.203200000000000000e+04 -1.114850567298469386e+01 4.282780670098482872e-02 3.019451478274284284e+00 1.258074751532152480e-02 6.861027618288628283e+00 1.235220624580123973e-02 0.000000000000000000e+00 -2.361720299999999995e+01 2.033700000000000091e-02 2.086217325000000073e+03
2.052500000000000000e+04 8.160000000000000000e+03 -5.203200000000000000e+04 2.290605755876980965e+01 4.840888527156254201e-02 3.024014986562387097e+00 1.188739407851858651e-02 6.930562391395130639e+00 1.288293967954119192e-02 1.000000000000000000e+00 9.086290999999999229e+00 9.185000000000000456e-03 2.100960168000000067e+03
2.052500000000000000e+04 8.160000000000000000e+03 -5.203200000000000000e+04 -1.109980934670182151e+01 5.247761525916643660e-02 3.051610334262641278e+00 1.435662683989475177e-02 6.885579786027124172e+00 8.932670792708938615e-03 0.000000000000000000e+00 -2.362640199999999879e+01 1.526899999999999959e-02 2.111304759999999987e+03
2.452500000000000000e+04 8.160000000000000000e+03 -5.203200000000000000e+04 2.297214836347156464e+01 7.182559355788943611e-02 3.076241849709995257e+00 1.468341067487288938e-02 6.938892324304988257e+00 1.052102499806465905e-02 1.000000000000000000e+00 9.071612999999999261e+00 1.106900000000000071e-02 2.126052603000000090e+03
2.452500000000000000e+04 8.160000000000000000e+03 -5.203200000000000000e+04 -1.103507171234052642e+01 9.932484739099220472e-02 3.037716407151982878e+00 1.720371640944351813e-02 6.898615854536514824e+00 9.890994361516599817e-03 0.000000000000000000e+00 -2.361944799999999844e+01 1.450800000000000006e-02 2.136397195000000011e+03
2.852500000000000000e+04 8.160000000000000000e+03 -5.203200000000000000e+04 2.306492334221985274e+01 5.869226448192497309e-02 2.992635679255079229e+00 1.141235643885611835e-02 6.939124258499575149e+00 1.219995243827889583e-02 1.000000000000000000e+00 9.083503999999999579e+00 8.349999999999999784e-03 2.151141038000000208e+03
2.852500000000000000e+04 8.160000000000000000e+03 -5.203200000000000000e+04 -1.093333873084557517e+01 6.816976741352581692e-02 3.006449281514353089e+00 1.039780214736100994e-02 6.923854810163403428e+00 1.272177783527621807e-02 0.000000000000000000e+00 -2.363089700000000093e+01 2.477800000000000141e-02 2.161488629999999830e+03
3.252500000000000000e+04 8.160000000000000000e+03 -5.203200000000000000e+04 2.313988376612185505e+01 7.532548642437775221e-02 3.063404330395340214e+00 1.424597825966721076e-02 6.874387800538856119e+00 1.171145201740470161e-02 1.000000000000000000e+00 9.080334999999999823e+00 8.182999999999999302e-03 2.176234472999999980e+03
3.252500000000000000e+04 8.160000000000000000e+03 -5.203200000000000000e+04 -1.087316002121438707e+01 6.678927363668808737e-02 3.038584618968483309e+00 1.369893962699473243e-02 6.885754533460679561e+00 1.069375865538179163e-02 0.000000000000000000e+00 -2.362364499999999978e+01 1.603399999999999964e-02 2.186681070999999974e+03
2.525000000000000000e+03 -3.840000000000000000e+03 -5.203200000000000000e+04 6.622901330509469275e+00 8.374608928284026088e-02 2.795497951315693008e+00 1.678497511193402514e-02 -2.295177842255572287e+01 1.396147951766938539e-02 1.000000000000000000e+00 9.101644000000000290e+00 1.265900000000000011e-02 2.264429517999999916e+03
2.525000000000000000e+03 -3.840000000000000000e+03 -5.203200000000000000e+04 6.714505863648790651e+00 5.276745515950461568e-02 2.787912983986055693e+00 1.419803814226647254e-02 1.105312700170729912e+01 1.528127811737015930e-02 0.000000000000000000e+00 -2.362105299999999986e+01 1.811899999999999969e-02 2.274896115999999893e+03
4.525000000000000000e+03 -3.840000000000000000e+03 -5.203200000000000000e+04 6.760528979338415567e+00 7.544900785711787516e-02 2.893073317323130222e+00 1.642328760746024005e-02 -2.288764079372356974e+01 1.602482210632006493e-02 1.000000000000000000e+00 9.092207000000000150e+00 1.109100000000000016e-02 2.287641845999999987e+03
4.525000000000000000e+03 -3.840000000000000000e+03 -5.203200000000000000e+04 6.739205766303040690e+00 6.466558621845923394e-02 2.888099477766806977e+00 1.398809190882524534e-02 1.111492204010014184e+01 1.679618015422771130e-02 0.000000000000000000e+00 -2.362012400000000056e+01 2.068199999999999900e-02 2.297985436999999820e+03
8.525000000000000000e+03 -3.840000000000000000e+03 -5.203200000000000000e+04 6.738899325762719883e+00 5.906503499985240463e-02 3.495340951992823797e+00 1.542896367104705686e-02 -2.275496660054834663e+01 1.343484419350369358e-02 1.000000000000000000e+00 9.099583000000000865e+00 9.183000000000000190e-03 2.312727280000000064e+03
8.525000000000000000e+03 -3.840000000000000000e+03 -5.203200000000000000e+04 6.734945829937917239e+00 5.380898749422198535e-02 3.486011591745111549e+00 9.234339194357439259e-03 1.123363064955896462e+01 1.904533587233935357e-02 0.000000000000000000e+00 -2.362406299999999959e+01 2.974699999999999914e-02 2.323070871999999781e+03
1.252500000000000000e+04 -3.840000000000000000e+03 -5.203200000000000000e+04 6.628897331133475568e+00 6.663934090167611402e-02 4.233302852425228302e+00 1.176209129805169673e-02 -2.267405185474499874e+01 1.528020898045870553e-02 1.000000000000000000e+00 9.086773000000000877e+00 8.241999999999999327e-03 2.337817715000000135e+03
1.252500000000000000e+04 -3.840000000000000000e+03 -5.203200000000000000e+04 6.575088762564460509e+00 6.263129163927631804e-02 4.269123146454245621e+00 1.620291481776581222e-02 1.132542733337241891e+01 1.558300754039933234e-02 0.000000000000000000e+00 -2.362273100000000170e+01 1.979600000000000110e-02 2.348162307000000055e+03
1.652500000000000000e+04 -3.840000000000000000e+03 -5.203200000000000000e+04 6.922200631032068507e+00 4.377309627931651875e-02 4.408010402304375575e+00 1.361525991485122017e-02 -2.260637928861164525e+01 1.504473059156368614e-02 1.000000000000000000e+00 9.076178000000000523e+00 1.008000000000000042e-02 2.362907150000000001e+03
1.652500000000000000e+04 -3.840000000000000000e+03 -5.203200000000000000e+04 6.803118556139503781e+00 5.897988820650385683e-02 4.437357160845460058e+00 1.107581783560685797e-02 1.140132145871823433e+01 1.679084117668800183e-02 0.000000000000000000e+00 -2.361491300000000138e+01 2.113800000000000054e-02 2.373253741999999875e+03
2.052500000000000000e+04 -3.840000000000000000e+03 -5.203200000000000000e+04 6.835739040705818503e+00 5.881730368419103849e-02 5.152455989136580428e+00 1.225807710049302279e-02 -2.258772303340944987e+01 1.489499711715369309e-02 1.000000000000000000e+00 9.083717999999999293e+00 8.304999999999999882e-03 2.387997585000000072e+03
2.052500000000000000e+04 -3.840000000000000000e+03 -5.203200000000000000e+04 6.680213288076149780e+00 7.910886451633430960e-02 5.204419393587437881e+00 1.452178147046015964e-02 1.144817554909880819e+01 1.879114692775472537e-02 0.000000000000000000e+00 -2.360464599999999891e+01 1.792399999999999896e-02 2.398343177000000196e+03
2.452500000000000000e+04 -3.840000000000000000e+03 -5.203200000000000000e+04 6.542682254316041224e+00 6.504048424614178314e-02 5.997554627546814565e+00 1.733980333935250875e-02 -2.261413641875231306e+01 1.456610497627841734e-02 1.000000000000000000e+00 9.087785999999999476e+00 1.099999999999999936e-02 2.413086020000000190e+03
2.452500000000000000e+04 -3.840000000000000000e+03 -5.203200000000000000e+04 6.465174878387363933e+00 5.684355324291859995e-02 6.033426987380059003e+00 1.260291645300522581e-02 1.144605828903963562e+01 1.765492955517092982e-02 0.000000000000000000e+00 -2.361603099999999955e+01 2.622400000000000078e-02 2.423431611999999859e+03
2.852500000000000000e+04 -3.840000000000000000e+03 -5.203200000000000000e+04 6.358984360775590261e+00 6.378672272632587847e-02 6.667121054739426178e+00 1.096300798404182403e-02 -2.266377031089086103e+01 1.468284028301941255e-02 1.000000000000000000e+00 9.088426999999999367e+00 8.470000000000000098e-03 2.438178456000000097e+03
2.852500000000000000e+04 -3.840000000000000000e+03 -5.203200000000000000e+04 6.322705352949300028e+00 7.698695069116279210e-02 6.721617795961634556e+00 1.486200263460941626e-02 1.144125835406312142e+01 1.689296427407964082e-02 0.000000000000000000e+00 -2.361587199999999953e+01 2.263300000000000034e-02 2.448623052999999800e+03
3.252500000000000000e+04 -3.840000000000000000e+03 -5.203200000000000000e+04 5.759042596044078977e+00 6.165774091878739593e-02 7.741017393433754279e+00 1.677175139312966565e-02 -2.273929298027440637e+01 1.452466540057783910e-02 1.000000000000000000e+00 9.090626999999999569e+00 7.689999999999999787e-03 2.463366895999999997e+03
3.252500000000000000e+04 -3.840000000000000000e+03 -5.203200000000000000e+04 5.737644950868661553e+00 5.376236872189887189e-02 7.695104638001321717e+00 1.506901212389820562e-02 1.140770490931488368e+01 1.675640185184154932e-02 0.000000000000000000e+00 -2.362122099999999847e+01 1.869600000000000081e-02 2.473712488000000121e+03
3.252500000000000000e+04 -3.840000000000000000e+03 -5.203200000000000000e+04 5.707843964644471413e+00 6.497316693939617083e-02 7.706902672651286146e+00 1.736690980523093036e-02 -2.275519120673968487e+01 1.810501043032919019e-02 1.000000000000000000e+00 9.070287000000000432e+00 2.024400000000000158e-02 2.484055079000000205e+03
3.252500000000000000e+04 -3.840000000000000000e+03 -5.203200000000000000e+04 5.711442087321879413e+00 5.958872368650326712e-02 7.720727149434241987e+00 1.363405058427986406e-02 1.140679745583475757e+01 1.476915011362746159e-02 0.000000000000000000e+00 -2.362477300000000113e+01 2.382799999999999849e-02 2.494397671000000173e+03
2.852500000000000000e+04 -3.840000000000000000e+03 -5.203200000000000000e+04 6.309524546190170113e+00 8.104071647210772666e-02 6.728378050787848785e+00 1.403599530493377864e-02 -2.266266367892870193e+01 1.330135716712120726e-02 1.000000000000000000e+00 9.076406999999999670e+00 9.298000000000000709e-03 2.509144514999999956e+03
2.852500000000000000e+04 -3.840000000000000000e+03 -5.203200000000000000e+04 6.394854104986257504e+00 5.873521095121211899e-02 6.672281620001458080e+00 1.686700340169331944e-02 1.144198854728150749e+01 1.871432060652691506e-02 0.000000000000000000e+00 -2.361542999999999992e+01 2.107099999999999945e-02 2.519489105999999992e+03
2.452500000000000000e+04 -3.840000000000000000e+03 -5.203200000000000000e+04 6.368222762555736161e+00 5.820729958656931102e-02 6.027398992852035953e+00 1.411774860782206813e-02 -2.264816299548674294e+01 1.690556331760958292e-02 1.000000000000000000e+00 9.085262999999999423e+00 7.986000000000000043e-03 2.534231949999999870e+03
2.452500000000000000e+04 -3.840000000000000000e+03 -5.203200000000000000e+04 6.580458580985318662e+00 4.910199167329197534e-02 5.998825868377053006e+00 1.226902750744682073e-02 1.142162794080130439e+01 1.619422155392099757e-02 0.000000000000000000e+00 -2.360857499999999831e+01 2.503800000000000123e-02 2.544578540999999859e+03
2.052500000000000000e+04 -3.840000000000000000e+03 -5.203200000000000000e+04 6.527828348328919894e+00 5.696779374844068711e-02 5.253634617166168752e+00 1.174933506912702146e-02 -2.265766355125160203e+01 1.603190056944293548e-02 1.000000000000000000e+00 9.081841000000000719e+00 1.053800000000000049e-02 2.559326384999999846e+03
2.052500000000000000e+04 -3.840000000000000000e+03 -5.203200000000000000e+04 6.822251220062921284e+00 5.146787910903782848e-02 5.174733550688515926e+00 1.326533126193188764e-02 1.137969369497450955e+01 1.546393441297136753e-02 0.000000000000000000e+00 -2.361619999999999919e+01 2.431300000000000128e-02 2.569669977000000017e+03
1.652500000000000000e+04 -3.840000000000000000e+03 -5.203200000000000000e+04 6.715899947076600540e+00 6.215010349198922535e-02 4.486045719697496992e+00 1.266068827816828161e-02 -2.266177691254861060e+01 1.478234779248821171e-02 1.000000000000000000e+00 9.082172999999999163e+00 1.150799999999999913e-02 2.584414819999999963e+03
1.652500000000000000e+04 -3.840000000000000000e+03 -5.203200000000000000e+04 6.918341162618711238e+00 3.921969214629061201e-02 4.402212538772761974e+00 1.531721365875260074e-02 1.135530599852815214e+01 1.439767160628111116e-02 0.000000000000000000e+00 -2.361355199999999854e+01 2.237199999999999953e-02 2.594762412000000040e+03
1.252500000000000000e+04 -3.840000000000000000e+03 -5.203200000000000000e+04 6.517685570064135625e+00 7.046699318491783659e-02 4.277653425960132871e+00 1.431991200804624831e-02 -2.269618041034588174e+01 1.424464431140888034e-02 1.000000000000000000e+00 9.082038999999999973e+00 1.408300000000000003e-02 2.609507254999999986e+03
1.252500000000000000e+04 -3.840000000000000000e+03 -5.203200000000000000e+04 6.635514583432843949e+00 8.135599888055951301e-02 4.228736819777298983e+00 1.272510377618035413e-02 1.129484909771493051e+01 1.708617122212684886e-02 0.000000000000000000e+00 -2.361090000000000089e+01 2.483799999999999897e-02 2.619852847000000111e+03
8.525000000000000000e+03 -3.840000000000000000e+03 -5.203200000000000000e+04 6.709998059976500784e+00 6.156666081339112057e-02 3.502877702492827705e+00 1.608934374385052879e-02 -2.277562667498806803e+01 1.564174936447547057e-02 1.000000000000000000e+00 9.082864000000000715e+00 1.059500000000000025e-02 2.634596689999999853e+03
8.525000000000000000e+03 -3.840000000000000000e+03 -5.203200000000000000e+04 6.741862425382064039e+00 6.009294952870621737e-02 3.464425800351074169e+00 1.552251115627400861e-02 1.121352740140462423e+01 1.778784127834844714e-02 0.000000000000000000e+00 -2.362527400000000100e+01 1.319400000000000087e-02 2.644943282000000181e+03
4.525000000000000000e+03 -3.840000000000000000e+03 -5.203200000000000000e+04 6.713160458365836192e+00 6.584795738429356782e-02 2.921059479964534411e+00 1.387314307493342676e-02 -2.288797840811790962e+01 1.516982015512000070e-02 1.000000000000000000e+00 9.083052000000000348e+00 8.179000000000000506e-03 2.659689126000000215e+03
4.525000000000000000e+03 -3.840000000000000000e+03 -5.203200000000000000e+04 6.755376040127293535e+00 5.777007678123204093e-02 2.925839843894814774e+00 1.535706358307057859e-02 1.112952729364031157e+01 2.028000837761366817e-02 0.000000000000000000e+00 -2.364994099999999833e+01 2.857700000000000171e-02 2.670031716999999844e+03
2.525000000000000000e+03 -3.840000000000000000e+03 -5.203200000000000000e+04 6.739044628143523674e+00 7.254255369865428293e-02 2.817362350700259643e+00 1.417707125998915289e-02 -2.296971397081161470e+01 1.608812625407472427e-02 1.000000000000000000e+00 9.119853000000000876e+00 9.979999999999999288e-03 2.682779446000000007e+03
2.525000000000000000e+03 -3.840000000000000000e+03 -5.203200000000000000e+04 6.667445991482172651e+00 6.133311147260513824e-02 2.826071783001101068e+00 1.493505335600760729e-02 1.104070690644232755e+01 1.648973706103882761e-02 0.000000000000000000e+00 -2.361036800000000113e+01 1.588099999999999928e-02 2.693226044000000002e+03
2.525000000000000000e+03 -3.840000000000000000e+03 -5.203200000000000000e+04 6.717645127177368281e+00 7.094983385217493166e-02 2.818078632755950608e+00 1.388109515679159488e-02 -2.296074572664588587e+01 1.676210510636625545e-02 1.000000000000000000e+00 9.082143999999999551e+00 2.843800000000000147e-02 2.703572634999999991e+03
2.525000000000000000e+03 -3.840000000000000000e+03 -5.203200000000000000e+04 6.697646416682974113e+00 5.760862692173881333e-02 2.816952006803330022e+00 1.423004175985683774e-02 1.103435414556273031e+01 1.534679564940646078e-02 0.000000000000000000e+00 -2.360840599999999867e+01 2.492600000000000024e-02 2.713920227000000068e+03
4.525000000000000000e+03 -3.840000000000000000e+03 -5.203200000000000000e+04 6.765889504660192344e+00 5.682864014753043896e-02 2.923438315453973591e+00 1.389863179282199018e-02 -2.289960476475281226e+01 1.597128117184245383e-02 1.000000000000000000e+00 9.101957000000000519e+00 1.077900000000000039e-02 2.726661955999999918e+03
4.525000000000000000e+03 -3.840000000000000000e+03 -5.203200000000000000e+04 6.744988046441953600e+00 8.093662580924242123e-02 2.923629727324219996e+00 1.516757813886048835e-02 1.110089317668277786e+01 1.741414910399677329e-02 0.000000000000000000e+00 -2.359772200000000097e+01 1.671900000000000122e-02 2.737007548000000043e+03
8.525000000000000000e+03 -3.840000000000000000e+03 -5.203200000000000000e+04 6.768796361250564608e+00 7.594706699921000004e-02 3.452519190133966465e+00 1.396203674471854089e-02 -2.278720129292072016e+01 1.496030832425045837e-02 1.000000000000000000e+00 9.101440999999999448e+00 9.615000000000000283e-03 2.751752390999999989e+03
8.525000000000000000e+03 -3.840000000000000000e+03 -5.203200000000000000e+04 6.740851196774196197e+00 4.770466799964748206e-02 3.500286745040495084e+00 1.905697981462375901e-02 1.120545727596043939e+01 1.565352472730761196e-02 0.000000000000000000e+00 -2.361136199999999974e+01 2.478100000000000094e-02 2.762098982999999862e+03
1.252500000000000000e+04 -3.840000000000000000e+03 -5.203200000000000000e+04 6.659723203885195453e+00 7.956856731607918343e-02 4.270826728684354201e+00 1.361206206272192777e-02 -2.268939353478938514e+01 1.705730959639236571e-02 1.000000000000000000e+00 9.109109999999999374e+00 9.015000000000000444e-03 2.776845826000000216e+03
1.252500000000000000e+04 -3.840000000000000000e+03 -5.203200000000000000e+04 6.595690157049317826e+00 5.698070605028019570e-02 4.283910319393823940e+00 1.394318810168563780e-02 1.131498202783671303e+01 1.853524366099820742e-02 0.000000000000000000e+00 -2.360338000000000136e+01 2.691299999999999942e-02 2.787192418000000089e+03
1.652500000000000000e+04 -3.840000000000000000e+03 -5.203200000000000000e+04 6.908251250841011881e+00 4.212454901268394142e-02 4.385164418621797289e+00 1.315124466863743999e-02 -2.264299257121318831e+01 2.012888112001320201e-02 1.000000000000000000e+00 9.105285000000000295e+00 1.309699999999999927e-02 2.801937261999999919e+03
1.652500000000000000e+04 -3.840000000000000000e+03 -5.203200000000000000e+04 6.824894404985110796e+00 7.900831245269182568e-02 4.439648867563633416e+00 1.802031795257305613e-02 1.136910599484805040e+01 1.936369740690031468e-02 0.000000000000000000e+00 -2.360257000000000005e+01 3.295599999999999918e-02 2.812281852999999956e+03
2.052500000000000000e+04 -3.840000000000000000e+03 -5.203200000000000000e+04 6.827762860486883412e+00 5.744583802925504884e-02 5.155730325806863412e+00 1.410656939731287814e-02 -2.261745183058465614e+01 1.323252742129749950e-02 1.000000000000000000e+00 9.095857999999999777e+00 8.887000000000000802e-03 2.827025696000000153e+03
2.052500000000000000e+04 -3.840000000000000000e+03 -5.203200000000000000e+04 6.688841813542407699e+00 7.380327370223353778e-02 5.182671750059835603e+00 1.434912409227613594e-02 1.141993189807287834e+01 1.366501425603590912e-02 0.000000000000000000e+00 -2.359749400000000108e+01 2.102300000000000002e-02 2.837370288000000073e+03
2.452500000000000000e+04 -3.840000000000000000e+03 -5.203200000000000000e+04 6.581087556390320614e+00 7.357998033799223458e-02 6.006772854013965102e+00 1.601004270796769005e-02 -2.263362273821967108e+01 1.692509140151768690e-02 1.000000000000000000e+00 9.100844000000000378e+00 8.996999999999999789e-03 2.852115131000000019e+03
2.452500000000000000e+04 -3.840000000000000000e+03 -5.203200000000000000e+04 6.446358999850367866e+00 6.807864588001957817e-02 5.999473598981854394e+00 1.757907240703486876e-02 1.142408024961020097e+01 1.613075542096889525e-02 0.000000000000000000e+00 -2.360058799999999835e+01 1.892900000000000138e-02 2.862460723000000144e+03
2.852500000000000000e+04 -3.840000000000000000e+03 -5.203200000000000000e+04 6.380936531181110816e+00 6.466456287786817581e-02 6.702998803677850503e+00 1.553000082227162099e-02 -2.269062800428768867e+01 1.654476543425370885e-02 1.000000000000000000e+00 9.100680999999999798e+00 9.409000000000000696e-03 2.877204565999999886e+03
2.852500000000000000e+04 -3.840000000000000000e+03 -5.203200000000000000e+04 6.331884612324690131e+00 6.245292814605776094e-02 6.704597510278195394e+00 1.332000890808069521e-02 1.142314848999479260e+01 1.725458161393662870e-02 0.000000000000000000e+00 -2.360570900000000094e+01 2.432499999999999940e-02 2.887648164000000179e+03
3.252500000000000000e+04 -3.840000000000000000e+03 -5.203200000000000000e+04 5.726827060555388371e+00 7.147759192724424671e-02 7.701760082041865019e+00 1.206418110827028010e-02 -2.278194967873381671e+01 1.793257548343800412e-02 1.000000000000000000e+00 9.105121000000000464e+00 1.330899999999999965e-02 2.902393007000000125e+03
3.252500000000000000e+04 -3.840000000000000000e+03 -5.203200000000000000e+04 5.744637701013850517e+00 7.016089738792173625e-02 7.733839966145984235e+00 1.151041824752428895e-02 1.137889630678139952e+01 1.412854155560916078e-02 0.000000000000000000e+00 -2.360016600000000153e+01 1.487400000000000007e-02 2.912738598999999795e+03
2.525000000000000000e+03 1.600000000000000000e+02 -5.203200000000000000e+04 -2.294278757189032092e+01 7.393442431104080281e-02 2.954852746385363549e+00 1.523751537360179889e-02 -6.928969595448800867e+00 1.152456576336949659e-02 1.000000000000000000e+00 9.115183999999999287e+00 9.020000000000000240e-03 2.959485272999999779e+03
2.525000000000000000e+03 1.600000000000000000e+02 -5.203200000000000000e+04 1.102123801071369691e+01 5.844829169411502184e-02 2.953181867341442501e+00 1.245307041672450744e-02 -6.752268804892573861e+00 1.023013573887193370e-02 0.000000000000000000e+00 -2.361107900000000015e+01 2.668399999999999939e-02 2.969929869999999937e+03
4.525000000000000000e+03 1.600000000000000000e+02 -5.203200000000000000e+04 -2.296224920109836987e+01 7.443297673988023833e-02 2.843435262592570734e+00 1.302298942238939473e-02 -6.891896935296139226e+00 1.275287579900226051e-02 1.000000000000000000e+00 9.106308000000000291e+00 9.339000000000000079e-03 2.982675599000000147e+03
4.525000000000000000e+03 1.600000000000000000e+02 -5.203200000000000000e+04 1.105599663229445540e+01 6.079694237568290111e-02 2.830808551876415002e+00 1.099083923373197005e-02 -6.763181544716291071e+00 1.294059622684172808e-02 0.000000000000000000e+00 -2.360923599999999922e+01 2.288000000000000103e-02 2.993020191000000068e+03
8.525000000000000000e+03 1.600000000000000000e+02 -5.203200000000000000e+04 -2.291534159109408009e+01 7.782405037791222113e-02 2.805183189932723753e+00 1.366051253140526840e-02 -6.778313502071630303e+00 1.477477983441711530e-02 1.000000000000000000e+00 9.103590999999999767e+00 7.929999999999999549e-03 3.007766034000000218e+03
8.525000000000000000e+03 1.600000000000000000e+02 -5.203200000000000000e+04 1.101263291671997280e+01 7.397565907903667914e-02 2.778791371687452383e+00 1.636413536652587403e-02 -6.670937483639771237e+00 1.103208713381806372e-02 0.000000000000000000e+00 -2.360981699999999961e+01 1.706799999999999984e-02 3.018111625999999887e+03
1.252500000000000000e+04 1.600000000000000000e+02 -5.203200000000000000e+04 -2.292253005806473354e+01 7.377963519392227720e-02 2.707407173736610773e+00 1.275666591112176174e-02 -6.681366235230067119e+00 1.449817197041642670e-02 1.000000000000000000e+00 9.106700999999999269e+00 1.089299999999999990e-02 3.032857469999999921e+03
1.252500000000000000e+04 1.600000000000000000e+02 -5.203200000000000000e+04 1.100103210519334063e+01 7.429765262758014632e-02 2.716016621819649757e+00 1.501320893403052317e-02 -6.569708755789769761e+00 1.206408473671231711e-02 0.000000000000000000e+00 -2.361791300000000149e+01 2.278499999999999970e-02 3.043204060999999911e+03
1.652500000000000000e+04 1.600000000000000000e+02 -5.203200000000000000e+04 -2.291857386710704247e+01 7.478213067568277583e-02 2.686302341784849279e+00 1.287238105364075201e-02 -6.579865034992153916e+00 1.251369016777121972e-02 1.000000000000000000e+00 9.099214999999999165e+00 7.246999999999999970e-03 3.057949904000000060e+03
1.652500000000000000e+04 1.600000000000000000e+02 -5.203200000000000000e+04 1.099867961719118270e+01 6.430088600809971688e-02 2.669531751060482794e+00 1.490359085709540461e-02 -6.402244753629242169e+00 1.117777670816825185e-02 0.000000000000000000e+00 -2.358365600000000128e+01 2.431300000000000128e-02 3.068294495999999981e+03
2.052500000000000000e+04 1.600000000000000000e+02 -5.203200000000000000e+04 -2.292657325658120016e+01 8.466977084025721634e-02 2.556573259793534891e+00 1.332905568950208675e-02 -6.347945109154553123e+00 1.436978821293064153e-02 1.000000000000000000e+00 9.064396000000000342e+00 1.354999999999999954e-02 3.083041340000000218e+03
2.052500000000000000e+04 1.600000000000000000e+02 -5.203200000000000000e+04 1.108133400780466360e+01 6.963533482941478003e-02 2.572361022808256070e+00 1.192296124314533474e-02 -6.240975273579817184e+00 1.846971468078884016e-02 0.000000000000000000e+00 -2.366475799999999907e+01 2.455699999999999897e-02 3.093384931999999935e+03
2.452500000000000000e+04 1.600000000000000000e+02 -5.203200000000000000e+04 -2.299511000295323981e+01 6.168626340612402836e-02 2.528711734078686213e+00 1.204539650725672609e-02 -6.221784279630382386e+00 1.214165948185221867e-02 1.000000000000000000e+00 9.100844000000000378e+00 7.744000000000000015e-03 3.108127774999999929e+03
2.452500000000000000e+04 1.600000000000000000e+02 -5.203200000000000000e+04 1.095036582684125470e+01 8.647739143738340795e-02 2.522469000319663035e+00 1.303592053515474983e-02 -6.109616374193027610e+00 1.353960069524576953e-02 0.000000000000000000e+00 -2.361006000000000071e+01 1.963799999999999921e-02 3.118472365999999965e+03
2.852500000000000000e+04 1.600000000000000000e+02 -5.203200000000000000e+04 -2.307261811424687536e+01 7.301536080300338738e-02 2.438965045055347947e+00 1.387569206001710437e-02 -6.030127779418275047e+00 1.265987909353066647e-02 1.000000000000000000e+00 9.099151000000000877e+00 7.759000000000000272e-03 3.133216209000000163e+03
2.852500000000000000e+04 1.600000000000000000e+02 -5.203200000000000000e+04 1.093432362065038177e+01 8.769938417283566767e-02 2.457097104749310201e+00 1.300295197022442555e-02 -5.934674075209661837e+00 1.419013378250585933e-02 0.000000000000000000e+00 -2.361858399999999847e+01 1.986699999999999924e-02 3.143659807000000001e+03
3.252500000000000000e+04 1.600000000000000000e+02 -5.203200000000000000e+04 -2.312503386454007881e+01 7.241816401497508382e-02 2.381657772624103941e+00 1.743661339449386477e-02 -5.772644598747939781e+00 1.344244933154385875e-02 1.000000000000000000e+00 9.093270000000000408e+00 9.206999999999999906e-03 3.158402649999999994e+03
3.252500000000000000e+04 1.600000000000000000e+02 -5.203200000000000000e+04 1.091340126071664685e+01 6.544533631882273883e-02 2.388293878708991347e+00 1.191240863802056973e-02 -5.760678767344476370e+00 9.300247929866993502e-03 0.000000000000000000e+00 -2.362576100000000068e+01 2.168199999999999988e-02 3.168746242000000166e+03
3.252500000000000000e+04 1.600000000000000000e+02 -5.203200000000000000e+04 -2.315314328806508470e+01 8.603754991475577596e-02 2.386921819092760799e+00 1.140340380462680735e-02 -5.778211200033066319e+00 1.412763983595738751e-02 1.000000000000000000e+00 9.058341000000000420e+00 2.358400000000000080e-02 3.179088832999999795e+03
3.252500000000000000e+04 1.600000000000000000e+02 -5.203200000000000000e+04 1.089327450517974505e+01 8.393986497272379332e-02 2.393039299769165851e+00 1.553132304898657140e-02 -5.763314661978062858e+00 1.312706367429192569e-02 0.000000000000000000e+00 -2.362265700000000024e+01 1.875800000000000037e-02 3.189433425000000170e+03
2.852500000000000000e+04 1.600000000000000000e+02 -5.203200000000000000e+04 -2.308540271628761431e+01 6.735130113712546607e-02 2.471682938484492720e+00 1.271731896552062355e-02 -5.865037061868139112e+00 1.406186714008665455e-02 1.000000000000000000e+00 9.094621000000000066e+00 1.314000000000000064e-02 3.204178268000000116e+03
2.852500000000000000e+04 1.600000000000000000e+02 -5.203200000000000000e+04 1.091382088254308869e+01 7.389131498918088958e-02 2.434596682182118776e+00 1.444039695191022543e-02 -6.004396794945782823e+00 1.369649542915671488e-02 0.000000000000000000e+00 -2.362914900000000173e+01 1.372499999999999935e-02 3.214523859999999786e+03
2.452500000000000000e+04 1.600000000000000000e+02 -5.203200000000000000e+04 -2.306005679074383607e+01 8.342237114796327568e-02 2.534649850034068841e+00 1.193592932632612201e-02 -6.014094695906058163e+00 1.459889917659592563e-02 1.000000000000000000e+00 9.079779000000000266e+00 1.322500000000000064e-02 3.229268703000000187e+03
2.452500000000000000e+04 1.600000000000000000e+02 -5.203200000000000000e+04 1.094730823690917987e+01 8.319304054145583438e-02 2.518421824571773548e+00 1.588173373590759038e-02 -6.197597250946292213e+00 1.283317875701191386e-02 0.000000000000000000e+00 -2.363419999999999987e+01 2.580999999999999961e-02 3.239615295000000060e+03
2.052500000000000000e+04 1.600000000000000000e+02 -5.203200000000000000e+04 -2.302298882267177760e+01 7.350046325843324901e-02 2.603399072606060738e+00 1.130095843442070584e-02 -6.127726665456300736e+00 1.310495971986175637e-02 1.000000000000000000e+00 9.090324000000000737e+00 8.436000000000000790e-03 3.254360138000000006e+03
2.052500000000000000e+04 1.600000000000000000e+02 -5.203200000000000000e+04 1.095349966389553842e+01 7.629209913052255321e-02 2.625569231568261053e+00 1.508436647258530779e-02 -6.367203309367731379e+00 1.360230228230734431e-02 0.000000000000000000e+00 -2.361734200000000072e+01 2.051800000000000151e-02 3.264707730000000083e+03
1.652500000000000000e+04 1.600000000000000000e+02 -5.203200000000000000e+04 -2.299732971337700604e+01 9.190002624451022728e-02 2.678426806859243392e+00 1.069700850127136560e-02 -6.251196925366445001e+00 1.364165266315108156e-02 1.000000000000000000e+00 9.091540999999999428e+00 1.241199999999999942e-02 3.279454573999999866e+03
1.652500000000000000e+04 1.600000000000000000e+02 -5.203200000000000000e+04 1.100614338479514309e+01 7.273097779558249099e-02 2.685245932586988626e+00 1.563559371360903269e-02 -6.526192111439345744e+00 1.077893886806281440e-02 0.000000000000000000e+00 -2.362574599999999947e+01 2.363900000000000029e-02 3.289801166000000194e+03
1.252500000000000000e+04 1.600000000000000000e+02 -5.203200000000000000e+04 -2.297964460293233557e+01 8.914474835907025552e-02 2.699306490854411322e+00 1.483639819779717685e-02 -6.471812107371872180e+00 1.291409348403677049e-02 1.000000000000000000e+00 9.087706999999999979e+00 1.049300000000000059e-02 3.304549008999999842e+03
1.252500000000000000e+04 1.600000000000000000e+02 -5.203200000000000000e+04 1.099790575588714248e+01 7.684226026180794589e-02 2.710139824823721177e+00 1.036335968100155457e-02 -6.626057028239634938e+00 1.199014190819956520e-02 0.000000000000000000e+00 -2.361275799999999947e+01 2.698499999999999857e-02 3.314895601000000170e+03
8.525000000000000000e+03 1.600000000000000000e+02 -5.203200000000000000e+04 -2.295041159997890645e+01 7.735947052813715863e-02 2.811562382496595625e+00 1.398396610679450251e-02 -6.640288635333599920e+00 1.253923285254333192e-02 1.000000000000000000e+00 9.082639999999999603e+00 7.822000000000000827e-03 3.329638444000000163e+03
8.525000000000000000e+03 1.600000000000000000e+02 -5.203200000000000000e+04 1.101144085841100662e+01 7.010296200486609841e-02 2.796475896791989157e+00 9.526062455225926470e-03 -6.707432994402261706e+00 1.187053399150323797e-02 0.000000000000000000e+00 -2.361424299999999832e+01 1.186100000000000002e-02 3.339984035999999833e+03
4.525000000000000000e+03 1.600000000000000000e+02 -5.203200000000000000e+04 -2.296503187781435784e+01 6.582715445946230037e-02 2.841246500393129093e+00 1.249321131505604955e-02 -6.709101452998767812e+00 1.277584505257667487e-02 1.000000000000000000e+00 9.084730999999999668e+00 1.163800000000000077e-02 3.354729878999999983e+03
4.525000000000000000e+03 1.600000000000000000e+02 -5.203200000000000000e+04 1.101325381450902441e+01 7.021891036367251815e-02 2.835114742347592642e+00 1.112830859050514820e-02 -6.813341880095826752e+00 1.471554400125984173e-02 0.000000000000000000e+00 -2.362803100000000001e+01 1.502099999999999963e-02 3.365074470999999903e+03
2.525000000000000000e+03 1.600000000000000000e+02 -5.203200000000000000e+04 -2.299147787435699541e+01 7.456411355573461242e-02 2.958189723589778275e+00 9.947089888601091251e-03 -6.720963395632928439e+00 1.346862154771605313e-02 1.000000000000000000e+00 9.090130999999999517e+00 8.240000000000000796e-03 3.377818200000000161e+03
2.525000000000000000e+03 1.600000000000000000e+02 -5.203200000000000000e+04 1.100702240951300048e+01 6.758338857309174885e-02 2.948575252031114591e+00 9.881189916474929225e-03 -6.809669128923761861e+00 1.016865924362932334e-02 0.000000000000000000e+00 -2.361492799999999903e+01 1.868600000000000122e-02 3.388263797000000068e+03
2.525000000000000000e+03 1.600000000000000000e+02 -5.203200000000000000e+04 -2.297228225377014965e+01 7.881075961761012383e-02 2.929044319013894615e+00 1.586739500766462529e-02 -6.717621842791199782e+00 1.120954799115514607e-02 1.000000000000000000e+00 9.052956999999999255e+00 1.996799999999999964e-02 3.398606389000000036e+03
2.525000000000000000e+03 1.600000000000000000e+02 -5.203200000000000000e+04 1.098151509130238068e+01 6.531547835709067273e-02 2.940323026111996363e+00 1.418453403751824063e-02 -6.805629012207371709e+00 1.199223211595347449e-02 0.000000000000000000e+00 -2.362179799999999830e+01 2.091799999999999909e-02 3.408951981000000160e+03
4.525000000000000000e+03 1.600000000000000000e+02 -5.203200000000000000e+04 -2.295149153448550194e+01 5.989781661226042248e-02 2.828040067088248399e+00 1.296153798325817147e-02 -6.758834133772085195e+00 1.376237959775032139e-02 1.000000000000000000e+00 9.097685000000000244e+00 1.323799999999999977e-02 3.421695709999999963e+03
4.525000000000000000e+03 1.600000000000000000e+02 -5.203200000000000000e+04 1.100148827342529145e+01 5.923538868877647329e-02 2.846776206238638363e+00 1.289776380152024560e-02 -6.783301239757697942e+00 1.246451670983539026e-02 0.000000000000000000e+00 -2.361634899999999959e+01 2.818599999999999925e-02 3.432041301000000203e+03
8.525000000000000000e+03 1.600000000000000000e+02 -5.203200000000000000e+04 -2.295400899958708152e+01 7.501290336553660676e-02 2.765779564350082875e+00 1.281962501239703248e-02 -6.657051301727177517e+00 1.450272230356050400e-02 1.000000000000000000e+00 9.091848999999999847e+00 1.289000000000000042e-02 3.446784145000000080e+03
8.525000000000000000e+03 1.600000000000000000e+02 -5.203200000000000000e+04 1.098672852461197635e+01 7.272252707521346948e-02 2.807263057109415705e+00 1.210005156003990216e-02 -6.697278461597088395e+00 1.271797554798798080e-02 0.000000000000000000e+00 -2.361767499999999842e+01 1.773100000000000023e-02 3.457129735999999866e+03
1.252500000000000000e+04 1.600000000000000000e+02 -5.203200000000000000e+04 -2.294875325026498203e+01 5.545327944094696065e-02 2.700177864271177341e+00 1.572779449335135610e-02 -6.608150065585093103e+00 1.071345414043279112e-02 1.000000000000000000e+00 9.099090999999999596e+00 1.031800000000000078e-02 3.471877579999999853e+03
1.252500000000000000e+04 1.600000000000000000e+02 -5.203200000000000000e+04 1.103030848913758533e+01 8.102100937515996359e-02 2.680732965211533259e+00 1.327232392202375155e-02 -6.565563005132803553e+00 1.269147066100352259e-02 0.000000000000000000e+00 -2.361646800000000113e+01 1.964799999999999880e-02 3.482225171999999930e+03
1.652500000000000000e+04 1.600000000000000000e+02 -5.203200000000000000e+04 -2.293940245507108244e+01 7.386168863455642997e-02 2.664063016965030783e+00 1.178052126687973052e-02 -6.503061601559900318e+00 1.420633452838663408e-02 1.000000000000000000e+00 9.101917000000000257e+00 8.302000000000000351e-03 3.496974014999999781e+03
1.652500000000000000e+04 1.600000000000000000e+02 -5.203200000000000000e+04 1.104628465308408991e+01 7.698966692151862357e-02 2.674024158773896431e+00 1.378962575594391317e-02 -6.405684733799458463e+00 1.354194586551830080e-02 0.000000000000000000e+00 -2.361745600000000067e+01 2.598400000000000015e-02 3.507317606999999953e+03
2.052500000000000000e+04 1.600000000000000000e+02 -5.203200000000000000e+04 -2.294898497580156160e+01 7.442426901756060698e-02 2.631140901430039314e+00 1.393319664167069587e-02 -6.383543815666975263e+00 1.404269356449492322e-02 1.000000000000000000e+00 9.098798000000000386e+00 1.144799999999999984e-02 3.522064449999999852e+03
2.052500000000000000e+04 1.600000000000000000e+02 -5.203200000000000000e+04 1.101772432530280454e+01 8.095400338742596291e-02 2.593184829546146819e+00 1.242860705417411782e-02 -6.251038877256211101e+00 1.162626424272038619e-02 0.000000000000000000e+00 -2.362738099999999974e+01 2.434300000000000005e-02 3.532506048000000192e+03
2.452500000000000000e+04 1.600000000000000000e+02 -5.203200000000000000e+04 -2.301757081046094910e+01 7.929246005585689760e-02 2.500633263566564679e+00 1.150821234646011437e-02 -6.185637620672719272e+00 1.450004675437714143e-02 1.000000000000000000e+00 9.090775999999999968e+00 1.059799999999999978e-02 3.547252891000000091e+03
2.452500000000000000e+04 1.600000000000000000e+02 -5.203200000000000000e+04 1.098466196792700522e+01 6.861658799561218269e-02 2.523116955038801290e+00 1.727865989897647142e-02 -6.114308201162149459e+00 1.177308221902461684e-02 0.000000000000000000e+00 -2.361862899999999854e+01 2.103299999999999961e-02 3.557599482999999964e+03
2.852500000000000000e+04 1.600000000000000000e+02 -5.203200000000000000e+04 -2.307334608737377124e+01 6.997490119112773077e-02 2.435823849165022370e+00 1.323666664987635522e-02 -5.980859473444708030e+00 1.188955227466363673e-02 1.000000000000000000e+00 9.082466000000000150e+00 1.448600000000000061e-02 3.572345326000000114e+03
2.852500000000000000e+04 1.600000000000000000e+02 -5.203200000000000000e+04 1.092515981925375357e+01 7.974421077953110226e-02 2.454769927959066678e+00 1.315728072877481343e-02 -5.936951678368713736e+00 1.653070887693338861e-02 0.000000000000000000e+00 -2.362479300000000038e+01 2.526099999999999873e-02 3.582686917999999878e+03
3.252500000000000000e+04 1.600000000000000000e+02 -5.203200000000000000e+04 -2.312517704521518525e+01 7.158626716512611621e-02 2.393866892855752049e+00 1.104908053606338050e-02 -5.736666441840400310e+00 1.424702627465716104e-02 1.000000000000000000e+00 9.091495999999999356e+00 8.900999999999999190e-03 3.597432761000000028e+03
3.252500000000000000e+04 1.600000000000000000e+02 -5.203200000000000000e+04 1.088075569108231200e+01 7.050283136688255403e-02 2.381120029994822751e+00 1.259177294885345348e-02 -5.763555102491118021e+00 1.368990420921360578e-02 0.000000000000000000e+00 -2.362887600000000177e+01 2.727900000000000116e-02 3.607780353000000105e+03
