2.525000000000000000e+03 4.160000000000000000e+03 3.376785699039999006e-02 -1.783537050032507620e-03 7.949327188428452484e-03
2.525000000000000000e+03 4.160000000000000000e+03 3.376785699039999006e-02 -1.783537050032507620e-03 7.949327188428452484e-03
4.525000000000000000e+03 4.160000000000000000e+03 3.703935275588064735e-02 -6.945639886213632840e-03 6.588199537290925605e-03
4.525000000000000000e+03 4.160000000000000000e+03 3.703935275588064735e-02 -6.945639886213632840e-03 6.588199537290925605e-03
8.525000000000000000e+03 4.160000000000000000e+03 3.949904450518664650e-02 -6.552506704663142549e-03 1.116500589725298066e-02
8.525000000000000000e+03 4.160000000000000000e+03 3.949904450518664650e-02 -6.552506704663142549e-03 1.116500589725298066e-02
1.252500000000000000e+04 4.160000000000000000e+03 3.364832816599222509e-02 -3.523099317143963023e-03 1.374138306286771388e-02
1.252500000000000000e+04 4.160000000000000000e+03 3.364832816599222509e-02 -3.523099317143963023e-03 1.374138306286771388e-02
1.652500000000000000e+04 4.160000000000000000e+03 2.615440914119648852e-02 -6.376203123161777861e-04 1.842051386030498644e-02
1.652500000000000000e+04 4.160000000000000000e+03 2.615440914119648852e-02 -6.376203123161777861e-04 1.842051386030498644e-02
2.052500000000000000e+04 4.160000000000000000e+03 2.494088723849778588e-02 1.365915457207046192e-03 1.965895386996036748e-02
2.052500000000000000e+04 4.160000000000000000e+03 2.494088723849778588e-02 1.365915457207046192e-03 1.965895386996036748e-02
2.452500000000000000e+04 4.160000000000000000e+03 2.446857968739762218e-02 3.386895062282270497e-03 1.963689473919188674e-02
2.452500000000000000e+04 4.160000000000000000e+03 2.446857968739762218e-02 3.386895062282270497e-03 1.963689473919188674e-02
2.852500000000000000e+04 4.160000000000000000e+03 2.739922442722736440e-02 5.454423934269569604e-03 1.679586185325944447e-02
2.852500000000000000e+04 4.160000000000000000e+03 2.739922442722736440e-02 5.454423934269569604e-03 1.679586185325944447e-02
3.252500000000000000e+04 4.160000000000000000e+03 2.456865713713351357e-02 1.063924348568874231e-02 1.078480338176735984e-02
3.252500000000000000e+04 4.160000000000000000e+03 2.456865713713351357e-02 1.063924348568874231e-02 1.078480338176735984e-02
3.252500000000000000e+04 4.160000000000000000e+03 2.456865713713351357e-02 1.063924348568874231e-02 1.078480338176735984e-02
3.252500000000000000e+04 4.160000000000000000e+03 2.456865713713351357e-02 1.063924348568874231e-02 1.078480338176735984e-02
2.852500000000000000e+04 4.160000000000000000e+03 2.739922442722736440e-02 5.454423934269569604e-03 1.679586185325944447e-02
2.852500000000000000e+04 4.160000000000000000e+03 2.739922442722736440e-02 5.454423934269569604e-03 1.679586185325944447e-02
2.452500000000000000e+04 4.160000000000000000e+03 2.446857968739762218e-02 3.386895062282270497e-03 1.963689473919188674e-02
2.452500000000000000e+04 4.160000000000000000e+03 2.446857968739762218e-02 3.386895062282270497e-03 1.963689473919188674e-02
2.052500000000000000e+04 4.160000000000000000e+03 2.494088723849778588e-02 1.365915457207046192e-03 1.965895386996036748e-02
2.052500000000000000e+04 4.160000000000000000e+03 2.494088723849778588e-02 1.365915457207046192e-03 1.965895386996036748e-02
1.652500000000000000e+04 4.160000000000000000e+03 2.615440914119648852e-02 -6.376203123161777861e-04 1.842051386030498644e-02
1.652500000000000000e+04 4.160000000000000000e+03 2.615440914119648852e-02 -6.376203123161777861e-04 1.842051386030498644e-02
1.252500000000000000e+04 4.160000000000000000e+03 3.364832816599222509e-02 -3.523099317143963023e-03 1.374138306286771388e-02
1.252500000000000000e+04 4.160000000000000000e+03 3.364832816599222509e-02 -3.523099317143963023e-03 1.374138306286771388e-02
8.525000000000000000e+03 4.160000000000000000e+03 3.949904450518664650e-02 -6.552506704663142549e-03 1.116500589725298066e-02
8.525000000000000000e+03 4.160000000000000000e+03 3.949904450518664650e-02 -6.552506704663142549e-03 1.116500589725298066e-02
4.525000000000000000e+03 4.160000000000000000e+03 3.703935275588064735e-02 -6.945639886213632840e-03 6.588199537290925605e-03
4.525000000000000000e+03 4.160000000000000000e+03 3.703935275588064735e-02 -6.945639886213632840e-03 6.588199537290925605e-03
2.525000000000000000e+03 4.160000000000000000e+03 3.376785699039999006e-02 -1.783537050032507620e-03 7.949327188428452484e-03
2.525000000000000000e+03 4.160000000000000000e+03 3.376785699039999006e-02 -1.783537050032507620e-03 7.949327188428452484e-03
2.525000000000000000e+03 4.160000000000000000e+03 3.376785699039999006e-02 -1.783537050032507620e-03 7.949327188428452484e-03
2.525000000000000000e+03 4.160000000000000000e+03 3.376785699039999006e-02 -1.783537050032507620e-03 7.949327188428452484e-03
4.525000000000000000e+03 4.160000000000000000e+03 3.703935275588064735e-02 -6.945639886213632840e-03 6.588199537290925605e-03
4.525000000000000000e+03 4.160000000000000000e+03 3.703935275588064735e-02 -6.945639886213632840e-03 6.588199537290925605e-03
8.525000000000000000e+03 4.160000000000000000e+03 3.949904450518664650e-02 -6.552506704663142549e-03 1.116500589725298066e-02
8.525000000000000000e+03 4.160000000000000000e+03 3.949904450518664650e-02 -6.552506704663142549e-03 1.116500589725298066e-02
1.252500000000000000e+04 4.160000000000000000e+03 3.364832816599222509e-02 -3.523099317143963023e-03 1.374138306286771388e-02
1.252500000000000000e+04 4.160000000000000000e+03 3.364832816599222509e-02 -3.523099317143963023e-03 1.374138306286771388e-02
1.652500000000000000e+04 4.160000000000000000e+03 2.615440914119648852e-02 -6.376203123161777861e-04 1.842051386030498644e-02
1.652500000000000000e+04 4.160000000000000000e+03 2.615440914119648852e-02 -6.376203123161777861e-04 1.842051386030498644e-02
2.052500000000000000e+04 4.160000000000000000e+03 2.494088723849778588e-02 1.365915457207046192e-03 1.965895386996036748e-02
2.052500000000000000e+04 4.160000000000000000e+03 2.494088723849778588e-02 1.365915457207046192e-03 1.965895386996036748e-02
2.452500000000000000e+04 4.160000000000000000e+03 2.446857968739762218e-02 3.386895062282270497e-03 1.963689473919188674e-02
2.452500000000000000e+04 4.160000000000000000e+03 2.446857968739762218e-02 3.386895062282270497e-03 1.963689473919188674e-02
2.852500000000000000e+04 4.160000000000000000e+03 2.739922442722736440e-02 5.454423934269569604e-03 1.679586185325944447e-02
2.852500000000000000e+04 4.160000000000000000e+03 2.739922442722736440e-02 5.454423934269569604e-03 1.679586185325944447e-02
3.252500000000000000e+04 4.160000000000000000e+03 2.456865713713351357e-02 1.063924348568874231e-02 1.078480338176735984e-02
3.252500000000000000e+04 4.160000000000000000e+03 2.456865713713351357e-02 1.063924348568874231e-02 1.078480338176735984e-02
2.525000000000000000e+03 8.160000000000000000e+03 2.864375986144435116e-02 2.086957611436099369e-02 1.062196750965975489e-02
2.525000000000000000e+03 8.160000000000000000e+03 2.864375986144435116e-02 2.086957611436099369e-02 1.062196750965975489e-02
4.525000000000000000e+03 8.160000000000000000e+03 2.299294452930437244e-02 1.780615682124377097e-02 9.383214855416464190e-03
4.525000000000000000e+03 8.160000000000000000e+03 2.299294452930437244e-02 1.780615682124377097e-02 9.383214855416464190e-03
8.525000000000000000e+03 8.160000000000000000e+03 2.530391479146447756e-02 1.833323102566047913e-02 1.347095609125975070e-02
8.525000000000000000e+03 8.160000000000000000e+03 2.530391479146447756e-02 1.833323102566047913e-02 1.347095609125975070e-02
1.252500000000000000e+04 8.160000000000000000e+03 2.512343562266191807e-02 1.699580613585958619e-02 1.603529632176667330e-02
1.252500000000000000e+04 8.160000000000000000e+03 2.512343562266191807e-02 1.699580613585958619e-02 1.603529632176667330e-02
1.652500000000000000e+04 8.160000000000000000e+03 2.379188283514543922e-02 1.584009218432576652e-02 2.031394224381722485e-02
1.652500000000000000e+04 8.160000000000000000e+03 2.379188283514543922e-02 1.584009218432576652e-02 2.031394224381722485e-02
2.052500000000000000e+04 8.160000000000000000e+03 2.500827496411221415e-02 1.540545422169646572e-02 2.094626501382673006e-02
2.052500000000000000e+04 8.160000000000000000e+03 2.500827496411221415e-02 1.540545422169646572e-02 2.094626501382673006e-02
2.452500000000000000e+04 8.160000000000000000e+03 2.598428506456437748e-02 1.535830762197950769e-02 2.142647405876870609e-02
2.452500000000000000e+04 8.160000000000000000e+03 2.598428506456437748e-02 1.535830762197950769e-02 2.142647405876870609e-02
2.852500000000000000e+04 8.160000000000000000e+03 3.029417549526399953e-02 7.186829814392510507e-03 1.959110891371107152e-02
2.852500000000000000e+04 8.160000000000000000e+03 3.029417549526399953e-02 7.186829814392510507e-03 1.959110891371107152e-02
3.252500000000000000e+04 8.160000000000000000e+03 2.959908177724928507e-02 1.511243678285498562e-02 1.534208567148954809e-02
3.252500000000000000e+04 8.160000000000000000e+03 2.959908177724928507e-02 1.511243678285498562e-02 1.534208567148954809e-02
3.252500000000000000e+04 8.160000000000000000e+03 2.959908177724928507e-02 1.511243678285498562e-02 1.534208567148954809e-02
3.252500000000000000e+04 8.160000000000000000e+03 2.959908177724928507e-02 1.511243678285498562e-02 1.534208567148954809e-02
2.852500000000000000e+04 8.160000000000000000e+03 3.029417549526399953e-02 7.186829814392510507e-03 1.959110891371107152e-02
2.852500000000000000e+04 8.160000000000000000e+03 3.029417549526399953e-02 7.186829814392510507e-03 1.959110891371107152e-02
2.452500000000000000e+04 8.160000000000000000e+03 2.598428506456437748e-02 1.535830762197950769e-02 2.142647405876870609e-02
2.452500000000000000e+04 8.160000000000000000e+03 2.598428506456437748e-02 1.535830762197950769e-02 2.142647405876870609e-02
2.052500000000000000e+04 8.160000000000000000e+03 2.500827496411221415e-02 1.540545422169646572e-02 2.094626501382673006e-02
2.052500000000000000e+04 8.160000000000000000e+03 2.500827496411221415e-02 1.540545422169646572e-02 2.094626501382673006e-02
1.652500000000000000e+04 8.160000000000000000e+03 2.379188283514543922e-02 1.584009218432576652e-02 2.031394224381722485e-02
1.652500000000000000e+04 8.160000000000000000e+03 2.379188283514543922e-02 1.584009218432576652e-02 2.031394224381722485e-02
1.252500000000000000e+04 8.160000000000000000e+03 2.512343562266191807e-02 1.699580613585958619e-02 1.603529632176667330e-02
1.252500000000000000e+04 8.160000000000000000e+03 2.512343562266191807e-02 1.699580613585958619e-02 1.603529632176667330e-02
8.525000000000000000e+03 8.160000000000000000e+03 2.530391479146447756e-02 1.833323102566047913e-02 1.347095609125975070e-02
8.525000000000000000e+03 8.160000000000000000e+03 2.530391479146447756e-02 1.833323102566047913e-02 1.347095609125975070e-02
4.525000000000000000e+03 8.160000000000000000e+03 2.299294452930437244e-02 1.780615682124377097e-02 9.383214855416464190e-03
4.525000000000000000e+03 8.160000000000000000e+03 2.299294452930437244e-02 1.780615682124377097e-02 9.383214855416464190e-03
2.525000000000000000e+03 8.160000000000000000e+03 2.864375986144435116e-02 2.086957611436099369e-02 1.062196750965975489e-02
2.525000000000000000e+03 8.160000000000000000e+03 2.864375986144435116e-02 2.086957611436099369e-02 1.062196750965975489e-02
2.525000000000000000e+03 8.160000000000000000e+03 2.864375986144435116e-02 2.086957611436099369e-02 1.062196750965975489e-02
2.525000000000000000e+03 8.160000000000000000e+03 2.864375986144435116e-02 2.086957611436099369e-02 1.062196750965975489e-02
4.525000000000000000e+03 8.160000000000000000e+03 2.299294452930437244e-02 1.780615682124377097e-02 9.383214855416464190e-03
4.525000000000000000e+03 8.160000000000000000e+03 2.299294452930437244e-02 1.780615682124377097e-02 9.383214855416464190e-03
8.525000000000000000e+03 8.160000000000000000e+03 2.530391479146447756e-02 1.833323102566047913e-02 1.347095609125975070e-02
8.525000000000000000e+03 8.160000000000000000e+03 2.530391479146447756e-02 1.833323102566047913e-02 1.347095609125975070e-02
1.252500000000000000e+04 8.160000000000000000e+03 2.512343562266191807e-02 1.699580613585958619e-02 1.603529632176667330e-02
1.252500000000000000e+04 8.160000000000000000e+03 2.512343562266191807e-02 1.699580613585958619e-02 1.603529632176667330e-02
1.652500000000000000e+04 8.160000000000000000e+03 2.379188283514543922e-02 1.584009218432576652e-02 2.031394224381722485e-02
1.652500000000000000e+04 8.160000000000000000e+03 2.379188283514543922e-02 1.584009218432576652e-02 2.031394224381722485e-02
2.052500000000000000e+04 8.160000000000000000e+03 2.500827496411221415e-02 1.540545422169646572e-02 2.094626501382673006e-02
2.052500000000000000e+04 8.160000000000000000e+03 2.500827496411221415e-02 1.540545422169646572e-02 2.094626501382673006e-02
2.452500000000000000e+04 8.160000000000000000e+03 2.598428506456437748e-02 1.535830762197950769e-02 2.142647405876870609e-02
2.452500000000000000e+04 8.160000000000000000e+03 2.598428506456437748e-02 1.535830762197950769e-02 2.142647405876870609e-02
2.852500000000000000e+04 8.160000000000000000e+03 3.029417549526399953e-02 7.186829814392510507e-03 1.959110891371107152e-02
2.852500000000000000e+04 8.160000000000000000e+03 3.029417549526399953e-02 7.186829814392510507e-03 1.959110891371107152e-02
3.252500000000000000e+04 8.160000000000000000e+03 2.959908177724928507e-02 1.511243678285498562e-02 1.534208567148954809e-02
3.252500000000000000e+04 8.160000000000000000e+03 2.959908177724928507e-02 1.511243678285498562e-02 1.534208567148954809e-02
2.525000000000000000e+03 -3.840000000000000000e+03 6.089034173597958604e-04 -4.614814813569646616e-03 1.010591669789331626e-01
2.525000000000000000e+03 -3.840000000000000000e+03 6.089034173597958604e-04 -4.614814813569646616e-03 1.010591669789331626e-01
4.525000000000000000e+03 -3.840000000000000000e+03 2.137740137576232824e-02 -8.800542894971893210e-03 9.973341728078641277e-02
4.525000000000000000e+03 -3.840000000000000000e+03 2.137740137576232824e-02 -8.800542894971893210e-03 9.973341728078641277e-02
8.525000000000000000e+03 -3.840000000000000000e+03 2.736532892657127930e-02 -5.529372530374824200e-03 1.027542849592333191e-01
8.525000000000000000e+03 -3.840000000000000000e+03 2.736532892657127930e-02 -5.529372530374824200e-03 1.027542849592333191e-01
1.252500000000000000e+04 -3.840000000000000000e+03 7.753245441857723234e-05 -6.713066687963361798e-03 1.058801505820050060e-01
1.252500000000000000e+04 -3.840000000000000000e+03 7.753245441857723234e-05 -6.713066687963361798e-03 1.058801505820050060e-01
1.652500000000000000e+04 -3.840000000000000000e+03 6.767998651856058090e-02 2.685980409582875133e-03 1.105529395080031563e-01
1.652500000000000000e+04 -3.840000000000000000e+03 6.767998651856058090e-02 2.685980409582875133e-03 1.105529395080031563e-01
2.052500000000000000e+04 -3.840000000000000000e+03 4.524400379629374414e-02 3.621021063387289650e-03 1.126238416046863172e-01
2.052500000000000000e+04 -3.840000000000000000e+03 4.524400379629374414e-02 3.621021063387289650e-03 1.126238416046863172e-01
2.452500000000000000e+04 -3.840000000000000000e+03 1.135364489913302452e-02 6.183317622176763041e-04 1.113073688827085073e-01
2.452500000000000000e+04 -3.840000000000000000e+03 1.135364489913302452e-02 6.183317622176763041e-04 1.113073688827085073e-01
2.852500000000000000e+04 -3.840000000000000000e+03 -1.215849545499190002e-04 1.533860056450464266e-03 1.082972751255746324e-01
2.852500000000000000e+04 -3.840000000000000000e+03 -1.215849545499190002e-04 1.533860056450464266e-03 1.082972751255746324e-01
3.252500000000000000e+04 -3.840000000000000000e+03 -7.234027464033251920e-02 -4.796225209931778222e-04 1.023809928448388973e-01
3.252500000000000000e+04 -3.840000000000000000e+03 -7.234027464033251920e-02 -4.796225209931778222e-04 1.023809928448388973e-01
3.252500000000000000e+04 -3.840000000000000000e+03 -7.234027464033251920e-02 -4.796225209931778222e-04 1.023809928448388973e-01
3.252500000000000000e+04 -3.840000000000000000e+03 -7.234027464033251920e-02 -4.796225209931778222e-04 1.023809928448388973e-01
2.852500000000000000e+04 -3.840000000000000000e+03 -1.215849545499190002e-04 1.533860056450464266e-03 1.082972751255746324e-01
2.852500000000000000e+04 -3.840000000000000000e+03 -1.215849545499190002e-04 1.533860056450464266e-03 1.082972751255746324e-01
2.452500000000000000e+04 -3.840000000000000000e+03 1.135364489913302452e-02 6.183317622176763041e-04 1.113073688827085073e-01
2.452500000000000000e+04 -3.840000000000000000e+03 1.135364489913302452e-02 6.183317622176763041e-04 1.113073688827085073e-01
2.052500000000000000e+04 -3.840000000000000000e+03 4.524400379629374414e-02 3.621021063387289650e-03 1.126238416046863172e-01
2.052500000000000000e+04 -3.840000000000000000e+03 4.524400379629374414e-02 3.621021063387289650e-03 1.126238416046863172e-01
1.652500000000000000e+04 -3.840000000000000000e+03 6.767998651856058090e-02 2.685980409582875133e-03 1.105529395080031563e-01
1.652500000000000000e+04 -3.840000000000000000e+03 6.767998651856058090e-02 2.685980409582875133e-03 1.105529395080031563e-01
1.252500000000000000e+04 -3.840000000000000000e+03 7.753245441857723234e-05 -6.713066687963361798e-03 1.058801505820050060e-01
1.252500000000000000e+04 -3.840000000000000000e+03 7.753245441857723234e-05 -6.713066687963361798e-03 1.058801505820050060e-01
8.525000000000000000e+03 -3.840000000000000000e+03 2.736532892657127930e-02 -5.529372530374824200e-03 1.027542849592333191e-01
8.525000000000000000e+03 -3.840000000000000000e+03 2.736532892657127930e-02 -5.529372530374824200e-03 1.027542849592333191e-01
4.525000000000000000e+03 -3.840000000000000000e+03 2.137740137576232824e-02 -8.800542894971893210e-03 9.973341728078641277e-02
4.525000000000000000e+03 -3.840000000000000000e+03 2.137740137576232824e-02 -8.800542894971893210e-03 9.973341728078641277e-02
2.525000000000000000e+03 -3.840000000000000000e+03 6.089034173597958604e-04 -4.614814813569646616e-03 1.010591669789331626e-01
2.525000000000000000e+03 -3.840000000000000000e+03 6.089034173597958604e-04 -4.614814813569646616e-03 1.010591669789331626e-01
2.525000000000000000e+03 -3.840000000000000000e+03 6.089034173597958604e-04 -4.614814813569646616e-03 1.010591669789331626e-01
2.525000000000000000e+03 -3.840000000000000000e+03 6.089034173597958604e-04 -4.614814813569646616e-03 1.010591669789331626e-01
4.525000000000000000e+03 -3.840000000000000000e+03 2.137740137576232824e-02 -8.800542894971893210e-03 9.973341728078641277e-02
4.525000000000000000e+03 -3.840000000000000000e+03 2.137740137576232824e-02 -8.800542894971893210e-03 9.973341728078641277e-02
8.525000000000000000e+03 -3.840000000000000000e+03 2.736532892657127930e-02 -5.529372530374824200e-03 1.027542849592333191e-01
8.525000000000000000e+03 -3.840000000000000000e+03 2.736532892657127930e-02 -5.529372530374824200e-03 1.027542849592333191e-01
1.252500000000000000e+04 -3.840000000000000000e+03 7.753245441857723234e-05 -6.713066687963361798e-03 1.058801505820050060e-01
1.252500000000000000e+04 -3.840000000000000000e+03 7.753245441857723234e-05 -6.713066687963361798e-03 1.058801505820050060e-01
1.652500000000000000e+04 -3.840000000000000000e+03 6.767998651856058090e-02 2.685980409582875133e-03 1.105529395080031563e-01
1.652500000000000000e+04 -3.840000000000000000e+03 6.767998651856058090e-02 2.685980409582875133e-03 1.105529395080031563e-01
2.052500000000000000e+04 -3.840000000000000000e+03 4.524400379629374414e-02 3.621021063387289650e-03 1.126238416046863172e-01
2.052500000000000000e+04 -3.840000000000000000e+03 4.524400379629374414e-02 3.621021063387289650e-03 1.126238416046863172e-01
2.452500000000000000e+04 -3.840000000000000000e+03 1.135364489913302452e-02 6.183317622176763041e-04 1.113073688827085073e-01
2.452500000000000000e+04 -3.840000000000000000e+03 1.135364489913302452e-02 6.183317622176763041e-04 1.113073688827085073e-01
2.852500000000000000e+04 -3.840000000000000000e+03 -1.215849545499190002e-04 1.533860056450464266e-03 1.082972751255746324e-01
2.852500000000000000e+04 -3.840000000000000000e+03 -1.215849545499190002e-04 1.533860056450464266e-03 1.082972751255746324e-01
3.252500000000000000e+04 -3.840000000000000000e+03 -7.234027464033251920e-02 -4.796225209931778222e-04 1.023809928448388973e-01
3.252500000000000000e+04 -3.840000000000000000e+03 -7.234027464033251920e-02 -4.796225209931778222e-04 1.023809928448388973e-01
2.525000000000000000e+03 1.600000000000000000e+02 3.292618985210798987e-02 -3.138959896907268787e-02 6.863224594970715464e-02
2.525000000000000000e+03 1.600000000000000000e+02 3.292618985210798987e-02 -3.138959896907268787e-02 6.863224594970715464e-02
4.525000000000000000e+03 1.600000000000000000e+02 2.851868490456639649e-02 -2.594887129267291204e-02 6.947586829614738058e-02
4.525000000000000000e+03 1.600000000000000000e+02 2.851868490456639649e-02 -2.594887129267291204e-02 6.947586829614738058e-02
8.525000000000000000e+03 1.600000000000000000e+02 2.964938274562994164e-02 -3.117385457825771339e-02 7.375901223367420378e-02
8.525000000000000000e+03 1.600000000000000000e+02 2.964938274562994164e-02 -3.117385457825771339e-02 7.375901223367420378e-02
1.252500000000000000e+04 1.600000000000000000e+02 2.855109165639246188e-02 -2.961369173500618540e-02 7.609521991314732725e-02
1.252500000000000000e+04 1.600000000000000000e+02 2.855109165639246188e-02 -2.961369173500618540e-02 7.609521991314732725e-02
1.652500000000000000e+04 1.600000000000000000e+02 3.150115187116972471e-02 -3.565851538782283114e-02 8.182684105113718909e-02
1.652500000000000000e+04 1.600000000000000000e+02 3.150115187116972471e-02 -3.565851538782283114e-02 8.182684105113718909e-02
2.052500000000000000e+04 1.600000000000000000e+02 3.179368581383834602e-02 -3.741544640679667771e-02 8.374846189928844553e-02
2.052500000000000000e+04 1.600000000000000000e+02 3.179368581383834602e-02 -3.741544640679667771e-02 8.374846189928844553e-02
2.452500000000000000e+04 1.600000000000000000e+02 3.226231453722637477e-02 -3.502809037904074108e-02 8.086633624246961083e-02
2.452500000000000000e+04 1.600000000000000000e+02 3.226231453722637477e-02 -3.502809037904074108e-02 8.086633624246961083e-02
2.852500000000000000e+04 1.600000000000000000e+02 3.381284437603119392e-02 -3.798426185368149188e-02 7.833615719954614698e-02
2.852500000000000000e+04 1.600000000000000000e+02 3.381284437603119392e-02 -3.798426185368149188e-02 7.833615719954614698e-02
3.252500000000000000e+04 1.600000000000000000e+02 3.646025219478904456e-02 -3.765626815594011467e-02 7.367923480500648825e-02
3.252500000000000000e+04 1.600000000000000000e+02 3.646025219478904456e-02 -3.765626815594011467e-02 7.367923480500648825e-02
3.252500000000000000e+04 1.600000000000000000e+02 3.646025219478904456e-02 -3.765626815594011467e-02 7.367923480500648825e-02
3.252500000000000000e+04 1.600000000000000000e+02 3.646025219478904456e-02 -3.765626815594011467e-02 7.367923480500648825e-02
2.852500000000000000e+04 1.600000000000000000e+02 3.381284437603119392e-02 -3.798426185368149188e-02 7.833615719954614698e-02
2.852500000000000000e+04 1.600000000000000000e+02 3.381284437603119392e-02 -3.798426185368149188e-02 7.833615719954614698e-02
2.452500000000000000e+04 1.600000000000000000e+02 3.226231453722637477e-02 -3.502809037904074108e-02 8.086633624246961083e-02
2.452500000000000000e+04 1.600000000000000000e+02 3.226231453722637477e-02 -3.502809037904074108e-02 8.086633624246961083e-02
2.052500000000000000e+04 1.600000000000000000e+02 3.179368581383834602e-02 -3.741544640679667771e-02 8.374846189928844553e-02
2.052500000000000000e+04 1.600000000000000000e+02 3.179368581383834602e-02 -3.741544640679667771e-02 8.374846189928844553e-02
1.652500000000000000e+04 1.600000000000000000e+02 3.150115187116972471e-02 -3.565851538782283114e-02 8.182684105113718909e-02
1.652500000000000000e+04 1.600000000000000000e+02 3.150115187116972471e-02 -3.565851538782283114e-02 8.182684105113718909e-02
1.252500000000000000e+04 1.600000000000000000e+02 2.855109165639246188e-02 -2.961369173500618540e-02 7.609521991314732725e-02
1.252500000000000000e+04 1.600000000000000000e+02 2.855109165639246188e-02 -2.961369173500618540e-02 7.609521991314732725e-02
8.525000000000000000e+03 1.600000000000000000e+02 2.964938274562994164e-02 -3.117385457825771339e-02 7.375901223367420378e-02
8.525000000000000000e+03 1.600000000000000000e+02 2.964938274562994164e-02 -3.117385457825771339e-02 7.375901223367420378e-02
4.525000000000000000e+03 1.600000000000000000e+02 2.851868490456639649e-02 -2.594887129267291204e-02 6.947586829614738058e-02
4.525000000000000000e+03 1.600000000000000000e+02 2.851868490456639649e-02 -2.594887129267291204e-02 6.947586829614738058e-02
2.525000000000000000e+03 1.600000000000000000e+02 3.292618985210798987e-02 -3.138959896907268787e-02 6.863224594970715464e-02
2.525000000000000000e+03 1.600000000000000000e+02 3.292618985210798987e-02 -3.138959896907268787e-02 6.863224594970715464e-02
2.525000000000000000e+03 1.600000000000000000e+02 3.292618985210798987e-02 -3.138959896907268787e-02 6.863224594970715464e-02
2.525000000000000000e+03 1.600000000000000000e+02 3.292618985210798987e-02 -3.138959896907268787e-02 6.863224594970715464e-02
4.525000000000000000e+03 1.600000000000000000e+02 2.851868490456639649e-02 -2.594887129267291204e-02 6.947586829614738058e-02
4.525000000000000000e+03 1.600000000000000000e+02 2.851868490456639649e-02 -2.594887129267291204e-02 6.947586829614738058e-02
8.525000000000000000e+03 1.600000000000000000e+02 2.964938274562994164e-02 -3.117385457825771339e-02 7.375901223367420378e-02
8.525000000000000000e+03 1.600000000000000000e+02 2.964938274562994164e-02 -3.117385457825771339e-02 7.375901223367420378e-02
1.252500000000000000e+04 1.600000000000000000e+02 2.855109165639246188e-02 -2.961369173500618540e-02 7.609521991314732725e-02
1.252500000000000000e+04 1.600000000000000000e+02 2.855109165639246188e-02 -2.961369173500618540e-02 7.609521991314732725e-02
1.652500000000000000e+04 1.600000000000000000e+02 3.150115187116972471e-02 -3.565851538782283114e-02 8.182684105113718909e-02
1.652500000000000000e+04 1.600000000000000000e+02 3.150115187116972471e-02 -3.565851538782283114e-02 8.182684105113718909e-02
2.052500000000000000e+04 1.600000000000000000e+02 3.179368581383834602e-02 -3.741544640679667771e-02 8.374846189928844553e-02
2.052500000000000000e+04 1.600000000000000000e+02 3.179368581383834602e-02 -3.741544640679667771e-02 8.374846189928844553e-02
2.452500000000000000e+04 1.600000000000000000e+02 3.226231453722637477e-02 -3.502809037904074108e-02 8.086633624246961083e-02
2.452500000000000000e+04 1.600000000000000000e+02 3.226231453722637477e-02 -3.502809037904074108e-02 8.086633624246961083e-02
2.852500000000000000e+04 1.600000000000000000e+02 3.381284437603119392e-02 -3.798426185368149188e-02 7.833615719954614698e-02
2.852500000000000000e+04 1.600000000000000000e+02 3.381284437603119392e-02 -3.798426185368149188e-02 7.833615719954614698e-02
3.252500000000000000e+04 1.600000000000000000e+02 3.646025219478904456e-02 -3.765626815594011467e-02 7.367923480500648825e-02
3.252500000000000000e+04 1.600000000000000000e+02 3.646025219478904456e-02 -3.765626815594011467e-02 7.367923480500648825e-02
