4.525000000000000000e+03 4.160000000000000000e+03 5.477775323831639287e-02 -9.780539888769368417e-03 7.438977118276052410e-03
4.525000000000000000e+03 4.160000000000000000e+03 5.477775323831639287e-02 -9.780539888769368417e-03 7.438977118276052410e-03
4.525000000000000000e+03 4.160000000000000000e+03 5.477775323831639287e-02 -9.780539888769368417e-03 7.438977118276052410e-03
4.525000000000000000e+03 4.160000000000000000e+03 5.477775323831639287e-02 -9.780539888769368417e-03 7.438977118276052410e-03
4.525000000000000000e+03 4.160000000000000000e+03 5.477775323831639287e-02 -9.780539888769368417e-03 7.438977118276052410e-03
4.525000000000000000e+03 4.160000000000000000e+03 5.477775323831639287e-02 -9.780539888769368417e-03 7.438977118276052410e-03
4.525000000000000000e+03 4.160000000000000000e+03 5.477775323831639287e-02 -9.780539888769368417e-03 7.438977118276052410e-03
4.525000000000000000e+03 4.160000000000000000e+03 5.477775323831639287e-02 -9.780539888769368417e-03 7.438977118276052410e-03
4.525000000000000000e+03 4.160000000000000000e+03 5.477775323831639287e-02 -9.780539888769368417e-03 7.438977118276052410e-03
4.525000000000000000e+03 4.160000000000000000e+03 5.477775323831639287e-02 -9.780539888769368417e-03 7.438977118276052410e-03
4.525000000000000000e+03 4.160000000000000000e+03 5.477775323831639287e-02 -9.780539888769368417e-03 7.438977118276052410e-03
4.525000000000000000e+03 4.160000000000000000e+03 5.477775323831639287e-02 -9.780539888769368417e-03 7.438977118276052410e-03
4.525000000000000000e+03 4.160000000000000000e+03 5.477775323831639287e-02 -9.780539888769368417e-03 7.438977118276052410e-03
4.525000000000000000e+03 4.160000000000000000e+03 5.477775323831639287e-02 -9.780539888769368417e-03 7.438977118276052410e-03
4.525000000000000000e+03 4.160000000000000000e+03 5.477775323831639287e-02 -9.780539888769368417e-03 7.438977118276052410e-03
4.525000000000000000e+03 4.160000000000000000e+03 5.477775323831639287e-02 -9.780539888769368417e-03 7.438977118276052410e-03
4.525000000000000000e+03 4.160000000000000000e+03 5.477775323831639287e-02 -9.780539888769368417e-03 7.438977118276052410e-03
4.525000000000000000e+03 4.160000000000000000e+03 5.477775323831639287e-02 -9.780539888769368417e-03 7.438977118276052410e-03
4.525000000000000000e+03 4.160000000000000000e+03 5.477775323831639287e-02 -9.780539888769368417e-03 7.438977118276052410e-03
4.525000000000000000e+03 4.160000000000000000e+03 5.477775323831639287e-02 -9.780539888769368417e-03 7.438977118276052410e-03
4.525000000000000000e+03 4.160000000000000000e+03 5.477775323831639287e-02 -9.780539888769368417e-03 7.438977118276052410e-03
4.525000000000000000e+03 4.160000000000000000e+03 5.477775323831639287e-02 -9.780539888769368417e-03 7.438977118276052410e-03
4.525000000000000000e+03 4.160000000000000000e+03 5.477775323831639287e-02 -9.780539888769368417e-03 7.438977118276052410e-03
4.525000000000000000e+03 4.160000000000000000e+03 5.477775323831639287e-02 -9.780539888769368417e-03 7.438977118276052410e-03
4.525000000000000000e+03 4.160000000000000000e+03 5.477775323831639287e-02 -9.780539888769368417e-03 7.438977118276052410e-03
4.525000000000000000e+03 4.160000000000000000e+03 5.477775323831639287e-02 -9.780539888769368417e-03 7.438977118276052410e-03
4.525000000000000000e+03 4.160000000000000000e+03 5.477775323831639287e-02 -9.780539888769368417e-03 7.438977118276052410e-03
4.525000000000000000e+03 4.160000000000000000e+03 5.477775323831639287e-02 -9.780539888769368417e-03 7.438977118276052410e-03
4.525000000000000000e+03 4.160000000000000000e+03 5.477775323831639287e-02 -9.780539888769368417e-03 7.438977118276052410e-03
4.525000000000000000e+03 4.160000000000000000e+03 5.477775323831639287e-02 -9.780539888769368417e-03 7.438977118276052410e-03
4.525000000000000000e+03 4.160000000000000000e+03 5.477775323831639287e-02 -9.780539888769368417e-03 7.438977118276052410e-03
4.525000000000000000e+03 4.160000000000000000e+03 5.477775323831639287e-02 -9.780539888769368417e-03 7.438977118276052410e-03
4.525000000000000000e+03 4.160000000000000000e+03 5.477775323831639287e-02 -9.780539888769368417e-03 7.438977118276052410e-03
4.525000000000000000e+03 4.160000000000000000e+03 5.477775323831639287e-02 -9.780539888769368417e-03 7.438977118276052410e-03
4.525000000000000000e+03 4.160000000000000000e+03 5.477775323831639287e-02 -9.780539888769368417e-03 7.438977118276052410e-03
4.525000000000000000e+03 4.160000000000000000e+03 5.477775323831639287e-02 -9.780539888769368417e-03 7.438977118276052410e-03
4.525000000000000000e+03 4.160000000000000000e+03 5.477775323831639287e-02 -9.780539888769368417e-03 7.438977118276052410e-03
4.525000000000000000e+03 4.160000000000000000e+03 5.477775323831639287e-02 -9.780539888769368417e-03 7.438977118276052410e-03
4.525000000000000000e+03 4.160000000000000000e+03 5.477775323831639287e-02 -9.780539888769368417e-03 7.438977118276052410e-03
4.525000000000000000e+03 4.160000000000000000e+03 5.477775323831639287e-02 -9.780539888769368417e-03 7.438977118276052410e-03
4.525000000000000000e+03 4.160000000000000000e+03 5.477775323831639287e-02 -9.780539888769368417e-03 7.438977118276052410e-03
4.525000000000000000e+03 4.160000000000000000e+03 5.477775323831639287e-02 -9.780539888769368417e-03 7.438977118276052410e-03
4.525000000000000000e+03 4.160000000000000000e+03 5.477775323831639287e-02 -9.780539888769368417e-03 7.438977118276052410e-03
4.525000000000000000e+03 4.160000000000000000e+03 5.477775323831639287e-02 -9.780539888769368417e-03 7.438977118276052410e-03
4.525000000000000000e+03 4.160000000000000000e+03 5.477775323831639287e-02 -9.780539888769368417e-03 7.438977118276052410e-03
4.525000000000000000e+03 4.160000000000000000e+03 5.477775323831639287e-02 -9.780539888769368417e-03 7.438977118276052410e-03
4.525000000000000000e+03 4.160000000000000000e+03 5.477775323831639287e-02 -9.780539888769368417e-03 7.438977118276052410e-03
4.525000000000000000e+03 4.160000000000000000e+03 5.477775323831639287e-02 -9.780539888769368417e-03 7.438977118276052410e-03
4.525000000000000000e+03 4.160000000000000000e+03 5.477775323831639287e-02 -9.780539888769368417e-03 7.438977118276052410e-03
4.525000000000000000e+03 4.160000000000000000e+03 5.477775323831639287e-02 -9.780539888769368417e-03 7.438977118276052410e-03
4.525000000000000000e+03 4.160000000000000000e+03 5.477775323831639287e-02 -9.780539888769368417e-03 7.438977118276052410e-03
4.525000000000000000e+03 4.160000000000000000e+03 5.477775323831639287e-02 -9.780539888769368417e-03 7.438977118276052410e-03
4.525000000000000000e+03 4.160000000000000000e+03 5.477775323831639287e-02 -9.780539888769368417e-03 7.438977118276052410e-03
4.525000000000000000e+03 4.160000000000000000e+03 5.477775323831639287e-02 -9.780539888769368417e-03 7.438977118276052410e-03
4.525000000000000000e+03 4.160000000000000000e+03 5.477775323831639287e-02 -9.780539888769368417e-03 7.438977118276052410e-03
4.525000000000000000e+03 4.160000000000000000e+03 5.477775323831639287e-02 -9.780539888769368417e-03 7.438977118276052410e-03
4.525000000000000000e+03 4.160000000000000000e+03 5.477775323831639287e-02 -9.780539888769368417e-03 7.438977118276052410e-03
4.525000000000000000e+03 4.160000000000000000e+03 5.477775323831639287e-02 -9.780539888769368417e-03 7.438977118276052410e-03
4.525000000000000000e+03 4.160000000000000000e+03 5.477775323831639287e-02 -9.780539888769368417e-03 7.438977118276052410e-03
4.525000000000000000e+03 4.160000000000000000e+03 5.477775323831639287e-02 -9.780539888769368417e-03 7.438977118276052410e-03
4.525000000000000000e+03 4.160000000000000000e+03 5.477775323831639287e-02 -9.780539888769368417e-03 7.438977118276052410e-03
4.525000000000000000e+03 4.160000000000000000e+03 5.477775323831639287e-02 -9.780539888769368417e-03 7.438977118276052410e-03
4.525000000000000000e+03 4.160000000000000000e+03 5.477775323831639287e-02 -9.780539888769368417e-03 7.438977118276052410e-03
4.525000000000000000e+03 4.160000000000000000e+03 5.477775323831639287e-02 -9.780539888769368417e-03 7.438977118276052410e-03
4.525000000000000000e+03 4.160000000000000000e+03 5.477775323831639287e-02 -9.780539888769368417e-03 7.438977118276052410e-03
4.525000000000000000e+03 4.160000000000000000e+03 5.477775323831639287e-02 -9.780539888769368417e-03 7.438977118276052410e-03
