0.000000000000000000e+00 4.030000000000000000e+03 -7.000000000000000000e+04 -6.157403779855150638e+00 5.766134010675681015e-02 1.301016867482332806e+00 9.218340595245037503e-03 2.024569066535221395e+01 1.030818353362882890e-02 1.000000000000000000e+00 1.370043599999999984e+01 2.227399999999999866e-02 1.426881599999999928e+01
0.000000000000000000e+00 4.030000000000000000e+03 -7.000000000000000000e+04 -6.206053388366210122e+00 5.049051848926733310e-02 1.032803740833409201e+00 1.293553925740773859e-02 -1.357517984246484311e+01 2.227992281865033911e-02 0.000000000000000000e+00 -1.991450299999999984e+01 4.358999999999999680e-02 2.473741499999999860e+01
0.000000000000000000e+00 4.030000000000000000e+03 -6.650000000000000000e+04 -6.185484757476899631e+00 5.652241243616870636e-02 9.719054904857158395e-01 1.234952368306859241e-02 2.006973559244666561e+01 1.159269542414396656e-02 1.000000000000000000e+00 1.365460500000000010e+01 1.823999999999999927e-02 3.758314899999999881e+01
0.000000000000000000e+00 4.030000000000000000e+03 -6.650000000000000000e+04 -6.152826298030693586e+00 6.661694632519724046e-02 1.006137715234592500e+00 6.745463834853988178e-03 -1.374710363369856836e+01 2.114190372124678460e-02 0.000000000000000000e+00 -1.988826699999999903e+01 5.735400000000000220e-02 4.792574100000000215e+01
0.000000000000000000e+00 4.030000000000000000e+03 -6.300000000000000000e+04 -6.223237396350251416e+00 3.420604631696305686e-02 8.288225894525381721e-01 7.064184726906750332e-03 1.986248228917014913e+01 7.877433306979859592e-03 1.000000000000000000e+00 1.366517400000000038e+01 1.593400000000000025e-02 6.076747600000000205e+01
0.000000000000000000e+00 4.030000000000000000e+03 -6.300000000000000000e+04 -6.136141402600464367e+00 4.322399213659545297e-02 8.540732966167429163e-01 7.614027897763943689e-03 -1.395477132667438447e+01 2.398052503486124490e-02 0.000000000000000000e+00 -1.988595700000000122e+01 5.362000000000000099e-02 7.111106700000000558e+01
0.000000000000000000e+00 4.030000000000000000e+03 -5.950000000000000000e+04 -6.219554983869694631e+00 3.344531564202760793e-02 6.897992628737470433e-01 1.078160601810689012e-02 1.965546594907283406e+01 1.144987839566277005e-02 1.000000000000000000e+00 1.368113899999999994e+01 1.772100000000000064e-02 8.395780200000000093e+01
0.000000000000000000e+00 4.030000000000000000e+03 -5.950000000000000000e+04 -6.127325041313253173e+00 4.928126315050360834e-02 7.326913331393487550e-01 8.427961256150877725e-03 -1.416766749351875632e+01 2.493371358934795209e-02 0.000000000000000000e+00 -1.988974199999999826e+01 4.242499999999999744e-02 9.429839300000000435e+01
0.000000000000000000e+00 4.030000000000000000e+03 -5.600000000000000000e+04 -6.231349568098417002e+00 5.603629098666750019e-02 5.601422830340735404e-01 1.043259188985145268e-02 1.944047330014099728e+01 1.001509799838886695e-02 1.000000000000000000e+00 1.366544299999999978e+01 2.774799999999999836e-02 1.071461280000000045e+02
0.000000000000000000e+00 4.030000000000000000e+03 -5.600000000000000000e+04 -6.152806411409855514e+00 5.385126722107876074e-02 5.831809766456450550e-01 9.458726937671104590e-03 -1.437856058990914221e+01 2.536288227711004997e-02 0.000000000000000000e+00 -1.989119699999999824e+01 4.770499999999999741e-02 1.174967199999999963e+02
0.000000000000000000e+00 4.030000000000000000e+03 -5.250000000000000000e+04 -6.245766613213364238e+00 5.142036097443541953e-02 4.232694240483242387e-01 9.747512015253553472e-03 1.922477682093880702e+01 1.056044505554790472e-02 1.000000000000000000e+00 1.366350599999999993e+01 3.242699999999999749e-02 1.303394549999999867e+02
0.000000000000000000e+00 4.030000000000000000e+03 -5.250000000000000000e+04 -6.146178945285640793e+00 4.707934515533825776e-02 4.399543620525049326e-01 8.669110189012353349e-03 -1.459308129133201426e+01 2.503262224129325364e-02 0.000000000000000000e+00 -1.988251500000000149e+01 5.131100000000000244e-02 1.406840459999999950e+02
0.000000000000000000e+00 4.030000000000000000e+03 -4.900000000000000000e+04 -6.258269978390596400e+00 4.308102649037545001e-02 2.872320892635919498e-01 8.133885050684151741e-03 1.899924459761604112e+01 8.719081632707932975e-03 1.000000000000000000e+00 1.366731000000000051e+01 1.770499999999999852e-02 1.535267809999999997e+02
0.000000000000000000e+00 4.030000000000000000e+03 -4.900000000000000000e+04 -6.178563176146631086e+00 3.023438238444446646e-02 3.102166847717270914e-01 8.232119683375735755e-03 -1.481139785820528232e+01 2.379812463934441805e-02 0.000000000000000000e+00 -1.988769599999999826e+01 4.053799999999999765e-02 1.638713730000000055e+02
0.000000000000000000e+00 4.030000000000000000e+03 -4.550000000000000000e+04 -6.270960548122970657e+00 3.877491871175480637e-02 1.366351444000222792e-01 7.246992156743227616e-03 1.876962372429519377e+01 9.618491855634573456e-03 1.000000000000000000e+00 1.367113999999999940e+01 2.108099999999999904e-02 1.767171069999999986e+02
0.000000000000000000e+00 4.030000000000000000e+03 -4.550000000000000000e+04 -6.198744018962342395e+00 5.586249296383091756e-02 1.473139583887088655e-01 1.064597547650250955e-02 -1.503742472521942020e+01 2.365408262900189212e-02 0.000000000000000000e+00 -1.989492299999999858e+01 3.523400000000000143e-02 1.870606989999999996e+02
0.000000000000000000e+00 4.030000000000000000e+03 -4.200000000000000000e+04 -6.260518192580575736e+00 5.287172193681809879e-02 -8.169620570385453112e-03 1.007711293524629972e-02 1.853750146549481315e+01 8.354333565645990362e-03 1.000000000000000000e+00 1.364986099999999958e+01 2.725999999999999951e-02 1.999124339999999904e+02
0.000000000000000000e+00 4.030000000000000000e+03 -4.200000000000000000e+04 -6.233701945525197630e+00 4.759125739697597085e-02 3.207417009966176402e-02 9.693604567091947816e-03 -1.526397615889292858e+01 2.296374995229728475e-02 0.000000000000000000e+00 -1.992552500000000038e+01 5.439700000000000091e-02 2.102540250000000128e+02
0.000000000000000000e+00 4.030000000000000000e+03 -3.850000000000000000e+04 -6.283601186547276285e+00 5.935481282395670827e-02 -1.392011136703188157e-01 1.099606396083863645e-02 1.829229658313204965e+01 8.857973696179622519e-03 1.000000000000000000e+00 1.364236600000000088e+01 2.484400000000000150e-02 2.230997610000000009e+02
0.000000000000000000e+00 4.030000000000000000e+03 -3.850000000000000000e+04 -6.247848372045501364e+00 6.019285560837283472e-02 -9.209544444355666215e-02 1.295670519467214364e-02 -1.550075806161966696e+01 2.469422408596662691e-02 0.000000000000000000e+00 -1.990152399999999844e+01 5.548399999999999860e-02 2.334443520000000092e+02
0.000000000000000000e+00 4.030000000000000000e+03 -3.500000000000000000e+04 -6.300611433231584790e+00 5.412395258467676135e-02 -2.637614230366027157e-01 8.946402576465792636e-03 1.804254419392162490e+01 8.410469639173972708e-03 1.000000000000000000e+00 1.367569499999999927e+01 2.276600000000000151e-02 2.462900869999999998e+02
0.000000000000000000e+00 4.030000000000000000e+03 -3.500000000000000000e+04 -6.253833846770174176e+00 5.310654533063003530e-02 -2.449061710020484783e-01 9.018751058721800190e-03 -1.574225040109027240e+01 2.475988443806921221e-02 0.000000000000000000e+00 -1.988864900000000091e+01 5.285800000000000221e-02 2.566336779999999749e+02
0.000000000000000000e+00 4.030000000000000000e+03 -3.500000000000000000e+04 -6.310768972185579528e+00 4.892724072090242488e-02 -2.610741467602984978e-01 7.098122782555617641e-03 1.799850370640601938e+01 2.480670486789068874e-02 1.000000000000000000e+00 1.358204600000000006e+01 5.331799999999999734e-02 2.669802700000000186e+02
0.000000000000000000e+00 4.030000000000000000e+03 -3.500000000000000000e+04 -6.261027754805969181e+00 5.083430728473537635e-02 -2.539477651409254300e-01 6.625632125688948187e-03 -1.574255008692639457e+01 2.642269930980059925e-02 0.000000000000000000e+00 -1.989571300000000065e+01 5.004299999999999721e-02 2.773208619999999769e+02
0.000000000000000000e+00 4.030000000000000000e+03 -3.850000000000000000e+04 -6.291324558370107844e+00 6.387661330871480247e-02 -1.581890848611855194e-01 1.053661700156647250e-02 1.827494050645150381e+01 8.957560905247567706e-03 1.000000000000000000e+00 1.365960600000000014e+01 2.569199999999999956e-02 2.901575960000000123e+02
0.000000000000000000e+00 4.030000000000000000e+03 -3.850000000000000000e+04 -6.222542411403527041e+00 5.517094766063125599e-02 -1.359419599388976552e-01 1.128310160110335483e-02 -1.552021099332426246e+01 2.511095710017969759e-02 0.000000000000000000e+00 -1.989520600000000172e+01 4.764399999999999885e-02 3.004981869999999731e+02
0.000000000000000000e+00 4.030000000000000000e+03 -4.200000000000000000e+04 -6.276968059887664708e+00 6.957417300224513768e-02 -1.825784661541896350e-02 1.206606060146327326e-02 1.850946025400451944e+01 1.062954202284740850e-02 1.000000000000000000e+00 1.366384799999999977e+01 2.253300000000000095e-02 3.133419220000000109e+02
0.000000000000000000e+00 4.030000000000000000e+03 -4.200000000000000000e+04 -6.195560945705389955e+00 5.589038891666554820e-02 -1.908305250476422660e-02 1.004438927292378332e-02 -1.528923701250373846e+01 2.463201855061500703e-02 0.000000000000000000e+00 -1.990368499999999941e+01 4.631300000000000000e-02 3.236875130000000240e+02
0.000000000000000000e+00 4.030000000000000000e+03 -4.550000000000000000e+04 -6.263822952504981778e+00 4.018932309101373723e-02 1.027671729288061886e-01 1.224157277032976270e-02 1.874689144501618188e+01 7.621098778708402209e-03 1.000000000000000000e+00 1.368285700000000027e+01 1.853700000000000139e-02 3.365312480000000050e+02
0.000000000000000000e+00 4.030000000000000000e+03 -4.550000000000000000e+04 -6.177288781402352491e+00 4.476642631401110684e-02 1.440953960935402456e-01 8.670007661163209658e-03 -1.505991215070560152e+01 2.328461711576089097e-02 0.000000000000000000e+00 -1.989768400000000170e+01 5.582000000000000156e-02 3.468788400000000252e+02
0.000000000000000000e+00 4.030000000000000000e+03 -4.900000000000000000e+04 -6.268362684509072302e+00 4.096469613620699196e-02 2.378268627973575688e-01 1.130540764456106941e-02 1.897727523333242416e+01 7.415244935841821226e-03 1.000000000000000000e+00 1.367879399999999990e+01 1.960900000000000143e-02 3.597245750000000157e+02
0.000000000000000000e+00 4.030000000000000000e+03 -4.900000000000000000e+04 -6.160973110190932189e+00 5.462668657320556703e-02 2.596236997652671130e-01 7.978287999263471153e-03 -1.483437737640759302e+01 2.501793543907190193e-02 0.000000000000000000e+00 -1.988523700000000005e+01 4.797099999999999975e-02 3.700681660000000193e+02
0.000000000000000000e+00 4.030000000000000000e+03 -5.250000000000000000e+04 -6.249601340445138042e+00 5.436459459735921984e-02 3.909970411098945831e-01 6.941675958721383113e-03 1.920072052711508803e+01 1.258825683519723161e-02 1.000000000000000000e+00 1.368174499999999938e+01 2.145199999999999885e-02 3.829129009999999766e+02
0.000000000000000000e+00 4.030000000000000000e+03 -5.250000000000000000e+04 -6.165070752744578719e+00 4.245506734278139960e-02 4.057266017698019644e-01 1.117728568099413643e-02 -1.461586159633357695e+01 2.454447609392671273e-02 0.000000000000000000e+00 -1.990097799999999850e+01 5.702399999999999830e-02 3.932574930000000109e+02
0.000000000000000000e+00 4.030000000000000000e+03 -5.600000000000000000e+04 -6.204023136050929033e+00 6.699530193693463420e-02 5.291660207224586632e-01 1.154276686369932851e-02 1.942162784048207769e+01 9.580687945510285575e-03 1.000000000000000000e+00 1.367227199999999954e+01 2.236799999999999899e-02 4.061012269999999944e+02
0.000000000000000000e+00 4.030000000000000000e+03 -5.600000000000000000e+04 -6.146877993293885289e+00 5.805956846977636948e-02 5.520812987294821950e-01 1.131380438060335461e-02 -1.439487048703184513e+01 2.417615384093982703e-02 0.000000000000000000e+00 -1.990362500000000168e+01 4.680600000000000038e-02 4.164468190000000050e+02
0.000000000000000000e+00 4.030000000000000000e+03 -5.950000000000000000e+04 -6.178915461156305966e+00 5.523368994306234597e-02 6.843117337670429068e-01 1.054722352621036488e-02 1.964234475168344929e+01 1.003300150312999399e-02 1.000000000000000000e+00 1.366791599999999995e+01 1.766099999999999962e-02 4.292925539999999955e+02
0.000000000000000000e+00 4.030000000000000000e+03 -5.950000000000000000e+04 -6.171342720135495341e+00 6.244346267071141515e-02 7.197909560156744435e-01 1.106852126098810396e-02 -1.417723372277425575e+01 2.566126405278049485e-02 0.000000000000000000e+00 -1.988783499999999904e+01 4.568300000000000138e-02 4.396361459999999965e+02
0.000000000000000000e+00 4.030000000000000000e+03 -6.300000000000000000e+04 -6.137858270094236346e+00 4.912399706816202721e-02 8.033656676552545228e-01 6.766132085491892434e-03 1.985999680785529620e+01 9.371526537810476523e-03 1.000000000000000000e+00 1.367517299999999913e+01 1.964099999999999874e-02 4.524798799999999801e+02
0.000000000000000000e+00 4.030000000000000000e+03 -6.300000000000000000e+04 -6.186667389881828072e+00 4.942839750761109791e-02 8.263319016688898122e-01 9.788750449514885960e-03 -1.395267914943743115e+01 2.290483270986074654e-02 0.000000000000000000e+00 -1.988560500000000175e+01 4.533100000000000324e-02 4.628234719999999811e+02
0.000000000000000000e+00 4.030000000000000000e+03 -6.650000000000000000e+04 -6.100594240686350034e+00 5.667527561626093530e-02 9.524706026291048788e-01 1.206802472829134401e-02 2.007497079225511172e+01 9.022548973444672119e-03 1.000000000000000000e+00 1.366628200000000071e+01 1.721400000000000013e-02 4.756672060000000215e+02
0.000000000000000000e+00 4.030000000000000000e+03 -6.650000000000000000e+04 -6.218245569029789088e+00 5.877178713017384981e-02 9.744645197765211542e-01 1.421756033362133777e-02 -1.374060867292719479e+01 2.344724644143461947e-02 0.000000000000000000e+00 -1.988523199999999846e+01 3.232999999999999763e-02 4.860157980000000180e+02
0.000000000000000000e+00 4.030000000000000000e+03 -7.000000000000000000e+04 -6.034685382593086622e+00 5.922240310881796144e-02 1.255007806961560224e+00 1.382058355920520905e-02 2.026711851399425868e+01 8.637071384427420090e-03 1.000000000000000000e+00 1.367080200000000012e+01 2.006399999999999850e-02 4.988625329999999849e+02
0.000000000000000000e+00 4.030000000000000000e+03 -7.000000000000000000e+04 -6.228902429314904232e+00 6.191127411219884968e-02 1.026742433126103027e+00 1.407982546936367707e-02 -1.354719747386241302e+01 2.724613399285179260e-02 0.000000000000000000e+00 -1.989875699999999981e+01 4.137300000000000005e-02 5.092091249999999718e+02
0.000000000000000000e+00 4.030000000000000000e+03 -7.000000000000000000e+04 -6.051758858003810637e+00 3.938528114553122017e-02 1.278631916264417523e+00 1.000007845315526410e-02 2.022373081032091591e+01 2.296843296827633107e-02 1.000000000000000000e+00 1.359273499999999935e+01 4.208200000000000135e-02 5.195597169999999778e+02
0.000000000000000000e+00 4.030000000000000000e+03 -7.000000000000000000e+04 -6.246172397486562389e+00 5.549462363394849773e-02 1.013664010340824095e+00 1.043992144886998936e-02 -1.354532248164925434e+01 2.258613995059424034e-02 0.000000000000000000e+00 -1.989349199999999840e+01 4.582900000000000168e-02 5.299113089999999602e+02
0.000000000000000000e+00 4.030000000000000000e+03 -6.650000000000000000e+04 -6.087327169510323266e+00 6.085787578425565225e-02 9.690802533171092303e-01 9.436667689542405091e-03 2.009974062736624489e+01 1.069242254801296144e-02 1.000000000000000000e+00 1.367258999999999958e+01 2.003100000000000019e-02 5.427600439999999935e+02
0.000000000000000000e+00 4.030000000000000000e+03 -6.650000000000000000e+04 -6.210325590821531350e+00 4.706176738260962195e-02 9.807915144641851102e-01 1.082892564896405056e-02 -1.371351425583800498e+01 2.632456427207009036e-02 0.000000000000000000e+00 -1.988263399999999947e+01 4.443400000000000127e-02 5.531106359999999995e+02
0.000000000000000000e+00 4.030000000000000000e+03 -6.300000000000000000e+04 -6.137846968629326661e+00 4.980293835821493487e-02 8.069872469434362650e-01 8.632391677450014164e-03 1.989109967996924055e+01 9.294626555969581413e-03 1.000000000000000000e+00 1.368765999999999927e+01 1.795599999999999974e-02 5.659593710000000328e+02
0.000000000000000000e+00 4.030000000000000000e+03 -6.300000000000000000e+04 -6.196874279888677783e+00 5.112932955513722205e-02 8.397594495262949987e-01 7.824224481469436651e-03 -1.392632446702755900e+01 2.724667171428001716e-02 0.000000000000000000e+00 -1.988125799999999899e+01 4.333999999999999658e-02 5.763069619999999986e+02
0.000000000000000000e+00 4.030000000000000000e+03 -5.950000000000000000e+04 -6.178278547721139269e+00 4.434449376469447313e-02 6.878750872205083855e-01 8.525793171806718418e-03 1.966948649360326229e+01 8.382308485408244622e-03 1.000000000000000000e+00 1.368410899999999941e+01 2.162999999999999992e-02 5.891586979999999585e+02
0.000000000000000000e+00 4.030000000000000000e+03 -5.950000000000000000e+04 -6.146031363193676711e+00 3.834462386776617965e-02 7.232425089579118671e-01 9.098444836425512855e-03 -1.414275127215005057e+01 2.555630018210886326e-02 0.000000000000000000e+00 -1.987753299999999967e+01 4.053999999999999965e-02 5.995132899999999836e+02
0.000000000000000000e+00 4.030000000000000000e+03 -5.600000000000000000e+04 -6.203095578499248752e+00 4.836481483107871876e-02 5.279846700063072218e-01 9.797796821380164514e-03 1.945530521782167810e+01 9.536406073695701327e-03 1.000000000000000000e+00 1.368172000000000033e+01 1.378399999999999938e-02 6.123590249999999742e+02
0.000000000000000000e+00 4.030000000000000000e+03 -5.600000000000000000e+04 -6.182148321224892662e+00 7.167294680507589610e-02 5.756830837683539759e-01 1.004257476672480200e-02 -1.436197848459024762e+01 1.965344932401183811e-02 0.000000000000000000e+00 -1.989007000000000147e+01 4.778899999999999815e-02 6.227046169999999847e+02
0.000000000000000000e+00 4.030000000000000000e+03 -5.250000000000000000e+04 -6.241250869868281370e+00 4.320201952587736371e-02 4.329642787305285068e-01 1.296164962161782362e-02 1.923942757469867360e+01 8.170261989197489388e-03 1.000000000000000000e+00 1.367481500000000061e+01 2.590500000000000094e-02 6.355603519999999662e+02
0.000000000000000000e+00 4.030000000000000000e+03 -5.250000000000000000e+04 -6.166550007115358056e+00 5.452019252794929050e-02 4.327195216225687702e-01 1.102416130122642682e-02 -1.458305514107964029e+01 2.303006112279955969e-02 0.000000000000000000e+00 -1.988509300000000124e+01 4.725700000000000039e-02 6.459109439999999722e+02
0.000000000000000000e+00 4.030000000000000000e+03 -4.900000000000000000e+04 -6.220439838367833651e+00 4.715905171857651124e-02 2.769675961888055649e-01 7.836244609727592222e-03 1.901648235294484479e+01 6.848246521639028521e-03 1.000000000000000000e+00 1.370124500000000012e+01 1.483100000000000043e-02 6.587636790000000246e+02
0.000000000000000000e+00 4.030000000000000000e+03 -4.900000000000000000e+04 -6.190570763755767203e+00 4.280102733970390927e-02 3.303823818010039326e-01 6.444409764821279127e-03 -1.480059277990235955e+01 2.452248532365742043e-02 0.000000000000000000e+00 -1.988264399999999910e+01 4.279800000000000271e-02 6.691152710000000070e+02
0.000000000000000000e+00 4.030000000000000000e+03 -4.550000000000000000e+04 -6.265263000012875949e+00 4.157195715653779627e-02 1.409411841308353674e-01 9.274427862585948867e-03 1.878204202314688231e+01 9.314797904231463671e-03 1.000000000000000000e+00 1.367888400000000004e+01 2.017800000000000149e-02 6.819660059999999930e+02
0.000000000000000000e+00 4.030000000000000000e+03 -4.550000000000000000e+04 -6.193866047644585038e+00 5.718748907347175059e-02 1.670117770982299521e-01 8.120282365030668387e-03 -1.502614265466876553e+01 2.301419148663972486e-02 0.000000000000000000e+00 -1.987599799999999917e+01 4.666200000000000209e-02 6.923165979999999990e+02
0.000000000000000000e+00 4.030000000000000000e+03 -4.200000000000000000e+04 -6.266328051296550683e+00 5.844309396153449243e-02 -8.921175303275453300e-03 1.001595075020181302e-02 1.854271242972265554e+01 1.105303798838954896e-02 1.000000000000000000e+00 1.367226699999999973e+01 2.592399999999999913e-02 7.051653330000000324e+02
0.000000000000000000e+00 4.030000000000000000e+03 -4.200000000000000000e+04 -6.220561166548414178e+00 6.094119036573242970e-02 1.511432830507433711e-02 1.124939150787447259e-02 -1.525591180149844917e+01 2.419029740433387143e-02 0.000000000000000000e+00 -1.988095500000000015e+01 3.958300000000000013e-02 7.155149249999999483e+02
0.000000000000000000e+00 4.030000000000000000e+03 -3.850000000000000000e+04 -6.280622005397720642e+00 6.611293997094465358e-02 -1.498633791548147909e-01 1.288162995487398578e-02 1.829839039765304776e+01 1.028523835912240579e-02 1.000000000000000000e+00 1.367221800000000087e+01 1.912099999999999911e-02 7.283586589999999887e+02
0.000000000000000000e+00 4.030000000000000000e+03 -3.850000000000000000e+04 -6.233449899315602671e+00 4.997517703154460283e-02 -1.329189067015970338e-01 1.001355468850102445e-02 -1.549153455462326079e+01 2.292085618309614228e-02 0.000000000000000000e+00 -1.987381299999999840e+01 4.183200000000000113e-02 7.387132520000000113e+02
0.000000000000000000e+00 4.030000000000000000e+03 -3.500000000000000000e+04 -6.283586184720554968e+00 3.811976963921837741e-02 -2.813475500368720073e-01 9.960891829588100835e-03 1.805205607066957540e+01 8.358692577919680025e-03 1.000000000000000000e+00 1.368526100000000056e+01 1.877399999999999902e-02 7.515619860000000472e+02
0.000000000000000000e+00 4.030000000000000000e+03 -3.500000000000000000e+04 -6.252321756877531556e+00 4.993822928320560545e-02 -2.656831915302536595e-01 1.013399729849390717e-02 -1.573475674563201387e+01 2.426277772251363846e-02 0.000000000000000000e+00 -1.987873000000000090e+01 5.036199999999999705e-02 7.619125790000000507e+02
0.000000000000000000e+00 4.030000000000000000e+03 -3.500000000000000000e+04 -6.292908441646330786e+00 4.082322132546325338e-02 -2.810951385069379582e-01 8.026735721551332692e-03 1.801029410166391642e+01 2.550437962916594567e-02 1.000000000000000000e+00 1.360212300000000063e+01 4.612600000000000033e-02 7.722611699999999928e+02
0.000000000000000000e+00 4.030000000000000000e+03 -3.500000000000000000e+04 -6.280889662765588355e+00 4.610056697060154612e-02 -2.487700398581866590e-01 7.138085697885197291e-03 -1.573236359714335286e+01 2.421762243819011035e-02 0.000000000000000000e+00 -1.988375699999999924e+01 4.051099999999999840e-02 7.826117629999999963e+02
0.000000000000000000e+00 4.030000000000000000e+03 -3.850000000000000000e+04 -6.265723370040173101e+00 5.923699728738911902e-02 -1.516792271272486003e-01 1.169154984582867693e-02 1.828039726422321110e+01 1.165795233205036037e-02 1.000000000000000000e+00 1.368560899999999947e+01 2.705799999999999872e-02 7.954544969999999466e+02
0.000000000000000000e+00 4.030000000000000000e+03 -3.850000000000000000e+04 -6.220990426272008378e+00 5.661156887999685416e-02 -1.684077416378499947e-01 1.705750183246496771e-02 -1.550721723871570212e+01 2.700791615769024268e-02 0.000000000000000000e+00 -1.987034099999999981e+01 5.295699999999999713e-02 8.058000889999999572e+02
0.000000000000000000e+00 4.030000000000000000e+03 -4.200000000000000000e+04 -6.260543104762250621e+00 5.676624692884135043e-02 -2.619297063418118618e-02 1.212976833508735280e-02 1.851879867383524925e+01 9.897227023309218899e-03 1.000000000000000000e+00 1.366174200000000027e+01 2.144100000000000172e-02 8.186478240000000142e+02
0.000000000000000000e+00 4.030000000000000000e+03 -4.200000000000000000e+04 -6.201189605538976579e+00 6.847540157869351496e-02 -1.658425769052874685e-02 1.563946734447550432e-02 -1.527877613553504332e+01 2.357277348590408605e-02 0.000000000000000000e+00 -1.989086500000000157e+01 5.620399999999999702e-02 8.289944150000000036e+02
0.000000000000000000e+00 4.030000000000000000e+03 -4.550000000000000000e+04 -6.215766622424848897e+00 4.682470054382136676e-02 1.078361159574984240e-01 1.058218112511803699e-02 1.875192682909301212e+01 9.555246287597756252e-03 1.000000000000000000e+00 1.368468999999999980e+01 2.141300000000000148e-02 8.418391500000000178e+02
0.000000000000000000e+00 4.030000000000000000e+03 -4.550000000000000000e+04 -6.193077287123604613e+00 5.281284135173395372e-02 1.516487779739813802e-01 1.020227527214713839e-02 -1.504810387211563949e+01 2.079713767872672439e-02 0.000000000000000000e+00 -1.987349999999999994e+01 5.848799999999999832e-02 8.521817419999999856e+02
0.000000000000000000e+00 4.030000000000000000e+03 -4.900000000000000000e+04 -6.229090727017016604e+00 4.801348284188449583e-02 2.571124011966241518e-01 6.583296367843942572e-03 1.899083731725756508e+01 6.813382663933952726e-03 1.000000000000000000e+00 1.368495799999999996e+01 1.806500000000000120e-02 8.650254760000000260e+02
0.000000000000000000e+00 4.030000000000000000e+03 -4.900000000000000000e+04 -6.153388218762164463e+00 4.708293463817721930e-02 2.809763262718815158e-01 5.663138297013866479e-03 -1.482315460735165935e+01 2.500462170251784716e-02 0.000000000000000000e+00 -1.988855999999999824e+01 5.084799999999999737e-02 8.753710680000000366e+02
0.000000000000000000e+00 4.030000000000000000e+03 -5.250000000000000000e+04 -6.223500379600245935e+00 6.178474194021935095e-02 4.051303792489707734e-01 1.145168256751613427e-02 1.920904992895554741e+01 9.316091817567486236e-03 1.000000000000000000e+00 1.368383599999999944e+01 2.000800000000000148e-02 8.882188029999999799e+02
0.000000000000000000e+00 4.030000000000000000e+03 -5.250000000000000000e+04 -6.166098863298230981e+00 5.076358211197017772e-02 4.337373587202226211e-01 8.208817905475876767e-03 -1.459896183900531952e+01 2.955455620976230047e-02 0.000000000000000000e+00 -1.989915500000000037e+01 4.433200000000000335e-02 8.985603939999999739e+02
0.000000000000000000e+00 4.030000000000000000e+03 -5.600000000000000000e+04 -6.178406558120257408e+00 4.269617941186048399e-02 5.444791889771269933e-01 1.255935835800541661e-02 1.943486730780995586e+01 1.146150850740954019e-02 1.000000000000000000e+00 1.367553099999999944e+01 2.172200000000000172e-02 9.114061289999999644e+02
0.000000000000000000e+00 4.030000000000000000e+03 -5.600000000000000000e+04 -6.177734932583254235e+00 5.864897627984941991e-02 5.455747557809516035e-01 9.226914111396138096e-03 -1.438356379951731867e+01 2.581406981292527075e-02 0.000000000000000000e+00 -1.986034700000000086e+01 5.068199999999999789e-02 9.217537210000000414e+02
0.000000000000000000e+00 4.030000000000000000e+03 -5.950000000000000000e+04 -6.141039445997169999e+00 4.247928289365496962e-02 6.691405743362017766e-01 7.957343051632171163e-03 1.965160711926354509e+01 9.057937811636459710e-03 1.000000000000000000e+00 1.367628099999999947e+01 1.989300000000000096e-02 9.345974559999999656e+02
0.000000000000000000e+00 4.030000000000000000e+03 -5.950000000000000000e+04 -6.193807283779063866e+00 4.061061224012314091e-02 6.690125568235129050e-01 9.682075846076741710e-03 -1.415903141630541917e+01 2.278548419044846424e-02 0.000000000000000000e+00 -1.989546400000000048e+01 4.555700000000000027e-02 9.449420479999999998e+02
0.000000000000000000e+00 4.030000000000000000e+03 -6.300000000000000000e+04 -6.107106792579426902e+00 4.048430361340912831e-02 7.911106213973598811e-01 8.373113233312579062e-03 1.987789063720714822e+01 9.248711787023893710e-03 1.000000000000000000e+00 1.370524400000000043e+01 1.820499999999999896e-02 9.577847819999999501e+02
0.000000000000000000e+00 4.030000000000000000e+03 -6.300000000000000000e+04 -6.209882006572367885e+00 3.528209017159436578e-02 8.316145169800732706e-01 9.000014635535142499e-03 -1.394198595831478826e+01 2.496022881873557336e-02 0.000000000000000000e+00 -1.987855100000000164e+01 4.589300000000000324e-02 9.681293739999999843e+02
0.000000000000000000e+00 4.030000000000000000e+03 -6.650000000000000000e+04 -6.053149020405328429e+00 6.327370188386810534e-02 9.627710037316634661e-01 9.098555048730550335e-03 2.008637549648677734e+01 1.052077254466647627e-02 1.000000000000000000e+00 1.366347599999999929e+01 1.858800000000000036e-02 9.809731080000000247e+02
0.000000000000000000e+00 4.030000000000000000e+03 -6.650000000000000000e+04 -6.246329142258854716e+00 5.722486422504952097e-02 9.533215497460190146e-01 1.045913708906954370e-02 -1.372933709908069844e+01 2.881383632522225430e-02 0.000000000000000000e+00 -1.987297300000000178e+01 4.943399999999999878e-02 9.913206999999999880e+02
0.000000000000000000e+00 4.030000000000000000e+03 -7.000000000000000000e+04 -6.020634741931564449e+00 7.327109237609752412e-02 1.259486960384178955e+00 9.450886578484652897e-03 2.027775825908600638e+01 1.020226415527457006e-02 1.000000000000000000e+00 1.368009099999999911e+01 2.348199999999999940e-02 1.004166434999999979e+03
0.000000000000000000e+00 4.030000000000000000e+03 -7.000000000000000000e+04 -6.287650586082816240e+00 7.228167625818439357e-02 1.002773415428547699e+00 9.904994985342530089e-03 -1.353281205930504960e+01 2.449690212348002924e-02 0.000000000000000000e+00 -1.988852500000000134e+01 6.631199999999999595e-02 1.014512025999999992e+03
0.000000000000000000e+00 4.030000000000000000e+03 -7.000000000000000000e+04 -6.009424370261598369e+00 5.431197010912903328e-02 1.260851507118698978e+00 9.063496294209261867e-03 2.023664334435631318e+01 2.326303331016680090e-02 1.000000000000000000e+00 1.357831099999999935e+01 4.498200000000000115e-02 1.024856618000000026e+03
0.000000000000000000e+00 4.030000000000000000e+03 -7.000000000000000000e+04 -6.268982232018477596e+00 5.180253830618084671e-02 1.037787351314075401e+00 1.112134359993914232e-02 -1.353506624925549140e+01 2.598476373894438585e-02 0.000000000000000000e+00 -1.989740600000000015e+01 5.279299999999999965e-02 1.035202209999999923e+03
0.000000000000000000e+00 4.030000000000000000e+03 -6.650000000000000000e+04 -6.027192569281289991e+00 6.310835307366617630e-02 9.583911046555961821e-01 1.282664427231589369e-02 2.010887368852811363e+01 9.220323749248417536e-03 1.000000000000000000e+00 1.369040700000000044e+01 2.359299999999999939e-02 1.048051944999999932e+03
0.000000000000000000e+00 4.030000000000000000e+03 -6.650000000000000000e+04 -6.259406843595086478e+00 5.723988842409605260e-02 1.008691867147074372e+00 1.089626596596864234e-02 -1.370781551322679803e+01 2.444509517665881954e-02 0.000000000000000000e+00 -1.989035300000000106e+01 5.229199999999999821e-02 1.058395535999999993e+03
0.000000000000000000e+00 4.030000000000000000e+03 -6.300000000000000000e+04 -6.114892702274346448e+00 4.913603694939081695e-02 8.393731271618471990e-01 7.216711390249909430e-03 1.989971398781046474e+01 5.587357480771848808e-03 1.000000000000000000e+00 1.368749099999999963e+01 1.888199999999999948e-02 1.071238270999999941e+03
0.000000000000000000e+00 4.030000000000000000e+03 -6.300000000000000000e+04 -6.214316212597749356e+00 4.746691110105590722e-02 8.694868838401649258e-01 7.069673484621247922e-03 -1.391828457414974096e+01 2.376069974443719909e-02 0.000000000000000000e+00 -1.988257000000000119e+01 4.356299999999999756e-02 1.081582863000000089e+03
0.000000000000000000e+00 4.030000000000000000e+03 -5.950000000000000000e+04 -6.162726115492962009e+00 4.197975281782788393e-02 6.822092683392698698e-01 9.190906236345861707e-03 1.966893339307629773e+01 1.084554364284107467e-02 1.000000000000000000e+00 1.369122699999999959e+01 1.786799999999999847e-02 1.094427597999999989e+03
0.000000000000000000e+00 4.030000000000000000e+03 -5.950000000000000000e+04 -6.179194545454449461e+00 5.771951782695235872e-02 7.255600580814421940e-01 1.014125617299966794e-02 -1.414993169229087755e+01 2.199830045839279088e-02 0.000000000000000000e+00 -1.988774499999999890e+01 5.057299999999999990e-02 1.104774188999999978e+03
0.000000000000000000e+00 4.030000000000000000e+03 -5.600000000000000000e+04 -6.221851771284862664e+00 5.638706212578952631e-02 5.417464677152281638e-01 1.000247205872275072e-02 1.944556436205805383e+01 1.165965979507221049e-02 1.000000000000000000e+00 1.364920500000000025e+01 2.059899999999999926e-02 1.117621924000000035e+03
0.000000000000000000e+00 4.030000000000000000e+03 -5.600000000000000000e+04 -6.155551643071745183e+00 5.295992646803231174e-02 5.817221492788383630e-01 1.079190365522427614e-02 -1.436575161591290062e+01 2.636679064651153634e-02 0.000000000000000000e+00 -1.989084000000000074e+01 4.289500000000000257e-02 1.127965515999999980e+03
0.000000000000000000e+00 4.030000000000000000e+03 -5.250000000000000000e+04 -6.222484596269324264e+00 5.576944882482219590e-02 4.085048512043250590e-01 1.063759064855200609e-02 1.922866258518174831e+01 9.203358081123267850e-03 1.000000000000000000e+00 1.366946100000000008e+01 1.845799999999999871e-02 1.140809250000000020e+03
0.000000000000000000e+00 4.030000000000000000e+03 -5.250000000000000000e+04 -6.194130682923011832e+00 4.613800753715977671e-02 4.341076370996334033e-01 9.783331586238820654e-03 -1.458469086214858379e+01 2.645252448396353401e-02 0.000000000000000000e+00 -1.987791599999999903e+01 4.938300000000000328e-02 1.151154841999999917e+03
0.000000000000000000e+00 4.030000000000000000e+03 -4.900000000000000000e+04 -6.223572980620040163e+00 4.446977860587413706e-02 2.498587213965008380e-01 1.037778365003717840e-02 1.900403047203782947e+01 6.202203500173106808e-03 1.000000000000000000e+00 1.368671699999999980e+01 2.033300000000000038e-02 1.163999577000000045e+03
0.000000000000000000e+00 4.030000000000000000e+03 -4.900000000000000000e+04 -6.202806818269010591e+00 4.800073316155560599e-02 2.802935781760153011e-01 7.708247366837851430e-03 -1.480481057960910718e+01 2.219380995874239287e-02 0.000000000000000000e+00 -1.987531299999999845e+01 4.267499999999999766e-02 1.174342167999999901e+03
0.000000000000000000e+00 4.030000000000000000e+03 -4.550000000000000000e+04 -6.242009709558008268e+00 4.682053683553597662e-02 1.241846400228227704e-01 9.756472446227171941e-03 1.877304155418255505e+01 8.107680422798423797e-03 1.000000000000000000e+00 1.367476100000000017e+01 1.956499999999999906e-02 1.187191902999999911e+03
0.000000000000000000e+00 4.030000000000000000e+03 -4.550000000000000000e+04 -6.214580968616386869e+00 4.927768870773412829e-02 1.512798105640230928e-01 1.076939506515074176e-02 -1.503234926147914940e+01 2.649563889688941187e-02 0.000000000000000000e+00 -1.987733899999999920e+01 3.994799999999999740e-02 1.197536495000000059e+03
0.000000000000000000e+00 4.030000000000000000e+03 -4.200000000000000000e+04 -6.216892323603046222e+00 7.135276316766457627e-02 -4.834755741317715155e-03 7.404314697943712754e-03 1.854136547293883197e+01 8.485034719609825526e-03 1.000000000000000000e+00 1.367994099999999946e+01 1.812599999999999975e-02 1.210381229000000076e+03
0.000000000000000000e+00 4.030000000000000000e+03 -4.200000000000000000e+04 -6.214043417236915445e+00 4.780087431908503631e-02 3.569670612236014451e-02 1.302279024957374645e-02 -1.526033285389566885e+01 2.402870519704803851e-02 0.000000000000000000e+00 -1.990139999999999887e+01 6.315999999999999392e-02 1.220724821000000020e+03
0.000000000000000000e+00 4.030000000000000000e+03 -3.850000000000000000e+04 -6.261044414918640832e+00 5.100554750790819991e-02 -1.244457531536750650e-01 9.679427168841072196e-03 1.829407995121448849e+01 1.096830534319773696e-02 1.000000000000000000e+00 1.367088700000000046e+01 1.874400000000000024e-02 1.233571556000000101e+03
0.000000000000000000e+00 4.030000000000000000e+03 -3.850000000000000000e+04 -6.245276247720326523e+00 5.265980970787990934e-02 -1.006181951360938381e-01 9.288187395623075798e-03 -1.549581336728243031e+01 2.595179898260745188e-02 0.000000000000000000e+00 -1.990158900000000131e+01 3.810000000000000192e-02 1.243920147999999926e+03
0.000000000000000000e+00 4.030000000000000000e+03 -3.500000000000000000e+04 -6.294482606529673063e+00 4.873848106209412168e-02 -2.625732296328535664e-01 8.874358380689936765e-03 1.804593210119503865e+01 9.973326029513467431e-03 1.000000000000000000e+00 1.369430599999999920e+01 2.383700000000000055e-02 1.256766883000000007e+03
0.000000000000000000e+00 4.030000000000000000e+03 -3.500000000000000000e+04 -6.266953886057709866e+00 3.986088603639502403e-02 -2.406539537248541527e-01 9.219209192155292457e-03 -1.574049014022294379e+01 2.342043010418056945e-02 0.000000000000000000e+00 -1.989667100000000133e+01 4.058400000000000202e-02 1.267111474999999928e+03
