3.400000000000000000e+03 -5.000000000000000000e+01 -5.150000000000000000e+04 8.835373125000002048e+00 3.942968749999999772e-02 -4.929608937500000287e+00 8.766187500000001409e-03 -2.989519937500000335e+00 8.611125000000000723e-03 0.000000000000000000e+00 -2.109480193750000154e+01 1.586152499999999854e-01 5.086941580624999801e+02
3.400000000000000000e+03 -5.000000000000000000e+01 -3.450000000000000000e+04 9.785821437500002773e+00 4.400300000000000045e-02 -4.961850312499999305e+00 9.018375000000002084e-03 -2.491030437500000083e+00 9.191062499999999580e-03 0.000000000000000000e+00 -2.114642262499999958e+01 1.454408750000000250e-01 4.707154170937499657e+03
3.400000000000000000e+03 -5.000000000000000000e+01 -1.750000000000000000e+04 1.079478337499999974e+01 3.699418749999999756e-02 -5.052586062499999642e+00 1.039931249999999884e-02 -2.129607312500000127e+00 8.554250000000001089e-03 0.000000000000000000e+00 -2.105528406249999662e+01 1.482443749999999838e-01 8.905606183875001079e+03
3.400000000000000000e+03 3.950000000000000000e+03 -5.150000000000000000e+04 9.350838999999998791e+00 3.898024999999999407e-02 -4.502854875000000590e+00 8.977999999999999869e-03 -2.652356750000000041e+00 8.244875000000000467e-03 0.000000000000000000e+00 -2.107941800000000399e+01 1.405595624999999849e-01 1.547738463062500159e+03
3.400000000000000000e+03 3.950000000000000000e+03 -3.450000000000000000e+04 1.035157650000000018e+01 4.776874999999999871e-02 -4.362220500000001167e+00 1.034481249999999984e-02 -2.157337999999999312e+00 9.300624999999999865e-03 0.000000000000000000e+00 -2.113431987500000275e+01 1.503559375000000087e-01 5.746203413812500003e+03
3.400000000000000000e+03 3.950000000000000000e+03 -1.750000000000000000e+04 1.139137112499999915e+01 4.017518749999999389e-02 -4.382438124999999296e+00 9.296374999999999084e-03 -1.817632625000000335e+00 7.976062500000000513e-03 0.000000000000000000e+00 -2.106315800000000138e+01 1.509745624999999924e-01 9.944652488874999108e+03
3.400000000000000000e+03 7.950000000000000000e+03 -5.150000000000000000e+04 9.476667187500002143e+00 3.983856250000000071e-02 -4.048767437500000455e+00 1.007212499999999948e-02 -2.456310687500000256e+00 8.813562500000000216e-03 0.000000000000000000e+00 -2.102915062500000332e+01 1.433910625000000272e-01 2.586784205312499580e+03
3.400000000000000000e+03 7.950000000000000000e+03 -3.450000000000000000e+04 1.040863775000000224e+01 4.583612499999999840e-02 -3.936987437500000020e+00 1.073312500000000135e-02 -1.880352812499999970e+00 9.450874999999999207e-03 0.000000000000000000e+00 -2.111858724999999737e+01 1.541436250000000063e-01 6.785242281000000730e+03
3.400000000000000000e+03 7.950000000000000000e+03 -1.750000000000000000e+04 1.145526925000000062e+01 3.946393749999999034e-02 -3.981132000000000115e+00 9.371749999999999872e-03 -1.508716062500000010e+00 8.377124999999999155e-03 0.000000000000000000e+00 -2.105042931250000038e+01 1.412940624999999562e-01 1.098368341825000243e+04
3.400000000000000000e+03 1.195000000000000000e+04 -5.150000000000000000e+04 9.339284437499998148e+00 3.970075000000000687e-02 -3.867389062500000474e+00 8.427687500000001150e-03 -2.699210250000000144e+00 8.911499999999999283e-03 0.000000000000000000e+00 -2.111530606250000019e+01 1.371538124999999997e-01 3.625821072499999900e+03
3.400000000000000000e+03 1.195000000000000000e+04 -3.450000000000000000e+04 1.020080493749999917e+01 4.524462499999998971e-02 -3.786512249999999913e+00 1.026168750000000171e-02 -2.200651812500000304e+00 9.613375000000002127e-03 0.000000000000000000e+00 -2.111247481249999680e+01 1.614166874999999890e-01 7.824283210562501154e+03
3.400000000000000000e+03 1.195000000000000000e+04 -1.750000000000000000e+04 1.125218481250000124e+01 4.333400000000000446e-02 -3.836665750000000319e+00 9.503062500000001092e-03 -1.821970687499999908e+00 8.750749999999999848e-03 0.000000000000000000e+00 -2.103883318749999987e+01 1.422593124999999847e-01 1.202269647125000120e+04
7.700000000000000000e+03 -5.000000000000000000e+01 -5.150000000000000000e+04 8.837848750000002696e+00 4.130156249999999973e-02 -4.841368500000000630e+00 8.974187499999999526e-03 -2.893718499999999416e+00 8.628500000000000753e-03 0.000000000000000000e+00 -2.109396462500000524e+01 1.447036875000000111e-01 5.087046584374999725e+02
7.700000000000000000e+03 -5.000000000000000000e+01 -3.450000000000000000e+04 9.785821499999999062e+00 4.520543749999999389e-02 -4.875243187500000630e+00 9.865312499999999082e-03 -2.362203625000000251e+00 9.244687499999997699e-03 0.000000000000000000e+00 -2.116304031249999795e+01 1.561921874999999960e-01 4.707154421124999317e+03
7.700000000000000000e+03 -5.000000000000000000e+01 -1.750000000000000000e+04 1.078859212500000098e+01 3.831899999999999890e-02 -4.970310437500000234e+00 1.010393749999999834e-02 -1.961232624999999841e+00 8.459437499999999943e-03 0.000000000000000000e+00 -2.106153068750000301e+01 1.491219374999999958e-01 8.905606621312501375e+03
7.700000000000000000e+03 3.950000000000000000e+03 -5.150000000000000000e+04 9.222012000000001208e+00 4.116662499999999836e-02 -4.495040374999999422e+00 9.872249999999997347e-03 -2.120991812500000240e+00 8.403749999999999762e-03 0.000000000000000000e+00 -2.107509368750000078e+01 1.400698125000000294e-01 1.547739650562500174e+03
7.700000000000000000e+03 3.950000000000000000e+03 -3.450000000000000000e+04 1.021985487499999934e+01 4.530812500000001158e-02 -4.358720562500000284e+00 9.934124999999996777e-03 -1.559395124999999549e+00 9.296999999999999709e-03 0.000000000000000000e+00 -2.113242737499999890e+01 1.467328125000000039e-01 5.746203226249999716e+03
7.700000000000000000e+03 3.950000000000000000e+03 -1.750000000000000000e+04 1.125254012500000123e+01 4.016018749999999971e-02 -4.389445687500000304e+00 8.847062500000000759e-03 -1.128091874999999966e+00 8.001812500000000244e-03 0.000000000000000000e+00 -2.105876206249999782e+01 1.432709375000000007e-01 9.944653238937500646e+03
7.700000000000000000e+03 7.950000000000000000e+03 -5.150000000000000000e+04 9.470634875000000008e+00 3.925249999999999573e-02 -4.170153374999999940e+00 9.433624999999999303e-03 -2.508329874999999820e+00 8.592249999999999194e-03 0.000000000000000000e+00 -2.102965425000000010e+01 1.319188125000000100e-01 2.586783767875000194e+03
7.700000000000000000e+03 7.950000000000000000e+03 -3.450000000000000000e+04 1.040423893750000062e+01 4.807474999999999249e-02 -4.053732562500000469e+00 1.097050000000000108e-02 -1.953447249999999968e+00 9.821250000000000119e-03 0.000000000000000000e+00 -2.112744743749999898e+01 1.541895624999999881e-01 6.785242531187498571e+03
7.700000000000000000e+03 7.950000000000000000e+03 -1.750000000000000000e+04 1.145305481249999957e+01 3.944112500000000049e-02 -4.103870812500000298e+00 9.336125000000000673e-03 -1.627268187500000352e+00 8.469874999999999973e-03 0.000000000000000000e+00 -2.105122506249999859e+01 1.498463124999999951e-01 1.098368298062499889e+04
7.700000000000000000e+03 1.195000000000000000e+04 -5.150000000000000000e+04 9.453949000000001490e+00 3.835724999999999552e-02 -3.886672499999999975e+00 9.037500000000000394e-03 -3.238691312499999420e+00 8.860625000000000445e-03 0.000000000000000000e+00 -2.111088931250000300e+01 1.408717499999999900e-01 3.625821072437499424e+03
7.700000000000000000e+03 1.195000000000000000e+04 -3.450000000000000000e+04 1.032153650000000233e+01 4.945356249999999926e-02 -3.797871500000000289e+00 1.070087499999999858e-02 -2.811076250000000609e+00 9.992374999999997787e-03 0.000000000000000000e+00 -2.110658287500000441e+01 1.522870624999999867e-01 7.824282898062499953e+03
7.700000000000000000e+03 1.195000000000000000e+04 -1.750000000000000000e+04 1.136749462500000085e+01 4.678612500000000479e-02 -3.861601124999999080e+00 9.052812500000000095e-03 -2.524877875000000493e+00 8.698437499999997838e-03 0.000000000000000000e+00 -2.104228137499999818e+01 1.429848125000000025e-01 1.202269647124999938e+04
1.200000000000000000e+04 -5.000000000000000000e+01 -5.150000000000000000e+04 8.815773249999999450e+00 3.942493750000000685e-02 -4.725229812500000293e+00 9.570125000000000506e-03 -2.846495750000000324e+00 8.868749999999999897e-03 0.000000000000000000e+00 -2.109196774999999846e+01 1.419064999999999910e-01 5.087047834999999623e+02
1.200000000000000000e+04 -5.000000000000000000e+01 -3.450000000000000000e+04 9.763539250000000891e+00 4.254668749999999944e-02 -4.765114687499999668e+00 9.237687499999999372e-03 -2.266613937499999842e+00 9.278937500000000727e-03 0.000000000000000000e+00 -2.115284481250000681e+01 1.527381874999999833e-01 4.707154796312500366e+03
1.200000000000000000e+04 -5.000000000000000000e+01 -1.750000000000000000e+04 1.076501637500000008e+01 3.828212499999999324e-02 -4.866617749999999631e+00 9.321187500000001347e-03 -1.840212562499999649e+00 8.627750000000000002e-03 0.000000000000000000e+00 -2.104384600000000205e+01 1.492711250000000045e-01 8.905606558875000701e+03
1.200000000000000000e+04 3.950000000000000000e+03 -5.150000000000000000e+04 9.059324812499998103e+00 4.003993750000000434e-02 -4.488979500000000122e+00 9.849250000000000366e-03 -1.592797124999999925e+00 8.466999999999998833e-03 0.000000000000000000e+00 -2.107176193750000337e+01 1.524871250000000011e-01 1.547739963062500010e+03
1.200000000000000000e+04 3.950000000000000000e+03 -3.450000000000000000e+04 1.005338943749999814e+01 4.218012499999999887e-02 -4.354612375000000313e+00 9.785687499999999248e-03 -9.657176250000000239e-01 9.387812499999998589e-03 0.000000000000000000e+00 -2.113409043749999938e+01 1.411254375000000061e-01 5.746202601375000086e+03
1.200000000000000000e+04 3.950000000000000000e+03 -1.750000000000000000e+04 1.107913206249999760e+01 4.032799999999998886e-02 -4.381341749999999813e+00 8.915562499999999876e-03 -4.601554999999999951e-01 8.264250000000000762e-03 0.000000000000000000e+00 -2.106874893749999700e+01 1.499373124999999474e-01 9.944653113937498347e+03
1.200000000000000000e+04 7.950000000000000000e+03 -5.150000000000000000e+04 9.461816500000001184e+00 3.955274999999999763e-02 -4.275953312500000436e+00 1.006925000000000181e-02 -2.511260999999999299e+00 8.853437500000000196e-03 0.000000000000000000e+00 -2.102332106249999555e+01 1.389898750000000127e-01 2.586783205437499419e+03
1.200000000000000000e+04 7.950000000000000000e+03 -3.450000000000000000e+04 1.040113975000000046e+01 4.640987499999999627e-02 -4.156700562500000196e+00 1.055731249999999899e-02 -1.990046999999999899e+00 1.015337500000000094e-02 0.000000000000000000e+00 -2.111921606250000139e+01 1.465291250000000101e-01 6.785242843562500639e+03
1.200000000000000000e+04 7.950000000000000000e+03 -1.750000000000000000e+04 1.144447562499999904e+01 4.152568749999999836e-02 -4.210113250000000917e+00 9.396937500000000776e-03 -1.695479437499999742e+00 7.978874999999999856e-03 0.000000000000000000e+00 -2.104835506249999710e+01 1.387260625000000247e-01 1.098368348056250034e+04
1.200000000000000000e+04 1.195000000000000000e+04 -5.150000000000000000e+04 9.552102375000000478e+00 4.009793749999999990e-02 -3.889304499999999276e+00 9.744375000000001300e-03 -3.773049625000000518e+00 8.688124999999999667e-03 0.000000000000000000e+00 -2.111651006249999796e+01 1.375301250000000031e-01 3.625820447312499709e+03
1.200000000000000000e+04 1.195000000000000000e+04 -3.450000000000000000e+04 1.042046937499999792e+01 4.955343749999998465e-02 -3.801875750000000664e+00 1.061349999999999794e-02 -3.411334437499999872e+00 9.931500000000001091e-03 0.000000000000000000e+00 -2.111082375000000155e+01 1.517160624999999985e-01 7.824282648124999469e+03
1.200000000000000000e+04 1.195000000000000000e+04 -1.750000000000000000e+04 1.146572700000000111e+01 4.511156250000000062e-02 -3.867639437500000277e+00 9.622499999999999110e-03 -3.208302937499999619e+00 8.434937499999999727e-03 0.000000000000000000e+00 -2.104844143750000285e+01 1.465968125000000066e-01 1.202269622131249889e+04
1.630000000000000000e+04 -5.000000000000000000e+01 -5.150000000000000000e+04 8.759051874999999043e+00 3.970843749999999894e-02 -4.627134062500000589e+00 1.032462500000000220e-02 -2.800198687500000005e+00 9.291812500000001460e-03 0.000000000000000000e+00 -2.109070718750000140e+01 1.425939999999999985e-01 5.087052211874998875e+02
1.630000000000000000e+04 -5.000000000000000000e+01 -3.450000000000000000e+04 9.698222437500000126e+00 4.157868750000000280e-02 -4.686502562499999414e+00 1.011212499999999959e-02 -2.169208937500000101e+00 9.454375000000000973e-03 0.000000000000000000e+00 -2.114125493749999762e+01 1.616396875000000177e-01 4.707154858750000130e+03
1.630000000000000000e+04 -5.000000000000000000e+01 -1.750000000000000000e+04 1.070881731250000080e+01 4.023037499999999878e-02 -4.792993249999999428e+00 1.028218750000000140e-02 -1.706454687500000178e+00 8.662812499999998639e-03 0.000000000000000000e+00 -2.104728231249999837e+01 1.574053125000000053e-01 8.905606308937500216e+03
1.630000000000000000e+04 3.950000000000000000e+03 -5.150000000000000000e+04 8.850310250000001489e+00 4.352693750000000139e-02 -4.534480437500000072e+00 9.020687500000000927e-03 -1.057959000000000094e+00 8.377625000000001390e-03 0.000000000000000000e+00 -2.107871762500000301e+01 1.370095624999999873e-01 1.547739650500000153e+03
1.630000000000000000e+04 3.950000000000000000e+03 -3.450000000000000000e+04 9.834563562500001410e+00 4.459443750000000734e-02 -4.400266562500000589e+00 1.086775000000000067e-02 -3.702343750000000044e-01 9.151125000000001272e-03 0.000000000000000000e+00 -2.113443912500000010e+01 1.452913125000000194e-01 5.746203163812499952e+03
1.630000000000000000e+04 3.950000000000000000e+03 -1.750000000000000000e+04 1.085286693750000175e+01 4.041424999999999879e-02 -4.427377562499999364e+00 8.657437500000000202e-03 2.081862499999999894e-01 8.676750000000000435e-03 0.000000000000000000e+00 -2.106166474999999849e+01 1.458678124999999715e-01 9.944652363875002266e+03
1.630000000000000000e+04 7.950000000000000000e+03 -5.150000000000000000e+04 9.425639374999999376e+00 4.480906250000001034e-02 -4.416615312500000279e+00 1.064181250000000023e-02 -2.493234812499999453e+00 8.166124999999999773e-03 0.000000000000000000e+00 -2.103592162500000029e+01 1.491818750000000193e-01 2.586783517937500164e+03
1.630000000000000000e+04 7.950000000000000000e+03 -3.450000000000000000e+04 1.035773287500000173e+01 4.730274999999999064e-02 -4.306499749999999516e+00 1.089737499999999908e-02 -2.028566500000000161e+00 9.283250000000001570e-03 0.000000000000000000e+00 -2.111763649999999970e+01 1.608761250000000087e-01 6.785242655937500786e+03
1.630000000000000000e+04 7.950000000000000000e+03 -1.750000000000000000e+04 1.140206937499999995e+01 3.941381249999999226e-02 -4.347974562500000140e+00 9.455562499999998691e-03 -1.771656187500000312e+00 8.319562500000000568e-03 0.000000000000000000e+00 -2.105283737499999930e+01 1.523235624999999815e-01 1.098368004293750164e+04
1.630000000000000000e+04 1.195000000000000000e+04 -5.150000000000000000e+04 9.609363812499998048e+00 3.892868750000000322e-02 -3.935908437500000190e+00 1.049150000000000256e-02 -4.299781687500000338e+00 8.207500000000001253e-03 0.000000000000000000e+00 -2.111857237499999584e+01 1.414891875000000021e-01 3.625820697375000236e+03
1.630000000000000000e+04 1.195000000000000000e+04 -3.450000000000000000e+04 1.047091006249999978e+01 4.801081250000000661e-02 -3.848672812500000706e+00 1.070506249999999930e-02 -4.021107437499999548e+00 9.887625000000000580e-03 0.000000000000000000e+00 -2.111059131249999865e+01 1.471198125000000023e-01 7.824282898187499995e+03
1.630000000000000000e+04 1.195000000000000000e+04 -1.750000000000000000e+04 1.151578987499999940e+01 4.370218750000000318e-02 -3.915166812499999427e+00 1.010062500000000023e-02 -3.889138250000000241e+00 8.320249999999999521e-03 0.000000000000000000e+00 -2.104128887499999934e+01 1.399311249999999895e-01 1.202269540874999984e+04
2.060000000000000000e+04 -5.000000000000000000e+01 -5.150000000000000000e+04 8.709034812500000555e+00 4.192375000000000268e-02 -4.487539312500000044e+00 9.214687500000000656e-03 -2.754433687499999728e+00 8.917249999999999829e-03 0.000000000000000000e+00 -2.108557537500000123e+01 1.578442499999999915e-01 5.087050336874999630e+02
2.060000000000000000e+04 -5.000000000000000000e+01 -3.450000000000000000e+04 9.653859937500001820e+00 4.475787500000000252e-02 -4.538930437500001247e+00 9.753000000000001252e-03 -2.098988562499999766e+00 9.411624999999999852e-03 0.000000000000000000e+00 -2.116671193749999347e+01 1.573930624999999861e-01 4.707155358562500624e+03
2.060000000000000000e+04 -5.000000000000000000e+01 -1.750000000000000000e+04 1.064672237499999952e+01 3.886106250000000845e-02 -4.662967750000000855e+00 9.686437500000000603e-03 -1.582375749999999970e+00 7.820250000000000812e-03 0.000000000000000000e+00 -2.105073331249999669e+01 1.475876250000000001e-01 8.905606621374998213e+03
2.060000000000000000e+04 3.950000000000000000e+03 -5.150000000000000000e+04 8.634847625000000804e+00 4.192487499999999340e-02 -4.522438000000001068e+00 9.870125000000000426e-03 -5.297307500000000280e-01 8.286375000000000338e-03 0.000000000000000000e+00 -2.107523681250000180e+01 1.478821249999999754e-01 1.547738775499999974e+03
2.060000000000000000e+04 3.950000000000000000e+03 -3.450000000000000000e+04 9.606986937500000323e+00 4.447281250000000019e-02 -4.397759624999999950e+00 9.797125000000000278e-03 2.270886874999999416e-01 9.546749999999999681e-03 0.000000000000000000e+00 -2.113226949999999960e+01 1.498690000000000022e-01 5.746203663812500054e+03
2.060000000000000000e+04 3.950000000000000000e+03 -1.750000000000000000e+04 1.061008118750000051e+01 4.216918749999999660e-02 -4.429196187499999660e+00 9.297562500000002006e-03 8.698834374999999675e-01 7.694437499999999888e-03 0.000000000000000000e+00 -2.105583843750000028e+01 1.388935624999999841e-01 9.944652176499997950e+03
2.060000000000000000e+04 7.950000000000000000e+03 -5.150000000000000000e+04 9.391647187499998495e+00 4.224256249999999713e-02 -4.512786812499999023e+00 1.002668749999999914e-02 -2.487756437499999862e+00 8.557312499999998948e-03 0.000000000000000000e+00 -2.103455662500000045e+01 1.415716250000000065e-01 2.586784017874999790e+03
2.060000000000000000e+04 7.950000000000000000e+03 -3.450000000000000000e+04 1.032338612500000075e+01 4.833724999999999133e-02 -4.394171437499999833e+00 9.771437500000000609e-03 -2.040198687500000219e+00 1.005281250000000098e-02 0.000000000000000000e+00 -2.111822068750000270e+01 1.556293125000000055e-01 6.785242905937499927e+03
2.060000000000000000e+04 7.950000000000000000e+03 -1.750000000000000000e+04 1.136361393750000026e+01 4.103474999999999484e-02 -4.444544499999999232e+00 8.544937499999998715e-03 -1.817404500000000089e+00 8.477187500000002082e-03 0.000000000000000000e+00 -2.106039524999999557e+01 1.365317499999999795e-01 1.098368116800000098e+04
2.060000000000000000e+04 1.195000000000000000e+04 -5.150000000000000000e+04 9.650029249999999337e+00 3.935406249999999495e-02 -3.935037562499999808e+00 9.961750000000000119e-03 -4.833308874999999283e+00 8.212687499999999502e-03 0.000000000000000000e+00 -2.111152118749999929e+01 1.347924375000000008e-01 3.625820759937500043e+03
2.060000000000000000e+04 1.195000000000000000e+04 -3.450000000000000000e+04 1.051013337499999878e+01 4.801131249999999323e-02 -3.856470999999999982e+00 1.078293750000000085e-02 -4.622799124999999343e+00 1.032618750000000030e-02 0.000000000000000000e+00 -2.111285625000000010e+01 1.536477499999999996e-01 7.824282773125000858e+03
2.060000000000000000e+04 1.195000000000000000e+04 -1.750000000000000000e+04 1.154558050000000158e+01 4.161587499999999662e-02 -3.927444187499999906e+00 9.259562499999998697e-03 -4.571180312499999232e+00 8.541062500000000043e-03 0.000000000000000000e+00 -2.104480574999999831e+01 1.521791874999999794e-01 1.202269465862499965e+04
2.490000000000000000e+04 -5.000000000000000000e+01 -5.150000000000000000e+04 8.654892750000000134e+00 4.139087500000000752e-02 -4.293968250000000708e+00 9.722562500000000302e-03 -2.707391937500000179e+00 8.748937500000001505e-03 0.000000000000000000e+00 -2.108838850000000065e+01 1.480789999999999884e-01 5.087053461875000266e+02
2.490000000000000000e+04 -5.000000000000000000e+01 -3.450000000000000000e+04 9.602300500000000127e+00 4.224931249999999694e-02 -4.351276625000000564e+00 9.410062500000001759e-03 -2.020101687499999521e+00 9.459562499999999222e-03 0.000000000000000000e+00 -2.116242650000000580e+01 1.515346249999999784e-01 4.707155046187500375e+03
2.490000000000000000e+04 -5.000000000000000000e+01 -1.750000000000000000e+04 1.060296699999999959e+01 3.720418749999999941e-02 -4.469762812500000848e+00 9.386937499999999449e-03 -1.470876062499999914e+00 8.491374999999998924e-03 0.000000000000000000e+00 -2.104703487500000492e+01 1.479569999999999774e-01 8.905606933812499847e+03
2.490000000000000000e+04 3.950000000000000000e+03 -5.150000000000000000e+04 8.406388937500000935e+00 4.378093749999999867e-02 -4.488247187499999846e+00 9.424250000000000335e-03 -1.973256249999999837e-02 7.917187500000000613e-03 0.000000000000000000e+00 -2.108019568749999806e+01 1.374831874999999926e-01 1.547737962874999766e+03
2.490000000000000000e+04 3.950000000000000000e+03 -3.450000000000000000e+04 9.368766312500000026e+00 4.621187499999999948e-02 -4.352071375000000408e+00 9.794749999999999637e-03 8.027161250000000026e-01 9.527125000000000871e-03 0.000000000000000000e+00 -2.114490568749999966e+01 1.515832500000000305e-01 5.746203851250000298e+03
2.490000000000000000e+04 3.950000000000000000e+03 -1.750000000000000000e+04 1.035230100000000064e+01 4.058368749999999997e-02 -4.392594937499999297e+00 8.717687499999999742e-03 1.522066312499999796e+00 8.572437499999998461e-03 0.000000000000000000e+00 -2.106567618750000292e+01 1.325278125000000085e-01 9.944652426437500253e+03
2.490000000000000000e+04 7.950000000000000000e+03 -5.150000000000000000e+04 9.362928437500000811e+00 4.244624999999999093e-02 -4.560319687499998942e+00 9.340687500000000032e-03 -2.454977125000000093e+00 8.877124999999999599e-03 0.000000000000000000e+00 -2.103447031249999455e+01 1.427951249999999950e-01 2.586783892812499744e+03
2.490000000000000000e+04 7.950000000000000000e+03 -3.450000000000000000e+04 1.030040637499999967e+01 4.945718750000000635e-02 -4.432993937500000037e+00 9.732874999999998472e-03 -2.034478500000000079e+00 1.044112500000000249e-02 0.000000000000000000e+00 -2.111692425000000384e+01 1.514872499999999900e-01 6.785242906124999536e+03
2.490000000000000000e+04 7.950000000000000000e+03 -1.750000000000000000e+04 1.132793887499999919e+01 4.159474999999999284e-02 -4.477116000000000540e+00 8.581562500000000648e-03 -1.868760312500000076e+00 8.702812500000000479e-03 0.000000000000000000e+00 -2.105891993750000424e+01 1.449053124999999942e-01 1.098368098043749706e+04
2.490000000000000000e+04 1.195000000000000000e+04 -5.150000000000000000e+04 9.677818750000000136e+00 3.801912500000000084e-02 -3.894753062499999974e+00 9.003874999999999726e-03 -5.368963062500000660e+00 8.415749999999999620e-03 0.000000000000000000e+00 -2.112097143749999972e+01 1.383516874999999868e-01 3.625820760062500085e+03
2.490000000000000000e+04 1.195000000000000000e+04 -3.450000000000000000e+04 1.053120793750000139e+01 4.922031249999999497e-02 -3.813847499999999613e+00 1.013025000000000037e-02 -5.212910124999999617e+00 9.772437500000001609e-03 0.000000000000000000e+00 -2.110709262499999994e+01 1.515777500000000388e-01 7.824282460624999658e+03
2.490000000000000000e+04 1.195000000000000000e+04 -1.750000000000000000e+04 1.155925331249999921e+01 4.384112499999999468e-02 -3.884292937499999709e+00 9.854875000000000787e-03 -5.238421187500000187e+00 8.224062500000000470e-03 0.000000000000000000e+00 -2.103322750000000241e+01 1.411503125000000136e-01 1.202269484612499946e+04
2.920000000000000000e+04 -5.000000000000000000e+01 -5.150000000000000000e+04 8.620454624999998927e+00 3.943200000000000177e-02 -4.040193000000000367e+00 9.413062500000001290e-03 -2.666629749999999799e+00 8.602874999999999411e-03 0.000000000000000000e+00 -2.109621756250000502e+01 1.479105625000000090e-01 5.087050961250000114e+02
2.920000000000000000e+04 -5.000000000000000000e+01 -3.450000000000000000e+04 9.554224562499999962e+00 4.411543749999998626e-02 -4.105356624999999759e+00 9.396812499999998916e-03 -1.935893624999999840e+00 8.846687500000000384e-03 0.000000000000000000e+00 -2.116238781250000045e+01 1.603698750000000228e-01 4.707155421312500948e+03
2.920000000000000000e+04 -5.000000000000000000e+01 -1.750000000000000000e+04 1.055601024999999815e+01 3.896381250000000018e-02 -4.227200999999999986e+00 9.835312500000000305e-03 -1.351154124999999873e+00 8.569687499999999181e-03 0.000000000000000000e+00 -2.105613356250000123e+01 1.528593749999999918e-01 8.905607621562498025e+03
2.920000000000000000e+04 3.950000000000000000e+03 -5.150000000000000000e+04 8.176428750000001244e+00 3.915249999999999286e-02 -4.400518874999999497e+00 9.332812500000000830e-03 5.029593749999999863e-01 8.537124999999999575e-03 0.000000000000000000e+00 -2.107707856249999878e+01 1.531193750000000020e-01 1.547737275375000081e+03
2.920000000000000000e+04 3.950000000000000000e+03 -3.450000000000000000e+04 9.117031687500000814e+00 4.675618749999999740e-02 -4.267928437500000172e+00 1.105887499999999926e-02 1.376385812500000139e+00 9.581437499999999677e-03 0.000000000000000000e+00 -2.113768762500000165e+01 1.550601875000000018e-01 5.746203913875000580e+03
2.920000000000000000e+04 3.950000000000000000e+03 -1.750000000000000000e+04 1.008474325000000071e+01 4.425149999999999917e-02 -4.304148687499999681e+00 9.034562500000000926e-03 2.163415937499999941e+00 7.935750000000000096e-03 0.000000000000000000e+00 -2.106256493749999947e+01 1.423827500000000301e-01 9.944652988999998342e+03
2.920000000000000000e+04 7.950000000000000000e+03 -5.150000000000000000e+04 9.348507999999998930e+00 4.415218750000000220e-02 -4.548876937500000217e+00 1.052187500000000171e-02 -2.422949000000000019e+00 9.027000000000000302e-03 0.000000000000000000e+00 -2.103500062500000212e+01 1.453609375000000092e-01 2.586783767875000194e+03
2.920000000000000000e+04 7.950000000000000000e+03 -3.450000000000000000e+04 1.028059725000000135e+01 4.560537500000000355e-02 -4.425483687499999874e+00 1.113050000000000150e-02 -2.033998125000000101e+00 1.018231250000000039e-02 0.000000000000000000e+00 -2.111262687500000013e+01 1.461660625000000269e-01 6.785242843749999338e+03
2.920000000000000000e+04 7.950000000000000000e+03 -1.750000000000000000e+04 1.129749631249999986e+01 4.166224999999999790e-02 -4.463049187500000237e+00 9.329624999999999377e-03 -1.882464062499999757e+00 8.397500000000000450e-03 0.000000000000000000e+00 -2.106327712499999905e+01 1.415464999999999918e-01 1.098368135556250127e+04
2.920000000000000000e+04 1.195000000000000000e+04 -5.150000000000000000e+04 9.698941062500001209e+00 4.074556249999999880e-02 -3.805715625000000379e+00 9.064062500000000938e-03 -5.885506062500000191e+00 8.083062499999999970e-03 0.000000000000000000e+00 -2.111537762499999715e+01 1.407539999999999902e-01 3.625821509999999762e+03
2.920000000000000000e+04 1.195000000000000000e+04 -3.450000000000000000e+04 1.053978150000000014e+01 4.955068750000000272e-02 -3.729436437499999979e+00 9.809500000000000511e-03 -5.800184062500000515e+00 9.988937499999999553e-03 0.000000000000000000e+00 -2.111652499999999932e+01 1.475681875000000032e-01 7.824282523187500374e+03
2.920000000000000000e+04 1.195000000000000000e+04 -1.750000000000000000e+04 1.155824606249999853e+01 4.683024999999999688e-02 -3.783444437500000035e+00 8.672625000000001513e-03 -5.904523624999999498e+00 8.636062500000001377e-03 0.000000000000000000e+00 -2.104462387500000276e+01 1.441671250000000071e-01 1.202269409612500203e+04
3.350000000000000000e+04 -5.000000000000000000e+01 -5.150000000000000000e+04 8.572310562500000231e+00 4.198787500000000089e-02 -3.752949249999999903e+00 9.495062500000000030e-03 -2.638443812499999375e+00 8.932562499999999531e-03 0.000000000000000000e+00 -2.108468124999999560e+01 1.487813124999999848e-01 5.087057836875000021e+02
3.350000000000000000e+04 -5.000000000000000000e+01 -3.450000000000000000e+04 9.508632125000000102e+00 4.322518749999999799e-02 -3.820668374999999006e+00 9.628437499999999843e-03 -1.877594124999999670e+00 9.017937499999998177e-03 0.000000000000000000e+00 -2.114617231249999918e+01 1.584296874999999993e-01 4.707156921374999911e+03
3.350000000000000000e+04 -5.000000000000000000e+01 -1.750000000000000000e+04 1.050308231250000190e+01 3.950925000000000270e-02 -3.934224937499999797e+00 9.306812500000000848e-03 -1.243813562500000414e+00 8.173562500000000272e-03 0.000000000000000000e+00 -2.105053668750000284e+01 1.479671250000000049e-01 8.905607871750000413e+03
3.350000000000000000e+04 3.950000000000000000e+03 -5.150000000000000000e+04 7.936262874999998829e+00 4.148800000000000404e-02 -4.300611875000000417e+00 8.736125000000000834e-03 9.892278749999999787e-01 8.669125000000001482e-03 0.000000000000000000e+00 -2.106934793749999812e+01 1.377493750000000072e-01 1.547738025500000049e+03
3.350000000000000000e+04 3.950000000000000000e+03 -3.450000000000000000e+04 8.857739562500000829e+00 4.635056250000000461e-02 -4.158197937499999775e+00 1.007187500000000097e-02 1.926732374999999831e+00 8.981437500000001573e-03 0.000000000000000000e+00 -2.112872306250000065e+01 1.424729999999999885e-01 5.746204538937499819e+03
3.350000000000000000e+04 3.950000000000000000e+03 -1.750000000000000000e+04 9.807437874999999750e+00 4.147818749999999249e-02 -4.173410125000000193e+00 9.177062499999999456e-03 2.783123187499999762e+00 7.819812500000000374e-03 0.000000000000000000e+00 -2.106116412500000123e+01 1.402674375000000084e-01 9.944652801500002170e+03
3.350000000000000000e+04 7.950000000000000000e+03 -5.150000000000000000e+04 9.337384312499999339e+00 4.383318749999998848e-02 -4.514987687500000568e+00 9.506999999999998091e-03 -2.365618624999999753e+00 8.219374999999999251e-03 0.000000000000000000e+00 -2.103425856249999626e+01 1.452081249999999935e-01 2.586784330437500103e+03
3.350000000000000000e+04 7.950000000000000000e+03 -3.450000000000000000e+04 1.025861612499999964e+01 4.755393750000000419e-02 -4.365660625000000294e+00 1.104656250000000083e-02 -2.021311187500000273e+00 9.466999999999999721e-03 0.000000000000000000e+00 -2.111999993750000115e+01 1.483958125000000017e-01 6.785243030999999974e+03
3.350000000000000000e+04 7.950000000000000000e+03 -1.750000000000000000e+04 1.127437800000000223e+01 4.240112499999999784e-02 -4.402402562499999839e+00 8.181375000000001146e-03 -1.894919812499999967e+00 8.058124999999999316e-03 0.000000000000000000e+00 -2.105339768750000218e+01 1.368334999999999968e-01 1.098368123056249897e+04
3.350000000000000000e+04 1.195000000000000000e+04 -5.150000000000000000e+04 9.714275500000001173e+00 3.605406250000001145e-02 -3.679154812500000205e+00 8.685125000000000137e-03 -6.375564562499999255e+00 7.770624999999999755e-03 0.000000000000000000e+00 -2.112128731250000158e+01 1.443135625000000200e-01 3.625822072500000559e+03
3.350000000000000000e+04 1.195000000000000000e+04 -3.450000000000000000e+04 1.053658250000000152e+01 4.792812499999999504e-02 -3.586565812499999950e+00 1.059037500000000256e-02 -6.367210999999999288e+00 9.694437499999999930e-03 0.000000000000000000e+00 -2.110176081250000024e+01 1.514800625000000123e-01 7.824283210687499377e+03
3.350000000000000000e+04 1.195000000000000000e+04 -1.750000000000000000e+04 1.153961093749999911e+01 4.301562500000000178e-02 -3.644742749999999365e+00 1.001075000000000055e-02 -6.543418875000000412e+00 8.910499999999998283e-03 0.000000000000000000e+00 -2.104833424999999636e+01 1.543191874999999824e-01 1.202269397118749839e+04
