0.000000000000000000e+00 -3.950000000000000000e+03 -5.865400000000000000e+04 -1.363680433333333220e+01 6.548299999999999954e-02 6.962032000000000664e+00 1.456933333333333171e-02 -5.828936666666666433e-01 3.608566666666666173e-02 0.000000000000000000e+00 -2.728814233333333661e+01 4.217533333333333551e-02 2.388082257666666919e+03
0.000000000000000000e+00 5.000000000000000000e+01 -5.865400000000000000e+04 -1.386152933333333159e+01 7.561800000000000466e-02 6.773772999999999378e+00 1.305533333333333372e-02 -9.149133333333333562e-01 1.204833333333333450e-02 0.000000000000000000e+00 -2.731202700000000050e+01 5.728333333333333194e-02 3.011961941333333471e+03
0.000000000000000000e+00 4.050000000000000000e+03 -5.865400000000000000e+04 -1.443130900000000061e+01 7.136566666666666059e-02 6.383801000000000947e+00 1.243933333333333176e-02 -3.502119999999999678e-01 3.322400000000000353e-02 0.000000000000000000e+00 -2.736268633333333256e+01 6.510599999999999721e-02 1.108576407333333236e+03
0.000000000000000000e+00 8.050000000000000000e+03 -5.865400000000000000e+04 -1.450778299999999810e+01 7.801999999999999214e-02 5.642011666666665981e+00 1.265200000000000179e-02 -1.005923333333333253e-01 1.341799999999999937e-02 0.000000000000000000e+00 -2.731010666666666609e+01 5.704099999999998755e-02 1.732296748666666645e+03
4.000000000000000000e+03 -3.950000000000000000e+03 -5.865400000000000000e+04 -1.386000066666666619e+01 6.946933333333332738e-02 6.928843666666666401e+00 1.390266666666666734e-02 -1.281628333333333147e+00 4.258833333333333915e-02 0.000000000000000000e+00 -2.731291966666666937e+01 6.607966666666666156e-02 2.396478737333333356e+03
4.000000000000000000e+03 5.000000000000000000e+01 -5.865400000000000000e+04 -1.381841733333333444e+01 8.494166666666665144e-02 6.694941666666667679e+00 1.329233333333333482e-02 -7.352203333333333646e-01 1.292366666666666664e-02 0.000000000000000000e+00 -2.729197000000000273e+01 5.145533333333333209e-02 3.020327419333333182e+03
4.000000000000000000e+03 4.050000000000000000e+03 -5.865400000000000000e+04 -1.419293900000000086e+01 8.622633333333333538e-02 6.444705666666666666e+00 1.198133333333333168e-02 2.846106666666666785e-01 3.556933333333333475e-02 0.000000000000000000e+00 -2.734786633333333228e+01 6.377500000000001223e-02 1.116942219000000250e+03
4.000000000000000000e+03 8.050000000000000000e+03 -5.865400000000000000e+04 -1.447517400000000087e+01 7.540033333333333310e-02 5.840234999999999843e+00 1.308800000000000067e-02 -2.890490000000000004e-01 1.214433333333333337e-02 0.000000000000000000e+00 -2.728854966666666826e+01 5.764466666666665656e-02 1.740658560333333298e+03
8.000000000000000000e+03 -3.950000000000000000e+03 -5.865400000000000000e+04 -1.406159933333333356e+01 7.471466666666666534e-02 6.928866999999999443e+00 1.456566666666666600e-02 -1.853793999999999942e+00 3.947400000000000214e-02 0.000000000000000000e+00 -2.735782500000000184e+01 5.644333333333333841e-02 2.404839548999999806e+03
8.000000000000000000e+03 5.000000000000000000e+01 -5.865400000000000000e+04 -1.382212166666666597e+01 7.195700000000000707e-02 6.547391000000000183e+00 1.422499999999999980e-02 -7.032929999999999460e-01 1.040566666666666723e-02 0.000000000000000000e+00 -2.731143600000000049e+01 5.832699999999999690e-02 3.028690565000000333e+03
8.000000000000000000e+03 4.050000000000000000e+03 -5.865400000000000000e+04 -1.393551500000000054e+01 7.454566666666667674e-02 6.485143333333333260e+00 1.163133333333333380e-02 8.498760000000000758e-01 2.987099999999999825e-02 0.000000000000000000e+00 -2.737059200000000203e+01 5.151633333333333065e-02 1.125309030666666558e+03
8.000000000000000000e+03 8.050000000000000000e+03 -5.865400000000000000e+04 -1.441776033333333373e+01 7.136933333333332630e-02 6.008119333333333145e+00 1.629966666666666716e-02 -2.798459999999999837e-01 1.222533333333333284e-02 0.000000000000000000e+00 -2.731097733333333011e+01 4.796266666666666040e-02 1.749023038999999926e+03
1.200000000000000000e+04 -3.950000000000000000e+03 -5.865400000000000000e+04 -1.419687066666666730e+01 8.011866666666667136e-02 6.919617999999999824e+00 1.272266666666666685e-02 -2.437980999999999732e+00 2.657200000000000187e-02 0.000000000000000000e+00 -2.732043299999999775e+01 5.210866666666667119e-02 2.413199360333333516e+03
1.200000000000000000e+04 5.000000000000000000e+01 -5.865400000000000000e+04 -1.385324033333333205e+01 8.706399999999998862e-02 6.424561333333333124e+00 1.432033333333333248e-02 -6.826816666666667421e-01 1.253133333333333183e-02 0.000000000000000000e+00 -2.736788500000000113e+01 4.885633333333333495e-02 3.037052709666666487e+03
1.200000000000000000e+04 4.050000000000000000e+03 -5.865400000000000000e+04 -1.362384099999999876e+01 7.696100000000000163e-02 6.521695333333333622e+00 1.533533333333333450e-02 1.397259333333333187e+00 3.028766666666666760e-02 0.000000000000000000e+00 -2.737159499999999923e+01 6.251666666666666483e-02 1.133675842666666767e+03
1.200000000000000000e+04 8.050000000000000000e+03 -5.865400000000000000e+04 -1.438694433333333222e+01 8.461699999999999777e-02 6.196585333333334056e+00 1.173933333333333252e-02 -2.427040000000000031e-01 1.226833333333333248e-02 0.000000000000000000e+00 -2.734325000000000117e+01 5.478766666666665813e-02 1.757387517333333335e+03
1.600000000000000000e+04 -3.950000000000000000e+03 -5.865400000000000000e+04 -1.433078466666666628e+01 7.561400000000000066e-02 6.919216333333333857e+00 1.648799999999999918e-02 -3.015321999999999836e+00 2.390466666666666781e-02 0.000000000000000000e+00 -2.732101600000000019e+01 5.358699999999999575e-02 2.421561838999999964e+03
1.600000000000000000e+04 5.000000000000000000e+01 -5.865400000000000000e+04 -1.373592833333333374e+01 7.428500000000000381e-02 6.254422000000000814e+00 1.370633333333333426e-02 -6.729013333333333513e-01 1.037199999999999928e-02 0.000000000000000000e+00 -2.728865199999999902e+01 5.405033333333333218e-02 3.045415188000000398e+03
1.600000000000000000e+04 4.050000000000000000e+03 -5.865400000000000000e+04 -1.325879499999999922e+01 7.174399999999998834e-02 6.577305666666666717e+00 1.281866666666666571e-02 1.961496666666666444e+00 3.771866666666667117e-02 0.000000000000000000e+00 -2.731642633333332881e+01 5.390066666666667311e-02 1.142041654333333327e+03
1.600000000000000000e+04 8.050000000000000000e+03 -5.865400000000000000e+04 -1.434882199999999841e+01 8.078233333333333099e-02 6.361665666666667107e+00 1.295433333333333159e-02 -2.394833333333333536e-01 1.257633333333333346e-02 0.000000000000000000e+00 -2.736865633333333392e+01 6.416333333333333611e-02 1.765752662333333319e+03
2.000000000000000000e+04 -3.950000000000000000e+03 -5.865400000000000000e+04 -1.448249500000000012e+01 7.727966666666667706e-02 6.839461000000000013e+00 1.410533333333333257e-02 -3.603181666666666505e+00 2.732633333333333095e-02 0.000000000000000000e+00 -2.733474933333333468e+01 5.308166666666666589e-02 2.429926984333333621e+03
2.000000000000000000e+04 5.000000000000000000e+01 -5.865400000000000000e+04 -1.377888266666666617e+01 8.299666666666666304e-02 6.003515000000000157e+00 1.340500000000000025e-02 -6.596609999999999419e-01 1.178566666666666651e-02 0.000000000000000000e+00 -2.729632799999999904e+01 4.775933333333334113e-02 3.053777332999999999e+03
2.000000000000000000e+04 4.050000000000000000e+03 -5.865400000000000000e+04 -1.296190966666666533e+01 6.752133333333333598e-02 6.557393000000000249e+00 1.309966666666666744e-02 2.505245000000000388e+00 3.611099999999999727e-02 0.000000000000000000e+00 -2.735024866666666910e+01 5.595666666666666150e-02 1.150404465999999957e+03
2.000000000000000000e+04 8.050000000000000000e+03 -5.865400000000000000e+04 -1.431008799999999859e+01 8.007866666666667299e-02 6.458279333333333483e+00 1.331966666666666715e-02 -2.007480000000000098e-01 1.261166666666666686e-02 0.000000000000000000e+00 -2.738053933333333134e+01 4.971966666666666201e-02 1.774115140333333329e+03
2.400000000000000000e+04 -3.950000000000000000e+03 -5.865400000000000000e+04 -1.464079300000000039e+01 6.317633333333333434e-02 6.748535333333333774e+00 1.490233333333333167e-02 -4.166009999999999991e+00 3.445233333333333481e-02 0.000000000000000000e+00 -2.736384499999999775e+01 5.509533333333332950e-02 2.438292796000000180e+03
2.400000000000000000e+04 5.000000000000000000e+01 -5.865400000000000000e+04 -1.367912566666666585e+01 7.225900000000000378e-02 5.736060333333333539e+00 1.280133333333333297e-02 -6.335629999999999873e-01 1.247299999999999798e-02 0.000000000000000000e+00 -2.725080300000000122e+01 4.618499999999999689e-02 3.062136144666666496e+03
2.400000000000000000e+04 4.050000000000000000e+03 -5.865400000000000000e+04 -1.258613299999999846e+01 7.340833333333333932e-02 6.526493666666667082e+00 1.213700000000000022e-02 3.042157000000000000e+00 3.708833333333333426e-02 0.000000000000000000e+00 -2.730051000000000272e+01 5.886233333333332901e-02 1.158765944333333437e+03
2.400000000000000000e+04 8.050000000000000000e+03 -5.865400000000000000e+04 -1.415372066666666662e+01 8.352599999999998914e-02 6.529395666666666820e+00 1.248933333333333319e-02 -1.616843333333333466e-01 1.297666666666666586e-02 0.000000000000000000e+00 -2.732312833333333302e+01 5.620599999999999902e-02 1.782481285333333290e+03
2.800000000000000000e+04 -3.950000000000000000e+03 -5.865400000000000000e+04 -1.475198933333333251e+01 6.247500000000000275e-02 6.591584000000000110e+00 1.479099999999999859e-02 -4.689816333333332921e+00 3.796499999999999875e-02 0.000000000000000000e+00 -2.732822600000000079e+01 5.625499999999999945e-02 2.446656607666666787e+03
2.800000000000000000e+04 5.000000000000000000e+01 -5.865400000000000000e+04 -1.371996099999999963e+01 7.816366666666667296e-02 5.412853333333333516e+00 1.539299999999999870e-02 -6.248449999999999838e-01 1.205500000000000148e-02 0.000000000000000000e+00 -2.725962633333333329e+01 5.526733333333333498e-02 3.070499955999999656e+03
2.800000000000000000e+04 4.050000000000000000e+03 -5.865400000000000000e+04 -1.232777666666666683e+01 7.067666666666666542e-02 6.475361666666667126e+00 1.485500000000000015e-02 3.560965666666666696e+00 2.837433333333333474e-02 0.000000000000000000e+00 -2.737106366666666801e+01 5.323433333333332795e-02 1.167130423333333283e+03
2.800000000000000000e+04 8.050000000000000000e+03 -5.865400000000000000e+04 -1.417786199999999930e+01 8.325200000000000655e-02 6.544407999999999781e+00 1.316433333333333344e-02 -1.099583333333333385e-01 1.192266666666666648e-02 0.000000000000000000e+00 -2.739696333333333200e+01 6.061433333333333257e-02 1.790844430333333548e+03
