0.000000000000000000e+00 4.050000000000000000e+03 -7.000000000000000000e+04 -1.374594799999999850e+01 5.974800000000000250e-02 6.457560666666665838e+00 1.327833333333333123e-02 -7.316960000000000131e-01 2.902399999999999772e-02 0.000000000000000000e+00 -2.735660766666666532e+01 5.962266666666666409e-02 3.782583020000000147e+02
0.000000000000000000e+00 4.050000000000000000e+03 -6.650000000000000000e+04 -1.388241733333333450e+01 5.333866666666666617e-02 6.434803999999999746e+00 1.103799999999999920e-02 -7.010343333333333149e-01 2.709300000000000250e-02 0.000000000000000000e+00 -2.731946133333333293e+01 4.947333333333333444e-02 3.864577713333333122e+02
0.000000000000000000e+00 4.050000000000000000e+03 -6.300000000000000000e+04 -1.412361499999999914e+01 4.591066666666666213e-02 6.415171333333333337e+00 8.118666666666668127e-03 -5.472573333333333734e-01 2.901266666666666924e-02 0.000000000000000000e+00 -2.736533200000000576e+01 5.346833333333333993e-02 3.946462393333333125e+02
0.000000000000000000e+00 4.050000000000000000e+03 -5.950000000000000000e+04 -1.425622633333333233e+01 4.727966666666666429e-02 6.411209666666667140e+00 1.034933333333333365e-02 -4.056983333333333275e-01 2.433200000000000293e-02 0.000000000000000000e+00 -2.729355833333333337e+01 5.005399999999999433e-02 4.028410413333333508e+02
0.000000000000000000e+00 4.050000000000000000e+03 -5.600000000000000000e+04 -1.447951199999999972e+01 6.577900000000000413e-02 6.402196666666665870e+00 1.198799999999999866e-02 -2.646723333333333428e-01 3.662333333333333413e-02 0.000000000000000000e+00 -2.729081466666666600e+01 6.437199999999999867e-02 4.110355103333333204e+02
0.000000000000000000e+00 4.050000000000000000e+03 -5.250000000000000000e+04 -1.471322500000000133e+01 5.568999999999999645e-02 6.405584333333333547e+00 1.039966666666666643e-02 -1.325280000000000069e-01 3.365900000000000142e-02 0.000000000000000000e+00 -2.729434100000000285e+01 6.403199999999999170e-02 4.192296453333333375e+02
0.000000000000000000e+00 4.050000000000000000e+03 -4.900000000000000000e+04 -1.494956499999999977e+01 4.513766666666666622e-02 6.425128333333333330e+00 7.518666666666666554e-03 1.815000000000000641e-03 2.686033333333333328e-02 0.000000000000000000e+00 -2.733351966666666399e+01 4.907966666666666727e-02 4.274231143333333307e+02
0.000000000000000000e+00 4.050000000000000000e+03 -4.550000000000000000e+04 -1.517962366666666618e+01 4.518533333333333429e-02 6.434929666666666215e+00 9.132333333333334316e-03 1.332953333333333212e-01 3.343499999999999944e-02 0.000000000000000000e+00 -2.733454799999999807e+01 5.397966666666666885e-02 4.356172493333333477e+02
0.000000000000000000e+00 4.050000000000000000e+03 -4.200000000000000000e+04 -1.538938633333333250e+01 6.142266666666666014e-02 6.476414000000001003e+00 1.259733333333333365e-02 2.819769999999999777e-01 3.199833333333333002e-02 0.000000000000000000e+00 -2.731359833333333142e+01 5.474866666666666770e-02 4.438097179999999753e+02
0.000000000000000000e+00 4.050000000000000000e+03 -3.850000000000000000e+04 -1.564165733333333463e+01 5.865466666666666745e-02 6.489187333333333640e+00 1.052466666666666655e-02 4.152309999999999612e-01 3.092066666666666921e-02 0.000000000000000000e+00 -2.732806899999999928e+01 4.814266666666666694e-02 4.520035200000000373e+02
0.000000000000000000e+00 4.050000000000000000e+03 -3.500000000000000000e+04 -1.590935633333333321e+01 4.389133333333333775e-02 6.498393000000000086e+00 7.701666666666666557e-03 5.611953333333333793e-01 3.064000000000000057e-02 0.000000000000000000e+00 -2.736456666666666493e+01 5.453333333333332950e-02 4.602093226666666510e+02
