3.400000000000000000e+03 -3.850000000000000000e+03 -7.203200000000000000e+04 2.477029574999999895e+01 6.887737499999999069e-02 4.275416249999999252e+00 1.480375000000000094e-02 -2.781956125000000224e+00 1.529824999999999935e-02 1.000000000000000000e+00 9.150194750000000710e+00 4.032625000000000098e-02 4.682834092749999400e+03
3.400000000000000000e+03 -3.850000000000000000e+03 -5.203200000000000000e+04 2.364422887500000314e+01 8.658512500000001277e-02 4.543708374999999577e+00 1.533112499999999927e-02 -2.657403750000000286e+00 1.796074999999999755e-02 1.000000000000000000e+00 9.183978375000000582e+00 4.574762500000000010e-02 9.570332141625000077e+03
3.400000000000000000e+03 -3.850000000000000000e+03 -3.203200000000000000e+04 2.237319262500000150e+01 6.704312499999999508e-02 4.854015125000000097e+00 1.581000000000000114e-02 -2.206832875000000360e+00 1.908100000000000074e-02 1.000000000000000000e+00 9.221629000000000076e+00 4.304424999999999918e-02 1.445771205875000123e+04
3.400000000000000000e+03 1.500000000000000000e+02 -7.203200000000000000e+04 2.462889537500000259e+01 6.474812500000000359e-02 5.546433749999999385e+00 1.365424999999999972e-02 -2.173474125000000257e+00 1.176499999999999942e-02 1.000000000000000000e+00 9.164566875000000223e+00 4.143625000000000086e-02 5.898832268875000409e+03
3.400000000000000000e+03 1.500000000000000000e+02 -5.203200000000000000e+04 2.350652850000000171e+01 7.563399999999999290e-02 5.748332499999999179e+00 1.442387499999999920e-02 -1.895525750000000009e+00 1.471949999999999821e-02 1.000000000000000000e+00 9.185158749999999372e+00 4.527099999999999874e-02 1.078617818412499946e+04
3.400000000000000000e+03 1.500000000000000000e+02 -3.203200000000000000e+04 2.224681962500000054e+01 6.512375000000000802e-02 5.849178750000000093e+00 1.486650000000000124e-02 -1.557598249999999851e+00 1.421724999999999899e-02 1.000000000000000000e+00 9.244320374999999146e+00 4.165075000000000027e-02 1.567352122412499921e+04
3.400000000000000000e+03 4.150000000000000000e+03 -7.203200000000000000e+04 2.431764537500000145e+01 6.551274999999999460e-02 5.140444624999999768e+00 1.463812500000000183e-02 -3.447945124999999500e+00 1.461075000000000221e-02 1.000000000000000000e+00 9.164572374999998772e+00 3.952737500000000348e-02 2.230876223750000008e+03
3.400000000000000000e+03 4.150000000000000000e+03 -5.203200000000000000e+04 2.290352362500000183e+01 7.766712499999998964e-02 6.848324375000000686e+00 1.583487499999999826e-02 -2.478083625000000456e+00 1.584662499999999960e-02 1.000000000000000000e+00 9.171941874999998134e+00 4.234112499999999335e-02 7.118588909875000354e+03
3.400000000000000000e+03 4.150000000000000000e+03 -3.203200000000000000e+04 2.187007450000000119e+01 6.512924999999999964e-02 6.028889125000000071e+00 1.330337499999999923e-02 -2.101906500000000122e+00 1.604887500000000064e-02 1.000000000000000000e+00 9.174317124999999962e+00 4.520475000000000187e-02 1.200601270462499997e+04
3.400000000000000000e+03 8.150000000000000000e+03 -7.203200000000000000e+04 2.409283412500000310e+01 6.438425000000000398e-02 5.805248374999999683e+00 1.468612499999999779e-02 -3.745303624999999581e+00 1.336700000000000214e-02 1.000000000000000000e+00 9.154244500000000784e+00 4.113524999999999820e-02 3.446788395125000079e+03
3.400000000000000000e+03 8.150000000000000000e+03 -5.203200000000000000e+04 2.291119762500000689e+01 7.544387499999999358e-02 6.345905000000000129e+00 1.414775000000000234e-02 -3.334815624999999617e+00 1.332812500000000143e-02 1.000000000000000000e+00 9.175996249999998966e+00 4.130287500000000278e-02 8.334476204749998942e+03
3.400000000000000000e+03 8.150000000000000000e+03 -3.203200000000000000e+04 2.165089437500000003e+01 6.301075000000000426e-02 6.400889874999999840e+00 1.213599999999999748e-02 -2.879415875000000291e+00 1.215437500000000025e-02 1.000000000000000000e+00 9.187060000000000670e+00 4.100412500000000238e-02 1.322190612487500039e+04
6.400000000000000000e+03 -3.850000000000000000e+03 -7.203200000000000000e+04 2.468489824999999982e+01 7.273837499999999401e-02 4.305071249999999239e+00 1.477175000000000016e-02 -3.090173125000000187e+00 1.226425000000000085e-02 1.000000000000000000e+00 9.181101874999999524e+00 1.689449999999999980e-02 4.682838217874999827e+03
6.400000000000000000e+03 -3.850000000000000000e+03 -5.203200000000000000e+04 2.354910575000000250e+01 7.816100000000000825e-02 4.564415624999999643e+00 1.622175000000000006e-02 -3.048358375000000287e+00 1.309587499999999814e-02 1.000000000000000000e+00 9.221530499999998298e+00 2.010162500000000144e-02 9.570343767124999431e+03
6.400000000000000000e+03 -3.850000000000000000e+03 -3.203200000000000000e+04 2.227181174999999769e+01 7.474237499999999979e-02 4.853877750000000546e+00 1.586462500000000025e-02 -2.672894374999999823e+00 1.455549999999999899e-02 1.000000000000000000e+00 9.250557875000000152e+00 2.079374999999999973e-02 1.445772443449999810e+04
6.400000000000000000e+03 1.500000000000000000e+02 -7.203200000000000000e+04 2.461968000000000245e+01 6.962287500000000073e-02 5.481560625000000186e+00 1.335375000000000104e-02 -2.212119250000000203e+00 1.140787499999999961e-02 1.000000000000000000e+00 9.200208999999999193e+00 1.675600000000000006e-02 5.898856645249999929e+03
6.400000000000000000e+03 1.500000000000000000e+02 -5.203200000000000000e+04 2.350052162500000108e+01 7.517162500000000580e-02 5.697031125000000529e+00 1.436200000000000150e-02 -1.928395124999999988e+00 1.492950000000000006e-02 1.000000000000000000e+00 9.222552624999998727e+00 1.994299999999999892e-02 1.078618930974999967e+04
6.400000000000000000e+03 1.500000000000000000e+02 -3.203200000000000000e+04 2.223465437499999808e+01 6.805299999999998850e-02 5.785478999999999594e+00 1.649537499999999962e-02 -1.544453750000000181e+00 1.532987499999999975e-02 1.000000000000000000e+00 9.276879000000000985e+00 2.100912500000000002e-02 1.567353384975000154e+04
6.400000000000000000e+03 4.150000000000000000e+03 -7.203200000000000000e+04 2.440291162499999800e+01 6.851100000000000245e-02 5.167295249999999562e+00 1.385750000000000176e-02 -3.201189624999999594e+00 1.240387499999999997e-02 1.000000000000000000e+00 9.199244375000001028e+00 1.677162500000000181e-02 2.230889099375000114e+03
6.400000000000000000e+03 4.150000000000000000e+03 -5.203200000000000000e+04 2.298955924999999922e+01 7.004575000000000384e-02 6.854503249999998715e+00 1.438574999999999923e-02 -2.093712875000000029e+00 1.289262499999999957e-02 1.000000000000000000e+00 9.199945124999999280e+00 2.397262499999999741e-02 7.118602160500000537e+03
6.400000000000000000e+03 4.150000000000000000e+03 -3.203200000000000000e+04 2.195716387499999911e+01 6.861062500000000841e-02 6.037216500000001318e+00 1.400699999999999862e-02 -1.662304124999999910e+00 1.286137500000000128e-02 1.000000000000000000e+00 9.202302499999998275e+00 2.395462499999999675e-02 1.200598232787500092e+04
6.400000000000000000e+03 8.150000000000000000e+03 -7.203200000000000000e+04 2.411057312499999838e+01 6.221250000000000391e-02 5.874421500000000407e+00 1.386800000000000012e-02 -3.718990749999999679e+00 1.214874999999999809e-02 1.000000000000000000e+00 9.186548000000000158e+00 1.918225000000000138e-02 3.446800020874999973e+03
6.400000000000000000e+03 8.150000000000000000e+03 -5.203200000000000000e+04 2.293846975000000299e+01 7.262637500000000690e-02 6.418985250000000420e+00 1.699874999999999997e-02 -3.284616249999999571e+00 1.352925000000000134e-02 1.000000000000000000e+00 9.213067875000000129e+00 2.285812499999999997e-02 8.334476204874999894e+03
6.400000000000000000e+03 8.150000000000000000e+03 -3.203200000000000000e+04 2.167330037500000017e+01 6.380125000000000379e-02 6.461458499999999994e+00 1.376325000000000118e-02 -2.885650625000000247e+00 1.221887500000000057e-02 1.000000000000000000e+00 9.213553624999999414e+00 2.094837499999999825e-02 1.322191862537499765e+04
9.400000000000000000e+03 -3.850000000000000000e+03 -7.203200000000000000e+04 2.459758237499999822e+01 6.897024999999999684e-02 4.212814999999999976e+00 1.455524999999999874e-02 -3.575270375000000111e+00 1.408475000000000005e-02 1.000000000000000000e+00 9.184341250000001011e+00 1.698150000000000007e-02 4.682837093000000095e+03
9.400000000000000000e+03 -3.850000000000000000e+03 -5.203200000000000000e+04 2.346786787499999960e+01 8.415949999999999820e-02 4.477154374999999575e+00 1.606000000000000136e-02 -3.538856875000000013e+00 1.412299999999999840e-02 1.000000000000000000e+00 9.215393000000000612e+00 2.331375000000000114e-02 9.570343767375001335e+03
9.400000000000000000e+03 -3.850000000000000000e+03 -3.203200000000000000e+04 2.218557250000000280e+01 7.544412500000000077e-02 4.800078499999999693e+00 1.404350000000000043e-02 -3.219394124999999995e+00 1.569225000000000134e-02 1.000000000000000000e+00 9.250949124999999995e+00 1.995812500000000017e-02 1.445772443449999992e+04
9.400000000000000000e+03 1.500000000000000000e+02 -7.203200000000000000e+04 2.462104587500000008e+01 6.662837500000000357e-02 5.365930625000000731e+00 1.309449999999999850e-02 -2.225955874999999917e+00 1.131425000000000139e-02 1.000000000000000000e+00 9.197453250000000580e+00 1.899825000000000125e-02 5.898859520500000144e+03
9.400000000000000000e+03 1.500000000000000000e+02 -5.203200000000000000e+04 2.348977775000000179e+01 7.284837499999999300e-02 5.578262875000000065e+00 1.442112499999999992e-02 -1.882606999999999919e+00 1.389549999999999987e-02 1.000000000000000000e+00 9.206990000000001118e+00 2.365225000000000313e-02 1.078618918474999919e+04
9.400000000000000000e+03 1.500000000000000000e+02 -3.203200000000000000e+04 2.222464824999999777e+01 6.439999999999999891e-02 5.686867874999999906e+00 1.593887499999999818e-02 -1.505549625000000002e+00 1.460249999999999916e-02 1.000000000000000000e+00 9.271872124999999798e+00 2.191587499999999786e-02 1.567353409987500163e+04
9.400000000000000000e+03 4.150000000000000000e+03 -7.203200000000000000e+04 2.454606500000000224e+01 6.549737500000001045e-02 5.139010374999999797e+00 1.383799999999999961e-02 -2.687601875000000362e+00 1.138674999999999757e-02 1.000000000000000000e+00 9.193993375000001578e+00 1.720737500000000045e-02 2.230889349500000208e+03
9.400000000000000000e+03 4.150000000000000000e+03 -5.203200000000000000e+04 2.310814750000000117e+01 7.032850000000000212e-02 6.826954999999999885e+00 1.524912500000000226e-02 -1.625005500000000103e+00 1.224487499999999882e-02 1.000000000000000000e+00 9.204676124999998876e+00 2.316987499999999950e-02 7.118602035874999274e+03
9.400000000000000000e+03 4.150000000000000000e+03 -3.203200000000000000e+04 2.208490737500000023e+01 6.461487500000000217e-02 5.991683250000000349e+00 1.331500000000000045e-02 -1.083388374999999959e+00 1.309587499999999988e-02 1.000000000000000000e+00 9.204091374999999076e+00 2.225125000000000020e-02 1.200597882762500012e+04
9.400000000000000000e+03 8.150000000000000000e+03 -7.203200000000000000e+04 2.414516675000000134e+01 6.253499999999999337e-02 5.919750249999999880e+00 1.297099999999999989e-02 -3.700323499999999655e+00 1.207037500000000124e-02 1.000000000000000000e+00 9.177960875000000129e+00 1.740200000000000080e-02 3.446810771375000513e+03
9.400000000000000000e+03 8.150000000000000000e+03 -5.203200000000000000e+04 2.296470412500000080e+01 7.301950000000001495e-02 6.426819500000000573e+00 1.703375000000000028e-02 -3.315791374999999874e+00 1.322587500000000152e-02 1.000000000000000000e+00 9.211417000000000854e+00 2.296700000000000130e-02 8.334481955125000241e+03
9.400000000000000000e+03 8.150000000000000000e+03 -3.203200000000000000e+04 2.169438762499999740e+01 6.586837500000000678e-02 6.477487999999999246e+00 1.403725000000000112e-02 -2.927609249999999719e+00 1.215837499999999904e-02 1.000000000000000000e+00 9.216032000000000224e+00 2.118099999999999844e-02 1.322193212612499883e+04
1.240000000000000000e+04 -3.850000000000000000e+03 -7.203200000000000000e+04 2.452865812499999976e+01 7.103962499999999514e-02 4.119816000000000145e+00 1.618787499999999741e-02 -4.049736874999999792e+00 1.392787500000000102e-02 1.000000000000000000e+00 9.186279000000000750e+00 1.649387499999999812e-02 4.682836717750000389e+03
1.240000000000000000e+04 -3.850000000000000000e+03 -5.203200000000000000e+04 2.340358050000000034e+01 8.288424999999999265e-02 4.397825249999999464e+00 1.681274999999999784e-02 -4.025379625000000239e+00 1.506812499999999992e-02 1.000000000000000000e+00 9.220606749999999963e+00 1.919812499999999644e-02 9.570343517249999422e+03
1.240000000000000000e+04 -3.850000000000000000e+03 -3.203200000000000000e+04 2.212347337499999966e+01 7.272162499999999807e-02 4.708130124999999389e+00 1.622550000000000034e-02 -3.782101125000000064e+00 1.416937500000000141e-02 1.000000000000000000e+00 9.254040124999999506e+00 1.703337499999999990e-02 1.445772405925000021e+04
1.240000000000000000e+04 1.500000000000000000e+02 -7.203200000000000000e+04 2.463556637500000335e+01 5.918812499999999421e-02 5.215154375000000009e+00 1.209612499999999924e-02 -2.248679375000000036e+00 1.154012499999999830e-02 1.000000000000000000e+00 9.194042124999999288e+00 1.824325000000000252e-02 5.898858895374999520e+03
1.240000000000000000e+04 1.500000000000000000e+02 -5.203200000000000000e+04 2.348284137499999602e+01 7.958075000000000565e-02 5.456334249999999386e+00 1.511662500000000159e-02 -1.871111750000000074e+00 1.203112500000000015e-02 1.000000000000000000e+00 9.200599749999998522e+00 2.311337499999999850e-02 1.078618943462499738e+04
1.240000000000000000e+04 1.500000000000000000e+02 -3.203200000000000000e+04 2.223548100000000005e+01 6.977187499999999709e-02 5.562785500000000383e+00 1.613200000000000051e-02 -1.376080874999999981e+00 1.356737500000000131e-02 1.000000000000000000e+00 9.272315500000001265e+00 1.982725000000000112e-02 1.567353422487500211e+04
1.240000000000000000e+04 4.150000000000000000e+03 -7.203200000000000000e+04 2.469875449999999972e+01 6.386600000000000610e-02 5.063795125000000397e+00 1.324950000000000086e-02 -2.180511250000000345e+00 1.170674999999999841e-02 1.000000000000000000e+00 9.194929124999999814e+00 1.704162500000000122e-02 2.230889224500000182e+03
1.240000000000000000e+04 4.150000000000000000e+03 -5.203200000000000000e+04 2.324693412499999923e+01 7.168087500000000500e-02 6.780264874999999414e+00 1.562937500000000091e-02 -1.114726499999999954e+00 1.295462499999999913e-02 1.000000000000000000e+00 9.199901124999998459e+00 2.348237499999999978e-02 7.118601910749999661e+03
1.240000000000000000e+04 4.150000000000000000e+03 -3.203200000000000000e+04 2.222232225000000128e+01 5.810637499999999483e-02 5.971309999999999896e+00 1.367612499999999905e-02 -5.341974999999999918e-01 1.306787499999999963e-02 1.000000000000000000e+00 9.200199874999999139e+00 1.745162500000000186e-02 1.200597845249999955e+04
1.240000000000000000e+04 8.150000000000000000e+03 -7.203200000000000000e+04 2.417866012500000039e+01 6.495975000000001054e-02 5.960000875000000420e+00 1.392887500000000028e-02 -3.636838125000000144e+00 1.157825000000000000e-02 1.000000000000000000e+00 9.181139999999999191e+00 1.526762499999999995e-02 3.446811146375000135e+03
1.240000000000000000e+04 8.150000000000000000e+03 -5.203200000000000000e+04 2.300005724999999757e+01 6.897612499999999924e-02 6.461901500000000631e+00 1.539100000000000017e-02 -3.297204875000000257e+00 1.336799999999999794e-02 1.000000000000000000e+00 9.212023999999999546e+00 1.987187500000000065e-02 8.334482579999999871e+03
1.240000000000000000e+04 8.150000000000000000e+03 -3.203200000000000000e+04 2.171670525000000040e+01 6.759525000000000949e-02 6.503569750000000482e+00 1.456475000000000131e-02 -2.986086374999999737e+00 1.371550000000000026e-02 1.000000000000000000e+00 9.218206249999999713e+00 2.081162500000000026e-02 1.322193250137499854e+04
1.540000000000000000e+04 -3.850000000000000000e+03 -7.203200000000000000e+04 2.448697199999999796e+01 7.480124999999998581e-02 3.965050374999999683e+00 1.432449999999999869e-02 -4.479900374999999713e+00 1.189237500000000017e-02 1.000000000000000000e+00 9.184308125000001155e+00 1.780012499999999998e-02 4.682850843749999513e+03
1.540000000000000000e+04 -3.850000000000000000e+03 -5.203200000000000000e+04 2.337517950000000155e+01 7.685524999999999995e-02 4.238525375000000039e+00 1.581650000000000070e-02 -4.506636874999999876e+00 1.529875000000000158e-02 1.000000000000000000e+00 9.207866125000000679e+00 2.462137500000000090e-02 9.570342767124999227e+03
1.540000000000000000e+04 -3.850000000000000000e+03 -3.203200000000000000e+04 2.208971537500000082e+01 7.802987499999999854e-02 4.554529500000000120e+00 1.375687500000000001e-02 -4.328383125000000220e+00 1.641325000000000076e-02 1.000000000000000000e+00 9.258260249999999303e+00 1.850187499999999749e-02 1.445772243449999951e+04
1.540000000000000000e+04 1.500000000000000000e+02 -7.203200000000000000e+04 2.466209362500000069e+01 6.824112499999999970e-02 5.011039249999999612e+00 1.280075000000000136e-02 -2.255272000000000165e+00 1.235762499999999882e-02 1.000000000000000000e+00 9.191133875000000231e+00 1.799262500000000167e-02 5.898858145500000319e+03
1.540000000000000000e+04 1.500000000000000000e+02 -5.203200000000000000e+04 2.352930599999999828e+01 7.284437500000001675e-02 5.245797249999999856e+00 1.393650000000000097e-02 -1.783880125000000039e+00 1.310025000000000078e-02 1.000000000000000000e+00 9.214037250000000512e+00 2.252875000000000016e-02 1.078619006000000081e+04
1.540000000000000000e+04 1.500000000000000000e+02 -3.203200000000000000e+04 2.227180599999999799e+01 6.811425000000000118e-02 5.351424750000000508e+00 1.532237499999999919e-02 -1.303598374999999976e+00 1.435399999999999870e-02 1.000000000000000000e+00 9.269414749999999259e+00 1.890750000000000069e-02 1.567353272462499808e+04
1.540000000000000000e+04 4.150000000000000000e+03 -7.203200000000000000e+04 2.487034987500000227e+01 6.311574999999999824e-02 4.958334250000000054e+00 1.342512500000000129e-02 -1.711783999999999972e+00 1.339062499999999975e-02 1.000000000000000000e+00 9.197000875000000519e+00 1.567349999999999993e-02 2.230889349624999795e+03
1.540000000000000000e+04 4.150000000000000000e+03 -5.203200000000000000e+04 2.342289337499999746e+01 6.678962500000000524e-02 6.672060250000000359e+00 1.581487499999999907e-02 -6.304328749999998927e-01 1.370375000000000065e-02 1.000000000000000000e+00 9.212005624999999753e+00 2.473400000000000251e-02 7.118602285624999240e+03
1.540000000000000000e+04 4.150000000000000000e+03 -3.203200000000000000e+04 2.239902525000000111e+01 6.388612500000000194e-02 5.857556000000000651e+00 1.277600000000000263e-02 -2.013624999999998489e-03 1.220137500000000041e-02 1.000000000000000000e+00 9.205480125000001124e+00 2.214525000000000174e-02 1.200597870275000059e+04
1.540000000000000000e+04 8.150000000000000000e+03 -7.203200000000000000e+04 2.422686049999999724e+01 6.297537500000000010e-02 5.914939250000000648e+00 1.398749999999999993e-02 -3.632557500000000328e+00 1.247387499999999885e-02 1.000000000000000000e+00 9.187618625000000705e+00 1.648812499999999931e-02 3.446812021374999858e+03
1.540000000000000000e+04 8.150000000000000000e+03 -5.203200000000000000e+04 2.304800587499999764e+01 7.283624999999999128e-02 6.382015874999998672e+00 1.517075000000000021e-02 -3.357504249999999857e+00 1.299275000000000083e-02 1.000000000000000000e+00 9.202721125000000058e+00 2.262324999999999753e-02 8.334481579875000534e+03
1.540000000000000000e+04 8.150000000000000000e+03 -3.203200000000000000e+04 2.178182724999999920e+01 6.822712499999999958e-02 6.412658375000001243e+00 1.516587499999999880e-02 -3.062440624999999805e+00 1.396537500000000036e-02 1.000000000000000000e+00 9.215478250000000315e+00 2.271275000000000030e-02 1.322193225150000217e+04
1.840000000000000000e+04 -3.850000000000000000e+03 -7.203200000000000000e+04 2.444407700000000006e+01 7.043612500000000221e-02 3.847430999999999823e+00 1.388237500000000235e-02 -4.940046624999999025e+00 1.254049999999999956e-02 1.000000000000000000e+00 9.186223000000001804e+00 1.551837499999999918e-02 4.682849843875000261e+03
1.840000000000000000e+04 -3.850000000000000000e+03 -5.203200000000000000e+04 2.334143549999999934e+01 8.117375000000001672e-02 4.153161625000000967e+00 1.490574999999999886e-02 -4.989311000000000718e+00 1.301912500000000118e-02 1.000000000000000000e+00 9.218621249999998213e+00 2.236987500000000087e-02 9.570342517375000170e+03
1.840000000000000000e+04 -3.850000000000000000e+03 -3.203200000000000000e+04 2.205545087499999823e+01 7.604637499999999939e-02 4.466415500000000094e+00 1.624362500000000112e-02 -4.895910625000000849e+00 1.497762499999999962e-02 1.000000000000000000e+00 9.250524124999998321e+00 1.985600000000000212e-02 1.445772243437500038e+04
1.840000000000000000e+04 1.500000000000000000e+02 -7.203200000000000000e+04 2.469077862500000009e+01 6.597100000000000186e-02 4.855936374999999749e+00 1.500099999999999871e-02 -2.195591874999999860e+00 1.106087500000000126e-02 1.000000000000000000e+00 9.196595499999999035e+00 2.115562500000000429e-02 5.898857270375000553e+03
1.840000000000000000e+04 1.500000000000000000e+02 -5.203200000000000000e+04 2.354449874999999892e+01 7.450274999999999259e-02 5.082595625000000616e+00 1.487437500000000044e-02 -1.723478500000000135e+00 1.352462500000000019e-02 1.000000000000000000e+00 9.215150000000001285e+00 1.911962500000000120e-02 1.078619055999999910e+04
1.840000000000000000e+04 1.500000000000000000e+02 -3.203200000000000000e+04 2.228122025000000406e+01 6.862462500000000853e-02 5.222423124999999722e+00 1.448262500000000244e-02 -1.214247625000000053e+00 1.456924999999999887e-02 1.000000000000000000e+00 9.274261125000000661e+00 2.012774999999999981e-02 1.567353309975000229e+04
1.840000000000000000e+04 4.150000000000000000e+03 -7.203200000000000000e+04 2.504210137500000144e+01 6.173087500000000449e-02 4.878319750000001065e+00 1.435987499999999938e-02 -1.253367750000000225e+00 1.193550000000000166e-02 1.000000000000000000e+00 9.197521874999999625e+00 1.809012499999999857e-02 2.230889474625000275e+03
1.840000000000000000e+04 4.150000000000000000e+03 -5.203200000000000000e+04 2.359543537500000099e+01 7.147737499999999577e-02 6.601482124999999535e+00 1.383750000000000258e-02 -1.580961250000000040e-01 1.336687499999999855e-02 1.000000000000000000e+00 9.204093249999999671e+00 2.227137499999999951e-02 7.118602285624999240e+03
1.840000000000000000e+04 4.150000000000000000e+03 -3.203200000000000000e+04 2.257745199999999741e+01 5.968437499999999785e-02 5.794236124999999404e+00 1.304449999999999880e-02 5.710254999999999637e-01 1.217200000000000053e-02 1.000000000000000000e+00 9.211898375000000527e+00 2.089387499999999925e-02 1.200597845274999963e+04
1.840000000000000000e+04 8.150000000000000000e+03 -7.203200000000000000e+04 2.427575600000000122e+01 6.376362500000000433e-02 5.868241374999999316e+00 1.372450000000000059e-02 -3.622867499999999907e+00 1.155600000000000030e-02 1.000000000000000000e+00 9.184490375000001094e+00 1.760125000000000231e-02 3.446812021374999858e+03
1.840000000000000000e+04 8.150000000000000000e+03 -5.203200000000000000e+04 2.310752675000000522e+01 7.315475000000000450e-02 6.335146625000001031e+00 1.519862500000000033e-02 -3.362885374999999843e+00 1.215937500000000004e-02 1.000000000000000000e+00 9.210618124999999878e+00 2.238474999999999840e-02 8.334482080124998902e+03
1.840000000000000000e+04 8.150000000000000000e+03 -3.203200000000000000e+04 2.184081525000000212e+01 6.441125000000000322e-02 6.367811374999999607e+00 1.340750000000000101e-02 -3.107890625000000462e+00 1.415412500000000177e-02 1.000000000000000000e+00 9.218884625000001165e+00 2.089074999999999613e-02 1.322193250137500036e+04
2.140000000000000000e+04 -3.850000000000000000e+03 -7.203200000000000000e+04 2.440530324999999934e+01 6.994912500000001476e-02 3.848744999999999639e+00 1.448299999999999935e-02 -5.361583124999999228e+00 1.382399999999999948e-02 1.000000000000000000e+00 9.175847124999998883e+00 1.648600000000000065e-02 4.682849218499999552e+03
2.140000000000000000e+04 -3.850000000000000000e+03 -5.203200000000000000e+04 2.330262450000000030e+01 8.555324999999999736e-02 4.153972749999999436e+00 1.599775000000000155e-02 -5.487299000000000149e+00 1.433287500000000013e-02 1.000000000000000000e+00 9.209148875000000345e+00 2.207525000000000112e-02 9.570344392375000098e+03
2.140000000000000000e+04 -3.850000000000000000e+03 -3.203200000000000000e+04 2.203164062499999787e+01 7.415149999999999519e-02 4.426077250000000518e+00 1.493050000000000280e-02 -5.451438125000000134e+00 1.512612499999999895e-02 1.000000000000000000e+00 9.252864875000000211e+00 1.792699999999999849e-02 1.445772218450000037e+04
2.140000000000000000e+04 1.500000000000000000e+02 -7.203200000000000000e+04 2.468730887499999938e+01 6.874437499999999646e-02 4.780697625000000173e+00 1.277074999999999912e-02 -2.216404499999999889e+00 1.210712500000000157e-02 1.000000000000000000e+00 9.199445750000000643e+00 1.943249999999999839e-02 5.898856145249999827e+03
2.140000000000000000e+04 1.500000000000000000e+02 -5.203200000000000000e+04 2.355076587499999974e+01 8.496824999999999517e-02 5.025732125000000217e+00 1.397475000000000106e-02 -1.670083375000000148e+00 1.375249999999999910e-02 1.000000000000000000e+00 9.219758499999999302e+00 2.312975000000000100e-02 1.078619168474999969e+04
2.140000000000000000e+04 1.500000000000000000e+02 -3.203200000000000000e+04 2.228468574999999774e+01 6.959374999999999589e-02 5.135062125000000144e+00 1.354575000000000050e-02 -1.131334499999999910e+00 1.389912500000000176e-02 1.000000000000000000e+00 9.264073874999999347e+00 2.145074999999999760e-02 1.567353322487499827e+04
2.140000000000000000e+04 4.150000000000000000e+03 -7.203200000000000000e+04 2.520350212500000353e+01 6.364224999999999743e-02 4.927099124999999802e+00 1.416187499999999738e-02 -8.125991249999999777e-01 1.205650000000000124e-02 1.000000000000000000e+00 9.194844874999999362e+00 1.734725000000000156e-02 2.230889849625000352e+03
2.140000000000000000e+04 4.150000000000000000e+03 -5.203200000000000000e+04 2.376308300000000173e+01 7.334400000000000641e-02 6.618615249999999506e+00 1.650750000000000134e-02 3.355400000000000049e-01 1.504787500000000049e-02 1.000000000000000000e+00 9.203138499999999667e+00 2.267774999999999999e-02 7.118603535875000489e+03
2.140000000000000000e+04 4.150000000000000000e+03 -3.203200000000000000e+04 2.275898575000000434e+01 6.728812500000000418e-02 5.804898249999999926e+00 1.331299999999999845e-02 1.103533625000000074e+00 1.111424999999999913e-02 1.000000000000000000e+00 9.204034124999999733e+00 2.073412500000000255e-02 1.200597832762500002e+04
2.140000000000000000e+04 8.150000000000000000e+03 -7.203200000000000000e+04 2.429836724999999831e+01 6.376899999999999236e-02 5.940279500000000823e+00 1.411837500000000245e-02 -3.603205875000000002e+00 1.168200000000000141e-02 1.000000000000000000e+00 9.184728375000000611e+00 1.722674999999999901e-02 3.446813271375000113e+03
2.140000000000000000e+04 8.150000000000000000e+03 -5.203200000000000000e+04 2.312728462500000148e+01 7.482462499999999184e-02 6.386310749999999814e+00 1.637800000000000020e-02 -3.408284749999999530e+00 1.356549999999999943e-02 1.000000000000000000e+00 9.204808500000002169e+00 2.036649999999999919e-02 8.334468579250000403e+03
2.140000000000000000e+04 8.150000000000000000e+03 -3.203200000000000000e+04 2.186185562500000401e+01 6.694237499999999841e-02 6.418904125000000960e+00 1.590174999999999922e-02 -3.175642625000000052e+00 1.318924999999999959e-02 1.000000000000000000e+00 9.218520375000000655e+00 2.575862500000000027e-02 1.322193262625000170e+04
2.440000000000000000e+04 -3.850000000000000000e+03 -7.203200000000000000e+04 2.437711450000000113e+01 6.877387500000001208e-02 3.862669874999999919e+00 1.471050000000000135e-02 -5.788046625000000667e+00 1.293062499999999941e-02 1.000000000000000000e+00 9.181504374999999385e+00 1.639137499999999970e-02 4.682848968374999458e+03
2.440000000000000000e+04 -3.850000000000000000e+03 -5.203200000000000000e+04 2.328920087500000236e+01 7.453975000000000184e-02 4.146858874999999500e+00 1.532012500000000041e-02 -5.962823625000000405e+00 1.306112499999999982e-02 1.000000000000000000e+00 9.211266125000001637e+00 1.992999999999999980e-02 9.570344017249999524e+03
2.440000000000000000e+04 -3.850000000000000000e+03 -3.203200000000000000e+04 2.201457849999999894e+01 6.891125000000000722e-02 4.431942124999999955e+00 1.549887500000000223e-02 -6.013284000000000518e+00 1.520062500000000059e-02 1.000000000000000000e+00 9.257316624999997856e+00 1.818025000000000196e-02 1.445772243449999951e+04
2.440000000000000000e+04 1.500000000000000000e+02 -7.203200000000000000e+04 2.470950874999999769e+01 7.363762499999999822e-02 4.715752499999999792e+00 1.459662500000000022e-02 -2.148911125000000144e+00 1.119950000000000112e-02 1.000000000000000000e+00 9.206010625000001113e+00 1.819112499999999549e-02 5.898856645499999104e+03
2.440000000000000000e+04 1.500000000000000000e+02 -5.203200000000000000e+04 2.355532350000000008e+01 7.025199999999999501e-02 4.940287124999999335e+00 1.593237499999999862e-02 -1.602427625000000022e+00 1.349637499999999969e-02 1.000000000000000000e+00 9.224856499999999571e+00 2.125999999999999765e-02 1.078619168474999969e+04
2.440000000000000000e+04 1.500000000000000000e+02 -3.203200000000000000e+04 2.229871624999999824e+01 7.259037499999999865e-02 5.059825499999999643e+00 1.546912499999999850e-02 -1.014279375000000094e+00 1.311900000000000045e-02 1.000000000000000000e+00 9.268928875000000289e+00 2.078537500000000177e-02 1.567353347462499914e+04
2.440000000000000000e+04 4.150000000000000000e+03 -7.203200000000000000e+04 2.537544937499999520e+01 6.328637500000000582e-02 4.962522250000000135e+00 1.449712499999999959e-02 -3.862458749999999608e-01 1.079362500000000114e-02 1.000000000000000000e+00 9.196927625000000717e+00 1.941250000000000267e-02 2.230889849625000352e+03
2.440000000000000000e+04 4.150000000000000000e+03 -5.203200000000000000e+04 2.394569899999999762e+01 6.863187500000000885e-02 6.650803000000000686e+00 1.479187499999999947e-02 8.227964999999999307e-01 1.284962499999999994e-02 1.000000000000000000e+00 9.209749625000000606e+00 2.216637499999999858e-02 7.118602786000000378e+03
2.440000000000000000e+04 4.150000000000000000e+03 -3.203200000000000000e+04 2.294980887499999866e+01 6.697187500000000016e-02 5.824509500000001339e+00 1.286962500000000086e-02 1.640616749999999957e+00 1.233062500000000131e-02 1.000000000000000000e+00 9.202390875000000747e+00 2.064012500000000222e-02 1.200598282775000007e+04
2.440000000000000000e+04 8.150000000000000000e+03 -7.203200000000000000e+04 2.433836662500000259e+01 6.575687500000000629e-02 5.987439375000000119e+00 1.462387499999999972e-02 -3.638355000000000228e+00 1.137262500000000079e-02 1.000000000000000000e+00 9.186212499999999892e+00 1.847824999999999815e-02 3.446813396250000096e+03
2.440000000000000000e+04 8.150000000000000000e+03 -5.203200000000000000e+04 2.317135412500000058e+01 7.607112499999998945e-02 6.430221249999999777e+00 1.464312499999999989e-02 -3.461326249999999938e+00 1.346574999999999855e-02 1.000000000000000000e+00 9.210297624999999044e+00 1.837612500000000010e-02 8.334475829499999236e+03
2.440000000000000000e+04 8.150000000000000000e+03 -3.203200000000000000e+04 2.189324325000000115e+01 6.808337500000000153e-02 6.449040374999999159e+00 1.443950000000000095e-02 -3.264204249999999696e+00 1.371275000000000098e-02 1.000000000000000000e+00 9.214709750000000810e+00 2.086574999999999888e-02 1.322193287624999903e+04
2.740000000000000000e+04 -3.850000000000000000e+03 -7.203200000000000000e+04 2.434833075000000235e+01 7.161162499999999820e-02 3.921943749999999618e+00 1.298937500000000092e-02 -6.221534625000000318e+00 1.667750000000000135e-02 1.000000000000000000e+00 9.141850625000000008e+00 4.629049999999999832e-02 4.682848968625000452e+03
2.740000000000000000e+04 -3.850000000000000000e+03 -5.203200000000000000e+04 2.326792875000000294e+01 7.494425000000000392e-02 4.227906875000000397e+00 1.599637500000000018e-02 -6.433058250000000200e+00 1.859925000000000120e-02 1.000000000000000000e+00 9.177236874999998406e+00 5.437037499999999857e-02 9.570343392250000761e+03
2.740000000000000000e+04 -3.850000000000000000e+03 -3.203200000000000000e+04 2.199663187499999850e+01 7.436462500000000364e-02 4.480998375000000422e+00 1.604787500000000311e-02 -6.567718875000000622e+00 1.915012500000000048e-02 1.000000000000000000e+00 9.211584874999998007e+00 4.876125000000000598e-02 1.445772155912499875e+04
2.740000000000000000e+04 1.500000000000000000e+02 -7.203200000000000000e+04 2.469711999999999463e+01 7.164749999999998897e-02 4.690210374999999487e+00 1.284237500000000136e-02 -2.090907000000000071e+00 1.105787500000000000e-02 1.000000000000000000e+00 9.155326499999999257e+00 4.510737499999999817e-02 5.898855520250000154e+03
2.740000000000000000e+04 1.500000000000000000e+02 -5.203200000000000000e+04 2.354601087500000034e+01 7.210350000000000092e-02 4.926704500000000486e+00 1.369937499999999975e-02 -1.518067124999999962e+00 1.504937500000000025e-02 1.000000000000000000e+00 9.181219875000000030e+00 5.623512500000000386e-02 1.078619193500000074e+04
2.740000000000000000e+04 1.500000000000000000e+02 -3.203200000000000000e+04 2.229005112500000152e+01 7.047262499999999708e-02 5.018412374999999592e+00 1.459199999999999907e-02 -8.639098750000000493e-01 1.442575000000000281e-02 1.000000000000000000e+00 9.231956499999999011e+00 4.752812499999999746e-02 1.567353347475000010e+04
2.740000000000000000e+04 4.150000000000000000e+03 -7.203200000000000000e+04 2.554648900000000111e+01 6.795600000000000251e-02 5.034546250000000001e+00 1.426900000000000043e-02 5.563737499999999586e-02 1.555999999999999744e-02 1.000000000000000000e+00 9.155356375000000213e+00 4.870425000000000448e-02 2.230890974625000126e+03
2.740000000000000000e+04 4.150000000000000000e+03 -5.203200000000000000e+04 2.410789725000000061e+01 7.361249999999999738e-02 6.749923125000000468e+00 1.466087499999999856e-02 1.275652875000000019e+00 1.663337500000000233e-02 1.000000000000000000e+00 9.154664874999999924e+00 5.090012499999999745e-02 7.118603035750001254e+03
2.740000000000000000e+04 4.150000000000000000e+03 -3.203200000000000000e+04 2.313437462499999953e+01 6.758474999999999899e-02 5.894695249999999831e+00 1.364874999999999769e-02 2.170811125000000175e+00 1.678637499999999921e-02 1.000000000000000000e+00 9.166218750000000526e+00 5.005962500000000343e-02 1.200598170287500034e+04
2.740000000000000000e+04 8.150000000000000000e+03 -7.203200000000000000e+04 2.434820487499999686e+01 5.993249999999999966e-02 6.098185250000000224e+00 1.381012499999999948e-02 -3.652024624999999247e+00 1.080349999999999887e-02 1.000000000000000000e+00 9.143073624999999538e+00 4.772674999999999834e-02 3.446814021375000266e+03
2.740000000000000000e+04 8.150000000000000000e+03 -5.203200000000000000e+04 2.317171437499999698e+01 7.823924999999999630e-02 6.533053375000000607e+00 1.594799999999999690e-02 -3.490562124999999849e+00 1.329512500000000139e-02 1.000000000000000000e+00 9.168040875000000867e+00 4.957024999999999626e-02 8.334476079625001148e+03
2.740000000000000000e+04 8.150000000000000000e+03 -3.203200000000000000e+04 2.191725137499999931e+01 7.098849999999999605e-02 6.534684375000001211e+00 1.425087499999999965e-02 -3.363759500000000013e+00 1.267850000000000227e-02 1.000000000000000000e+00 9.175101500000000243e+00 5.179312499999999542e-02 1.322193375125000057e+04
