0.000000	4000.000000	-70000.000000	-6.089787	0.067140	1.011163	0.008108	20.225965	0.013335	1.000000	5.368079	0.008603	13.359764
0.000000	4000.000000	-70000.000000	-6.234573	0.072863	0.701340	0.010399	-13.601425	0.021647	0.000000	-27.170251	0.048500	23.697355
0.000000	4000.000000	-66500.000000	-6.128026	0.051577	0.695189	0.010039	20.039521	0.013373	1.000000	5.340760	0.011225	36.435084
0.000000	4000.000000	-66500.000000	-6.183848	0.070499	0.691306	0.009929	-13.780818	0.025034	0.000000	-27.170300	0.052390	46.772675
0.000000	4000.000000	-63000.000000	-6.159983	0.048321	0.568890	0.008388	19.834278	0.007613	1.000000	5.340060	0.005913	59.508404
0.000000	4000.000000	-63000.000000	-6.184585	0.061250	0.551804	0.008100	-13.981510	0.022137	0.000000	-27.180314	0.041918	69.846995
0.000000	4000.000000	-59500.000000	-6.158328	0.057560	0.434349	0.009933	19.624340	0.010068	1.000000	5.338371	0.006157	82.586724
0.000000	4000.000000	-59500.000000	-6.156881	0.043985	0.418460	0.008329	-14.195526	0.023187	0.000000	-27.173162	0.043456	92.928315
0.000000	4000.000000	-56000.000000	-6.152525	0.047109	0.284052	0.010296	19.409507	0.009686	1.000000	5.336021	0.005952	105.669044
0.000000	4000.000000	-56000.000000	-6.168998	0.062763	0.261344	0.008513	-14.403812	0.024838	0.000000	-27.172714	0.038751	116.008636
0.000000	4000.000000	-52500.000000	-6.136791	0.078809	0.146556	0.007393	19.200630	0.009423	1.000000	5.339821	0.014748	128.747364
0.000000	4000.000000	-52500.000000	-6.184060	0.064290	0.137419	0.012394	-14.623464	0.029516	0.000000	-27.156378	0.050164	139.087955
0.000000	4000.000000	-49000.000000	-6.155470	0.054287	0.026122	0.010904	18.972487	0.007315	1.000000	5.335485	0.008910	151.825684
0.000000	4000.000000	-49000.000000	-6.177485	0.039637	-0.002660	0.005695	-14.838144	0.024983	0.000000	-27.171830	0.050185	162.166276
0.000000	4000.000000	-45500.000000	-6.165142	0.043731	-0.142321	0.009884	18.742463	0.010465	1.000000	5.330284	0.007374	174.909004
0.000000	4000.000000	-45500.000000	-6.197659	0.043674	-0.160652	0.009098	-15.065178	0.025983	0.000000	-27.175824	0.049393	185.250596
0.000000	4000.000000	-42000.000000	-6.162997	0.051650	-0.286089	0.009102	18.507728	0.007937	1.000000	5.336647	0.013142	197.990324
0.000000	4000.000000	-42000.000000	-6.232219	0.065585	-0.309931	0.011749	-15.292316	0.023134	0.000000	-27.172610	0.049546	208.331916
0.000000	4000.000000	-38500.000000	-6.191480	0.048520	-0.383990	0.011261	18.261245	0.011664	1.000000	5.338882	0.013419	221.075645
0.000000	4000.000000	-38500.000000	-6.227160	0.056016	-0.437795	0.011966	-15.526710	0.024006	0.000000	-27.174120	0.055985	231.423237
0.000000	4000.000000	-35000.000000	-6.212164	0.045170	-0.544975	0.008141	18.011058	0.008024	1.000000	5.335341	0.007382	244.168966
0.000000	4000.000000	-35000.000000	-6.266001	0.033713	-0.563653	0.006947	-15.768642	0.023841	0.000000	-27.164891	0.042889	254.513557
0.000000	4000.000000	-35000.000000	-6.192815	0.053846	-0.569307	0.007673	17.973375	0.025784	1.000000	5.234480	0.046138	264.858149
0.000000	4000.000000	-35000.000000	-6.276484	0.038142	-0.559130	0.008757	-15.769522	0.024815	0.000000	-27.176594	0.053134	275.201741
0.000000	4000.000000	-38500.000000	-6.173616	0.065667	-0.410991	0.012626	18.239757	0.008342	1.000000	5.336101	0.011970	287.945469
0.000000	4000.000000	-38500.000000	-6.268359	0.054125	-0.413658	0.013547	-15.549272	0.027960	0.000000	-27.172342	0.052761	298.294062
0.000000	4000.000000	-42000.000000	-6.195899	0.058456	-0.261476	0.008339	18.487368	0.010826	1.000000	5.329038	0.012979	311.039791
0.000000	4000.000000	-42000.000000	-6.232428	0.042732	-0.288231	0.010683	-15.317402	0.024744	0.000000	-27.176773	0.047796	321.380382
0.000000	4000.000000	-45500.000000	-6.175114	0.048904	-0.135705	0.009056	18.721390	0.010281	1.000000	5.338008	0.004567	334.126111
0.000000	4000.000000	-45500.000000	-6.232185	0.049674	-0.153142	0.009014	-15.089944	0.026122	0.000000	-27.174756	0.044628	344.469703
0.000000	4000.000000	-49000.000000	-6.171463	0.056830	0.014652	0.009273	18.950468	0.009093	1.000000	5.335947	0.011174	357.215432
0.000000	4000.000000	-49000.000000	-6.197346	0.043797	-0.020100	0.010899	-14.860386	0.022726	0.000000	-27.172839	0.054941	367.561023
0.000000	4000.000000	-52500.000000	-6.176495	0.056912	0.108390	0.014848	19.174292	0.010065	1.000000	5.337358	0.010205	380.306752
0.000000	4000.000000	-52500.000000	-6.199237	0.062510	0.091982	0.007578	-14.641861	0.027902	0.000000	-27.169233	0.047772	390.648344
0.000000	4000.000000	-56000.000000	-6.144392	0.053102	0.260499	0.009800	19.397870	0.010442	1.000000	5.337427	0.022192	403.394073
0.000000	4000.000000	-56000.000000	-6.211445	0.045448	0.262777	0.011383	-14.421757	0.025854	0.000000	-27.152851	0.048537	413.737664
0.000000	4000.000000	-59500.000000	-6.121121	0.051206	0.415803	0.006880	19.608252	0.008960	1.000000	5.332718	0.013015	426.482393
0.000000	4000.000000	-59500.000000	-6.195938	0.058641	0.414027	0.009935	-14.205933	0.026323	0.000000	-27.186349	0.051371	436.827985
0.000000	4000.000000	-63000.000000	-6.137108	0.058209	0.571219	0.007921	19.822028	0.007635	1.000000	5.338177	0.004750	449.572714
0.000000	4000.000000	-63000.000000	-6.202109	0.043886	0.537190	0.009494	-13.995592	0.026256	0.000000	-27.178288	0.045718	459.911305
0.000000	4000.000000	-66500.000000	-6.104682	0.052748	0.718123	0.010373	20.022029	0.013793	1.000000	5.329137	0.016413	472.658034
0.000000	4000.000000	-66500.000000	-6.222362	0.067782	0.675472	0.011625	-13.792977	0.024162	0.000000	-27.181804	0.051766	483.002626
0.000000	4000.000000	-70000.000000	-6.105023	0.076438	1.019779	0.016818	20.204328	0.008935	1.000000	5.327846	0.010744	495.747355
0.000000	4000.000000	-70000.000000	-6.243867	0.057256	0.737622	0.009478	-13.610677	0.025744	0.000000	-27.174354	0.046230	506.092947
0.000000	4000.000000	-70000.000000	-6.101076	0.065432	1.050146	0.013215	20.159138	0.023369	1.000000	5.251398	0.042044	516.436539
0.000000	4000.000000	-70000.000000	-6.251610	0.069493	0.749482	0.017996	-13.609850	0.023915	0.000000	-27.187690	0.051355	526.782130
0.000000	4000.000000	-66500.000000	-6.138725	0.045063	0.715300	0.011967	20.033892	0.009505	1.000000	5.335013	0.009242	539.526859
0.000000	4000.000000	-66500.000000	-6.210572	0.054959	0.697547	0.010853	-13.783919	0.024859	0.000000	-27.167737	0.050114	549.872451
0.000000	4000.000000	-63000.000000	-6.137994	0.055146	0.568142	0.012179	19.829368	0.009773	1.000000	5.331208	0.012581	562.618180
0.000000	4000.000000	-63000.000000	-6.211740	0.044348	0.547510	0.007158	-13.985735	0.027115	0.000000	-27.182996	0.051100	572.959772
0.000000	4000.000000	-59500.000000	-6.155591	0.038268	0.423494	0.009315	19.619997	0.007997	1.000000	5.333742	0.019820	585.705501
0.000000	4000.000000	-59500.000000	-6.196699	0.045044	0.411200	0.009148	-14.193485	0.024408	0.000000	-27.187909	0.042085	596.052092
0.000000	4000.000000	-56000.000000	-6.138502	0.069249	0.282929	0.010526	19.413137	0.009497	1.000000	5.331129	0.011011	608.798821
0.000000	4000.000000	-56000.000000	-6.200166	0.056759	0.271062	0.012211	-14.408214	0.024588	0.000000	-27.169486	0.054025	619.144413
0.000000	4000.000000	-52500.000000	-6.162037	0.056434	0.140364	0.012809	19.193269	0.009746	1.000000	5.331481	0.020693	631.889142
0.000000	4000.000000	-52500.000000	-6.205614	0.064412	0.117434	0.011083	-14.621534	0.020785	0.000000	-27.171398	0.049275	642.234734
0.000000	4000.000000	-49000.000000	-6.161658	0.049401	0.002483	0.008727	18.967999	0.007205	1.000000	5.328645	0.008073	654.979463
0.000000	4000.000000	-49000.000000	-6.220881	0.039117	-0.021032	0.012148	-14.839691	0.023154	0.000000	-27.188043	0.053230	665.326055
0.000000	4000.000000	-45500.000000	-6.177851	0.044560	-0.153496	0.009841	18.744035	0.007378	1.000000	5.342662	0.010687	678.069783
0.000000	4000.000000	-45500.000000	-6.202005	0.049859	-0.157081	0.006752	-15.063544	0.022825	0.000000	-27.183428	0.057936	688.416375
0.000000	4000.000000	-42000.000000	-6.182937	0.062081	-0.263601	0.010483	18.505886	0.012212	1.000000	5.335843	0.014611	701.161104
0.000000	4000.000000	-42000.000000	-6.227188	0.058901	-0.281980	0.009671	-15.295483	0.023321	0.000000	-27.166913	0.056856	711.504696
0.000000	4000.000000	-38500.000000	-6.184259	0.058010	-0.378169	0.011057	18.266662	0.010439	1.000000	5.323445	0.010288	724.249425
0.000000	4000.000000	-38500.000000	-6.260171	0.038116	-0.418929	0.010112	-15.526112	0.022905	0.000000	-27.167330	0.043112	734.594017
0.000000	4000.000000	-35000.000000	-6.204713	0.050476	-0.533915	0.010564	18.018440	0.007137	1.000000	5.326932	0.009353	747.337745
0.000000	4000.000000	-35000.000000	-6.287033	0.046040	-0.570691	0.007926	-15.767585	0.026343	0.000000	-27.175123	0.049401	757.683337
0.000000	4000.000000	-35000.000000	-6.217133	0.038859	-0.542208	0.010088	17.978660	0.025143	1.000000	5.246108	0.050087	768.028929
0.000000	4000.000000	-35000.000000	-6.276095	0.035804	-0.582881	0.008299	-15.767227	0.025690	0.000000	-27.171090	0.050093	778.374520
0.000000	4000.000000	-38500.000000	-6.202898	0.058507	-0.414107	0.010646	18.245912	0.010851	1.000000	5.328978	0.017333	791.122250
0.000000	4000.000000	-38500.000000	-6.259920	0.038641	-0.444036	0.010641	-15.547874	0.024172	0.000000	-27.172685	0.046164	801.466841
0.000000	4000.000000	-42000.000000	-6.191313	0.067347	-0.271970	0.011927	18.484749	0.009229	1.000000	5.333821	0.017029	814.209570
0.000000	4000.000000	-42000.000000	-6.232317	0.063718	-0.297862	0.011113	-15.314120	0.024624	0.000000	-27.172014	0.046267	824.558162
0.000000	4000.000000	-45500.000000	-6.174784	0.058223	-0.164233	0.007917	18.723017	0.007928	1.000000	5.333140	0.007758	837.304891
0.000000	4000.000000	-45500.000000	-6.224435	0.054335	-0.144216	0.008001	-15.084489	0.024447	0.000000	-27.171031	0.047495	847.650483
0.000000	4000.000000	-49000.000000	-6.192652	0.040695	0.014899	0.008304	18.949007	0.010576	1.000000	5.336891	0.011463	860.397212
0.000000	4000.000000	-49000.000000	-6.221069	0.046672	-0.046448	0.009926	-14.860216	0.025651	0.000000	-27.182524	0.048244	870.743804
0.000000	4000.000000	-52500.000000	-6.154847	0.046493	0.129884	0.008428	19.172091	0.008668	1.000000	5.341038	0.013708	883.489533
0.000000	4000.000000	-52500.000000	-6.212759	0.048432	0.116394	0.008794	-14.644291	0.028328	0.000000	-27.162497	0.044829	893.835124
0.000000	4000.000000	-56000.000000	-6.176039	0.063205	0.283704	0.011278	19.389633	0.011980	1.000000	5.333006	0.008013	906.581853
0.000000	4000.000000	-56000.000000	-6.224629	0.061012	0.248452	0.009859	-14.427327	0.026381	0.000000	-27.167926	0.045373	916.927445
0.000000	4000.000000	-59500.000000	-6.147281	0.050638	0.413616	0.007082	19.607512	0.008400	1.000000	5.326589	0.018980	929.673174
0.000000	4000.000000	-59500.000000	-6.227870	0.038827	0.403373	0.009023	-14.207782	0.026779	0.000000	-27.169913	0.042742	940.019766
0.000000	4000.000000	-63000.000000	-6.131072	0.048242	0.559272	0.009276	19.827984	0.008691	1.000000	5.325372	0.012201	952.764495
0.000000	4000.000000	-63000.000000	-6.234924	0.046466	0.551964	0.009424	-13.993238	0.023572	0.000000	-27.175153	0.047161	963.109087
0.000000	4000.000000	-66500.000000	-6.121503	0.063615	0.715606	0.010159	20.028680	0.011184	1.000000	5.333448	0.011158	975.852816
0.000000	4000.000000	-66500.000000	-6.226361	0.049754	0.671192	0.010437	-13.793495	0.022428	0.000000	-27.181357	0.045893	986.189407
0.000000	4000.000000	-70000.000000	-6.113058	0.085539	1.046023	0.010166	20.203090	0.010202	1.000000	5.321890	0.016034	998.933136
0.000000	4000.000000	-70000.000000	-6.289801	0.058095	0.741867	0.008885	-13.605730	0.025410	0.000000	-27.175923	0.046226	1009.277728
0.000000	4000.000000	-70000.000000	-6.102022	0.058879	1.054635	0.010580	20.174385	0.024397	1.000000	5.243470	0.048407	1019.632319
0.000000	4000.000000	-70000.000000	-6.251242	0.062089	0.734795	0.009226	-13.606901	0.021858	0.000000	-27.169387	0.051850	1029.984912
0.000000	4000.000000	-66500.000000	-6.140988	0.058278	0.723029	0.011329	20.040964	0.007176	1.000000	5.337040	0.014199	1042.737641
0.000000	4000.000000	-66500.000000	-6.216813	0.047398	0.663139	0.009118	-13.779757	0.022551	0.000000	-27.172238	0.045830	1053.090233
0.000000	4000.000000	-63000.000000	-6.158783	0.043468	0.533418	0.009935	19.839330	0.007871	1.000000	5.344212	0.007174	1065.839962
0.000000	4000.000000	-63000.000000	-6.217529	0.035746	0.527813	0.010240	-13.982067	0.022470	0.000000	-27.175486	0.048059	1076.190555
0.000000	4000.000000	-59500.000000	-6.178883	0.047998	0.407368	0.006732	19.625859	0.008031	1.000000	5.353436	0.007238	1088.945284
0.000000	4000.000000	-59500.000000	-6.197137	0.046660	0.404455	0.010236	-14.195641	0.022449	0.000000	-27.174701	0.053691	1099.297876
0.000000	4000.000000	-56000.000000	-6.137890	0.046018	0.303411	0.009062	19.415150	0.011077	1.000000	5.340228	0.026552	1112.039605
0.000000	4000.000000	-56000.000000	-6.223388	0.062837	0.284163	0.013234	-14.405867	0.026528	0.000000	-27.170897	0.058075	1122.391197
0.000000	4000.000000	-52500.000000	-6.170399	0.054890	0.168791	0.009701	19.196875	0.010259	1.000000	5.349393	0.012167	1135.150927
0.000000	4000.000000	-52500.000000	-6.204898	0.046913	0.144832	0.009907	-14.620283	0.025134	0.000000	-27.161082	0.044567	1145.507519
0.000000	4000.000000	-49000.000000	-6.162444	0.049224	0.029787	0.005766	18.975912	0.008759	1.000000	5.346874	0.008870	1158.260249
0.000000	4000.000000	-49000.000000	-6.212043	0.053266	0.006165	0.008623	-14.838739	0.022019	0.000000	-27.159671	0.044182	1168.611841
0.000000	4000.000000	-45500.000000	-6.169436	0.040688	-0.122232	0.005272	18.747648	0.009098	1.000000	5.331084	0.009079	1181.354569
0.000000	4000.000000	-45500.000000	-6.235752	0.051894	-0.141949	0.008671	-15.057810	0.022756	0.000000	-27.163908	0.044382	1191.699162
0.000000	4000.000000	-42000.000000	-6.196529	0.057743	-0.263222	0.013656	18.515273	0.008008	1.000000	5.340343	0.012620	1204.446890
0.000000	4000.000000	-42000.000000	-6.245894	0.058339	-0.281861	0.016446	-15.289767	0.028932	0.000000	-27.169357	0.044982	1214.790482
0.000000	4000.000000	-38500.000000	-6.192078	0.058968	-0.394918	0.008887	18.272966	0.012289	1.000000	5.340849	0.008268	1227.537211
0.000000	4000.000000	-38500.000000	-6.287604	0.046775	-0.407567	0.007237	-15.523104	0.023877	0.000000	-27.167534	0.040491	1237.884803
0.000000	4000.000000	-35000.000000	-6.216493	0.048007	-0.552381	0.007659	18.026538	0.006956	1.000000	5.336458	0.008244	1250.636532
0.000000	4000.000000	-35000.000000	-6.299543	0.037954	-0.559352	0.011075	-15.761400	0.024341	0.000000	-27.157888	0.044759	1260.989124