0.000000000000000000e+00 4.000000000000000000e+03 -7.000000000000000000e+04 -6.092489771861813175e+00 6.710288782043492828e-02 1.187854774427457683e+00 8.408629017936989497e-03 2.021554317632331177e+01 1.333562496461388261e-02 1.000000000000000000e+00 5.368078999999999823e+00 8.602999999999999536e-03 1.335976400000000019e+01
0.000000000000000000e+00 4.000000000000000000e+03 -7.000000000000000000e+04 -6.180783217655233308e+00 7.282296703998183962e-02 9.271030617648077232e-01 1.067488677785169426e-02 -1.361245529093747741e+01 2.164742115758275937e-02 0.000000000000000000e+00 -2.717025100000000037e+01 4.850000000000000144e-02 2.369735500000000172e+01
0.000000000000000000e+00 4.000000000000000000e+03 -6.650000000000000000e+04 -6.140902484248588422e+00 5.154916523497499875e-02 8.735789603707979634e-01 1.018049532641442448e-02 2.002859377966373700e+01 1.337335625361479874e-02 1.000000000000000000e+00 5.340760000000000396e+00 1.122500000000000060e-02 3.643508400000000336e+01
0.000000000000000000e+00 4.000000000000000000e+03 -6.650000000000000000e+04 -6.130068023170473168e+00 7.046025005830496013e-02 9.156124293246982182e-01 1.019956812236585096e-02 -1.379176365561826501e+01 2.503431983973908315e-02 0.000000000000000000e+00 -2.717030000000000101e+01 5.238999999999999907e-02 4.677267499999999956e+01
0.000000000000000000e+00 4.000000000000000000e+03 -6.300000000000000000e+04 -6.176658686134185672e+00 4.829470895830539207e-02 7.486864063259962565e-01 8.537551479670123927e-03 1.982311696766325326e+01 7.613583608561698586e-03 1.000000000000000000e+00 5.340060000000000251e+00 5.912999999999999853e-03 5.950840399999999875e+01
0.000000000000000000e+00 4.000000000000000000e+03 -6.300000000000000000e+04 -6.135072102073658051e+00 6.121625395206160836e-02 7.764745589477733967e-01 8.350495460674031353e-03 -1.399264730915509602e+01 2.213727053270031497e-02 0.000000000000000000e+00 -2.718031399999999920e+01 4.191799999999999693e-02 6.984699500000000683e+01
0.000000000000000000e+00 4.000000000000000000e+03 -5.950000000000000000e+04 -6.179088008195511961e+00 5.752867136543124427e-02 6.144388284568437220e-01 1.011224799363203558e-02 1.961299873956157924e+01 1.006862078159144989e-02 1.000000000000000000e+00 5.338371000000000421e+00 6.157000000000000146e-03 8.258672400000000380e+01
0.000000000000000000e+00 4.000000000000000000e+03 -5.950000000000000000e+04 -6.111418969627312237e+00 4.396123062159870698e-02 6.425577233713281045e-01 8.453284824924455279e-03 -1.420679163591316474e+01 2.318710014001996653e-02 0.000000000000000000e+00 -2.717316200000000137e+01 4.345600000000000157e-02 9.292831499999999778e+01
0.000000000000000000e+00 4.000000000000000000e+03 -5.600000000000000000e+04 -6.177888725901818034e+00 4.708383452582515921e-02 4.643117670441772038e-01 1.041007815952494329e-02 1.939797197829550512e+01 9.686428240445264792e-03 1.000000000000000000e+00 5.336020999999999681e+00 5.951999999999999826e-03 1.056690439999999995e+02
0.000000000000000000e+00 4.000000000000000000e+03 -5.600000000000000000e+04 -6.128370520992461934e+00 6.272845542876012703e-02 4.862060740710154039e-01 8.763230410364232503e-03 -1.441531531228682539e+01 2.483824177144832931e-02 0.000000000000000000e+00 -2.717271399999999915e+01 3.875100000000000072e-02 1.160086359999999956e+02
0.000000000000000000e+00 4.000000000000000000e+03 -5.250000000000000000e+04 -6.166347826247792874e+00 7.876517894813614418e-02 3.266387572173973797e-01 7.844599233105183436e-03 1.918893786648259692e+01 9.424261623069149843e-03 1.000000000000000000e+00 5.339820999999999707e+00 1.474800000000000069e-02 1.287473640000000046e+02
0.000000000000000000e+00 4.000000000000000000e+03 -5.250000000000000000e+04 -6.147133394723076627e+00 6.425529646451731691e-02 3.631401051113553602e-01 1.257222059426146496e-02 -1.463516524389106621e+01 2.951619449702511805e-02 0.000000000000000000e+00 -2.715637800000000013e+01 5.016400000000000026e-02 1.390879549999999938e+02
0.000000000000000000e+00 4.000000000000000000e+03 -4.900000000000000000e+04 -6.188592205713060679e+00 5.425777217232073679e-02 2.071938199661579882e-01 1.104800284086900931e-02 1.896059475536852545e+01 7.315777615857921821e-03 1.000000000000000000e+00 5.335485000000000255e+00 8.909999999999999518e-03 1.518256839999999954e+02
0.000000000000000000e+00 4.000000000000000000e+03 -4.900000000000000000e+04 -6.144821254680993050e+00 3.961525228875882598e-02 2.231993131137006425e-01 5.844133671325498283e-03 -1.485002354140245906e+01 2.498305367103205096e-02 0.000000000000000000e+00 -2.717182999999999993e+01 5.018500000000000044e-02 1.621662760000000105e+02
0.000000000000000000e+00 4.000000000000000000e+03 -4.550000000000000000e+04 -6.203435888957193889e+00 4.370772143434747264e-02 3.946808044428880280e-02 9.986085549959163726e-03 1.873032236497273928e+01 1.046533441445510713e-02 1.000000000000000000e+00 5.330283999999999800e+00 7.374000000000000346e-03 1.749090040000000101e+02
0.000000000000000000e+00 4.000000000000000000e+03 -4.550000000000000000e+04 -6.169817566941077303e+00 4.365058926059910832e-02 6.626594235018479218e-02 9.209459565594185770e-03 -1.507731190672324928e+01 2.598307296514704157e-02 0.000000000000000000e+00 -2.717582399999999865e+01 4.939299999999999941e-02 1.852505960000000016e+02
0.000000000000000000e+00 4.000000000000000000e+03 -4.200000000000000000e+04 -6.205635004410111399e+00 5.162192418339656835e-02 -1.039854176358091659e-01 9.259355940737542048e-03 1.849539553199317510e+01 7.937640969858996212e-03 1.000000000000000000e+00 5.336647000000000141e+00 1.314199999999999917e-02 1.979903239999999869e+02
0.000000000000000000e+00 4.000000000000000000e+03 -4.200000000000000000e+04 -6.208900324887614453e+00 6.554940032280853757e-02 -8.147820275412501201e-02 1.194543236137998558e-02 -1.530472010821055306e+01 2.313430234564856774e-02 0.000000000000000000e+00 -2.717260999999999882e+01 4.954599999999999976e-02 2.083319160000000068e+02
0.000000000000000000e+00 4.000000000000000000e+03 -3.850000000000000000e+04 -6.236888395816270858e+00 4.849424770465456114e-02 -2.005583065985700741e-01 1.137100874892923129e-02 1.824872437635879407e+01 1.166436953252854465e-02 1.000000000000000000e+00 5.338881999999999906e+00 1.341900000000000037e-02 2.210756450000000086e+02
0.000000000000000000e+00 4.000000000000000000e+03 -3.850000000000000000e+04 -6.207656069352115225e+00 5.598602500580534408e-02 -2.091344735064429861e-01 1.210508895515757279e-02 -1.553927856910841321e+01 2.400619239773478866e-02 0.000000000000000000e+00 -2.717411999999999850e+01 5.598500000000000004e-02 2.314232370000000003e+02
0.000000000000000000e+00 4.000000000000000000e+03 -3.500000000000000000e+04 -6.262448779826876866e+00 4.514548333465020352e-02 -3.604357959996673522e-01 8.275410501715468187e-03 1.799827799846118026e+01 8.024479578696480653e-03 1.000000000000000000e+00 5.335340999999999667e+00 7.381999999999999673e-03 2.441689660000000117e+02
0.000000000000000000e+00 4.000000000000000000e+03 -3.500000000000000000e+04 -6.250205249971109822e+00 3.369492069481101748e-02 -3.333083368522612999e-01 7.034071990259255919e-03 -1.578145695575640772e+01 2.384102786387880951e-02 0.000000000000000000e+00 -2.716489100000000079e+01 4.288899999999999657e-02 2.545135569999999916e+02
0.000000000000000000e+00 4.000000000000000000e+03 -3.500000000000000000e+04 -6.243849684349930484e+00 5.381642841265776855e-02 -3.853519909684149924e-01 7.877246152981864230e-03 1.796059915307390398e+01 2.578414875365506176e-02 1.000000000000000000e+00 5.234479999999999578e+00 4.613799999999999846e-02 2.648581490000000258e+02
0.000000000000000000e+00 4.000000000000000000e+03 -3.500000000000000000e+04 -6.260529426947310405e+00 3.812175844174965633e-02 -3.284362439578280002e-01 8.844568692392506745e-03 -1.578235099076248638e+01 2.481504736957876670e-02 0.000000000000000000e+00 -2.717659400000000147e+01 5.313400000000000067e-02 2.752017410000000268e+02
0.000000000000000000e+00 4.000000000000000000e+03 -3.850000000000000000e+04 -6.219894659248724977e+00 6.563152104799302444e-02 -2.281134516205145513e-01 1.280849479828008106e-02 1.822723397056243044e+01 8.342999156734965532e-03 1.000000000000000000e+00 5.336101000000000205e+00 1.196999999999999974e-02 2.879454690000000028e+02
0.000000000000000000e+00 4.000000000000000000e+03 -3.850000000000000000e+04 -6.247980515768943199e+00 5.409656059842047476e-02 -1.836041924128973268e-01 1.365985429773419399e-02 -1.556188697423705847e+01 2.796013136568018323e-02 0.000000000000000000e+00 -2.717234200000000044e+01 5.276100000000000234e-02 2.982940619999999967e+02
0.000000000000000000e+00 4.000000000000000000e+03 -4.200000000000000000e+04 -6.237655538066857908e+00 5.842387588647823121e-02 -7.825966536827122511e-02 8.560421500915247131e-03 1.847500577800725097e+01 1.082658963515540501e-02 1.000000000000000000e+00 5.329037999999999720e+00 1.297899999999999922e-02 3.110397909999999797e+02
0.000000000000000000e+00 4.000000000000000000e+03 -4.200000000000000000e+04 -6.208334250973218005e+00 4.270954914983016854e-02 -5.975069257824348889e-02 1.077222562329963051e-02 -1.532977676279332613e+01 2.474407839340489468e-02 0.000000000000000000e+00 -2.717677300000000074e+01 4.779599999999999821e-02 3.213803819999999973e+02
0.000000000000000000e+00 4.000000000000000000e+03 -4.550000000000000000e+04 -6.213139525369490990e+00 4.887750730998459414e-02 4.644121676630112716e-02 9.197432864175375533e-03 1.870923923476840400e+01 1.028143087665274978e-02 1.000000000000000000e+00 5.338008000000000308e+00 4.566999999999999879e-03 3.341261109999999803e+02
0.000000000000000000e+00 4.000000000000000000e+03 -4.550000000000000000e+04 -6.204024254769418434e+00 4.964707482883008033e-02 7.495830420563406871e-02 9.160813480500695077e-03 -1.510213417263892488e+01 2.612211349251860812e-02 0.000000000000000000e+00 -2.717475599999999858e+01 4.462800000000000100e-02 3.444697029999999813e+02
0.000000000000000000e+00 4.000000000000000000e+03 -4.900000000000000000e+04 -6.204916221560759837e+00 5.679896787640507927e-02 1.962936152344080254e-01 9.460571806972909586e-03 1.893852927659714780e+01 9.093674024299098699e-03 1.000000000000000000e+00 5.335946999999999996e+00 1.117399999999999990e-02 3.572154320000000212e+02
0.000000000000000000e+00 4.000000000000000000e+03 -4.900000000000000000e+04 -6.165210240824288590e+00 4.377396995730196277e-02 2.064620605885092441e-01 1.099091362079492908e-02 -1.487232764656174844e+01 2.272610520871207532e-02 0.000000000000000000e+00 -2.717283899999999974e+01 5.494099999999999678e-02 3.675610229999999774e+02
0.000000000000000000e+00 4.000000000000000000e+03 -5.250000000000000000e+04 -6.207253478001286240e+00 5.688224255739675328e-02 2.898558566167647177e-01 1.496118012616122137e-02 1.916247114598257895e+01 1.006561691472697591e-02 1.000000000000000000e+00 5.337358000000000047e+00 1.020500000000000053e-02 3.803067520000000172e+02
0.000000000000000000e+00 4.000000000000000000e+03 -5.250000000000000000e+04 -6.163784550908349757e+00 6.247547050040771349e-02 3.182599194517042318e-01 7.856895830281771312e-03 -1.465365361428569280e+01 2.790219635915398150e-02 0.000000000000000000e+00 -2.716923299999999841e+01 4.777200000000000196e-02 3.906483440000000087e+02
0.000000000000000000e+00 4.000000000000000000e+03 -5.600000000000000000e+04 -6.170524706855503361e+00 5.307322565994724434e-02 4.405151989342610541e-01 9.954124257498201539e-03 1.938631848797390234e+01 1.044250431240529263e-02 1.000000000000000000e+00 5.337426999999999921e+00 2.219199999999999992e-02 4.033940729999999917e+02
0.000000000000000000e+00 4.000000000000000000e+03 -5.600000000000000000e+04 -6.170710386359927746e+00 4.542412703952330988e-02 4.890807781992864700e-01 1.147769800626086134e-02 -1.443334018953577669e+01 2.585408749452052998e-02 0.000000000000000000e+00 -2.715285099999999829e+01 4.853699999999999681e-02 4.137376639999999952e+02
0.000000000000000000e+00 4.000000000000000000e+03 -5.950000000000000000e+04 -6.142490124973391197e+00 5.117779391292760077e-02 5.946802201355286810e-01 7.086071255438539454e-03 1.959695719818099136e+01 8.960549110894822783e-03 1.000000000000000000e+00 5.332717999999999847e+00 1.301500000000000053e-02 4.264823930000000018e+02
0.000000000000000000e+00 4.000000000000000000e+03 -5.950000000000000000e+04 -6.150581718309590329e+00 5.860906724210138835e-02 6.394465560430815376e-01 1.012119861560532158e-02 -1.421728001712783573e+01 2.632318389926083593e-02 0.000000000000000000e+00 -2.718634899999999988e+01 5.137100000000000000e-02 4.368279850000000124e+02
0.000000000000000000e+00 4.000000000000000000e+03 -6.300000000000000000e+04 -6.153694478016279668e+00 5.817695002463986464e-02 7.502652747783828957e-01 8.152265636750496633e-03 1.981091431688862414e+01 7.635849515175806637e-03 1.000000000000000000e+00 5.338176999999999950e+00 4.749999999999999882e-03 4.495727140000000190e+02
0.000000000000000000e+00 4.000000000000000000e+03 -6.300000000000000000e+04 -6.153047030780355975e+00 4.386255950920443791e-02 7.624729633461916345e-01 9.601515951184946482e-03 -1.400678306363085390e+01 2.625607230224354105e-02 0.000000000000000000e+00 -2.717828799999999845e+01 4.571800000000000169e-02 4.599113050000000271e+02
0.000000000000000000e+00 4.000000000000000000e+03 -6.650000000000000000e+04 -6.116770357204885045e+00 5.271955660476532191e-02 8.957424393892700065e-01 1.051613201181794861e-02 2.001117822919456302e+01 1.379336075461533827e-02 1.000000000000000000e+00 5.329137000000000235e+00 1.641300000000000051e-02 4.726580339999999865e+02
0.000000000000000000e+00 4.000000000000000000e+03 -6.650000000000000000e+04 -6.169065759337263977e+00 6.774510665143389232e-02 9.010907729651166376e-01 1.183747526994819062e-02 -1.380401857721897940e+01 2.416230736124366438e-02 0.000000000000000000e+00 -2.718180399999999963e+01 5.176599999999999951e-02 4.830026260000000207e+02
0.000000000000000000e+00 4.000000000000000000e+03 -7.000000000000000000e+04 -6.107386481462747874e+00 7.639719026075844632e-02 1.197003517351843627e+00 1.700175007300764457e-02 2.019388862791036132e+01 8.936274823239082066e-03 1.000000000000000000e+00 5.327846000000000082e+00 1.074400000000000008e-02 4.957473550000000273e+02
0.000000000000000000e+00 4.000000000000000000e+03 -7.000000000000000000e+04 -6.188840817828553220e+00 5.722477986625301022e-02 9.636875249199209348e-01 9.664231946666192175e-03 -1.362167557287997255e+01 2.574417887872750693e-02 0.000000000000000000e+00 -2.717435400000000101e+01 4.623000000000000026e-02 5.060929469999999810e+02
0.000000000000000000e+00 4.000000000000000000e+03 -7.000000000000000000e+04 -6.102337315099829240e+00 6.539680203172150430e-02 1.227280410678470934e+00 1.338757711444136730e-02 2.014874790076149935e+01 2.336929765801079237e-02 1.000000000000000000e+00 5.251398000000000010e+00 4.204399999999999804e-02 5.164365390000000389e+02
0.000000000000000000e+00 4.000000000000000000e+03 -7.000000000000000000e+04 -6.196184621463448394e+00 6.945663712170387083e-02 9.757986799923072940e-01 1.813539275148656760e-02 -1.362084729213968792e+01 2.391533774574963744e-02 0.000000000000000000e+00 -2.718768999999999991e+01 5.135499999999999787e-02 5.267821300000000520e+02
0.000000000000000000e+00 4.000000000000000000e+03 -6.650000000000000000e+04 -6.150912051943080883e+00 4.503950109469145868e-02 8.940437323866905484e-01 1.205482288178686377e-02 2.002297166049861232e+01 9.505402118271145950e-03 1.000000000000000000e+00 5.335013000000000005e+00 9.242000000000000215e-03 5.395268589999999449e+02
0.000000000000000000e+00 4.000000000000000000e+03 -6.650000000000000000e+04 -6.156562273084042580e+00 5.492938891650470112e-02 9.227474399152476581e-01 1.100150075064730039e-02 -1.379490766633550436e+01 2.485917105401700203e-02 0.000000000000000000e+00 -2.716773699999999891e+01 5.011399999999999882e-02 5.498724509999999555e+02
0.000000000000000000e+00 4.000000000000000000e+03 -6.300000000000000000e+04 -6.154697334450305313e+00 5.511657109038378688e-02 7.472100595876719487e-01 1.231102717104175237e-02 1.981824837879940659e+01 9.773591317041085968e-03 1.000000000000000000e+00 5.331208000000000169e+00 1.258100000000000017e-02 5.626181800000000521e+02
0.000000000000000000e+00 4.000000000000000000e+03 -6.300000000000000000e+04 -6.162347081899064882e+00 4.432379958238848172e-02 7.730963415639390268e-01 7.306108785317149378e-03 -1.399693055661831664e+01 2.711506699230833983e-02 0.000000000000000000e+00 -2.718299599999999927e+01 5.109999999999999959e-02 5.729597720000000436e+02
0.000000000000000000e+00 4.000000000000000000e+03 -5.950000000000000000e+04 -6.176706859110910663e+00 3.824780319916751964e-02 6.035040560573817769e-01 9.397292583972035457e-03 1.960864618575848084e+01 7.997343341946442155e-03 1.000000000000000000e+00 5.333741999999999983e+00 1.982000000000000081e-02 5.857055010000000266e+02
0.000000000000000000e+00 4.000000000000000000e+03 -5.950000000000000000e+04 -6.151461369460977657e+00 4.501979544609382294e-02 6.366303690254411229e-01 9.266129055456212224e-03 -1.420483738643599558e+01 2.440809649111334509e-02 0.000000000000000000e+00 -2.718790900000000121e+01 4.208499999999999741e-02 5.960520920000000160e+02
0.000000000000000000e+00 4.000000000000000000e+03 -5.600000000000000000e+04 -6.163918298836626342e+00 6.921104923353826877e-02 4.627158357252226240e-01 1.077186085495640371e-02 1.940162748494182310e+01 9.497966293591501852e-03 1.000000000000000000e+00 5.331128999999999785e+00 1.101099999999999995e-02 6.087988209999999754e+02
0.000000000000000000e+00 4.000000000000000000e+03 -5.600000000000000000e+04 -6.159187472501717053e+00 5.672864854457775052e-02 4.969664090424870118e-01 1.235085506035983258e-02 -1.441976413718536953e+01 2.458819146630673511e-02 0.000000000000000000e+00 -2.716948599999999914e+01 5.402499999999999664e-02 6.191444129999999859e+02
0.000000000000000000e+00 4.000000000000000000e+03 -5.250000000000000000e+04 -6.191772138039941531e+00 5.640397009900828540e-02 3.213038630856314137e-01 1.294012544749805448e-02 1.918151971472501671e+01 9.746623183092278583e-03 1.000000000000000000e+00 5.331481000000000137e+00 2.069299999999999959e-02 6.318891419999999925e+02
0.000000000000000000e+00 4.000000000000000000e+03 -5.250000000000000000e+04 -6.169347222818029053e+00 6.437694495427097319e-02 3.438843978555928826e-01 1.128422106061074438e-02 -1.463330416343919715e+01 2.078533548947503889e-02 0.000000000000000000e+00 -2.717139799999999994e+01 4.927499999999999936e-02 6.422347340000000031e+02
0.000000000000000000e+00 4.000000000000000000e+03 -4.900000000000000000e+04 -6.195558139756373706e+00 4.937415067412267294e-02 1.837807844545792657e-01 8.877118578834329241e-03 1.895606249985522851e+01 7.205648197514627311e-03 1.000000000000000000e+00 5.328644999999999854e+00 8.073000000000000315e-03 6.549794630000000097e+02
0.000000000000000000e+00 4.000000000000000000e+03 -4.900000000000000000e+04 -6.188804045184026492e+00 3.909719205257667501e-02 2.062904769491407386e-01 1.221146823175518065e-02 -1.485167938201266047e+01 2.315406932331267112e-02 0.000000000000000000e+00 -2.718804300000000040e+01 5.322999999999999954e-02 6.653260549999999967e+02
0.000000000000000000e+00 4.000000000000000000e+03 -4.550000000000000000e+04 -6.216514448997098263e+00 4.453621998998409659e-02 2.872219106765514646e-02 9.947683098878832772e-03 1.873185455908177133e+01 7.378514414705752457e-03 1.000000000000000000e+00 5.342661999999999800e+00 1.068700000000000032e-02 6.780697830000000295e+02
0.000000000000000000e+00 4.000000000000000000e+03 -4.550000000000000000e+04 -6.174044974174804246e+00 4.983156127159911464e-02 6.997811508059056940e-02 6.951118136434166102e-03 -1.507568141149177521e+01 2.282514989848255516e-02 0.000000000000000000e+00 -2.718342799999999926e+01 5.793600000000000139e-02 6.884163750000000164e+02
0.000000000000000000e+00 4.000000000000000000e+03 -4.200000000000000000e+04 -6.224808399334406772e+00 6.204716771891445604e-02 -8.084095346015762740e-02 1.068075230039925924e-02 1.849354582577352701e+01 1.221258786492094781e-02 1.000000000000000000e+00 5.335842999999999670e+00 1.461100000000000072e-02 7.011611040000000230e+02
0.000000000000000000e+00 4.000000000000000000e+03 -4.200000000000000000e+04 -6.202931480075928761e+00 5.886886305754181203e-02 -5.370692943973390254e-02 9.864196830396038812e-03 -1.530783916593867922e+01 2.332122780223185379e-02 0.000000000000000000e+00 -2.716691300000000098e+01 5.685599999999999682e-02 7.115046959999999672e+02
0.000000000000000000e+00 4.000000000000000000e+03 -3.850000000000000000e+04 -6.229487539350373027e+00 5.797863913619869664e-02 -1.949890412810250107e-01 1.121971712892774579e-02 1.825416325293341657e+01 1.043960830018507771e-02 1.000000000000000000e+00 5.323445000000000427e+00 1.028800000000000027e-02 7.242494249999999738e+02
0.000000000000000000e+00 4.000000000000000000e+03 -3.850000000000000000e+04 -6.240019034036724754e+00 3.809614424187904996e-02 -1.891761552750058084e-01 1.018640748901394888e-02 -1.553871845198183443e+01 2.290506322562122291e-02 0.000000000000000000e+00 -2.716732999999999976e+01 4.311199999999999755e-02 7.345940170000000080e+02
0.000000000000000000e+00 4.000000000000000000e+03 -3.500000000000000000e+04 -6.254646788564159898e+00 5.044892175555786701e-02 -3.496407128010406984e-01 1.069210648415772763e-02 1.800568947848012513e+01 7.137688255523087603e-03 1.000000000000000000e+00 5.326932000000000222e+00 9.353000000000000203e-03 7.473377450000000408e+02
0.000000000000000000e+00 4.000000000000000000e+03 -3.500000000000000000e+04 -6.271462823150841359e+00 4.601496441228621753e-02 -3.396406080868640820e-01 8.069798461973694964e-03 -1.578045015859719591e+01 2.634308501142489448e-02 0.000000000000000000e+00 -2.717512299999999925e+01 4.940100000000000047e-02 7.576833370000000514e+02
0.000000000000000000e+00 4.000000000000000000e+03 -3.500000000000000000e+04 -6.267258542992560244e+00 3.883869664870202854e-02 -3.574620206351633023e-01 1.016576365770457090e-02 1.796587428737169034e+01 2.514305005137193114e-02 1.000000000000000000e+00 5.246108000000000438e+00 5.008699999999999958e-02 7.680289289999999482e+02
0.000000000000000000e+00 4.000000000000000000e+03 -3.500000000000000000e+04 -6.260939182632961675e+00 3.578502590765581665e-02 -3.521899404985237014e-01 8.380353236037269699e-03 -1.578008773029788614e+01 2.569002758713274590e-02 0.000000000000000000e+00 -2.717108999999999952e+01 5.009299999999999864e-02 7.783745199999999613e+02
0.000000000000000000e+00 4.000000000000000000e+03 -3.850000000000000000e+04 -6.249276553071666740e+00 5.847526532099323743e-02 -2.302567353874198641e-01 1.081835703401291295e-02 1.823332820185701308e+01 1.085159263537240765e-02 1.000000000000000000e+00 5.328978000000000215e+00 1.733300000000000118e-02 7.911222500000000082e+02
0.000000000000000000e+00 4.000000000000000000e+03 -3.850000000000000000e+04 -6.240564560089837620e+00 3.862099085338643184e-02 -2.142491467269968253e-01 1.071326696868923553e-02 -1.556051424503860936e+01 2.417205664316202443e-02 0.000000000000000000e+00 -2.717268500000000131e+01 4.616399999999999670e-02 8.014668410000000449e+02
0.000000000000000000e+00 4.000000000000000000e+03 -4.200000000000000000e+04 -6.233417760537037999e+00 6.731040261880787134e-02 -8.889770304235231069e-02 1.213111753409566729e-02 1.847238128014050318e+01 9.229943968840722060e-03 1.000000000000000000e+00 5.333821000000000367e+00 1.702899999999999900e-02 8.142095699999999852e+02
0.000000000000000000e+00 4.000000000000000000e+03 -4.200000000000000000e+04 -6.208551760342777115e+00 6.368335721433170116e-02 -6.938428585700762152e-02 1.130927409029623167e-02 -1.532650772987616250e+01 2.462425638394746125e-02 0.000000000000000000e+00 -2.717201400000000078e+01 4.626700000000000257e-02 8.245581620000000385e+02
0.000000000000000000e+00 4.000000000000000000e+03 -4.550000000000000000e+04 -6.213766626912629043e+00 5.819094156957103914e-02 1.791603738781466157e-02 8.148495793067967591e-03 1.871082784991367021e+01 7.928816907781452428e-03 1.000000000000000000e+00 5.333140000000000214e+00 7.758000000000000139e-03 8.373048909999999978e+02
0.000000000000000000e+00 4.000000000000000000e+03 -4.550000000000000000e+04 -6.195990968351336114e+00 5.430519886997746404e-02 8.361309546191958431e-02 8.200325632269122103e-03 -1.509665202902212755e+01 2.444716896118948393e-02 0.000000000000000000e+00 -2.717103099999999927e+01 4.749500000000000249e-02 8.476504830000000084e+02
0.000000000000000000e+00 4.000000000000000000e+03 -4.900000000000000000e+04 -6.226082195493479965e+00 4.067312339862070442e-02 1.972507936627819203e-01 8.410144733441104331e-03 1.893702774140420431e+01 1.057628080012752887e-02 1.000000000000000000e+00 5.336890999999999607e+00 1.146299999999999923e-02 8.603972119999999677e+02
0.000000000000000000e+00 4.000000000000000000e+03 -4.900000000000000000e+04 -6.189801096626356802e+00 4.664702541088736054e-02 1.809217245503304261e-01 1.004246540469033895e-02 -1.487223944804244624e+01 2.565109685591681829e-02 0.000000000000000000e+00 -2.718252400000000080e+01 4.824400000000000216e-02 8.707438039999999546e+02
0.000000000000000000e+00 4.000000000000000000e+03 -5.250000000000000000e+04 -6.184894721117232486e+00 4.646777536307209605e-02 3.106169292395226655e-01 8.565510444319768615e-03 1.916034131144620289e+01 8.668468182748188464e-03 1.000000000000000000e+00 5.341038000000000174e+00 1.370799999999999970e-02 8.834895330000000513e+02
0.000000000000000000e+00 4.000000000000000000e+03 -5.250000000000000000e+04 -6.176478064849362681e+00 4.840575532079945814e-02 3.431134985967680961e-01 8.937065250434863065e-03 -1.465607630607569334e+01 2.832808430749183051e-02 0.000000000000000000e+00 -2.716249699999999834e+01 4.482900000000000079e-02 8.938351239999999507e+02
0.000000000000000000e+00 4.000000000000000000e+03 -5.600000000000000000e+04 -6.201361943090711648e+00 6.317067236389484197e-02 4.647759918585533390e-01 1.146806412064673569e-02 1.937805219551242786e+01 1.198062466727784457e-02 1.000000000000000000e+00 5.333006000000000135e+00 8.012999999999999290e-03 9.065818530000000237e+02
0.000000000000000000e+00 4.000000000000000000e+03 -5.600000000000000000e+04 -6.184354889058816696e+00 6.097868597275521441e-02 4.752118350218033638e-01 1.006246070912082159e-02 -1.443895519997563781e+01 2.638120405731141788e-02 0.000000000000000000e+00 -2.716792600000000135e+01 4.537299999999999667e-02 9.169274450000000343e+02
0.000000000000000000e+00 4.000000000000000000e+03 -5.950000000000000000e+04 -6.168707103585101770e+00 5.061014915818726895e-02 5.933700182263511591e-01 7.277698529665034034e-03 1.959616374217693036e+01 8.400575831295543222e-03 1.000000000000000000e+00 5.326589000000000240e+00 1.898000000000000034e-02 9.296731740000000173e+02
0.000000000000000000e+00 4.000000000000000000e+03 -5.950000000000000000e+04 -6.182848326395387062e+00 3.880642697427887783e-02 6.298685149416484164e-01 9.110965145594101394e-03 -1.421920518524955845e+01 2.677903729796367316e-02 0.000000000000000000e+00 -2.716991300000000109e+01 4.274200000000000221e-02 9.400197660000000042e+02
0.000000000000000000e+00 4.000000000000000000e+03 -6.300000000000000000e+04 -6.148073013731512049e+00 4.821593714076426174e-02 7.381154044575564122e-01 9.410066982545829337e-03 1.981686560510901529e+01 8.691505394456641373e-03 1.000000000000000000e+00 5.325371999999999773e+00 1.220100000000000004e-02 9.527644950000000108e+02
0.000000000000000000e+00 4.000000000000000000e+03 -6.300000000000000000e+04 -6.185354368984641305e+00 4.644102514018464550e-02 7.783327327297280274e-01 9.546028804888622571e-03 -1.400447216980918874e+01 2.357211560265588812e-02 0.000000000000000000e+00 -2.717515300000000167e+01 4.716100000000000153e-02 9.631090870000000450e+02
0.000000000000000000e+00 4.000000000000000000e+03 -6.650000000000000000e+04 -6.133679194600422768e+00 6.358022365224810790e-02 8.937805644263857596e-01 1.037368951255069824e-02 2.001779331767177084e+01 1.118468096224953072e-02 1.000000000000000000e+00 5.333447999999999745e+00 1.115799999999999952e-02 9.758528159999999616e+02
0.000000000000000000e+00 4.000000000000000000e+03 -6.650000000000000000e+04 -6.173204576349943018e+00 4.972733249272431877e-02 8.969475429031845692e-01 1.056299568904741325e-02 -1.380455014413805692e+01 2.242815628247691456e-02 0.000000000000000000e+00 -2.718135699999999844e+01 4.589300000000000324e-02 9.861894069999999601e+02
0.000000000000000000e+00 4.000000000000000000e+03 -7.000000000000000000e+04 -6.114537181207692740e+00 8.549169145670242054e-02 1.223503070897697720e+00 1.055512610457811154e-02 2.019267102369385825e+01 1.020337619557598781e-02 1.000000000000000000e+00 5.321889999999999787e+00 1.603399999999999964e-02 9.989331359999999904e+02
0.000000000000000000e+00 4.000000000000000000e+03 -7.000000000000000000e+04 -6.234616905265846221e+00 5.806319081211552130e-02 9.694594210452448513e-01 9.090019731536723088e-03 -1.361681139524631590e+01 2.541019016056620533e-02 0.000000000000000000e+00 -2.717592300000000094e+01 4.622600000000000320e-02 1.009277728000000025e+03
0.000000000000000000e+00 4.000000000000000000e+03 -7.000000000000000000e+04 -6.103162809707337821e+00 5.884705226446466930e-02 1.231778667172897190e+00 1.075579478826792917e-02 2.016399917261546193e+01 2.439721230501616656e-02 1.000000000000000000e+00 5.243470000000000297e+00 4.840699999999999864e-02 1.019632319000000052e+03
0.000000000000000000e+00 4.000000000000000000e+03 -7.000000000000000000e+04 -6.196313642269979383e+00 6.205495029581650085e-02 9.611037589187685359e-01 9.451648452011423077e-03 -1.361791767744250592e+01 2.185828553028192414e-02 0.000000000000000000e+00 -2.716938700000000040e+01 5.185000000000000026e-02 1.029984911999999895e+03
0.000000000000000000e+00 4.000000000000000000e+03 -6.650000000000000000e+04 -6.152929357142384426e+00 5.824653985719001337e-02 9.018348534364013513e-01 1.148908029790090754e-02 2.003004984575484215e+01 7.176916439053726733e-03 1.000000000000000000e+00 5.337040000000000006e+00 1.419899999999999982e-02 1.042737640999999940e+03
0.000000000000000000e+00 4.000000000000000000e+03 -6.650000000000000000e+04 -6.163958263825706219e+00 4.737241194884852374e-02 8.885619399646801364e-01 9.249695662550490652e-03 -1.379080477673438843e+01 2.255113401358760372e-02 0.000000000000000000e+00 -2.717223800000000011e+01 4.583000000000000268e-02 1.053090232999999898e+03
0.000000000000000000e+00 4.000000000000000000e+03 -6.300000000000000000e+04 -6.176655177298153276e+00 4.344488743243784395e-02 7.131875672763053897e-01 1.003522930303600048e-02 1.982812275449573036e+01 7.871455952890241831e-03 1.000000000000000000e+00 5.344211999999999740e+00 7.173999999999999821e-03 1.065839962000000014e+03
0.000000000000000000e+00 4.000000000000000000e+03 -6.300000000000000000e+04 -6.168798555150081242e+00 3.572761469634681136e-02 7.535991366899477129e-01 1.030385046958399824e-02 -1.399330067383879950e+01 2.247005183816530929e-02 0.000000000000000000e+00 -2.717548599999999936e+01 4.805899999999999755e-02 1.076190554999999904e+03
0.000000000000000000e+00 4.000000000000000000e+03 -5.950000000000000000e+04 -6.200536465114051765e+00 4.797160421021047505e-02 5.881581738244960889e-01 6.916959691003323439e-03 1.961444118016999028e+01 8.031540769488167836e-03 1.000000000000000000e+00 5.353436000000000305e+00 7.237999999999999642e-03 1.088945283999999901e+03
0.000000000000000000e+00 4.000000000000000000e+03 -5.950000000000000000e+04 -6.152120356911621180e+00 4.663510092409495905e-02 6.299065971848146761e-01 1.034856614902831921e-02 -1.420700345032588707e+01 2.244912999335748477e-02 0.000000000000000000e+00 -2.717470099999999888e+01 5.369100000000000261e-02 1.099297876000000088e+03
0.000000000000000000e+00 4.000000000000000000e+03 -5.600000000000000000e+04 -6.162625892070150435e+00 4.599318744237474582e-02 4.831632852308078152e-01 9.186684848512800469e-03 1.940366967260864328e+01 1.107734748866745673e-02 1.000000000000000000e+00 5.340227999999999753e+00 2.655199999999999921e-02 1.112039604999999938e+03
0.000000000000000000e+00 4.000000000000000000e+03 -5.600000000000000000e+04 -6.181963106854622580e+00 6.280332946725138143e-02 5.108334005380332776e-01 1.339243806744567188e-02 -1.441744402497145572e+01 2.652822118871722354e-02 0.000000000000000000e+00 -2.717089700000000008e+01 5.807500000000000162e-02 1.122391196999999920e+03
0.000000000000000000e+00 4.000000000000000000e+03 -5.250000000000000000e+04 -6.199186236747874723e+00 5.486016973344982200e-02 3.499898181320622026e-01 9.867723942564422465e-03 1.918514845175367611e+01 1.025955081913514609e-02 1.000000000000000000e+00 5.349393000000000065e+00 1.216700000000000073e-02 1.135150926999999911e+03
0.000000000000000000e+00 4.000000000000000000e+03 -5.250000000000000000e+04 -6.167718165064102642e+00 4.688787842461037553e-02 3.712414905512072538e-01 1.002496244012547263e-02 -1.463201431419299325e+01 2.513410350326882384e-02 0.000000000000000000e+00 -2.716108200000000039e+01 4.456700000000000245e-02 1.145507519000000002e+03
0.000000000000000000e+00 4.000000000000000000e+03 -4.900000000000000000e+04 -6.195446531520217626e+00 4.919676655255456749e-02 2.110854696278155196e-01 5.993165392731966690e-03 1.896401130430571769e+01 8.759517244049884119e-03 1.000000000000000000e+00 5.346873999999999683e+00 8.869999999999999413e-03 1.158260248999999931e+03
0.000000000000000000e+00 4.000000000000000000e+03 -4.900000000000000000e+04 -6.179063672452776323e+00 5.323691664388802147e-02 2.331755279876192577e-01 8.800291438885516487e-03 -1.485067313814822043e+01 2.201919214781496159e-02 0.000000000000000000e+00 -2.715967099999999945e+01 4.418199999999999905e-02 1.168611840999999913e+03
0.000000000000000000e+00 4.000000000000000000e+03 -4.550000000000000000e+04 -6.207066129506888963e+00 4.066556038703546261e-02 5.968264151356708624e-02 5.441828403753779658e-03 1.873552654178831389e+01 9.098331387263840220e-03 1.000000000000000000e+00 5.331083999999999712e+00 9.079000000000000264e-03 1.181354569000000083e+03
0.000000000000000000e+00 4.000000000000000000e+03 -4.550000000000000000e+04 -6.207278492982116092e+00 5.186571761328150759e-02 8.622244151958846636e-02 8.838161375203655232e-03 -1.506999183547705101e+01 2.275616955828018220e-02 0.000000000000000000e+00 -2.716390799999999928e+01 4.438199999999999784e-02 1.191699161999999887e+03
0.000000000000000000e+00 4.000000000000000000e+03 -4.200000000000000000e+04 -6.238398633533996041e+00 5.771241486839178564e-02 -8.001996873554700906e-02 1.378421615621005895e-02 1.850290709665318900e+01 8.008807902397659800e-03 1.000000000000000000e+00 5.340342999999999840e+00 1.261999999999999927e-02 1.204446889999999939e+03
0.000000000000000000e+00 4.000000000000000000e+03 -4.200000000000000000e+04 -6.221634291878857859e+00 5.830889285826090090e-02 -5.297004113198072045e-02 1.655215457236334717e-02 -1.530215910614268537e+01 2.893215604922042689e-02 0.000000000000000000e+00 -2.716935700000000153e+01 4.498200000000000115e-02 1.214790482000000111e+03
0.000000000000000000e+00 4.000000000000000000e+03 -3.850000000000000000e+04 -6.237874523843890628e+00 5.893567348537078615e-02 -2.114754606820671845e-01 9.098206180056614759e-03 1.826042924403127898e+01 1.228952192442575413e-02 1.000000000000000000e+00 5.340849000000000402e+00 8.267999999999999308e-03 1.227537211000000070e+03
0.000000000000000000e+00 4.000000000000000000e+03 -3.850000000000000000e+04 -6.267062746735689416e+00 4.674940957676003428e-02 -1.769072642504289083e-01 7.400140464220219053e-03 -1.553574784371367734e+01 2.387711348413260048e-02 0.000000000000000000e+00 -2.716753399999999985e+01 4.049099999999999921e-02 1.237884802999999920e+03
0.000000000000000000e+00 4.000000000000000000e+03 -3.500000000000000000e+04 -6.267053492486953203e+00 4.798075379900491877e-02 -3.677130788970053854e-01 7.821175910642876733e-03 1.801373947484444926e+01 6.956632680690719855e-03 1.000000000000000000e+00 5.336458000000000368e+00 8.243999999999999592e-03 1.250636531999999988e+03
0.000000000000000000e+00 4.000000000000000000e+03 -3.500000000000000000e+04 -6.283598945921545997e+00 3.793454572056897955e-02 -3.278977640564332274e-01 1.114134095745915494e-02 -1.577427380172835036e+01 2.434105142847582670e-02 0.000000000000000000e+00 -2.715788799999999981e+01 4.475900000000000017e-02 1.260989123999999947e+03
