4525.000000	4050.000000	-70000.000000	-5.197604	0.059479	-4.931236	0.009903	26.029881	0.010434	1.000000	10.809675	0.009893	25.863479
4525.000000	4050.000000	-70000.000000	-5.568030	0.049754	-5.329412	0.010005	-7.932932	0.013420	0.000000	-21.867206	0.031696	36.307076
4525.000000	4050.000000	-66500.000000	-5.241070	0.056939	-5.269396	0.012684	25.779538	0.010225	1.000000	10.808071	0.012263	50.548891
4525.000000	4050.000000	-66500.000000	-5.541036	0.066080	-5.299274	0.009848	-8.186867	0.017974	0.000000	-21.849309	0.035615	60.890483
4525.000000	4050.000000	-63000.000000	-5.260770	0.045373	-5.331268	0.009098	25.569907	0.008831	1.000000	10.806978	0.013744	75.151299
4525.000000	4050.000000	-63000.000000	-5.552530	0.051159	-5.350051	0.009380	-8.400758	0.017655	0.000000	-21.857922	0.042841	85.489890
4525.000000	4050.000000	-59500.000000	-5.299169	0.062299	-5.381420	0.009675	25.359180	0.005861	1.000000	10.806809	0.010031	99.731704
4525.000000	4050.000000	-59500.000000	-5.540803	0.045933	-5.401503	0.009521	-8.614784	0.016156	0.000000	-21.873881	0.037125	110.072296
4525.000000	4050.000000	-56000.000000	-5.302086	0.059626	-5.437572	0.008785	25.145272	0.011361	1.000000	10.805363	0.009345	124.283109
4525.000000	4050.000000	-56000.000000	-5.554175	0.051699	-5.456546	0.010833	-8.832280	0.017070	0.000000	-21.862080	0.038526	134.623700
4525.000000	4050.000000	-52500.000000	-5.334891	0.074170	-5.483576	0.010803	24.921270	0.010588	1.000000	10.810400	0.014813	148.872515
4525.000000	4050.000000	-52500.000000	-5.587786	0.051682	-5.517976	0.008440	-9.048229	0.015966	0.000000	-21.870996	0.029364	159.210106
4525.000000	4050.000000	-49000.000000	-5.353038	0.053948	-5.537103	0.011880	24.700300	0.011708	1.000000	10.790283	0.011734	173.448921
4525.000000	4050.000000	-49000.000000	-5.594493	0.043116	-5.565312	0.008771	-9.249308	0.018384	0.000000	-21.860098	0.034221	183.788512
4525.000000	4050.000000	-45500.000000	-5.352617	0.044469	-5.587616	0.010052	24.490366	0.008150	1.000000	10.834565	0.011365	198.029326
4525.000000	4050.000000	-45500.000000	-5.613363	0.040326	-5.618084	0.007177	-9.479783	0.015913	0.000000	-21.847159	0.043195	208.368918
4525.000000	4050.000000	-42000.000000	-5.373082	0.062955	-5.648515	0.008336	24.250242	0.011663	1.000000	10.828291	0.013345	222.609733
4525.000000	4050.000000	-42000.000000	-5.636464	0.049553	-5.675242	0.011742	-9.708681	0.018750	0.000000	-21.842594	0.025970	232.950324
4525.000000	4050.000000	-38500.000000	-5.395049	0.055781	-5.704059	0.010360	24.002204	0.009945	1.000000	10.827238	0.010998	247.189138
4525.000000	4050.000000	-38500.000000	-5.668785	0.049886	-5.732987	0.011267	-9.944942	0.016836	0.000000	-21.839316	0.019072	257.530730
4525.000000	4050.000000	-35000.000000	-5.426881	0.048199	-5.759846	0.009710	23.753742	0.006116	1.000000	10.855282	0.005806	271.750543
4525.000000	4050.000000	-35000.000000	-5.682849	0.068070	-5.787825	0.008965	-10.185365	0.015682	0.000000	-21.837314	0.038679	282.093135
4525.000000	4050.000000	-35000.000000	-5.423946	0.058318	-5.761331	0.009017	23.743266	0.015544	1.000000	10.769382	0.043923	292.432726
4525.000000	4050.000000	-35000.000000	-5.697393	0.058403	-5.790888	0.010334	-10.181256	0.014787	0.000000	-21.852970	0.040353	302.774318
4525.000000	4050.000000	-38500.000000	-5.409906	0.063961	-5.713488	0.011963	23.987048	0.009960	1.000000	10.832618	0.009355	317.014132
4525.000000	4050.000000	-38500.000000	-5.675357	0.063581	-5.738724	0.011693	-9.971673	0.017533	0.000000	-21.858513	0.049126	327.356724
4525.000000	4050.000000	-42000.000000	-5.373611	0.069938	-5.649499	0.009051	24.225100	0.010383	1.000000	10.838007	0.009270	341.600538
4525.000000	4050.000000	-42000.000000	-5.629371	0.067900	-5.689403	0.013684	-9.734452	0.015586	0.000000	-21.848033	0.034837	351.939130
4525.000000	4050.000000	-45500.000000	-5.368232	0.068556	-5.591413	0.010580	24.459999	0.009956	1.000000	10.819947	0.006991	366.181944
4525.000000	4050.000000	-45500.000000	-5.607191	0.041881	-5.623550	0.009835	-9.500847	0.018823	0.000000	-21.838014	0.033234	376.523536
4525.000000	4050.000000	-49000.000000	-5.344992	0.050309	-5.536804	0.006707	24.694007	0.009309	1.000000	10.830437	0.010080	390.764350
4525.000000	4050.000000	-49000.000000	-5.632583	0.052864	-5.576472	0.010735	-9.272819	0.018455	0.000000	-21.835168	0.029596	401.108942
4525.000000	4050.000000	-52500.000000	-5.339140	0.062990	-5.489073	0.012882	24.918576	0.007544	1.000000	10.839949	0.015057	415.349757
4525.000000	4050.000000	-52500.000000	-5.573594	0.057690	-5.522987	0.012368	-9.055329	0.016124	0.000000	-21.831860	0.031453	425.692348
4525.000000	4050.000000	-56000.000000	-5.284055	0.068121	-5.430347	0.012529	25.144778	0.010705	1.000000	10.821511	0.005453	439.934163
4525.000000	4050.000000	-56000.000000	-5.572863	0.083781	-5.466466	0.012621	-8.828230	0.017197	0.000000	-21.836787	0.023864	450.276754
4525.000000	4050.000000	-59500.000000	-5.258520	0.046938	-5.374827	0.009785	25.355668	0.008933	1.000000	10.828167	0.008736	464.518569
4525.000000	4050.000000	-59500.000000	-5.564463	0.049240	-5.411005	0.013582	-8.612128	0.016970	0.000000	-21.850755	0.039049	474.857160
4525.000000	4050.000000	-63000.000000	-5.239717	0.042336	-5.320045	0.010696	25.577504	0.008726	1.000000	10.826369	0.010701	489.096975
4525.000000	4050.000000	-63000.000000	-5.563222	0.038776	-5.361559	0.010527	-8.391133	0.015641	0.000000	-21.850929	0.037182	499.438566
4525.000000	4050.000000	-66500.000000	-5.208856	0.054669	-5.262029	0.014221	25.792194	0.012763	1.000000	10.830795	0.015320	513.680381
4525.000000	4050.000000	-66500.000000	-5.585655	0.048775	-5.308053	0.016074	-8.182215	0.018930	0.000000	-21.845763	0.033722	524.019972
4525.000000	4050.000000	-70000.000000	-5.165377	0.065486	-4.920719	0.010695	26.047429	0.009021	1.000000	10.836189	0.016145	538.262787
4525.000000	4050.000000	-70000.000000	-5.566250	0.076276	-5.326623	0.014432	-7.910826	0.017058	0.000000	-21.872381	0.045127	548.608378
4525.000000	4050.000000	-70000.000000	-5.161702	0.066575	-4.911783	0.011244	26.035497	0.020077	1.000000	10.787303	0.042614	558.947970
4525.000000	4050.000000	-70000.000000	-5.563841	0.064235	-5.325552	0.012502	-7.909313	0.018020	0.000000	-21.841759	0.033077	569.288561
4525.000000	4050.000000	-66500.000000	-5.212694	0.061129	-5.240187	0.014678	25.804983	0.012310	1.000000	10.833219	0.011237	583.529376
4525.000000	4050.000000	-66500.000000	-5.531265	0.066606	-5.286058	0.010386	-8.166002	0.015766	0.000000	-21.847770	0.027235	593.866967
4525.000000	4050.000000	-63000.000000	-5.273989	0.046442	-5.308578	0.009399	25.592417	0.010574	1.000000	10.816887	0.008741	608.108782
4525.000000	4050.000000	-63000.000000	-5.536971	0.059629	-5.337583	0.006797	-8.377535	0.013144	0.000000	-21.836042	0.042421	618.448373
4525.000000	4050.000000	-59500.000000	-5.283370	0.052598	-5.354564	0.012632	25.380125	0.009461	1.000000	10.829061	0.008538	632.694188
4525.000000	4050.000000	-59500.000000	-5.566111	0.064434	-5.402862	0.010320	-8.590584	0.017114	0.000000	-21.861881	0.034343	643.033780
4525.000000	4050.000000	-56000.000000	-5.302827	0.056370	-5.406311	0.013190	25.166474	0.011152	1.000000	10.824616	0.012955	657.277594
4525.000000	4050.000000	-56000.000000	-5.559095	0.050855	-5.463674	0.009674	-8.809107	0.021899	0.000000	-21.848857	0.024783	667.618186
4525.000000	4050.000000	-52500.000000	-5.298394	0.047657	-5.482957	0.013520	24.944249	0.010584	1.000000	10.829926	0.011034	681.856000
4525.000000	4050.000000	-52500.000000	-5.605870	0.056688	-5.518627	0.013623	-9.028421	0.018534	0.000000	-21.842713	0.033908	692.194591
4525.000000	4050.000000	-49000.000000	-5.332993	0.053411	-5.533087	0.011119	24.715738	0.010281	1.000000	10.808195	0.005629	706.439406
4525.000000	4050.000000	-49000.000000	-5.587039	0.037266	-5.567394	0.010625	-9.249113	0.015822	0.000000	-21.867211	0.027132	716.778997
4525.000000	4050.000000	-45500.000000	-5.360968	0.040260	-5.581152	0.012904	24.484800	0.009099	1.000000	10.816649	0.012944	731.001811
4525.000000	4050.000000	-45500.000000	-5.641018	0.054738	-5.608391	0.009972	-9.471755	0.017481	0.000000	-21.874060	0.033302	741.343402
4525.000000	4050.000000	-42000.000000	-5.352978	0.055096	-5.642075	0.013750	24.246435	0.011738	1.000000	10.814324	0.007532	755.583217
4525.000000	4050.000000	-42000.000000	-5.648831	0.072551	-5.667648	0.015515	-9.705183	0.015629	0.000000	-21.854733	0.032537	765.924809
4525.000000	4050.000000	-38500.000000	-5.402932	0.059870	-5.690919	0.017102	24.006874	0.009939	1.000000	10.813798	0.004501	780.103620
4525.000000	4050.000000	-38500.000000	-5.676695	0.069155	-5.726697	0.013321	-9.946020	0.020294	0.000000	-21.851430	0.028286	790.442211
4525.000000	4050.000000	-35000.000000	-5.408981	0.035884	-5.742093	0.011166	23.750092	0.007198	1.000000	10.812933	0.011214	804.679025
4525.000000	4050.000000	-35000.000000	-5.704462	0.043709	-5.775218	0.011820	-10.184788	0.016887	0.000000	-21.858821	0.033596	815.017616