2.525000000000000000e+03 4.050000000000000000e+03 -5.203200000000000000e+04 -5.638708889222253440e+00 8.264108404415006215e-02 -5.078442613352376789e+00 1.536165862583665359e-02 2.480744686481018491e+01 1.057457660008126119e-02 1.000000000000000000e+00 1.083639800000000086e+01 1.496399999999999987e-02 8.428592089999999644e+02
2.525000000000000000e+03 4.050000000000000000e+03 -5.203200000000000000e+04 -5.588133448296670913e+00 5.427803661786883421e-02 -5.120109157666800748e+00 1.129177544656492088e-02 -9.164226425191900560e+00 1.698886735994022470e-02 0.000000000000000000e+00 -2.187203399999999931e+01 3.895900000000000057e-02 8.531988000000000056e+02
4.525000000000000000e+03 4.050000000000000000e+03 -5.203200000000000000e+04 -5.693857182002639128e+00 7.455702695029876870e-02 -5.313824811122161762e+00 1.100997056364200893e-02 2.485510982576340666e+01 1.368495208322483871e-02 1.000000000000000000e+00 1.082316999999999929e+01 1.803300000000000042e-02 8.659405289999999695e+02
4.525000000000000000e+03 4.050000000000000000e+03 -5.203200000000000000e+04 -5.657283974540709082e+00 5.527675381289719886e-02 -5.337963811100925327e+00 1.017261825879893673e-02 -9.116064029807809277e+00 1.730324774916850578e-02 0.000000000000000000e+00 -2.185244399999999843e+01 4.188700000000000062e-02 8.762801200000000108e+02
8.525000000000000000e+03 4.050000000000000000e+03 -5.203200000000000000e+04 -5.742412204943561527e+00 5.011225876075511843e-02 -5.956316480968960825e+00 1.419911990222360622e-02 2.494829855024784493e+01 1.269140263711616805e-02 1.000000000000000000e+00 1.081590399999999974e+01 1.347500000000000087e-02 8.910179630000000088e+02
8.525000000000000000e+03 4.050000000000000000e+03 -5.203200000000000000e+04 -5.707516142160891981e+00 6.682011466298237723e-02 -5.942694546483751061e+00 1.011919331193659316e-02 -9.024794536157489944e+00 2.089875776551199105e-02 0.000000000000000000e+00 -2.185825499999999977e+01 5.356299999999999950e-02 9.013615549999999530e+02
1.252500000000000000e+04 4.050000000000000000e+03 -5.203200000000000000e+04 -5.735813153421393196e+00 6.960871070582315412e-02 -6.546264303030096876e+00 1.101493225607276874e-02 2.510546333160052157e+01 9.933116845539912906e-03 1.000000000000000000e+00 1.080832900000000052e+01 9.886999999999999955e-03 9.161023979999999938e+02
1.252500000000000000e+04 4.050000000000000000e+03 -5.203200000000000000e+04 -5.729305592986128737e+00 6.569761860718272006e-02 -6.605543900099561938e+00 1.282171779280965977e-02 -8.884785335402783701e+00 1.676350330887630552e-02 0.000000000000000000e+00 -2.185461400000000154e+01 3.571300000000000169e-02 9.265399949999999762e+02
1.652500000000000000e+04 4.050000000000000000e+03 -5.203200000000000000e+04 -5.733829367395165022e+00 6.546321325331320995e-02 -7.234129301501195819e+00 1.092240612307431545e-02 2.526223084706005650e+01 1.289868369384514560e-02 1.000000000000000000e+00 1.082810800000000029e+01 1.835799999999999932e-02 9.412808380000000170e+02
1.652500000000000000e+04 4.050000000000000000e+03 -5.203200000000000000e+04 -5.640331699280364042e+00 8.183451586774138919e-02 -7.263995970183359852e+00 1.298376157875601525e-02 -8.747537806286691975e+00 1.316749186285672696e-02 0.000000000000000000e+00 -2.184101400000000126e+01 3.570099999999999663e-02 9.516224300000000085e+02
2.052500000000000000e+04 4.050000000000000000e+03 -5.203200000000000000e+04 -5.758792727118962063e+00 8.913481051956917423e-02 -7.840545937405009269e+00 1.461701447431751691e-02 2.546187419647912975e+01 1.303634923964882078e-02 1.000000000000000000e+00 1.079493300000000033e+01 1.049500000000000086e-02 9.663632730000000493e+02
2.052500000000000000e+04 4.050000000000000000e+03 -5.203200000000000000e+04 -5.627651495338852783e+00 5.800598960771296414e-02 -7.880499905281617146e+00 1.415278525209751233e-02 -8.578795361200068470e+00 2.032985836738434790e-02 0.000000000000000000e+00 -2.185271200000000036e+01 3.175300000000000344e-02 9.767018640000000005e+02
2.452500000000000000e+04 4.050000000000000000e+03 -5.203200000000000000e+04 -5.696812203026471622e+00 6.332267413687979463e-02 -8.486236204552355389e+00 1.689346351651759004e-02 2.569533938936739403e+01 1.296200133353733568e-02 1.000000000000000000e+00 1.085014100000000070e+01 1.467599999999999981e-02 9.914447069999999940e+02
2.452500000000000000e+04 4.050000000000000000e+03 -5.203200000000000000e+04 -5.611405161320218937e+00 7.756649019447200977e-02 -8.504542315269773667e+00 1.408690057195253684e-02 -8.387467091293810739e+00 1.607039029354296808e-02 0.000000000000000000e+00 -2.186478200000000172e+01 4.766900000000000304e-02 1.001787298999999962e+03
2.852500000000000000e+04 4.050000000000000000e+03 -5.203200000000000000e+04 -5.660780597220176347e+00 5.204490133653838502e-02 -9.053034705892441636e+00 9.866345636564190572e-03 2.595454034438131430e+01 1.118494857609258521e-02 1.000000000000000000e+00 1.081954400000000049e+01 9.445999999999999536e-03 1.016526142000000050e+03
2.852500000000000000e+04 4.050000000000000000e+03 -5.203200000000000000e+04 -5.605108174748607119e+00 9.668555209846536880e-02 -9.077717565163771596e+00 1.113446753130239997e-02 -8.170440697697245014e+00 1.795359897650911432e-02 0.000000000000000000e+00 -2.185011400000000137e+01 4.162199999999999928e-02 1.026867733000000044e+03
3.252500000000000000e+04 4.050000000000000000e+03 -5.203200000000000000e+04 -5.629843957219408779e+00 8.428956728312547719e-02 -9.634068729638009643e+00 1.127590431369686168e-02 2.625127748208549505e+01 1.041593524998189399e-02 1.000000000000000000e+00 1.083230000000000004e+01 1.684099999999999833e-02 1.041607576000000108e+03
3.252500000000000000e+04 4.050000000000000000e+03 -5.203200000000000000e+04 -5.607877451780876932e+00 6.931360048745177638e-02 -9.642971257910200933e+00 1.142347602850229439e-02 -7.931779093515362256e+00 1.768819187741241944e-02 0.000000000000000000e+00 -2.185645200000000088e+01 2.796099999999999974e-02 1.051948167999999896e+03
3.252500000000000000e+04 4.050000000000000000e+03 -5.203200000000000000e+04 -5.610859068638456293e+00 7.881246811848881262e-02 -9.642498228926175585e+00 1.442255156803245487e-02 2.623119555114447721e+01 2.089602644857696881e-02 1.000000000000000000e+00 1.077484100000000034e+01 2.731700000000000100e-02 1.062289759999999887e+03
3.252500000000000000e+04 4.050000000000000000e+03 -5.203200000000000000e+04 -5.632420087120279639e+00 7.514220594161050149e-02 -9.643224533779283902e+00 1.339209309090553905e-02 -7.933187164866986052e+00 1.750920357620858875e-02 0.000000000000000000e+00 -2.188031399999999849e+01 3.346600000000000269e-02 1.072630351000000019e+03
2.852500000000000000e+04 4.050000000000000000e+03 -5.203200000000000000e+04 -5.589039371912536858e+00 6.674119700188219095e-02 -9.103941282054483608e+00 1.320341374056176534e-02 2.595005985391522074e+01 1.109589060650357020e-02 1.000000000000000000e+00 1.082118799999999936e+01 1.733700000000000171e-02 1.087369194000000107e+03
2.852500000000000000e+04 4.050000000000000000e+03 -5.203200000000000000e+04 -5.678127020954585547e+00 6.762501194544842664e-02 -9.055538179999590653e+00 1.299342139739705429e-02 -8.176575105450757164e+00 1.327393418574998249e-02 0.000000000000000000e+00 -2.186156300000000030e+01 3.248399999999999899e-02 1.097707785000000058e+03
2.452500000000000000e+04 4.050000000000000000e+03 -5.203200000000000000e+04 -5.525401067502752284e+00 8.572318376730743428e-02 -8.529359968122724567e+00 1.222184305607133120e-02 2.571511721321119737e+01 1.305494401019022602e-02 1.000000000000000000e+00 1.081311700000000009e+01 1.131300000000000014e-02 1.112451628999999912e+03
2.452500000000000000e+04 4.050000000000000000e+03 -5.203200000000000000e+04 -5.708286710522123109e+00 8.337527926346895157e-02 -8.477086363257871682e+00 1.293143838160541910e-02 -8.369968920064815521e+00 1.584844920240803187e-02 0.000000000000000000e+00 -2.184014000000000166e+01 3.009099999999999969e-02 1.122793220000000019e+03
2.052500000000000000e+04 4.050000000000000000e+03 -5.203200000000000000e+04 -5.495870761176292696e+00 6.972918424435538276e-02 -7.963330685739480330e+00 8.479346884282487964e-03 2.548028469403575258e+01 1.400394283881333142e-02 1.000000000000000000e+00 1.082829599999999992e+01 1.067899999999999926e-02 1.137540062999999918e+03
2.052500000000000000e+04 4.050000000000000000e+03 -5.203200000000000000e+04 -5.710996812634412834e+00 9.668824932413838669e-02 -7.859128276312328687e+00 1.416128922371833777e-02 -8.564220784976331657e+00 1.872011960847081227e-02 0.000000000000000000e+00 -2.186375400000000013e+01 4.172399999999999720e-02 1.147884655000000066e+03
1.652500000000000000e+04 4.050000000000000000e+03 -5.203200000000000000e+04 -5.554031358505389981e+00 5.319924124545092475e-02 -7.273388074095397116e+00 1.200851733971600513e-02 2.528930830491098547e+01 9.501218774981109311e-03 1.000000000000000000e+00 1.082460599999999928e+01 8.059999999999999457e-03 1.162636498999999958e+03
1.652500000000000000e+04 4.050000000000000000e+03 -5.203200000000000000e+04 -5.721630211063843063e+00 8.219766614175916253e-02 -7.250667859625781198e+00 1.072151297457455202e-02 -8.724120696329300984e+00 1.911209999931796563e-02 0.000000000000000000e+00 -2.184852000000000061e+01 3.249300000000000105e-02 1.172981091000000106e+03
1.252500000000000000e+04 4.050000000000000000e+03 -5.203200000000000000e+04 -5.703406413651984863e+00 6.660248895273158942e-02 -6.614130648852794003e+00 1.066943879767611597e-02 2.509630575177876111e+01 1.149082181760341208e-02 1.000000000000000000e+00 1.083606499999999961e+01 9.608000000000000221e-03 1.187723934000000099e+03
1.252500000000000000e+04 4.050000000000000000e+03 -5.203200000000000000e+04 -5.763792688366829786e+00 5.400859195153005776e-02 -6.573032777820471573e+00 1.180791457617421519e-02 -8.886072747285766127e+00 1.806984683872265435e-02 0.000000000000000000e+00 -2.185318900000000042e+01 4.139400000000000024e-02 1.198065526000000091e+03
8.525000000000000000e+03 4.050000000000000000e+03 -5.203200000000000000e+04 -5.689800293578949564e+00 9.039783025474371070e-02 -5.961797164933655857e+00 1.326881031964487374e-02 2.496437737557313596e+01 1.130069099373241098e-02 1.000000000000000000e+00 1.083204199999999950e+01 1.537299999999999951e-02 1.212804368000000068e+03
8.525000000000000000e+03 4.050000000000000000e+03 -5.203200000000000000e+04 -5.729700170136772464e+00 7.005747607990135684e-02 -5.961954496708803397e+00 1.293827477552254683e-02 -9.006135808411636745e+00 1.730274548004236482e-02 0.000000000000000000e+00 -2.186432500000000090e+01 3.441199999999999815e-02 1.223142959999999903e+03
4.525000000000000000e+03 4.050000000000000000e+03 -5.203200000000000000e+04 -5.649056053430002500e+00 8.133285257300305882e-02 -5.363846450447416814e+00 1.298578621561416110e-02 2.485460814077038805e+01 1.079687856283070672e-02 1.000000000000000000e+00 1.083954699999999960e+01 1.029300000000000007e-02 1.237879803000000038e+03
4.525000000000000000e+03 4.050000000000000000e+03 -5.203200000000000000e+04 -5.682529522390961318e+00 8.593567125706015608e-02 -5.343059224119079076e+00 1.344520791843198566e-02 -9.112806920059108862e+00 1.798395328142886329e-02 0.000000000000000000e+00 -2.185617399999999932e+01 3.166999999999999676e-02 1.248218393999999989e+03
2.525000000000000000e+03 4.050000000000000000e+03 -5.203200000000000000e+04 -5.577524179826687245e+00 5.076206029780368917e-02 -5.132834581622785386e+00 1.025194921507165818e-02 2.481883406590839058e+01 1.236111700509839526e-02 1.000000000000000000e+00 1.081206399999999945e+01 1.562200000000000047e-02 1.260959123000000091e+03
2.525000000000000000e+03 4.050000000000000000e+03 -5.203200000000000000e+04 -5.602718602970509387e+00 6.185336552718632974e-02 -5.127166159279802571e+00 1.301065148570734915e-02 -9.161225206710300384e+00 1.262319253904248782e-02 0.000000000000000000e+00 -2.185169399999999840e+01 2.467600000000000002e-02 1.271400720000000092e+03
2.525000000000000000e+03 4.050000000000000000e+03 -5.203200000000000000e+04 -5.567030148328989014e+00 5.714826039621490050e-02 -5.157027906794144023e+00 1.383916302976978714e-02 2.479928844782969932e+01 1.499651673962554277e-02 1.000000000000000000e+00 1.076875599999999977e+01 3.612499999999999739e-02 1.281749311999999918e+03
2.525000000000000000e+03 4.050000000000000000e+03 -5.203200000000000000e+04 -5.592395405053834700e+00 8.552762484589843117e-02 -5.121059802600188782e+00 8.270456441602833109e-03 -9.152951480411072538e+00 1.934823279958168551e-02 0.000000000000000000e+00 -2.185644699999999929e+01 3.940599999999999659e-02 1.292089903000000049e+03
4.525000000000000000e+03 4.050000000000000000e+03 -5.203200000000000000e+04 -5.698680216776259577e+00 7.133911116444818790e-02 -5.347447257541080745e+00 1.383707028377185663e-02 2.486331987998852000e+01 1.405348804491124252e-02 1.000000000000000000e+00 1.081318699999999922e+01 2.048600000000000074e-02 1.304833632000000080e+03
4.525000000000000000e+03 4.050000000000000000e+03 -5.203200000000000000e+04 -5.701795809554598193e+00 5.684881713383724972e-02 -5.344074523263965482e+00 1.831302070720438463e-02 -9.112072177536383322e+00 1.677980378493849206e-02 0.000000000000000000e+00 -2.185474299999999914e+01 5.297099999999999725e-02 1.315312231999999995e+03
8.525000000000000000e+03 4.050000000000000000e+03 -5.203200000000000000e+04 -5.729961578773168362e+00 6.410560131209196155e-02 -5.955994428423065479e+00 1.548003462010218330e-02 2.495586474903738150e+01 1.053248961905729406e-02 1.000000000000000000e+00 1.081878900000000066e+01 6.951999999999999846e-03 1.330054075000000012e+03
8.525000000000000000e+03 4.050000000000000000e+03 -5.203200000000000000e+04 -5.724955908343313027e+00 7.188992781947378674e-02 -5.969459170963792971e+00 1.087304842384248689e-02 -9.018670399324850706e+00 1.592356785031628919e-02 0.000000000000000000e+00 -2.187422899999999970e+01 3.094900000000000082e-02 1.340393665999999939e+03
1.252500000000000000e+04 4.050000000000000000e+03 -5.203200000000000000e+04 -5.765041427587173750e+00 9.018764179085135557e-02 -6.600252018285214461e+00 1.156220668201522056e-02 2.509046508394214214e+01 9.553182236691696097e-03 1.000000000000000000e+00 1.081774599999999964e+01 1.690499999999999989e-02 1.355140509999999949e+03
1.252500000000000000e+04 4.050000000000000000e+03 -5.203200000000000000e+04 -5.711148720861271677e+00 5.574883993007116734e-02 -6.582099213083409950e+00 1.351159925416167522e-02 -8.896348044746025252e+00 1.710902308859978127e-02 0.000000000000000000e+00 -2.185299499999999995e+01 2.635799999999999949e-02 1.365479100999999901e+03
1.652500000000000000e+04 4.050000000000000000e+03 -5.203200000000000000e+04 -5.724318430625821463e+00 5.989173685346109444e-02 -7.273492250063156916e+00 1.353565211207874083e-02 2.525403942476121699e+01 1.215104825011196002e-02 1.000000000000000000e+00 1.081786100000000062e+01 1.208599999999999952e-02 1.380218943999999965e+03
1.652500000000000000e+04 4.050000000000000000e+03 -5.203200000000000000e+04 -5.650214563233212139e+00 5.758315534613936415e-02 -7.266346988821534403e+00 1.437223412185964326e-02 -8.755982508794918573e+00 1.587659776932181729e-02 0.000000000000000000e+00 -2.184384599999999921e+01 2.144300000000000025e-02 1.390560535000000073e+03
2.052500000000000000e+04 4.050000000000000000e+03 -5.203200000000000000e+04 -5.698566179973842516e+00 7.384769954763685529e-02 -7.837326854850989122e+00 1.544607449426365318e-02 2.547057617432828991e+01 1.067887265771131321e-02 1.000000000000000000e+00 1.079878700000000080e+01 1.474100000000000063e-02 1.405301378999999997e+03
2.052500000000000000e+04 4.050000000000000000e+03 -5.203200000000000000e+04 -5.614581372596500586e+00 7.409367382541660885e-02 -7.901574180109489198e+00 1.249858206162808572e-02 -8.576846188816929839e+00 1.416409755337504940e-02 0.000000000000000000e+00 -2.184161500000000089e+01 3.872699999999999754e-02 1.415738976000000093e+03
2.452500000000000000e+04 4.050000000000000000e+03 -5.203200000000000000e+04 -5.722489880089079328e+00 5.782674445763832938e-02 -8.476598201378212849e+00 1.427715940185663238e-02 2.568865527861999354e+01 1.480823128685437168e-02 1.000000000000000000e+00 1.082562399999999947e+01 2.602300000000000099e-02 1.430435815999999932e+03
2.452500000000000000e+04 4.050000000000000000e+03 -5.203200000000000000e+04 -5.625028854432116532e+00 7.317005554055296124e-02 -8.510555362999101092e+00 1.286286650313515564e-02 -8.394441590630512096e+00 1.605319804633698055e-02 0.000000000000000000e+00 -2.187137299999999840e+01 3.514099999999999863e-02 1.440775407999999970e+03
2.852500000000000000e+04 4.050000000000000000e+03 -5.203200000000000000e+04 -5.666485574239086276e+00 7.257228350047643939e-02 -9.060633503120618215e+00 1.317791809998371776e-02 2.596064725128241690e+01 1.163967624449220584e-02 1.000000000000000000e+00 1.081044999999999945e+01 1.134600000000000018e-02 1.455520250999999917e+03
2.852500000000000000e+04 4.050000000000000000e+03 -5.203200000000000000e+04 -5.633062738552199633e+00 7.807969343952994579e-02 -9.084359188077131719e+00 1.199304610829452639e-02 -8.161789610330465905e+00 1.685610344751549070e-02 0.000000000000000000e+00 -2.184969699999999904e+01 2.592600000000000113e-02 1.465859842000000071e+03
3.252500000000000000e+04 4.050000000000000000e+03 -5.203200000000000000e+04 -5.626382786157466676e+00 9.371820308471727479e-02 -9.656990605362796742e+00 1.181642639559082886e-02 2.624021428190934913e+01 9.034387627796045678e-03 1.000000000000000000e+00 1.080218999999999951e+01 7.222000000000000121e-03 1.480602685000000065e+03
3.252500000000000000e+04 4.050000000000000000e+03 -5.203200000000000000e+04 -5.626788552126779308e+00 7.363257967215751376e-02 -9.647362363496261750e+00 1.141936744812021773e-02 -7.935627943400624495e+00 1.961993982937223352e-02 0.000000000000000000e+00 -2.187687700000000035e+01 2.985399999999999859e-02 1.490942277000000104e+03
2.525000000000000000e+03 8.050000000000000000e+03 -5.203200000000000000e+04 2.475358222101226957e+01 7.646878984251993805e-02 -5.046665019243814498e+00 1.099930953748306899e-02 5.623885208212811015e+00 1.668405258680136574e-02 1.000000000000000000e+00 1.081529800000000030e+01 1.012200000000000079e-02 1.537624947000000020e+03
2.525000000000000000e+03 8.050000000000000000e+03 -5.203200000000000000e+04 -9.205129551710076186e+00 7.056162783512434644e-02 -5.074271607557572672e+00 1.322001437617097847e-02 5.600157425592598770e+00 1.233535046730482344e-02 0.000000000000000000e+00 -2.184278799999999876e+01 4.043499999999999872e-02 1.548066544999999905e+03
4.525000000000000000e+03 8.050000000000000000e+03 -5.203200000000000000e+04 2.476858599760212698e+01 5.288929708757555970e-02 -4.903865413770333248e+00 1.228268414633713022e-02 5.795688073754909908e+00 1.411368455590139223e-02 1.000000000000000000e+00 1.082961300000000016e+01 1.365800000000000000e-02 1.560814272999999957e+03
4.525000000000000000e+03 8.050000000000000000e+03 -5.203200000000000000e+04 -9.161805125728449184e+00 5.876984420516687818e-02 -4.893567424676532163e+00 1.493939368301741392e-02 5.750098000722909219e+00 1.311550965400246418e-02 0.000000000000000000e+00 -2.184912100000000024e+01 4.296699999999999825e-02 1.571153864999999996e+03
8.525000000000000000e+03 8.050000000000000000e+03 -5.203200000000000000e+04 2.481374828518497466e+01 6.758520029988743238e-02 -4.881472874569995568e+00 1.457464825513298846e-02 5.783688385923891673e+00 1.281030946789525789e-02 1.000000000000000000e+00 1.080923800000000057e+01 1.257300000000000084e-02 1.585812703000000056e+03
8.525000000000000000e+03 8.050000000000000000e+03 -5.203200000000000000e+04 -9.182735039907365504e+00 6.335589790152967860e-02 -4.893436765875617489e+00 1.315435889857823233e-02 5.763747317421906047e+00 1.391579678129648175e-02 0.000000000000000000e+00 -2.187507400000000146e+01 3.246799999999999686e-02 1.596155295000000024e+03
1.252500000000000000e+04 8.050000000000000000e+03 -5.203200000000000000e+04 2.485677002785217482e+01 7.748755054699454914e-02 -4.886225134060369513e+00 1.929771634474922171e-02 5.785826839598774640e+00 1.255223964496234024e-02 1.000000000000000000e+00 1.083152499999999918e+01 9.884000000000000424e-03 1.610839134999999942e+03
1.252500000000000000e+04 8.050000000000000000e+03 -5.203200000000000000e+04 -9.140393133368574397e+00 6.056892468407881064e-02 -4.888420874121190529e+00 1.198065147851550168e-02 5.746040780061246522e+00 1.307101540679735108e-02 0.000000000000000000e+00 -2.185336300000000165e+01 1.831299999999999942e-02 1.621179726000000073e+03
1.652500000000000000e+04 8.050000000000000000e+03 -5.203200000000000000e+04 2.485713725397520335e+01 6.727604287686228535e-02 -4.940329262574234548e+00 1.673257010319169694e-02 5.745902416658754674e+00 1.292423175946507546e-02 1.000000000000000000e+00 1.081821300000000008e+01 1.023100000000000051e-02 1.635920568999999887e+03
1.652500000000000000e+04 8.050000000000000000e+03 -5.203200000000000000e+04 -9.100257879169395991e+00 6.670710559353390523e-02 -4.929443725165398860e+00 1.502818596707415112e-02 5.674499298868918906e+00 1.259027576632668587e-02 0.000000000000000000e+00 -2.185510599999999926e+01 3.634400000000000130e-02 1.646260160000000042e+03
2.052500000000000000e+04 8.050000000000000000e+03 -5.203200000000000000e+04 2.489978325060824105e+01 6.891831775370428625e-02 -4.908868591700649375e+00 1.200657271789495883e-02 5.760173577266080258e+00 1.015923813921846414e-02 1.000000000000000000e+00 1.081727399999999939e+01 1.706200000000000078e-02 1.661002003999999943e+03
2.052500000000000000e+04 8.050000000000000000e+03 -5.203200000000000000e+04 -9.057893354157554811e+00 7.927046341342074143e-02 -4.895819038696209269e+00 1.483661386585484639e-02 5.656159857798678026e+00 1.326562061183134134e-02 0.000000000000000000e+00 -2.184748599999999996e+01 4.093600000000000017e-02 1.671343595999999934e+03
2.452500000000000000e+04 8.050000000000000000e+03 -5.203200000000000000e+04 2.498712318026942114e+01 6.049138688045342660e-02 -4.849874008745929999e+00 1.393978682220388052e-02 5.712523823839877224e+00 1.187147057574659999e-02 1.000000000000000000e+00 1.081759699999999924e+01 1.433199999999999925e-02 1.686086438999999928e+03
2.452500000000000000e+04 8.050000000000000000e+03 -5.203200000000000000e+04 -9.006192436480626284e+00 7.966474850396476626e-02 -4.863915599166867665e+00 1.423337275375320156e-02 5.631572991270675566e+00 1.147787588592760234e-02 0.000000000000000000e+00 -2.184992000000000090e+01 4.117500000000000326e-02 1.696426030000000083e+03
2.852500000000000000e+04 8.050000000000000000e+03 -5.203200000000000000e+04 2.505812832829222359e+01 6.355459998062958082e-02 -4.784271511810030297e+00 1.187659895415512680e-02 5.653287038443900236e+00 1.132693579854328683e-02 1.000000000000000000e+00 1.081153800000000054e+01 1.565899999999999931e-02 1.711165872999999920e+03
2.852500000000000000e+04 8.050000000000000000e+03 -5.203200000000000000e+04 -8.919554749930581394e+00 6.752677870118220516e-02 -4.802836960386223097e+00 8.461017500510476311e-03 5.636410337466196019e+00 1.089628772094519173e-02 0.000000000000000000e+00 -2.188117300000000043e+01 2.699000000000000010e-02 1.721506464000000051e+03
3.252500000000000000e+04 8.050000000000000000e+03 -5.203200000000000000e+04 2.517512775118836998e+01 7.497087739466064271e-02 -4.776749720767893947e+00 1.306447381593594907e-02 5.572052771079865074e+00 1.230311263816946492e-02 1.000000000000000000e+00 1.081609699999999918e+01 1.004099999999999958e-02 1.736247307999999975e+03
3.252500000000000000e+04 8.050000000000000000e+03 -5.203200000000000000e+04 -8.863842548515233233e+00 7.601264672692845115e-02 -4.747717738908655782e+00 1.222915137999466655e-02 5.588759838983964556e+00 1.077498636158522385e-02 0.000000000000000000e+00 -2.186486100000000121e+01 3.347699999999999981e-02 1.746684905000000072e+03
3.252500000000000000e+04 8.050000000000000000e+03 -5.203200000000000000e+04 2.515490821740150551e+01 6.256040490664449560e-02 -4.771748611589895717e+00 1.079055424826968167e-02 5.570805528348309110e+00 1.197085786114929738e-02 1.000000000000000000e+00 1.075320900000000002e+01 4.287900000000000045e-02 1.757027495999999928e+03
3.252500000000000000e+04 8.050000000000000000e+03 -5.203200000000000000e+04 -8.849566719057314401e+00 5.216501221259734616e-02 -4.753711533045700044e+00 1.555407801551474643e-02 5.588836930690183280e+00 1.371356539878855994e-02 0.000000000000000000e+00 -2.187466099999999969e+01 5.605099999999999666e-02 1.767369087999999920e+03
2.852500000000000000e+04 8.050000000000000000e+03 -5.203200000000000000e+04 2.510168641536456491e+01 8.556687608823909663e-02 -4.813914002575891971e+00 1.277351804706508380e-02 5.554973477233891899e+00 1.429305307487653033e-02 1.000000000000000000e+00 1.082090999999999958e+01 1.154400000000000044e-02 1.782109930999999960e+03
2.852500000000000000e+04 8.050000000000000000e+03 -5.203200000000000000e+04 -8.916173037274765178e+00 8.551053172529897439e-02 -4.795940256551718406e+00 1.274241776865709178e-02 5.651203531229972654e+00 1.034722076045775999e-02 0.000000000000000000e+00 -2.187742799999999832e+01 4.652599999999999791e-02 1.792450522000000092e+03
2.452500000000000000e+04 8.050000000000000000e+03 -5.203200000000000000e+04 2.503699866894695347e+01 6.728879301088470932e-02 -4.890608393903839612e+00 1.556458716107954506e-02 5.518714277356778553e+00 1.173226340666919804e-02 1.000000000000000000e+00 1.081082199999999993e+01 1.324600000000000083e-02 1.807189364999999952e+03
2.452500000000000000e+04 8.050000000000000000e+03 -5.203200000000000000e+04 -8.999381468862406308e+00 7.630219088175398123e-02 -4.858597663501956099e+00 1.479214595937820495e-02 5.687865417034426940e+00 1.122992353316938814e-02 0.000000000000000000e+00 -2.185315900000000156e+01 3.533100000000000129e-02 1.817529956999999968e+03
2.052500000000000000e+04 8.050000000000000000e+03 -5.203200000000000000e+04 2.496301150618752018e+01 8.166790427737437297e-02 -4.906913052991975555e+00 1.347075952775541631e-02 5.484449625738904821e+00 1.455260381124296072e-02 1.000000000000000000e+00 1.079640799999999956e+01 1.103600000000000067e-02 1.832270800000000008e+03
2.052500000000000000e+04 8.050000000000000000e+03 -5.203200000000000000e+04 -8.995306641058961716e+00 6.749086291587598485e-02 -4.902676185674747167e+00 1.512493508727768936e-02 5.723552026155462435e+00 1.263103327032565754e-02 0.000000000000000000e+00 -2.186452799999999996e+01 2.346000000000000169e-02 1.842611392000000023e+03
1.652500000000000000e+04 8.050000000000000000e+03 -5.203200000000000000e+04 2.490458958039126358e+01 6.954175409788111717e-02 -4.962920846196752223e+00 1.287456284801190634e-02 5.558149527335766393e+00 1.162256432386703404e-02 1.000000000000000000e+00 1.081813900000000039e+01 1.026799999999999935e-02 1.857287231000000020e+03
1.652500000000000000e+04 8.050000000000000000e+03 -5.203200000000000000e+04 -9.064291001796703995e+00 8.844709621878138472e-02 -4.923913973103952735e+00 1.410811004262525585e-02 5.720298165156161296e+00 1.071036308865403255e-02 0.000000000000000000e+00 -2.188463499999999939e+01 4.383299999999999697e-02 1.867627821999999924e+03
1.252500000000000000e+04 8.050000000000000000e+03 -5.203200000000000000e+04 2.485626576721239900e+01 6.659896218867228379e-02 -4.895949941706025044e+00 1.139690126522817197e-02 5.693345519185070813e+00 1.228301941472207184e-02 1.000000000000000000e+00 1.078198899999999938e+01 1.386100000000000006e-02 1.882367664999999988e+03
1.252500000000000000e+04 8.050000000000000000e+03 -5.203200000000000000e+04 -9.096806593867871271e+00 7.312578336011460456e-02 -4.894825130055806994e+00 1.289238833141618211e-02 5.773777372394799379e+00 1.046086330479228249e-02 0.000000000000000000e+00 -2.186737000000000108e+01 4.018100000000000144e-02 1.892708257000000003e+03
8.525000000000000000e+03 8.050000000000000000e+03 -5.203200000000000000e+04 2.480863537633364757e+01 6.657495044762264114e-02 -4.886399187353630325e+00 1.336200364547581246e-02 5.740859779660836715e+00 1.315411256888434667e-02 1.000000000000000000e+00 1.080181699999999978e+01 1.749099999999999960e-02 1.907450100000000020e+03
8.525000000000000000e+03 8.050000000000000000e+03 -5.203200000000000000e+04 -9.160912873686633873e+00 8.687135059224222744e-02 -4.893015757775317276e+00 1.315689290877121442e-02 5.763946293838180246e+00 1.388415173018730207e-02 0.000000000000000000e+00 -2.187409500000000051e+01 4.577300000000000119e-02 1.917788690999999972e+03
4.525000000000000000e+03 8.050000000000000000e+03 -5.203200000000000000e+04 2.478498699965129148e+01 5.772054292743994397e-02 -4.904688859571413317e+00 1.384722499885187967e-02 5.730834020845350096e+00 1.265629463914038841e-02 1.000000000000000000e+00 1.083672999999999931e+01 1.040800000000000058e-02 1.932530533999999989e+03
4.525000000000000000e+03 8.050000000000000000e+03 -5.203200000000000000e+04 -9.167555557858523940e+00 6.833512764271840179e-02 -4.886018962231848839e+00 1.537668095266088789e-02 5.770349857873270594e+00 9.084316536397140512e-03 0.000000000000000000e+00 -2.188420299999999941e+01 4.116600000000000120e-02 1.942872125999999980e+03
2.525000000000000000e+03 8.050000000000000000e+03 -5.203200000000000000e+04 2.479779727325040284e+01 8.162837140530157520e-02 -5.073661944755230024e+00 1.029286362805674308e-02 5.587288443307831365e+00 1.278234990337739560e-02 1.000000000000000000e+00 1.078653800000000018e+01 9.544999999999999665e-03 1.955611855000000105e+03
2.525000000000000000e+03 8.050000000000000000e+03 -5.203200000000000000e+04 -9.213331334088698199e+00 6.602729213909974693e-02 -5.058063319641199485e+00 1.559782249935768098e-02 5.604604196627144042e+00 1.342557660052279452e-02 0.000000000000000000e+00 -2.189640199999999837e+01 4.047699999999999909e-02 1.966051451999999927e+03
2.525000000000000000e+03 8.050000000000000000e+03 -5.203200000000000000e+04 2.477182771742657508e+01 6.808538020109965172e-02 -5.075453404884567199e+00 1.302096049760411225e-02 5.588918094165538974e+00 1.290916788919959680e-02 1.000000000000000000e+00 1.072745500000000085e+01 2.672599999999999976e-02 1.976393043000000034e+03
2.525000000000000000e+03 8.050000000000000000e+03 -5.203200000000000000e+04 -9.178662937483842654e+00 9.045006124803285641e-02 -5.063447265482007964e+00 1.181826208802316466e-02 5.595347867709500100e+00 1.206368548354521883e-02 0.000000000000000000e+00 -2.188574799999999954e+01 3.247099999999999986e-02 1.986734635000000026e+03
4.525000000000000000e+03 8.050000000000000000e+03 -5.203200000000000000e+04 2.480728992031215441e+01 6.396869179445496822e-02 -4.881195572552059936e+00 1.006069786256040370e-02 5.751530852680721395e+00 1.040438650879050783e-02 1.000000000000000000e+00 1.081427900000000086e+01 1.271800000000000014e-02 1.999493363999999929e+03
4.525000000000000000e+03 8.050000000000000000e+03 -5.203200000000000000e+04 -9.191943245189072798e+00 6.578011256549454178e-02 -4.910136152259445552e+00 1.337440838933336672e-02 5.757627041210274577e+00 1.377398098249728309e-02 0.000000000000000000e+00 -2.189161899999999861e+01 3.564900000000000013e-02 2.009832955999999967e+03
8.525000000000000000e+03 8.050000000000000000e+03 -5.203200000000000000e+04 2.480329043467266459e+01 7.060972397471444728e-02 -4.899879744968770545e+00 1.179714677899664117e-02 5.772831303913295464e+00 9.987069494573654060e-03 1.000000000000000000e+00 1.082811300000000010e+01 1.119700000000000036e-02 2.024572799000000032e+03
8.525000000000000000e+03 8.050000000000000000e+03 -5.203200000000000000e+04 -9.147790990731651917e+00 8.295521776226462418e-02 -4.881301872429829380e+00 1.163307621972000522e-02 5.769681659025202691e+00 1.134877970010167610e-02 0.000000000000000000e+00 -2.184051799999999943e+01 3.295800000000000118e-02 2.034916390000000092e+03
1.252500000000000000e+04 8.050000000000000000e+03 -5.203200000000000000e+04 2.481981834326434821e+01 5.829629251121409145e-02 -4.893251148368717551e+00 1.130102194432728441e-02 5.789998947826137332e+00 1.108786527970092965e-02 1.000000000000000000e+00 1.080276600000000009e+01 1.029799999999999986e-02 2.049657233999999789e+03
1.252500000000000000e+04 8.050000000000000000e+03 -5.203200000000000000e+04 -9.134513246922296048e+00 8.636088699047231310e-02 -4.892172351307667810e+00 1.583261709267573189e-02 5.749362999243994743e+00 1.096942073290937958e-02 0.000000000000000000e+00 -2.185812599999999861e+01 3.649899999999999672e-02 2.059997824999999921e+03
1.652500000000000000e+04 8.050000000000000000e+03 -5.203200000000000000e+04 2.487438490219480869e+01 6.450307250204914689e-02 -4.911345217321521517e+00 1.163265225768312858e-02 5.747364474346230878e+00 1.222845800774617804e-02 1.000000000000000000e+00 1.080998800000000060e+01 1.211300000000000050e-02 2.074741668000000118e+03
1.652500000000000000e+04 8.050000000000000000e+03 -5.203200000000000000e+04 -9.070461867162373792e+00 6.437311064752046508e-02 -4.961254743126096933e+00 1.227691846850604250e-02 5.656625760389323965e+00 1.095252749276351932e-02 0.000000000000000000e+00 -2.188475400000000093e+01 3.262199999999999822e-02 2.084122205000000122e+03
2.052500000000000000e+04 8.050000000000000000e+03 -5.203200000000000000e+04 2.490593311484723316e+01 5.305585677742757911e-02 -4.882645636930790900e+00 8.849203830967579398e-03 5.782596555457658383e+00 1.042510010364799435e-02 1.000000000000000000e+00 1.077181599999999939e+01 9.426000000000000351e-03 2.098862047999999959e+03
2.052500000000000000e+04 8.050000000000000000e+03 -5.203200000000000000e+04 -9.052517281899641333e+00 7.759820168620538972e-02 -4.899950578121540445e+00 1.323286568809189587e-02 5.647482180802231078e+00 1.200676520749499598e-02 0.000000000000000000e+00 -2.188188800000000001e+01 3.818400000000000266e-02 2.109204639000000043e+03
2.452500000000000000e+04 8.050000000000000000e+03 -5.203200000000000000e+04 2.498738013634117650e+01 8.430147057796893995e-02 -4.845105617525588215e+00 1.249214341281740422e-02 5.720862084314758178e+00 1.400753030856753331e-02 1.000000000000000000e+00 1.083135599999999954e+01 1.230299999999999970e-02 2.123943483000000015e+03
2.452500000000000000e+04 8.050000000000000000e+03 -5.203200000000000000e+04 -8.993370931949863589e+00 5.772989083472663402e-02 -4.863075701565064080e+00 1.173848994539890452e-02 5.632665728927261029e+00 1.106454201547960557e-02 0.000000000000000000e+00 -2.184806800000000138e+01 3.477700000000000236e-02 2.134284074000000146e+03
2.852500000000000000e+04 8.050000000000000000e+03 -5.203200000000000000e+04 2.502146982424802246e+01 6.236744501971051152e-02 -4.802253731708745477e+00 1.240129471425205528e-02 5.698739714028023151e+00 9.207288641269531504e-03 1.000000000000000000e+00 1.079638300000000051e+01 7.330999999999999843e-03 2.148948913000000175e+03
2.852500000000000000e+04 8.050000000000000000e+03 -5.203200000000000000e+04 -8.943502864913702055e+00 7.235036208506177846e-02 -4.801656265461865303e+00 1.212242410007557079e-02 5.619375972222642623e+00 1.139458284003250221e-02 0.000000000000000000e+00 -2.188258400000000137e+01 3.590700000000000142e-02 2.159294504999999845e+03
3.252500000000000000e+04 8.050000000000000000e+03 -5.203200000000000000e+04 2.517228456104706424e+01 6.662451808560701516e-02 -4.723203708678845203e+00 7.795377230121172153e-03 5.610492676493118225e+00 1.223774818750304055e-02 1.000000000000000000e+00 1.079567300000000074e+01 1.001400000000000033e-02 2.174036348000000089e+03
3.252500000000000000e+04 8.050000000000000000e+03 -5.203200000000000000e+04 -8.872064397730571983e+00 6.240815009368868432e-02 -4.770272155135312886e+00 1.508221894978492746e-02 5.575778124530362589e+00 1.107639356624586999e-02 0.000000000000000000e+00 -2.186823899999999909e+01 2.786100000000000035e-02 2.184378939000000173e+03
2.525000000000000000e+03 -3.950000000000000000e+03 -5.203200000000000000e+04 5.603571888750758845e+00 5.572804018542754784e-02 -5.212025907199230979e+00 1.381909633229720137e-02 -2.500883609110032424e+01 1.287182798401459091e-02 1.000000000000000000e+00 1.081086700000000000e+01 1.317699999999999948e-02 2.262124385999999959e+03
2.525000000000000000e+03 -3.950000000000000000e+03 -5.203200000000000000e+04 5.632964519766357370e+00 6.688619994295973148e-02 -5.195869031494001256e+00 1.759128789889503539e-02 8.989840130332682477e+00 2.074360993772788112e-02 0.000000000000000000e+00 -2.186130500000000154e+01 3.005999999999999991e-02 2.272563983000000007e+03
4.525000000000000000e+03 -3.950000000000000000e+03 -5.203200000000000000e+04 5.540132504123709722e+00 7.152751415699783177e-02 -4.994682611037486453e+00 1.324834183919391256e-02 -2.494327778879266688e+01 1.640861197762750329e-02 1.000000000000000000e+00 1.082377100000000070e+01 8.996999999999999789e-03 2.285305711999999858e+03
4.525000000000000000e+03 -3.950000000000000000e+03 -5.203200000000000000e+04 5.559086236989388752e+00 7.153293275714749100e-02 -4.993252609193631564e+00 1.384340329323918012e-02 9.044623223432756376e+00 2.048775008199167982e-02 0.000000000000000000e+00 -2.187945399999999907e+01 4.234500000000000069e-02 2.295647304000000076e+03
8.525000000000000000e+03 -3.950000000000000000e+03 -5.203200000000000000e+04 5.464056309727778782e+00 7.690870154159913652e-02 -4.394123705190883022e+00 1.419092328327839839e-02 -2.485006268833858556e+01 1.218265076054189308e-02 1.000000000000000000e+00 1.082125300000000045e+01 1.702000000000000041e-02 2.310394146999999975e+03
8.525000000000000000e+03 -3.950000000000000000e+03 -5.203200000000000000e+04 5.462356655396332528e+00 6.608317048235376467e-02 -4.400040055780615411e+00 1.284529435582438921e-02 9.124226481095286445e+00 1.997657039915498936e-02 0.000000000000000000e+00 -2.186290400000000034e+01 2.753099999999999992e-02 2.320736738999999943e+03
1.252500000000000000e+04 -3.950000000000000000e+03 -5.203200000000000000e+04 5.459119072078109980e+00 6.031112607835465572e-02 -3.822590993490363243e+00 1.572731707836808046e-02 -2.477182490558922723e+01 1.370442766689954593e-02 1.000000000000000000e+00 1.081281399999999948e+01 8.009000000000000494e-03 2.335480582000000140e+03
1.252500000000000000e+04 -3.950000000000000000e+03 -5.203200000000000000e+04 5.399789126121335769e+00 5.930461033901641282e-02 -3.780624421573199445e+00 1.940488140050531524e-02 9.205420451116836489e+00 2.106661079456662380e-02 0.000000000000000000e+00 -2.188111800000000073e+01 4.134700000000000181e-02 2.345822173999999904e+03
1.652500000000000000e+04 -3.950000000000000000e+03 -5.203200000000000000e+04 5.588768505034975576e+00 7.264617517712074202e-02 -2.965167807672176803e+00 1.326343969396324984e-02 -2.474225021415276871e+01 1.316393214885605047e-02 1.000000000000000000e+00 1.079233499999999957e+01 1.476500000000000035e-02 2.360560015999999905e+03
1.652500000000000000e+04 -3.950000000000000000e+03 -5.203200000000000000e+04 5.464875773352558141e+00 5.655557849270645421e-02 -2.954830317178764432e+00 1.627471623087185792e-02 9.256303923369603837e+00 2.150590351414965670e-02 0.000000000000000000e+00 -2.188685500000000062e+01 2.819699999999999984e-02 2.370900607999999920e+03
2.052500000000000000e+04 -3.950000000000000000e+03 -5.203200000000000000e+04 5.576216440849318445e+00 5.694708554253319344e-02 -2.246722820676579691e+00 1.446780550250081378e-02 -2.474756393825951406e+01 1.691222330603564181e-02 1.000000000000000000e+00 1.079190299999999958e+01 1.764399999999999996e-02 2.385654452000000219e+03
2.052500000000000000e+04 -3.950000000000000000e+03 -5.203200000000000000e+04 5.447937047210223760e+00 8.757597608539562095e-02 -2.214988503798294595e+00 1.654006465669940334e-02 9.279581669135778199e+00 1.829475593831238200e-02 0.000000000000000000e+00 -2.187415000000000020e+01 3.082400000000000070e-02 2.396094048999999814e+03
2.452500000000000000e+04 -3.950000000000000000e+03 -5.203200000000000000e+04 5.505279924532164415e+00 6.206893787878814406e-02 -1.575241459686192114e+00 1.445542916341303885e-02 -2.477768488875976161e+01 1.491239388229425797e-02 1.000000000000000000e+00 1.079258300000000048e+01 1.948899999999999938e-02 2.410833892000000105e+03
2.452500000000000000e+04 -3.950000000000000000e+03 -5.203200000000000000e+04 5.395993898332653416e+00 6.827916257645026687e-02 -1.546893946705300893e+00 1.395374577850522907e-02 9.276552822032508416e+00 1.860572873089155060e-02 0.000000000000000000e+00 -2.187633999999999901e+01 4.069400000000000100e-02 2.421172482999999829e+03
2.852500000000000000e+04 -3.950000000000000000e+03 -5.203200000000000000e+04 5.418393345340371425e+00 6.056276203581671680e-02 -9.435619812430185993e-01 1.230691877213903850e-02 -2.484554585948543348e+01 1.390116081228497287e-02 1.000000000000000000e+00 1.080971500000000063e+01 1.593599999999999878e-02 2.435917325999999775e+03
2.852500000000000000e+04 -3.950000000000000000e+03 -5.203200000000000000e+04 5.362100129070107357e+00 7.620214266044336715e-02 -9.212320616977536236e-01 1.023125514250003767e-02 9.240175491173930666e+00 2.138729347454938409e-02 0.000000000000000000e+00 -2.187124899999999883e+01 2.840399999999999869e-02 2.446252918000000136e+03
3.252500000000000000e+04 -3.950000000000000000e+03 -5.203200000000000000e+04 5.293865095964384260e+00 6.468480649773085400e-02 -4.152995364658851885e-01 1.226035261148692400e-02 -2.495375769492232720e+01 1.360442200878533674e-02 1.000000000000000000e+00 1.079542400000000058e+01 1.647500000000000006e-02 2.460992760999999973e+03
3.252500000000000000e+04 -3.950000000000000000e+03 -5.203200000000000000e+04 5.249504700646477673e+00 7.137770449142656626e-02 -4.017597378170726929e-01 1.555902750042396747e-02 9.176765802526329452e+00 2.110962005284873141e-02 0.000000000000000000e+00 -2.186135000000000161e+01 3.531299999999999717e-02 2.471333352000000104e+03
3.252500000000000000e+04 -3.950000000000000000e+03 -5.203200000000000000e+04 5.261890885549552976e+00 7.066882326249654400e-02 -4.078822198730148729e-01 1.500025372644407488e-02 -2.493579407198848230e+01 2.311509670834900609e-02 1.000000000000000000e+00 1.074696100000000065e+01 3.379200000000000259e-02 2.481674942999999985e+03
3.252500000000000000e+04 -3.950000000000000000e+03 -5.203200000000000000e+04 5.274314434230968018e+00 5.898062177521044142e-02 -3.946478569402813719e-01 1.414287643440365928e-02 9.175828844757308644e+00 2.509973504184381810e-02 0.000000000000000000e+00 -2.187949400000000111e+01 3.491999999999999965e-02 2.492014534999999796e+03
2.852500000000000000e+04 -3.950000000000000000e+03 -5.203200000000000000e+04 5.248517477174005741e+00 6.007825110303289390e-02 -9.115759092816491105e-01 1.617046063218517335e-02 -2.487726621336438271e+01 1.143317131612558296e-02 1.000000000000000000e+00 1.079206699999999941e+01 1.474699999999999969e-02 2.506753377999999884e+03
2.852500000000000000e+04 -3.950000000000000000e+03 -5.203200000000000000e+04 5.362247360916818195e+00 6.512468591653471084e-02 -9.349287844969729200e-01 1.438809515018325824e-02 9.216141607668667746e+00 1.816667796329245188e-02 0.000000000000000000e+00 -2.189792200000000122e+01 4.144199999999999967e-02 2.517093969000000016e+03
2.452500000000000000e+04 -3.950000000000000000e+03 -5.203200000000000000e+04 5.251558781606870063e+00 4.482942695220465401e-02 -1.502859195282254090e+00 1.437642843481759351e-02 -2.482980117439526424e+01 1.387098517033004408e-02 1.000000000000000000e+00 1.079221100000000000e+01 1.552500000000000061e-02 2.531831811999999900e+03
2.452500000000000000e+04 -3.950000000000000000e+03 -5.203200000000000000e+04 5.474989905057334738e+00 7.257825407797667550e-02 -1.573685558972061305e+00 1.150604106681971626e-02 9.223932452177274754e+00 1.788881642147748322e-02 0.000000000000000000e+00 -2.188307999999999964e+01 2.476700000000000082e-02 2.542174403999999868e+03
2.052500000000000000e+04 -3.950000000000000000e+03 -5.203200000000000000e+04 5.310173909879605247e+00 7.077845956111029901e-02 -2.165515299967700980e+00 1.804635600512989949e-02 -2.480694934039292221e+01 1.316833774978396800e-02 1.000000000000000000e+00 1.078786500000000004e+01 1.189199999999999979e-02 2.556916247000000112e+03
2.052500000000000000e+04 -3.950000000000000000e+03 -5.203200000000000000e+04 5.545817061597348108e+00 7.543172358496680330e-02 -2.233940061558067569e+00 1.151377330100351523e-02 9.217533875725745673e+00 1.984979053728939610e-02 0.000000000000000000e+00 -2.185285599999999917e+01 2.029600000000000154e-02 2.567255838999999924e+03
1.652500000000000000e+04 -3.950000000000000000e+03 -5.203200000000000000e+04 5.320407363938813639e+00 6.306606549723488275e-02 -2.910554071923467045e+00 1.727001270584077944e-02 -2.480620996230061692e+01 1.722347911539879803e-02 1.000000000000000000e+00 1.079435600000000051e+01 1.112900000000000000e-02 2.581924677999999858e+03
1.652500000000000000e+04 -3.950000000000000000e+03 -5.203200000000000000e+04 5.541383357020983169e+00 7.317900039973249116e-02 -2.972413071027241838e+00 1.667635652871781587e-02 9.193377475803234944e+00 1.838331456574253397e-02 0.000000000000000000e+00 -2.187689599999999857e+01 2.669699999999999851e-02 2.592268269000000146e+03
1.252500000000000000e+04 -3.950000000000000000e+03 -5.203200000000000000e+04 5.346114173040579232e+00 8.046219141011548559e-02 -3.750462746326018504e+00 1.478804697985299475e-02 -2.481714521158462361e+01 1.421649865485870474e-02 1.000000000000000000e+00 1.080208999999999975e+01 9.509000000000000091e-03 2.607008111999999983e+03
1.252500000000000000e+04 -3.950000000000000000e+03 -5.203200000000000000e+04 5.463568812580725798e+00 6.570100649205708188e-02 -3.789289032413034608e+00 1.554040107065296321e-02 9.164690093726601816e+00 1.981036565775404559e-02 0.000000000000000000e+00 -2.187600199999999973e+01 3.155700000000000172e-02 2.617347703999999794e+03
8.525000000000000000e+03 -3.950000000000000000e+03 -5.203200000000000000e+04 5.461684674879834667e+00 7.594902493916291797e-02 -4.338555117131241090e+00 1.387673481931275300e-02 -2.485984666862299974e+01 1.432650070829864439e-02 1.000000000000000000e+00 1.080269099999999938e+01 1.366099999999999953e-02 2.632087547000000086e+03
8.525000000000000000e+03 -3.950000000000000000e+03 -5.203200000000000000e+04 5.476752664001326210e+00 6.485155193614081104e-02 -4.381086746070403493e+00 1.365368934202498656e-02 9.122823736544878770e+00 1.761909458018503030e-02 0.000000000000000000e+00 -2.187955900000000042e+01 3.223299999999999776e-02 2.642426137999999810e+03
4.525000000000000000e+03 -3.950000000000000000e+03 -5.203200000000000000e+04 5.494129930408442775e+00 6.838525621415487976e-02 -4.948376208893221495e+00 1.647432823363596116e-02 -2.495030616762601028e+01 1.485408973228646151e-02 1.000000000000000000e+00 1.080742000000000047e+01 1.387200000000000065e-02 2.657163981000000149e+03
4.525000000000000000e+03 -3.950000000000000000e+03 -5.203200000000000000e+04 5.528382347513334238e+00 6.946801810942544730e-02 -4.973902303602445230e+00 1.514445755303438050e-02 9.024531326843087342e+00 2.166711368348069738e-02 0.000000000000000000e+00 -2.187943500000000085e+01 3.375399999999999928e-02 2.667502573000000211e+03
2.525000000000000000e+03 -3.950000000000000000e+03 -5.203200000000000000e+04 5.666337304718913614e+00 6.851687082300859932e-02 -5.147516327817448278e+00 1.309621406227817926e-02 -2.498214205657330211e+01 1.299548905805934101e-02 1.000000000000000000e+00 1.079323899999999981e+01 1.237800000000000011e-02 2.680241301000000021e+03
2.525000000000000000e+03 -3.950000000000000000e+03 -5.203200000000000000e+04 5.655285733690885053e+00 6.463843837382117485e-02 -5.150742106635804340e+00 1.528932569521789832e-02 8.994062138122590255e+00 1.890209878239108854e-02 0.000000000000000000e+00 -2.190348499999999987e+01 3.931099999999999872e-02 2.690680898000000070e+03
2.525000000000000000e+03 -3.950000000000000000e+03 -5.203200000000000000e+04 5.678074493582021987e+00 7.623617746511869575e-02 -5.135310114327676700e+00 1.886415852819221112e-02 -2.496679300683614144e+01 1.825567047605097457e-02 1.000000000000000000e+00 1.072389899999999940e+01 3.649499999999999966e-02 2.701022489999999834e+03
2.525000000000000000e+03 -3.950000000000000000e+03 -5.203200000000000000e+04 5.659733179666091019e+00 7.815310822087982723e-02 -5.148255560891136895e+00 1.071387953439876216e-02 8.994598294403271410e+00 1.986536822557886245e-02 0.000000000000000000e+00 -2.186839799999999912e+01 3.542900000000000216e-02 2.711366081000000122e+03
4.525000000000000000e+03 -3.950000000000000000e+03 -5.203200000000000000e+04 5.581173334155361765e+00 5.798496985484338784e-02 -4.959421881361049778e+00 1.321637018483044074e-02 -2.493744799085462915e+01 1.587749615242994503e-02 1.000000000000000000e+00 1.080659999999999954e+01 2.520700000000000024e-02 2.724103810000000067e+03
4.525000000000000000e+03 -3.950000000000000000e+03 -5.203200000000000000e+04 5.527962664159778328e+00 5.950622245888385203e-02 -4.935330387407444341e+00 1.366586994756245795e-02 9.051078308534579620e+00 2.092753058175129965e-02 0.000000000000000000e+00 -2.188667699999999883e+01 4.642700000000000299e-02 2.734444401000000198e+03
8.525000000000000000e+03 -3.950000000000000000e+03 -5.203200000000000000e+04 5.472957759432308222e+00 1.017306607552677794e-01 -4.410965617966462915e+00 1.578404234957062405e-02 -2.483555125246140705e+01 1.557123898100537356e-02 1.000000000000000000e+00 1.077840199999999982e+01 1.211199999999999950e-02 2.749183243999999831e+03
8.525000000000000000e+03 -3.950000000000000000e+03 -5.203200000000000000e+04 5.459590110705029531e+00 6.370468731269376961e-02 -4.362512985703508761e+00 1.739320276794070058e-02 9.136783388552890628e+00 2.222676595605429378e-02 0.000000000000000000e+00 -2.187210299999999918e+01 3.148499999999999910e-02 2.759519835000000057e+03
1.252500000000000000e+04 -3.950000000000000000e+03 -5.203200000000000000e+04 5.468606779814174423e+00 8.646565958376437044e-02 -3.759877793195910645e+00 1.070784488131024288e-02 -2.477897940967705992e+01 1.729885862542305044e-02 1.000000000000000000e+00 1.079072599999999937e+01 1.293500000000000032e-02 2.774258678000000145e+03
1.252500000000000000e+04 -3.950000000000000000e+03 -5.203200000000000000e+04 5.410486728746596086e+00 5.797988924785531240e-02 -3.763031218086354990e+00 1.301898962635514821e-02 9.204739616964866755e+00 2.265943902472629737e-02 0.000000000000000000e+00 -2.187769099999999867e+01 3.023999999999999952e-02 2.784599270000000161e+03
1.652500000000000000e+04 -3.950000000000000000e+03 -5.203200000000000000e+04 5.572104222914298965e+00 7.507634495247597628e-02 -2.977984271375650582e+00 1.355970736534633896e-02 -2.474179976377807222e+01 1.418645444580872265e-02 1.000000000000000000e+00 1.080804599999999915e+01 9.769999999999999171e-03 2.799337113000000045e+03
1.652500000000000000e+04 -3.950000000000000000e+03 -5.203200000000000000e+04 5.475009889273604990e+00 6.515253708071977456e-02 -2.926464708211745869e+00 1.647063988974494658e-02 9.257843679008971094e+00 2.333226762592479492e-02 0.000000000000000000e+00 -2.187882899999999964e+01 3.476499999999999729e-02 2.809681704999999965e+03
2.052500000000000000e+04 -3.950000000000000000e+03 -5.203200000000000000e+04 5.562338952927494695e+00 7.103831814936678590e-02 -2.250294485395273547e+00 1.432327573779077629e-02 -2.474506844850460041e+01 1.522418367757568530e-02 1.000000000000000000e+00 1.077839700000000001e+01 1.543199999999999954e-02 2.824376545000000078e+03
2.052500000000000000e+04 -3.950000000000000000e+03 -5.203200000000000000e+04 5.454973380087173140e+00 5.486121403968245019e-02 -2.213604836188054481e+00 1.358958383491525729e-02 9.267790952847565933e+00 1.804553876408125646e-02 0.000000000000000000e+00 -2.188088499999999925e+01 3.687000000000000000e-02 2.834717136000000210e+03
2.452500000000000000e+04 -3.950000000000000000e+03 -5.203200000000000000e+04 5.501698454388893822e+00 5.825755487203015948e-02 -1.574982084640015767e+00 1.459838391752946683e-02 -2.477842749376802090e+01 1.417468932036300595e-02 1.000000000000000000e+00 1.079061599999999999e+01 1.288199999999999935e-02 2.849457980000000134e+03
2.452500000000000000e+04 -3.950000000000000000e+03 -5.203200000000000000e+04 5.387553458186498112e+00 5.706943221380415820e-02 -1.532504373149737198e+00 1.468761303144469448e-02 9.276552989934602422e+00 1.845883290548322453e-02 0.000000000000000000e+00 -2.190110599999999863e+01 2.304499999999999951e-02 2.859799571000000014e+03
2.852500000000000000e+04 -3.950000000000000000e+03 -5.203200000000000000e+04 5.385281994451784904e+00 7.161951744283855115e-02 -9.273726787344543920e-01 1.300035384165942713e-02 -2.486193339073999198e+01 1.474481126520770131e-02 1.000000000000000000e+00 1.080538300000000085e+01 1.363900000000000008e-02 2.874542414999999892e+03
2.852500000000000000e+04 -3.950000000000000000e+03 -5.203200000000000000e+04 5.327813140343658382e+00 7.141913104781501265e-02 -9.263642684037824981e-01 1.495859483341994631e-02 9.232197190828689060e+00 1.473562265344115219e-02 0.000000000000000000e+00 -2.192285700000000048e+01 2.477100000000000135e-02 2.884987012000000050e+03
3.252500000000000000e+04 -3.950000000000000000e+03 -5.203200000000000000e+04 5.249673583646702113e+00 6.979233020984719482e-02 -3.582850570413463887e-01 1.647147557712733829e-02 -2.495954488785370273e+01 1.124919566865788256e-02 1.000000000000000000e+00 1.081975300000000040e+01 9.849999999999999381e-03 2.899725855000000138e+03
3.252500000000000000e+04 -3.950000000000000000e+03 -5.203200000000000000e+04 5.281603214075857089e+00 7.421479029581157238e-02 -3.850692721502085858e-01 1.215608352341453029e-02 9.167620662754449867e+00 1.971725664793366403e-02 0.000000000000000000e+00 -2.188022399999999834e+01 3.440800000000000108e-02 2.910066445999999814e+03
2.525000000000000000e+03 5.000000000000000000e+01 -5.203200000000000000e+04 -2.497859002796879579e+01 8.346603836209758043e-02 -5.135264017889340060e+00 1.495934108772943062e-02 -5.778483722948000612e+00 1.265584056306894543e-02 1.000000000000000000e+00 1.079401900000000047e+01 8.444000000000000117e-03 2.956805119999999988e+03
2.525000000000000000e+03 5.000000000000000000e+01 -5.203200000000000000e+04 8.974498564326342631e+00 6.710191640940074698e-02 -5.098128701104186256e+00 1.357301094103586375e-02 -5.565042375294473764e+00 1.453155597932704116e-02 0.000000000000000000e+00 -2.186970399999999870e+01 3.315499999999999697e-02 2.967246716999999990e+03
4.525000000000000000e+03 5.000000000000000000e+01 -5.203200000000000000e+04 -2.499109391462810237e+01 7.754324924410534170e-02 -5.262700411935193223e+00 1.332522695476879085e-02 -5.597246892097639481e+00 1.011609150168491997e-02 1.000000000000000000e+00 1.079847400000000057e+01 1.513499999999999915e-02 2.979989446000000044e+03
4.525000000000000000e+03 5.000000000000000000e+01 -5.203200000000000000e+04 8.954950786660917927e+00 7.330215175682366913e-02 -5.261483502934412471e+00 1.636683882291735392e-02 -5.452705287237524345e+00 1.397988972646918918e-02 0.000000000000000000e+00 -2.188479900000000100e+01 2.515900000000000081e-02 2.990329036999999971e+03
8.525000000000000000e+03 5.000000000000000000e+01 -5.203200000000000000e+04 -2.500125495352881089e+01 8.404462665731489424e-02 -5.304880761241755671e+00 1.117378242541782092e-02 -5.544000557536682194e+00 1.169089762772629153e-02 1.000000000000000000e+00 1.081577399999999933e+01 1.110599999999999955e-02 3.005068879999999808e+03
8.525000000000000000e+03 5.000000000000000000e+01 -5.203200000000000000e+04 8.974874711272279981e+00 8.023065102919321734e-02 -5.293251426651435665e+00 1.559944045158602119e-02 -5.448334749506206443e+00 1.489807591701826535e-02 0.000000000000000000e+00 -2.189534400000000147e+01 4.472299999999999887e-02 3.015415472000000136e+03
1.252500000000000000e+04 5.000000000000000000e+01 -5.203200000000000000e+04 -2.496974717002228417e+01 7.650875951642957529e-02 -5.352919450193744488e+00 1.505284454700126125e-02 -5.485504323512513380e+00 1.342978158053814708e-02 1.000000000000000000e+00 1.075900599999999940e+01 1.037199999999999928e-02 3.030155314999999973e+03
1.252500000000000000e+04 5.000000000000000000e+01 -5.203200000000000000e+04 8.974002984813818529e+00 7.051937749127858146e-02 -5.355395287957875006e+00 1.345105466519772204e-02 -5.393110022188335684e+00 1.163010780846053353e-02 0.000000000000000000e+00 -2.185419200000000117e+01 3.460499999999999687e-02 3.040498907000000145e+03
1.652500000000000000e+04 5.000000000000000000e+01 -5.203200000000000000e+04 -2.500311742169778739e+01 6.332860326287562125e-02 -5.434372790303201306e+00 1.430160410455940875e-02 -5.441326042944098162e+00 1.330609690366594579e-02 1.000000000000000000e+00 1.079226000000000063e+01 1.796199999999999880e-02 3.055239750000000186e+03
1.652500000000000000e+04 5.000000000000000000e+01 -5.203200000000000000e+04 9.001064559185332214e+00 1.043441618214374644e-01 -5.407564140426195820e+00 1.487236743091979729e-02 -5.335063741066308651e+00 1.116188258231524087e-02 0.000000000000000000e+00 -2.186438899999999919e+01 2.715700000000000058e-02 3.065583341000000019e+03
2.052500000000000000e+04 5.000000000000000000e+01 -5.203200000000000000e+04 -2.499691699693561375e+01 6.825099067771815686e-02 -5.488661138351503155e+00 1.694441002303410937e-02 -5.370475067391170754e+00 1.012604273550788379e-02 1.000000000000000000e+00 1.078865900000000089e+01 1.060999999999999964e-02 3.080327185000000100e+03
2.052500000000000000e+04 5.000000000000000000e+01 -5.203200000000000000e+04 8.986971766984137133e+00 6.024723988098883848e-02 -5.497567299887051284e+00 1.264475366294885370e-02 -5.197838998059156168e+00 1.345077371476933667e-02 0.000000000000000000e+00 -2.188860899999999887e+01 2.494100000000000136e-02 3.090827784999999949e+03
2.452500000000000000e+04 5.000000000000000000e+01 -5.203200000000000000e+04 -2.501959774198883935e+01 7.836482471377212433e-02 -5.559624291321213718e+00 1.057703881763618660e-02 -5.250510808565104881e+00 1.255778827779732883e-02 1.000000000000000000e+00 1.075690999999999953e+01 1.190199999999999939e-02 3.105570628999999826e+03
2.452500000000000000e+04 5.000000000000000000e+01 -5.203200000000000000e+04 8.949922989520015193e+00 7.349395882626090504e-02 -5.530950935762716014e+00 1.292453292855840971e-02 -5.091518598337596124e+00 1.420263449584170667e-02 0.000000000000000000e+00 -2.189306900000000056e+01 2.970799999999999830e-02 3.115914220000000114e+03
2.852500000000000000e+04 5.000000000000000000e+01 -5.203200000000000000e+04 -2.508640694912061875e+01 6.925717477262696709e-02 -5.583993253391529521e+00 1.346461915828103470e-02 -5.117877769877274829e+00 1.286320408903833534e-02 1.000000000000000000e+00 1.079125699999999988e+01 8.897999999999999660e-03 3.130655063000000155e+03
2.852500000000000000e+04 5.000000000000000000e+01 -5.203200000000000000e+04 8.908346180231392353e+00 9.500221546129003491e-02 -5.565637090063274783e+00 1.690569907826643473e-02 -5.021969487095852003e+00 1.188498717381407908e-02 0.000000000000000000e+00 -2.190797999999999845e+01 3.801000000000000212e-02 3.140995655000000170e+03
3.252500000000000000e+04 5.000000000000000000e+01 -5.203200000000000000e+04 -2.513152515332307502e+01 5.994365078245988271e-02 -5.612335865520955203e+00 1.387675456888581849e-02 -4.956781063691108713e+00 1.114486713718042081e-02 1.000000000000000000e+00 1.079732199999999942e+01 1.489399999999999925e-02 3.155735498000000007e+03
3.252500000000000000e+04 5.000000000000000000e+01 -5.203200000000000000e+04 8.889313059586065435e+00 6.803972041607940502e-02 -5.602949265125321432e+00 1.613171821999625014e-02 -4.928754705202343267e+00 9.393639708461668306e-03 0.000000000000000000e+00 -2.188135700000000128e+01 3.862999999999999767e-02 3.166177095000000008e+03
3.252500000000000000e+04 5.000000000000000000e+01 -5.203200000000000000e+04 -2.513680438183354582e+01 6.780293872558039447e-02 -5.617574318040674974e+00 1.178201753346500187e-02 -4.952356241035574591e+00 9.567175341568453020e-03 1.000000000000000000e+00 1.074519800000000025e+01 3.062099999999999891e-02 3.176717697999999928e+03
3.252500000000000000e+04 5.000000000000000000e+01 -5.203200000000000000e+04 8.898684744466468288e+00 9.211168373740029336e-02 -5.603049561492563058e+00 1.169168652108234889e-02 -4.924227720097309913e+00 1.137106236698630021e-02 0.000000000000000000e+00 -2.187490499999999827e+01 3.465300000000000324e-02 3.187058289000000059e+03
2.852500000000000000e+04 5.000000000000000000e+01 -5.203200000000000000e+04 -2.509485664691518991e+01 7.739888500741612387e-02 -5.546518844569009232e+00 1.319073836972821899e-02 -5.010940481616431796e+00 1.169845865360708871e-02 1.000000000000000000e+00 1.078136300000000070e+01 1.563700000000000159e-02 3.201814132999999856e+03
2.852500000000000000e+04 5.000000000000000000e+01 -5.203200000000000000e+04 8.905293544476686307e+00 8.371915943326214971e-02 -5.562445521876502319e+00 1.340632249575267852e-02 -5.082718890388873589e+00 1.299694263770949203e-02 0.000000000000000000e+00 -2.189912899999999851e+01 2.638100000000000167e-02 3.212152724999999919e+03
2.452500000000000000e+04 5.000000000000000000e+01 -5.203200000000000000e+04 -2.508005356261048746e+01 7.248308417768159484e-02 -5.529250299144205627e+00 1.701680808121451560e-02 -5.015454405703591689e+00 1.083175488174635895e-02 1.000000000000000000e+00 1.078197399999999995e+01 1.398600000000000017e-02 3.226892568000000210e+03
2.452500000000000000e+04 5.000000000000000000e+01 -5.203200000000000000e+04 8.924872554340575803e+00 8.954154367640437817e-02 -5.551554009301271186e+00 1.165630710935402700e-02 -5.205168768126672063e+00 1.244552749460575876e-02 0.000000000000000000e+00 -2.188044299999999964e+01 4.431600000000000122e-02 3.237237158999999792e+03
2.052500000000000000e+04 5.000000000000000000e+01 -5.203200000000000000e+04 -2.507974796833818942e+01 6.591041085072511796e-02 -5.491801226644223988e+00 1.235685278055069156e-02 -5.088107327691644421e+00 1.265140971783038949e-02 1.000000000000000000e+00 1.078642400000000023e+01 9.116000000000000839e-03 3.251982003000000077e+03
2.052500000000000000e+04 5.000000000000000000e+01 -5.203200000000000000e+04 8.929262072290709895e+00 9.029495080384720984e-02 -5.492102887330394090e+00 1.616574506771673719e-02 -5.325649822756449048e+00 1.175139122556993418e-02 0.000000000000000000e+00 -2.188854900000000114e+01 3.124100000000000141e-02 3.262323593999999957e+03
1.652500000000000000e+04 5.000000000000000000e+01 -5.203200000000000000e+04 -2.504326259287353196e+01 7.948870681084320433e-02 -5.397515455580624177e+00 1.420960399508571469e-02 -5.282449599056346479e+00 1.275494072282004794e-02 1.000000000000000000e+00 1.079227999999999987e+01 1.024699999999999916e-02 3.277066436999999951e+03
1.652500000000000000e+04 5.000000000000000000e+01 -5.203200000000000000e+04 8.953759904456525476e+00 6.596454437921962788e-02 -5.408467492582405889e+00 1.304090951884471702e-02 -5.407266093693285036e+00 1.295059908897156116e-02 0.000000000000000000e+00 -2.190889900000000168e+01 3.084399999999999989e-02 3.287411028999999871e+03
1.252500000000000000e+04 5.000000000000000000e+01 -5.203200000000000000e+04 -2.499899062323274634e+01 7.287923973137407085e-02 -5.368726350344693365e+00 1.388368259172247446e-02 -5.359116049606484466e+00 1.024338439526753866e-02 1.000000000000000000e+00 1.078048800000000007e+01 9.157000000000000209e-03 3.302251878000000033e+03
1.252500000000000000e+04 5.000000000000000000e+01 -5.203200000000000000e+04 8.923906370283106071e+00 6.456251402693713448e-02 -5.351843137286636853e+00 1.281220431028284347e-02 -5.453928794883696085e+00 1.241025528476815375e-02 0.000000000000000000e+00 -2.189168799999999848e+01 4.455100000000000032e-02 3.312595468999999866e+03
8.525000000000000000e+03 5.000000000000000000e+01 -5.203200000000000000e+04 -2.504086072719445255e+01 6.800645275597141937e-02 -5.286494957717835952e+00 1.100482259645137878e-02 -5.410601357201277217e+00 1.202343928210470279e-02 1.000000000000000000e+00 1.079176400000000058e+01 1.403800000000000013e-02 3.327333313000000089e+03
8.525000000000000000e+03 5.000000000000000000e+01 -5.203200000000000000e+04 8.923995881904664529e+00 7.403335537670724387e-02 -5.317591528354539854e+00 1.682424239384867556e-02 -5.481161126648127713e+00 1.102465058580976050e-02 0.000000000000000000e+00 -2.188887199999999922e+01 4.415299999999999780e-02 3.337671903999999813e+03
4.525000000000000000e+03 5.000000000000000000e+01 -5.203200000000000000e+04 -2.505679449860354424e+01 8.111376458055481742e-02 -5.245864355453226047e+00 1.338283580808639038e-02 -5.413544140053961229e+00 1.083639535565832090e-02 1.000000000000000000e+00 1.078978200000000065e+01 1.272399999999999920e-02 3.352411747000000105e+03
4.525000000000000000e+03 5.000000000000000000e+01 -5.203200000000000000e+04 8.887145352914568974e+00 7.850847593669127433e-02 -5.271626641094639965e+00 1.082617588075064641e-02 -5.518902542382522647e+00 1.275171905654388579e-02 0.000000000000000000e+00 -2.188233500000000120e+01 2.463900000000000118e-02 3.362750339000000167e+03
2.525000000000000000e+03 5.000000000000000000e+01 -5.203200000000000000e+04 -2.504763334144563203e+01 6.714451945197016935e-02 -5.115299982788137356e+00 1.291937651540613768e-02 -5.527786543122185314e+00 1.247554311511812376e-02 1.000000000000000000e+00 1.077620199999999961e+01 1.169700000000000080e-02 3.375491066999999930e+03
2.525000000000000000e+03 5.000000000000000000e+01 -5.203200000000000000e+04 8.943027567132949329e+00 8.008317494493678856e-02 -5.130270633904539856e+00 9.781192938242963542e-03 -5.635734347239745645e+00 1.451787027919431046e-02 0.000000000000000000e+00 -2.190031600000000012e+01 3.596300000000000191e-02 3.385929663999999775e+03
2.525000000000000000e+03 5.000000000000000000e+01 -5.203200000000000000e+04 -2.505118171622403977e+01 7.616428847353104437e-02 -5.104948516877978903e+00 1.531295592158831570e-02 -5.529896526757844377e+00 1.196788273940885446e-02 1.000000000000000000e+00 1.073719099999999926e+01 3.661500000000000171e-02 3.396270255999999790e+03
2.525000000000000000e+03 5.000000000000000000e+01 -5.203200000000000000e+04 8.896354429039867284e+00 6.696474706558142032e-02 -5.127113202596790487e+00 1.371022188913737470e-02 -5.635390014434352501e+00 1.133580377358936117e-02 0.000000000000000000e+00 -2.189163900000000140e+01 4.141899999999999749e-02 3.406615847000000031e+03
4.525000000000000000e+03 5.000000000000000000e+01 -5.203200000000000000e+04 -2.505519544189369796e+01 8.262161114740369794e-02 -5.277709468157087969e+00 1.217522993795800562e-02 -5.460839565884763935e+00 1.173784036205420024e-02 1.000000000000000000e+00 1.076148500000000041e+01 1.641000000000000097e-02 3.419357575999999881e+03
4.525000000000000000e+03 5.000000000000000000e+01 -5.203200000000000000e+04 8.900971086168478763e+00 7.637092233504957917e-02 -5.253180664466921890e+00 1.295283650013124253e-02 -5.500016288433116962e+00 8.546717398784915362e-03 0.000000000000000000e+00 -2.188674100000000067e+01 1.712899999999999839e-02 3.429697166999999808e+03
8.525000000000000000e+03 5.000000000000000000e+01 -5.203200000000000000e+04 -2.502159598512313110e+01 6.856703817568349235e-02 -5.330192423500708543e+00 1.347791540954591284e-02 -5.451080851072618749e+00 9.511067396853267047e-03 1.000000000000000000e+00 1.079156500000000030e+01 1.221999999999999996e-02 3.444436009999999897e+03
8.525000000000000000e+03 5.000000000000000000e+01 -5.203200000000000000e+04 8.968158835338973844e+00 7.564815419132189800e-02 -5.310721453144624071e+00 1.518942963092703713e-02 -5.476188427625545252e+00 1.392426471786216077e-02 0.000000000000000000e+00 -2.189953600000000122e+01 3.453599999999999726e-02 3.454776601999999912e+03
1.252500000000000000e+04 5.000000000000000000e+01 -5.203200000000000000e+04 -2.504677974752909719e+01 7.873754138098298938e-02 -5.357696966148841611e+00 1.347548565094187217e-02 -5.421465954444001589e+00 1.283323021492432242e-02 1.000000000000000000e+00 1.080091799999999935e+01 8.410000000000000808e-03 3.469516445000000203e+03
1.252500000000000000e+04 5.000000000000000000e+01 -5.203200000000000000e+04 8.962274722193811272e+00 7.177394099918879555e-02 -5.372104968376447687e+00 1.086546244931715054e-02 -5.419043886405325416e+00 1.144404090378233277e-02 0.000000000000000000e+00 -2.189439499999999938e+01 3.539599999999999691e-02 3.479856036000000131e+03
1.652500000000000000e+04 5.000000000000000000e+01 -5.203200000000000000e+04 -2.499583273576858033e+01 6.862088177721249738e-02 -5.403699677219141684e+00 1.165353010370913031e-02 -5.370350421167003674e+00 9.240846781533095661e-03 1.000000000000000000e+00 1.079323899999999981e+01 1.561000000000000061e-02 3.494595879999999852e+03
1.652500000000000000e+04 5.000000000000000000e+01 -5.203200000000000000e+04 8.950068514187066171e+00 4.999563233452676558e-02 -5.419548370743232368e+00 1.652361609713716428e-02 -5.351800960735150881e+00 1.086031931138544890e-02 0.000000000000000000e+00 -2.189253300000000024e+01 1.990300000000000055e-02 3.504937471000000187e+03
2.052500000000000000e+04 5.000000000000000000e+01 -5.203200000000000000e+04 -2.503006449654593979e+01 5.713963897292741179e-02 -5.506813352137874595e+00 1.121981271232313192e-02 -5.296227535275701115e+00 9.971016334552261842e-03 1.000000000000000000e+00 1.078226199999999935e+01 1.025900000000000076e-02 3.519676313999999820e+03
2.052500000000000000e+04 5.000000000000000000e+01 -5.203200000000000000e+04 8.938533988260450869e+00 6.527648310361862383e-02 -5.497605820537384780e+00 1.241243505875061839e-02 -5.231321761049608554e+00 1.385539615223221888e-02 0.000000000000000000e+00 -2.189591000000000065e+01 1.434599999999999938e-02 3.530014904999999999e+03
2.452500000000000000e+04 5.000000000000000000e+01 -5.203200000000000000e+04 -2.504566976796409961e+01 5.276821090825075528e-02 -5.562728568865495049e+00 1.515171851813934718e-02 -5.159821533077461275e+00 1.145267272253241986e-02 1.000000000000000000e+00 1.078381599999999985e+01 9.244000000000000480e-03 3.544754747999999836e+03
2.452500000000000000e+04 5.000000000000000000e+01 -5.203200000000000000e+04 8.929894331840310784e+00 7.881033210929209998e-02 -5.569116159755447271e+00 1.272544561169747929e-02 -5.129043103399407499e+00 1.113479558891015790e-02 0.000000000000000000e+00 -2.188275300000000101e+01 3.186800000000000049e-02 3.555092340000000149e+03
2.852500000000000000e+04 5.000000000000000000e+01 -5.203200000000000000e+04 -2.510164653512594057e+01 6.488814849321769551e-02 -5.584643565051350400e+00 1.547611872210431436e-02 -5.033661960226525345e+00 1.074898713467742697e-02 1.000000000000000000e+00 1.078834100000000085e+01 1.553599999999999946e-02 3.569829182999999830e+03
2.852500000000000000e+04 5.000000000000000000e+01 -5.203200000000000000e+04 8.905538157665173316e+00 9.234201405954992059e-02 -5.587072625391876990e+00 1.459112437774420790e-02 -5.057787195082877219e+00 1.393906965400056215e-02 0.000000000000000000e+00 -2.190072299999999927e+01 1.671900000000000122e-02 3.580269780000000083e+03
3.252500000000000000e+04 5.000000000000000000e+01 -5.203200000000000000e+04 -2.516753808996269726e+01 5.907610820378973032e-02 -5.602126964906407380e+00 1.334383342941861117e-02 -4.897843967089449357e+00 1.510192500650356894e-02 1.000000000000000000e+00 1.078494899999999923e+01 1.747900000000000148e-02 3.595006623000000218e+03
3.252500000000000000e+04 5.000000000000000000e+01 -5.203200000000000000e+04 8.860085935886836239e+00 7.859543210374875244e-02 -5.626044876378886173e+00 1.139827087698753495e-02 -4.953984787031264325e+00 1.325503505992500254e-02 0.000000000000000000e+00 -2.190934599999999932e+01 3.640199999999999686e-02 3.605345213999999942e+03
