4.525000000000000000e+03 4.050000000000000000e+03 -7.000000000000000000e+04 -5.580852941135867162e+00 5.944471190821409151e-02 -4.799137067013261593e+00 1.009446519662683325e-02 2.597516591985713674e+01 1.044591808045224578e-02 1.000000000000000000e+00 1.080967500000000037e+01 9.893000000000000752e-03 2.586347900000000166e+01
4.525000000000000000e+03 4.050000000000000000e+03 -7.000000000000000000e+04 -5.674833973572564361e+00 4.972574634230060575e-02 -5.127239519178923288e+00 1.013628736682411352e-02 -7.990286274510101983e+00 1.342619715773382509e-02 0.000000000000000000e+00 -2.186720599999999948e+01 3.169600000000000195e-02 3.630707600000000213e+01
4.525000000000000000e+03 4.050000000000000000e+03 -6.650000000000000000e+04 -5.633436154087675618e+00 5.690687366874591646e-02 -5.135234362323135571e+00 1.281847923112453512e-02 2.572379625142824366e+01 1.023613801443793922e-02 1.000000000000000000e+00 1.080807099999999998e+01 1.226299999999999960e-02 5.054889099999999758e+01
4.525000000000000000e+03 4.050000000000000000e+03 -6.650000000000000000e+04 -5.644686351872971741e+00 6.604180764139995496e-02 -5.097589090989745664e+00 1.008644245206005360e-02 -8.243923677743648426e+00 1.798214398000439959e-02 0.000000000000000000e+00 -2.184930900000000165e+01 3.561500000000000082e-02 6.089048300000000324e+01
4.525000000000000000e+03 4.050000000000000000e+03 -6.300000000000000000e+04 -5.653400858289995945e+00 4.534717083185143410e-02 -5.196059702169340433e+00 9.218082701257231809e-03 2.551388417658806773e+01 8.839136997448577768e-03 1.000000000000000000e+00 1.080697800000000086e+01 1.374399999999999927e-02 7.515129899999999452e+01
4.525000000000000000e+03 4.050000000000000000e+03 -6.300000000000000000e+04 -5.656043610669357236e+00 5.112984039438173839e-02 -5.147592192946744305e+00 9.528925238048205001e-03 -8.458004218926891582e+00 1.765972001626122528e-02 0.000000000000000000e+00 -2.185792199999999852e+01 4.284099999999999714e-02 8.548989000000000260e+01
4.525000000000000000e+03 4.050000000000000000e+03 -5.950000000000000000e+04 -5.691653302538922432e+00 6.226291161650987505e-02 -5.244545864286189740e+00 9.890473872617221857e-03 2.530274105587094624e+01 5.884786369083979882e-03 1.000000000000000000e+00 1.080680899999999944e+01 1.003099999999999999e-02 9.973170399999999347e+01
4.525000000000000000e+03 4.050000000000000000e+03 -5.950000000000000000e+04 -5.644214988086908136e+00 4.590706591554799543e-02 -5.199044423256677483e+00 9.638336801955697114e-03 -8.672024571213620803e+00 1.616013702657250264e-02 0.000000000000000000e+00 -2.187388100000000080e+01 3.712499999999999828e-02 1.100722959999999944e+02
4.525000000000000000e+03 4.050000000000000000e+03 -5.600000000000000000e+04 -5.694617743695345347e+00 5.959143950247849236e-02 -5.300207096075600255e+00 9.002661111167950189e-03 2.508870547980632892e+01 1.137193268270220506e-02 1.000000000000000000e+00 1.080536299999999983e+01 9.344999999999999141e-03 1.242831089999999961e+02
4.525000000000000000e+03 4.050000000000000000e+03 -5.600000000000000000e+04 -5.657560666714799069e+00 5.166980989151163245e-02 -5.253242384928297426e+00 1.096352577870403529e-02 -8.889734300122556832e+00 1.707504724077619704e-02 0.000000000000000000e+00 -2.186207999999999885e+01 3.852599999999999775e-02 1.346237000000000137e+02
4.525000000000000000e+03 4.050000000000000000e+03 -5.250000000000000000e+04 -5.727028017571126561e+00 7.412694618314866202e-02 -5.344711736711460048e+00 1.107693037456521264e-02 2.486434339933333604e+01 1.060645633742100455e-02 1.000000000000000000e+00 1.081039999999999957e+01 1.481299999999999978e-02 1.488725149999999928e+02
4.525000000000000000e+03 4.050000000000000000e+03 -5.250000000000000000e+04 -5.691359532692434442e+00 5.165229788734380934e-02 -5.313151156772281780e+00 8.609762911718022230e-03 -9.106080990729950031e+00 1.597147411985201659e-02 0.000000000000000000e+00 -2.187099600000000166e+01 2.936400000000000121e-02 1.592101059999999961e+02
4.525000000000000000e+03 4.050000000000000000e+03 -4.900000000000000000e+04 -5.745065698494567386e+00 5.391755641700336082e-02 -5.397229353043728750e+00 1.200903433173440733e-02 2.464312238704092195e+01 1.171659389235990556e-02 1.000000000000000000e+00 1.079028300000000051e+01 1.173399999999999964e-02 1.734489210000000128e+02
4.525000000000000000e+03 4.050000000000000000e+03 -4.900000000000000000e+04 -5.697927089166255676e+00 4.309170947331070894e-02 -5.359896578642353582e+00 8.883402452286068285e-03 -9.307302703579614089e+00 1.838698149611573546e-02 0.000000000000000000e+00 -2.186009800000000070e+01 3.422100000000000142e-02 1.837885119999999972e+02
4.525000000000000000e+03 4.050000000000000000e+03 -4.550000000000000000e+04 -5.744539943672803517e+00 4.444394816188942943e-02 -5.447372826802702406e+00 1.015535931358592728e-02 2.443310005397310292e+01 8.158511751247874907e-03 1.000000000000000000e+00 1.083456499999999956e+01 1.136500000000000010e-02 1.980293259999999975e+02
4.525000000000000000e+03 4.050000000000000000e+03 -4.550000000000000000e+04 -5.716581142048802633e+00 4.030302505723652728e-02 -5.411619404411125878e+00 7.298130956906736903e-03 -9.538032983591898883e+00 1.591611226938302245e-02 0.000000000000000000e+00 -2.184715900000000133e+01 4.319499999999999729e-02 2.083689180000000079e+02
4.525000000000000000e+03 4.050000000000000000e+03 -4.200000000000000000e+04 -5.764976820431732207e+00 6.291835905557199848e-02 -5.507148567791850802e+00 8.592055126110472243e-03 2.419269157937301529e+01 1.167489496586584553e-02 1.000000000000000000e+00 1.082829100000000011e+01 1.334499999999999922e-02 2.226097330000000056e+02
4.525000000000000000e+03 4.050000000000000000e+03 -4.200000000000000000e+04 -5.739623394346232921e+00 4.952542088149757687e-02 -5.467587290764529762e+00 1.185137027037845396e-02 -9.767230797445337842e+00 1.875405508749812544e-02 0.000000000000000000e+00 -2.184259399999999829e+01 2.597000000000000003e-02 2.329503239999999948e+02
4.525000000000000000e+03 4.050000000000000000e+03 -3.850000000000000000e+04 -5.786668769099283516e+00 5.574905615359203315e-02 -5.561508788808276371e+00 1.052015246612605578e-02 2.394436727487777006e+01 9.955988955051314759e-03 1.000000000000000000e+00 1.082723799999999947e+01 1.099800000000000083e-02 2.471891380000000140e+02
4.525000000000000000e+03 4.050000000000000000e+03 -3.850000000000000000e+04 -5.771836995326196984e+00 4.985803971428809378e-02 -5.523821773930798429e+00 1.138308231901510349e-02 -1.000387052150265710e+01 1.684073910987868294e-02 0.000000000000000000e+00 -2.183931600000000017e+01 1.907199999999999868e-02 2.575307300000000055e+02
4.525000000000000000e+03 4.050000000000000000e+03 -3.500000000000000000e+04 -5.818224361591522786e+00 4.817153408327991965e-02 -5.615782025600177363e+00 9.836916732197173788e-03 2.369553501935691386e+01 6.129561996359981883e-03 1.000000000000000000e+00 1.085528200000000076e+01 5.806000000000000397e-03 2.717505429999999933e+02
4.525000000000000000e+03 4.050000000000000000e+03 -3.500000000000000000e+04 -5.785671994609044688e+00 6.803042133801834312e-02 -5.577752951424245431e+00 9.243371542662399618e-03 -1.024451183582340086e+01 1.569213510316553109e-02 0.000000000000000000e+00 -2.183731399999999923e+01 3.867899999999999811e-02 2.820931350000000180e+02
4.525000000000000000e+03 4.050000000000000000e+03 -3.500000000000000000e+04 -5.815251323456108956e+00 5.828434270212767138e-02 -5.617346384713663987e+00 9.219650873636167990e-03 2.368508131901639402e+01 1.555135950806865036e-02 1.000000000000000000e+00 1.076938200000000023e+01 4.392299999999999677e-02 2.924327260000000024e+02
4.525000000000000000e+03 4.050000000000000000e+03 -3.500000000000000000e+04 -5.800344546928561940e+00 5.836951964343168459e-02 -5.580335958950259467e+00 1.051045982750406504e-02 -1.024053212898098231e+01 1.479482155382302877e-02 0.000000000000000000e+00 -2.185296999999999912e+01 4.035299999999999998e-02 3.027743179999999938e+02
4.525000000000000000e+03 4.050000000000000000e+03 -3.850000000000000000e+04 -5.801702211139511789e+00 6.392437161175031080e-02 -5.570411188388200152e+00 1.214527625982660466e-02 2.392906747984180527e+01 9.974541022791225467e-03 1.000000000000000000e+00 1.083261800000000008e+01 9.355000000000000468e-03 3.170141320000000178e+02
4.525000000000000000e+03 4.050000000000000000e+03 -3.850000000000000000e+04 -5.778368559223030942e+00 6.354466784498302712e-02 -5.529291056446314911e+00 1.187747411938671650e-02 -1.003066746789263064e+01 1.754071537919930576e-02 0.000000000000000000e+00 -2.185851299999999853e+01 4.912600000000000300e-02 3.273567239999999856e+02
4.525000000000000000e+03 4.050000000000000000e+03 -4.200000000000000000e+04 -5.765324007358930913e+00 6.989723303796745169e-02 -5.508071808647683199e+00 9.342062428454792414e-03 2.416754410736170300e+01 1.039970274666193219e-02 1.000000000000000000e+00 1.083800699999999928e+01 9.270000000000000462e-03 3.416005379999999718e+02
4.525000000000000000e+03 4.050000000000000000e+03 -4.200000000000000000e+04 -5.732787161333565251e+00 6.786139904066629258e-02 -5.481933408633455684e+00 1.386273900202013125e-02 -9.792968781657144461e+00 1.559616105345557578e-02 0.000000000000000000e+00 -2.184803300000000092e+01 3.483699999999999991e-02 3.519391299999999774e+02
4.525000000000000000e+03 4.050000000000000000e+03 -4.550000000000000000e+04 -5.760013460450010392e+00 6.851630608012532209e-02 -5.450595331017890288e+00 1.081865782037143460e-02 2.440259454843511122e+01 9.972758700595345596e-03 1.000000000000000000e+00 1.081994700000000087e+01 6.990999999999999819e-03 3.661819439999999872e+02
4.525000000000000000e+03 4.050000000000000000e+03 -4.550000000000000000e+04 -5.710415526395157038e+00 4.185775695113640171e-02 -5.417252615675718808e+00 9.928380081501330529e-03 -9.559054756839177713e+00 1.882567839353577882e-02 0.000000000000000000e+00 -2.183801400000000115e+01 3.323399999999999965e-02 3.765235359999999787e+02
4.525000000000000000e+03 4.050000000000000000e+03 -4.900000000000000000e+04 -5.736960852688023138e+00 5.027972583460357109e-02 -5.397188309726705491e+00 6.910224601702913590e-03 2.463689830832208827e+01 9.318517958941707410e-03 1.000000000000000000e+00 1.083043699999999987e+01 1.008000000000000042e-02 3.907643499999999790e+02
4.525000000000000000e+03 4.050000000000000000e+03 -4.900000000000000000e+04 -5.736166270577494508e+00 5.283409821178020049e-02 -5.369739734639053630e+00 1.087305519800423927e-02 -9.331157223193789818e+00 1.845980722567593102e-02 0.000000000000000000e+00 -2.183516799999999947e+01 2.959600000000000078e-02 4.011089420000000132e+02
4.525000000000000000e+03 4.050000000000000000e+03 -5.250000000000000000e+04 -5.731434849236572759e+00 6.295414495575656078e-02 -5.350059346655767989e+00 1.304520886791972478e-02 2.486160267888864439e+01 7.562811546107757986e-03 1.000000000000000000e+00 1.083994900000000072e+01 1.505699999999999920e-02 4.153497570000000110e+02
4.525000000000000000e+03 4.050000000000000000e+03 -5.250000000000000000e+04 -5.677282527077831098e+00 5.765742848202861509e-02 -5.318620835599674912e+00 1.251007923806653731e-02 -9.113070519430198857e+00 1.613089452873127383e-02 0.000000000000000000e+00 -2.183185999999999893e+01 3.145300000000000179e-02 4.256923479999999813e+02
4.525000000000000000e+03 4.050000000000000000e+03 -5.600000000000000000e+04 -5.676352278376718630e+00 6.808194661423251637e-02 -5.293586869573124076e+00 1.272660201142443090e-02 2.508837837164388063e+01 1.072033830900886130e-02 1.000000000000000000e+00 1.082151099999999921e+01 5.453000000000000382e-03 4.399341630000000123e+02
4.525000000000000000e+03 4.050000000000000000e+03 -5.600000000000000000e+04 -5.676602927180103286e+00 8.373250248132145523e-02 -5.262540207036690454e+00 1.291998511060594643e-02 -8.885862212260413173e+00 1.721117148706666905e-02 0.000000000000000000e+00 -2.183678700000000106e+01 2.386399999999999980e-02 4.502767539999999826e+02
4.525000000000000000e+03 4.050000000000000000e+03 -5.950000000000000000e+04 -5.650778589476805891e+00 4.691136209025284498e-02 -5.239306791579552147e+00 9.904140888904290965e-03 2.529958622730759288e+01 8.941625025123923695e-03 1.000000000000000000e+00 1.082816700000000054e+01 8.736000000000000709e-03 4.645185690000000136e+02
4.525000000000000000e+03 4.050000000000000000e+03 -5.950000000000000000e+04 -5.668200480329308455e+00 4.921309798077011521e-02 -5.207756235614912299e+00 1.367349750847642043e-02 -8.669587682351835412e+00 1.697455970035186001e-02 0.000000000000000000e+00 -2.185075499999999948e+01 3.904900000000000038e-02 4.748571600000000217e+02
4.525000000000000000e+03 4.050000000000000000e+03 -6.300000000000000000e+04 -5.632050827549464955e+00 4.231246366252674335e-02 -5.185558228149452553e+00 1.078295186168682501e-02 2.552168123871350858e+01 8.733141242181909764e-03 1.000000000000000000e+00 1.082636899999999969e+01 1.070100000000000044e-02 4.890969749999999863e+02
4.525000000000000000e+03 4.050000000000000000e+03 -6.300000000000000000e+04 -5.667195087703926326e+00 3.875482544441028604e-02 -5.158753340607995952e+00 1.060039742440180288e-02 -8.448492810207291370e+00 1.564390824627990423e-02 0.000000000000000000e+00 -2.185092900000000071e+01 3.718199999999999977e-02 4.994385659999999802e+02
4.525000000000000000e+03 4.050000000000000000e+03 -6.650000000000000000e+04 -5.601103449921522426e+00 5.463874794140732155e-02 -5.128967669932348095e+00 1.432963372764894938e-02 2.573673895704891024e+01 1.277103721812694950e-02 1.000000000000000000e+00 1.083079500000000017e+01 1.532000000000000028e-02 5.136803810000000112e+02
4.525000000000000000e+03 4.050000000000000000e+03 -6.650000000000000000e+04 -5.689611328563538351e+00 4.874929177507510147e-02 -5.104882420323809455e+00 1.614726851186768994e-02 -8.239666810048168699e+00 1.893386574459218763e-02 0.000000000000000000e+00 -2.184576300000000160e+01 3.372200000000000197e-02 5.240199720000000525e+02
4.525000000000000000e+03 4.050000000000000000e+03 -7.000000000000000000e+04 -5.548443898869076740e+00 6.544818272076993737e-02 -4.789730847748105091e+00 1.091004770384355199e-02 2.599300677579190477e+01 9.037914563026664544e-03 1.000000000000000000e+00 1.083618899999999918e+01 1.614499999999999963e-02 5.382627870000000030e+02
4.525000000000000000e+03 4.050000000000000000e+03 -7.000000000000000000e+04 -5.673150455660934455e+00 7.623242535345024773e-02 -5.124548884139072946e+00 1.464674691802011521e-02 -7.968160533674516266e+00 1.706974790235950279e-02 0.000000000000000000e+00 -2.187238100000000074e+01 4.512700000000000045e-02 5.486083780000000161e+02
4.525000000000000000e+03 4.050000000000000000e+03 -7.000000000000000000e+04 -5.544371369548191097e+00 6.653679666528300451e-02 -4.780902247592914378e+00 1.145518290297543353e-02 2.598112398701021064e+01 2.008426160410591715e-02 1.000000000000000000e+00 1.078730299999999964e+01 4.261399999999999910e-02 5.589479700000000548e+02
4.525000000000000000e+03 4.050000000000000000e+03 -7.000000000000000000e+04 -5.670720064526526549e+00 6.419844550246912862e-02 -5.123561415790367057e+00 1.267751552003047212e-02 -7.966625087096448787e+00 1.802764056403089246e-02 0.000000000000000000e+00 -2.184175899999999970e+01 3.307700000000000223e-02 5.692885609999999588e+02
4.525000000000000000e+03 4.050000000000000000e+03 -6.650000000000000000e+04 -5.604319806016449412e+00 6.109480139660142944e-02 -5.107031461312925735e+00 1.481091325759900136e-02 2.574953815756596853e+01 1.232057286759455188e-02 1.000000000000000000e+00 1.083321899999999971e+01 1.123700000000000046e-02 5.835293759999999565e+02
4.525000000000000000e+03 4.050000000000000000e+03 -6.650000000000000000e+04 -5.634658271940252483e+00 6.656753820107826070e-02 -5.084741782660384679e+00 1.061543872435044729e-02 -8.222950656894154164e+00 1.577562380819053783e-02 0.000000000000000000e+00 -2.184777000000000058e+01 2.723499999999999879e-02 5.938669670000000451e+02
4.525000000000000000e+03 4.050000000000000000e+03 -6.300000000000000000e+04 -5.666047239848730044e+00 4.641560529302394406e-02 -5.172979439757690479e+00 9.520702835328914357e-03 2.553632629505937857e+01 1.058101336373635029e-02 1.000000000000000000e+00 1.081688699999999947e+01 8.741000000000000505e-03 6.081087820000000193e+02
4.525000000000000000e+03 4.050000000000000000e+03 -6.300000000000000000e+04 -5.640276004558970158e+00 5.959417503994889759e-02 -5.135689566656242100e+00 7.078558081087933662e-03 -8.434625781876130546e+00 1.315332288057269143e-02 0.000000000000000000e+00 -2.183604199999999906e+01 4.242100000000000037e-02 6.184483729999999468e+02
4.525000000000000000e+03 4.050000000000000000e+03 -5.950000000000000000e+04 -5.675146610985045470e+00 5.256855903523967311e-02 -5.218267419671655638e+00 1.274633727452558624e-02 2.532387204365160471e+01 9.471274256538125824e-03 1.000000000000000000e+00 1.082906099999999938e+01 8.538000000000000450e-03 6.326941880000000538e+02
4.525000000000000000e+03 4.050000000000000000e+03 -5.950000000000000000e+04 -5.669759595912761796e+00 6.439687442644849436e-02 -5.199599267501458399e+00 1.053592804312481444e-02 -8.648042350634879583e+00 1.712216506094726629e-02 0.000000000000000000e+00 -2.186188100000000034e+01 3.434299999999999853e-02 6.430337799999999788e+02
4.525000000000000000e+03 4.050000000000000000e+03 -5.600000000000000000e+04 -5.694496544588162124e+00 5.633836976437388983e-02 -5.268974713015876610e+00 1.331613058077538332e-02 2.510996218616426034e+01 1.116193812240604509e-02 1.000000000000000000e+00 1.082461600000000068e+01 1.295499999999999950e-02 6.572775940000000219e+02
4.525000000000000000e+03 4.050000000000000000e+03 -5.600000000000000000e+04 -5.662912985170753366e+00 5.082620905309329778e-02 -5.260241485552761276e+00 9.816414883480608852e-03 -8.866617899222012156e+00 2.190246502397929368e-02 0.000000000000000000e+00 -2.184885699999999886e+01 2.478299999999999947e-02 6.676181860000000370e+02
4.525000000000000000e+03 4.050000000000000000e+03 -5.250000000000000000e+04 -5.690727877658644296e+00 4.763095925126802077e-02 -5.345349648640329576e+00 1.360569151186241318e-02 2.488763162643857285e+01 1.059141087334826599e-02 1.000000000000000000e+00 1.082992600000000039e+01 1.103400000000000040e-02 6.818559999999999945e+02
4.525000000000000000e+03 4.050000000000000000e+03 -5.250000000000000000e+04 -5.709623372736593261e+00 5.665642565710209133e-02 -5.313231979225879975e+00 1.374616504486590209e-02 -9.086428068922433710e+00 1.853960644999159968e-02 0.000000000000000000e+00 -2.184271299999999982e+01 3.390800000000000064e-02 6.921945909999999458e+02
4.525000000000000000e+03 4.050000000000000000e+03 -4.900000000000000000e+04 -5.725030246609672524e+00 5.338068662250174817e-02 -5.393910499364509725e+00 1.125477389618878207e-02 2.465873737993313952e+01 1.029069498410727958e-02 1.000000000000000000e+00 1.080819499999999955e+01 5.629000000000000323e-03 7.064394059999999627e+02
4.525000000000000000e+03 4.050000000000000000e+03 -4.900000000000000000e+04 -5.690548598561234961e+00 3.724583121730102447e-02 -5.362226438137180473e+00 1.069164215675029797e-02 -9.307048742704713717e+00 1.582459825475275930e-02 0.000000000000000000e+00 -2.186721100000000106e+01 2.713199999999999987e-02 7.167789970000000039e+02
4.525000000000000000e+03 4.050000000000000000e+03 -4.550000000000000000e+04 -5.752622989080180105e+00 4.023850245624387839e-02 -5.440624393984354157e+00 1.296656665269323334e-02 2.442747636439787229e+01 9.105146144907240446e-03 1.000000000000000000e+00 1.081664899999999996e+01 1.294400000000000064e-02 7.310018109999999751e+02
4.525000000000000000e+03 4.050000000000000000e+03 -4.550000000000000000e+04 -5.743964945707439540e+00 5.470675333126839152e-02 -5.401022737084789860e+00 1.013241713032802908e-02 -9.530220173805391326e+00 1.748656776067819205e-02 0.000000000000000000e+00 -2.187406000000000006e+01 3.330199999999999827e-02 7.413434019999999691e+02
4.525000000000000000e+03 4.050000000000000000e+03 -4.200000000000000000e+04 -5.744637521090351306e+00 5.506532819807962581e-02 -5.501376457378704288e+00 1.386473454062339163e-02 2.418906758866108930e+01 1.174696243953399395e-02 1.000000000000000000e+00 1.081432399999999916e+01 7.531999999999999633e-03 7.555832169999999905e+02
4.525000000000000000e+03 4.050000000000000000e+03 -4.200000000000000000e+04 -5.751759639764475018e+00 7.250994509476786642e-02 -5.459590844507098417e+00 1.569415096481847210e-02 -9.763822583338184202e+00 1.564065071687354216e-02 0.000000000000000000e+00 -2.185473299999999952e+01 3.253700000000000342e-02 7.659248089999999820e+02
4.525000000000000000e+03 4.050000000000000000e+03 -3.850000000000000000e+04 -5.794148714310708215e+00 5.983727562772297309e-02 -5.548121023919005523e+00 1.720878205873137973e-02 2.394899635252927794e+01 9.951748113120410452e-03 1.000000000000000000e+00 1.081379800000000024e+01 4.500999999999999793e-03 7.801036199999999781e+02
4.525000000000000000e+03 4.050000000000000000e+03 -3.850000000000000000e+04 -5.779523360927505848e+00 6.911563442291066006e-02 -5.517269554626921035e+00 1.351205399230171952e-02 -1.000500299226912126e+01 2.030179738909064155e-02 0.000000000000000000e+00 -2.185143000000000058e+01 2.828599999999999864e-02 7.904422110000000430e+02
4.525000000000000000e+03 4.050000000000000000e+03 -3.500000000000000000e+04 -5.799711829712966171e+00 3.586470697822286696e-02 -5.598629962172467778e+00 1.122380900473538348e-02 2.369207172719233512e+01 7.204243249046528991e-03 1.000000000000000000e+00 1.081293299999999924e+01 1.121400000000000001e-02 8.046790250000000242e+02
4.525000000000000000e+03 4.050000000000000000e+03 -3.500000000000000000e+04 -5.806856689268359517e+00 4.368509636269927998e-02 -5.564432879631615592e+00 1.190310440564397616e-02 -1.024409285297072714e+01 1.689047990111641057e-02 0.000000000000000000e+00 -2.185882099999999895e+01 3.359600000000000086e-02 8.150176159999999754e+02
