4.525000000000000000e+03 4.050000000000000000e+03 3.336973192788760673e-02 -1.692811156686979592e-03 8.524256486068583841e-03
4.525000000000000000e+03 4.050000000000000000e+03 3.336973192788760673e-02 -1.692811156686979592e-03 8.524256486068583841e-03
4.525000000000000000e+03 4.050000000000000000e+03 3.336973192788760673e-02 -1.692811156686979592e-03 8.524256486068583841e-03
4.525000000000000000e+03 4.050000000000000000e+03 3.336973192788760673e-02 -1.692811156686979592e-03 8.524256486068583841e-03
4.525000000000000000e+03 4.050000000000000000e+03 3.336973192788760673e-02 -1.692811156686979592e-03 8.524256486068583841e-03
4.525000000000000000e+03 4.050000000000000000e+03 3.336973192788760673e-02 -1.692811156686979592e-03 8.524256486068583841e-03
4.525000000000000000e+03 4.050000000000000000e+03 3.336973192788760673e-02 -1.692811156686979592e-03 8.524256486068583841e-03
4.525000000000000000e+03 4.050000000000000000e+03 3.336973192788760673e-02 -1.692811156686979592e-03 8.524256486068583841e-03
4.525000000000000000e+03 4.050000000000000000e+03 3.336973192788760673e-02 -1.692811156686979592e-03 8.524256486068583841e-03
4.525000000000000000e+03 4.050000000000000000e+03 3.336973192788760673e-02 -1.692811156686979592e-03 8.524256486068583841e-03
4.525000000000000000e+03 4.050000000000000000e+03 3.336973192788760673e-02 -1.692811156686979592e-03 8.524256486068583841e-03
4.525000000000000000e+03 4.050000000000000000e+03 3.336973192788760673e-02 -1.692811156686979592e-03 8.524256486068583841e-03
4.525000000000000000e+03 4.050000000000000000e+03 3.336973192788760673e-02 -1.692811156686979592e-03 8.524256486068583841e-03
4.525000000000000000e+03 4.050000000000000000e+03 3.336973192788760673e-02 -1.692811156686979592e-03 8.524256486068583841e-03
4.525000000000000000e+03 4.050000000000000000e+03 3.336973192788760673e-02 -1.692811156686979592e-03 8.524256486068583841e-03
4.525000000000000000e+03 4.050000000000000000e+03 3.336973192788760673e-02 -1.692811156686979592e-03 8.524256486068583841e-03
4.525000000000000000e+03 4.050000000000000000e+03 3.336973192788760673e-02 -1.692811156686979592e-03 8.524256486068583841e-03
4.525000000000000000e+03 4.050000000000000000e+03 3.336973192788760673e-02 -1.692811156686979592e-03 8.524256486068583841e-03
4.525000000000000000e+03 4.050000000000000000e+03 3.336973192788760673e-02 -1.692811156686979592e-03 8.524256486068583841e-03
4.525000000000000000e+03 4.050000000000000000e+03 3.336973192788760673e-02 -1.692811156686979592e-03 8.524256486068583841e-03
4.525000000000000000e+03 4.050000000000000000e+03 3.336973192788760673e-02 -1.692811156686979592e-03 8.524256486068583841e-03
4.525000000000000000e+03 4.050000000000000000e+03 3.336973192788760673e-02 -1.692811156686979592e-03 8.524256486068583841e-03
4.525000000000000000e+03 4.050000000000000000e+03 3.336973192788760673e-02 -1.692811156686979592e-03 8.524256486068583841e-03
4.525000000000000000e+03 4.050000000000000000e+03 3.336973192788760673e-02 -1.692811156686979592e-03 8.524256486068583841e-03
4.525000000000000000e+03 4.050000000000000000e+03 3.336973192788760673e-02 -1.692811156686979592e-03 8.524256486068583841e-03
4.525000000000000000e+03 4.050000000000000000e+03 3.336973192788760673e-02 -1.692811156686979592e-03 8.524256486068583841e-03
4.525000000000000000e+03 4.050000000000000000e+03 3.336973192788760673e-02 -1.692811156686979592e-03 8.524256486068583841e-03
4.525000000000000000e+03 4.050000000000000000e+03 3.336973192788760673e-02 -1.692811156686979592e-03 8.524256486068583841e-03
4.525000000000000000e+03 4.050000000000000000e+03 3.336973192788760673e-02 -1.692811156686979592e-03 8.524256486068583841e-03
4.525000000000000000e+03 4.050000000000000000e+03 3.336973192788760673e-02 -1.692811156686979592e-03 8.524256486068583841e-03
4.525000000000000000e+03 4.050000000000000000e+03 3.336973192788760673e-02 -1.692811156686979592e-03 8.524256486068583841e-03
4.525000000000000000e+03 4.050000000000000000e+03 3.336973192788760673e-02 -1.692811156686979592e-03 8.524256486068583841e-03
4.525000000000000000e+03 4.050000000000000000e+03 3.336973192788760673e-02 -1.692811156686979592e-03 8.524256486068583841e-03
4.525000000000000000e+03 4.050000000000000000e+03 3.336973192788760673e-02 -1.692811156686979592e-03 8.524256486068583841e-03
4.525000000000000000e+03 4.050000000000000000e+03 3.336973192788760673e-02 -1.692811156686979592e-03 8.524256486068583841e-03
4.525000000000000000e+03 4.050000000000000000e+03 3.336973192788760673e-02 -1.692811156686979592e-03 8.524256486068583841e-03
4.525000000000000000e+03 4.050000000000000000e+03 3.336973192788760673e-02 -1.692811156686979592e-03 8.524256486068583841e-03
4.525000000000000000e+03 4.050000000000000000e+03 3.336973192788760673e-02 -1.692811156686979592e-03 8.524256486068583841e-03
4.525000000000000000e+03 4.050000000000000000e+03 3.336973192788760673e-02 -1.692811156686979592e-03 8.524256486068583841e-03
4.525000000000000000e+03 4.050000000000000000e+03 3.336973192788760673e-02 -1.692811156686979592e-03 8.524256486068583841e-03
4.525000000000000000e+03 4.050000000000000000e+03 3.336973192788760673e-02 -1.692811156686979592e-03 8.524256486068583841e-03
4.525000000000000000e+03 4.050000000000000000e+03 3.336973192788760673e-02 -1.692811156686979592e-03 8.524256486068583841e-03
4.525000000000000000e+03 4.050000000000000000e+03 3.336973192788760673e-02 -1.692811156686979592e-03 8.524256486068583841e-03
4.525000000000000000e+03 4.050000000000000000e+03 3.336973192788760673e-02 -1.692811156686979592e-03 8.524256486068583841e-03
4.525000000000000000e+03 4.050000000000000000e+03 3.336973192788760673e-02 -1.692811156686979592e-03 8.524256486068583841e-03
4.525000000000000000e+03 4.050000000000000000e+03 3.336973192788760673e-02 -1.692811156686979592e-03 8.524256486068583841e-03
4.525000000000000000e+03 4.050000000000000000e+03 3.336973192788760673e-02 -1.692811156686979592e-03 8.524256486068583841e-03
4.525000000000000000e+03 4.050000000000000000e+03 3.336973192788760673e-02 -1.692811156686979592e-03 8.524256486068583841e-03
4.525000000000000000e+03 4.050000000000000000e+03 3.336973192788760673e-02 -1.692811156686979592e-03 8.524256486068583841e-03
4.525000000000000000e+03 4.050000000000000000e+03 3.336973192788760673e-02 -1.692811156686979592e-03 8.524256486068583841e-03
4.525000000000000000e+03 4.050000000000000000e+03 3.336973192788760673e-02 -1.692811156686979592e-03 8.524256486068583841e-03
4.525000000000000000e+03 4.050000000000000000e+03 3.336973192788760673e-02 -1.692811156686979592e-03 8.524256486068583841e-03
4.525000000000000000e+03 4.050000000000000000e+03 3.336973192788760673e-02 -1.692811156686979592e-03 8.524256486068583841e-03
4.525000000000000000e+03 4.050000000000000000e+03 3.336973192788760673e-02 -1.692811156686979592e-03 8.524256486068583841e-03
4.525000000000000000e+03 4.050000000000000000e+03 3.336973192788760673e-02 -1.692811156686979592e-03 8.524256486068583841e-03
4.525000000000000000e+03 4.050000000000000000e+03 3.336973192788760673e-02 -1.692811156686979592e-03 8.524256486068583841e-03
4.525000000000000000e+03 4.050000000000000000e+03 3.336973192788760673e-02 -1.692811156686979592e-03 8.524256486068583841e-03
4.525000000000000000e+03 4.050000000000000000e+03 3.336973192788760673e-02 -1.692811156686979592e-03 8.524256486068583841e-03
4.525000000000000000e+03 4.050000000000000000e+03 3.336973192788760673e-02 -1.692811156686979592e-03 8.524256486068583841e-03
4.525000000000000000e+03 4.050000000000000000e+03 3.336973192788760673e-02 -1.692811156686979592e-03 8.524256486068583841e-03
4.525000000000000000e+03 4.050000000000000000e+03 3.336973192788760673e-02 -1.692811156686979592e-03 8.524256486068583841e-03
4.525000000000000000e+03 4.050000000000000000e+03 3.336973192788760673e-02 -1.692811156686979592e-03 8.524256486068583841e-03
4.525000000000000000e+03 4.050000000000000000e+03 3.336973192788760673e-02 -1.692811156686979592e-03 8.524256486068583841e-03
4.525000000000000000e+03 4.050000000000000000e+03 3.336973192788760673e-02 -1.692811156686979592e-03 8.524256486068583841e-03
4.525000000000000000e+03 4.050000000000000000e+03 3.336973192788760673e-02 -1.692811156686979592e-03 8.524256486068583841e-03
4.525000000000000000e+03 4.050000000000000000e+03 3.336973192788760673e-02 -1.692811156686979592e-03 8.524256486068583841e-03
