2.525000000000000000e+03 4.050000000000000000e+03 2.434967805571390531e-02 7.928762893545446624e-03 1.021534741509492333e-02
2.525000000000000000e+03 4.050000000000000000e+03 2.434967805571390531e-02 7.928762893545446624e-03 1.021534741509492333e-02
4.525000000000000000e+03 4.050000000000000000e+03 3.033277707332035500e-02 1.188261960509704894e-03 8.122504566993661232e-03
4.525000000000000000e+03 4.050000000000000000e+03 3.033277707332035500e-02 1.188261960509704894e-03 8.122504566993661232e-03
8.525000000000000000e+03 4.050000000000000000e+03 3.265176023082810852e-02 3.932253100364282127e-03 1.155810339926576294e-02
8.525000000000000000e+03 4.050000000000000000e+03 3.265176023082810852e-02 3.932253100364282127e-03 1.155810339926576294e-02
1.252500000000000000e+04 4.050000000000000000e+03 3.096802450975049553e-02 6.857173729587709085e-03 1.401537857309145818e-02
1.252500000000000000e+04 4.050000000000000000e+03 3.096802450975049553e-02 6.857173729587709085e-03 1.401537857309145818e-02
1.652500000000000000e+04 4.050000000000000000e+03 2.083843870870879383e-02 9.301641284549980182e-03 1.949049106853835076e-02
1.652500000000000000e+04 4.050000000000000000e+03 2.083843870870879383e-02 9.301641284549980182e-03 1.949049106853835076e-02
2.052500000000000000e+04 4.050000000000000000e+03 1.812489977913898584e-02 1.140896939169017132e-02 2.082839139459569458e-02
2.052500000000000000e+04 4.050000000000000000e+03 1.812489977913898584e-02 1.140896939169017132e-02 2.082839139459569458e-02
2.452500000000000000e+04 4.050000000000000000e+03 1.651878243286549267e-02 1.376695555749546905e-02 2.092953922157746172e-02
2.452500000000000000e+04 4.050000000000000000e+03 1.651878243286549267e-02 1.376695555749546905e-02 2.092953922157746172e-02
2.852500000000000000e+04 4.050000000000000000e+03 1.820893063666528811e-02 1.554862700480366851e-02 1.769521921430859679e-02
2.852500000000000000e+04 4.050000000000000000e+03 1.820893063666528811e-02 1.554862700480366851e-02 1.769521921430859679e-02
3.252500000000000000e+04 4.050000000000000000e+03 1.786311997899694970e-02 1.924829575674015178e-02 1.318653320023214365e-02
3.252500000000000000e+04 4.050000000000000000e+03 1.786311997899694970e-02 1.924829575674015178e-02 1.318653320023214365e-02
3.252500000000000000e+04 4.050000000000000000e+03 1.786311997899694970e-02 1.924829575674015178e-02 1.318653320023214365e-02
3.252500000000000000e+04 4.050000000000000000e+03 1.786311997899694970e-02 1.924829575674015178e-02 1.318653320023214365e-02
2.852500000000000000e+04 4.050000000000000000e+03 1.820893063666528811e-02 1.554862700480366851e-02 1.769521921430859679e-02
2.852500000000000000e+04 4.050000000000000000e+03 1.820893063666528811e-02 1.554862700480366851e-02 1.769521921430859679e-02
2.452500000000000000e+04 4.050000000000000000e+03 1.651878243286549267e-02 1.376695555749546905e-02 2.092953922157746172e-02
2.452500000000000000e+04 4.050000000000000000e+03 1.651878243286549267e-02 1.376695555749546905e-02 2.092953922157746172e-02
2.052500000000000000e+04 4.050000000000000000e+03 1.812489977913898584e-02 1.140896939169017132e-02 2.082839139459569458e-02
2.052500000000000000e+04 4.050000000000000000e+03 1.812489977913898584e-02 1.140896939169017132e-02 2.082839139459569458e-02
1.652500000000000000e+04 4.050000000000000000e+03 2.083843870870879383e-02 9.301641284549980182e-03 1.949049106853835076e-02
1.652500000000000000e+04 4.050000000000000000e+03 2.083843870870879383e-02 9.301641284549980182e-03 1.949049106853835076e-02
1.252500000000000000e+04 4.050000000000000000e+03 3.096802450975049553e-02 6.857173729587709085e-03 1.401537857309145818e-02
1.252500000000000000e+04 4.050000000000000000e+03 3.096802450975049553e-02 6.857173729587709085e-03 1.401537857309145818e-02
8.525000000000000000e+03 4.050000000000000000e+03 3.265176023082810852e-02 3.932253100364282127e-03 1.155810339926576294e-02
8.525000000000000000e+03 4.050000000000000000e+03 3.265176023082810852e-02 3.932253100364282127e-03 1.155810339926576294e-02
4.525000000000000000e+03 4.050000000000000000e+03 3.033277707332035500e-02 1.188261960509704894e-03 8.122504566993661232e-03
4.525000000000000000e+03 4.050000000000000000e+03 3.033277707332035500e-02 1.188261960509704894e-03 8.122504566993661232e-03
2.525000000000000000e+03 4.050000000000000000e+03 2.434967805571390531e-02 7.928762893545446624e-03 1.021534741509492333e-02
2.525000000000000000e+03 4.050000000000000000e+03 2.434967805571390531e-02 7.928762893545446624e-03 1.021534741509492333e-02
2.525000000000000000e+03 4.050000000000000000e+03 2.434967805571390531e-02 7.928762893545446624e-03 1.021534741509492333e-02
2.525000000000000000e+03 4.050000000000000000e+03 2.434967805571390531e-02 7.928762893545446624e-03 1.021534741509492333e-02
4.525000000000000000e+03 4.050000000000000000e+03 3.033277707332035500e-02 1.188261960509704894e-03 8.122504566993661232e-03
4.525000000000000000e+03 4.050000000000000000e+03 3.033277707332035500e-02 1.188261960509704894e-03 8.122504566993661232e-03
8.525000000000000000e+03 4.050000000000000000e+03 3.265176023082810852e-02 3.932253100364282127e-03 1.155810339926576294e-02
8.525000000000000000e+03 4.050000000000000000e+03 3.265176023082810852e-02 3.932253100364282127e-03 1.155810339926576294e-02
1.252500000000000000e+04 4.050000000000000000e+03 3.096802450975049553e-02 6.857173729587709085e-03 1.401537857309145818e-02
1.252500000000000000e+04 4.050000000000000000e+03 3.096802450975049553e-02 6.857173729587709085e-03 1.401537857309145818e-02
1.652500000000000000e+04 4.050000000000000000e+03 2.083843870870879383e-02 9.301641284549980182e-03 1.949049106853835076e-02
1.652500000000000000e+04 4.050000000000000000e+03 2.083843870870879383e-02 9.301641284549980182e-03 1.949049106853835076e-02
2.052500000000000000e+04 4.050000000000000000e+03 1.812489977913898584e-02 1.140896939169017132e-02 2.082839139459569458e-02
2.052500000000000000e+04 4.050000000000000000e+03 1.812489977913898584e-02 1.140896939169017132e-02 2.082839139459569458e-02
2.452500000000000000e+04 4.050000000000000000e+03 1.651878243286549267e-02 1.376695555749546905e-02 2.092953922157746172e-02
2.452500000000000000e+04 4.050000000000000000e+03 1.651878243286549267e-02 1.376695555749546905e-02 2.092953922157746172e-02
2.852500000000000000e+04 4.050000000000000000e+03 1.820893063666528811e-02 1.554862700480366851e-02 1.769521921430859679e-02
2.852500000000000000e+04 4.050000000000000000e+03 1.820893063666528811e-02 1.554862700480366851e-02 1.769521921430859679e-02
3.252500000000000000e+04 4.050000000000000000e+03 1.786311997899694970e-02 1.924829575674015178e-02 1.318653320023214365e-02
3.252500000000000000e+04 4.050000000000000000e+03 1.786311997899694970e-02 1.924829575674015178e-02 1.318653320023214365e-02
2.525000000000000000e+03 8.050000000000000000e+03 3.189624883183245913e-02 2.512719794951803060e-02 -3.271810463659016732e-02
2.525000000000000000e+03 8.050000000000000000e+03 3.189624883183245913e-02 2.512719794951803060e-02 -3.271810463659016732e-02
4.525000000000000000e+03 8.050000000000000000e+03 2.629832757285310851e-02 4.498762125556213243e-02 -3.335662415790922875e-02
4.525000000000000000e+03 8.050000000000000000e+03 2.629832757285310851e-02 4.498762125556213243e-02 -3.335662415790922875e-02
8.525000000000000000e+03 8.050000000000000000e+03 2.799707838256365600e-02 4.201957052618382482e-02 -3.007409375353782208e-02
8.525000000000000000e+03 8.050000000000000000e+03 2.799707838256365600e-02 4.201957052618382482e-02 -3.007409375353782208e-02
1.252500000000000000e+04 8.050000000000000000e+03 2.600956181271402851e-02 3.837169468343683970e-02 -2.902944341569541065e-02
1.252500000000000000e+04 8.050000000000000000e+03 2.600956181271402851e-02 3.837169468343683970e-02 -2.902944341569541065e-02
1.652500000000000000e+04 8.050000000000000000e+03 2.681868885388691282e-02 2.460073147618466877e-02 -2.435287960009537012e-02
1.652500000000000000e+04 8.050000000000000000e+03 2.681868885388691282e-02 2.460073147618466877e-02 -2.435287960009537012e-02
2.052500000000000000e+04 8.050000000000000000e+03 2.670097813766931713e-02 2.549928714955095391e-02 -2.233619751018077818e-02
2.052500000000000000e+04 8.050000000000000000e+03 2.670097813766931713e-02 2.549928714955095391e-02 -2.233619751018077818e-02
2.452500000000000000e+04 8.050000000000000000e+03 2.847097821809787405e-02 2.750684434067574013e-02 -2.371221405566758395e-02
2.452500000000000000e+04 8.050000000000000000e+03 2.847097821809787405e-02 2.750684434067574013e-02 -2.371221405566758395e-02
2.852500000000000000e+04 8.050000000000000000e+03 3.043605954906439953e-02 3.381441671134872984e-02 -2.607743723595965304e-02
2.852500000000000000e+04 8.050000000000000000e+03 3.043605954906439953e-02 3.381441671134872984e-02 -2.607743723595965304e-02
3.252500000000000000e+04 8.050000000000000000e+03 2.906239239485153281e-02 3.739195932185074289e-02 -2.930933615034854445e-02
3.252500000000000000e+04 8.050000000000000000e+03 2.906239239485153281e-02 3.739195932185074289e-02 -2.930933615034854445e-02
3.252500000000000000e+04 8.050000000000000000e+03 2.906239239485153281e-02 3.739195932185074289e-02 -2.930933615034854445e-02
3.252500000000000000e+04 8.050000000000000000e+03 2.906239239485153281e-02 3.739195932185074289e-02 -2.930933615034854445e-02
2.852500000000000000e+04 8.050000000000000000e+03 3.043605954906439953e-02 3.381441671134872984e-02 -2.607743723595965304e-02
2.852500000000000000e+04 8.050000000000000000e+03 3.043605954906439953e-02 3.381441671134872984e-02 -2.607743723595965304e-02
2.452500000000000000e+04 8.050000000000000000e+03 2.847097821809787405e-02 2.750684434067574013e-02 -2.371221405566758395e-02
2.452500000000000000e+04 8.050000000000000000e+03 2.847097821809787405e-02 2.750684434067574013e-02 -2.371221405566758395e-02
2.052500000000000000e+04 8.050000000000000000e+03 2.670097813766931713e-02 2.549928714955095391e-02 -2.233619751018077818e-02
2.052500000000000000e+04 8.050000000000000000e+03 2.670097813766931713e-02 2.549928714955095391e-02 -2.233619751018077818e-02
1.652500000000000000e+04 8.050000000000000000e+03 2.681868885388691282e-02 2.460073147618466877e-02 -2.435287960009537012e-02
1.652500000000000000e+04 8.050000000000000000e+03 2.681868885388691282e-02 2.460073147618466877e-02 -2.435287960009537012e-02
1.252500000000000000e+04 8.050000000000000000e+03 2.600956181271402851e-02 3.837169468343683970e-02 -2.902944341569541065e-02
1.252500000000000000e+04 8.050000000000000000e+03 2.600956181271402851e-02 3.837169468343683970e-02 -2.902944341569541065e-02
8.525000000000000000e+03 8.050000000000000000e+03 2.799707838256365600e-02 4.201957052618382482e-02 -3.007409375353782208e-02
8.525000000000000000e+03 8.050000000000000000e+03 2.799707838256365600e-02 4.201957052618382482e-02 -3.007409375353782208e-02
4.525000000000000000e+03 8.050000000000000000e+03 2.629832757285310851e-02 4.498762125556213243e-02 -3.335662415790922875e-02
4.525000000000000000e+03 8.050000000000000000e+03 2.629832757285310851e-02 4.498762125556213243e-02 -3.335662415790922875e-02
2.525000000000000000e+03 8.050000000000000000e+03 3.189624883183245913e-02 2.512719794951803060e-02 -3.271810463659016732e-02
2.525000000000000000e+03 8.050000000000000000e+03 3.189624883183245913e-02 2.512719794951803060e-02 -3.271810463659016732e-02
2.525000000000000000e+03 8.050000000000000000e+03 3.189624883183245913e-02 2.512719794951803060e-02 -3.271810463659016732e-02
2.525000000000000000e+03 8.050000000000000000e+03 3.189624883183245913e-02 2.512719794951803060e-02 -3.271810463659016732e-02
4.525000000000000000e+03 8.050000000000000000e+03 2.629832757285310851e-02 4.498762125556213243e-02 -3.335662415790922875e-02
4.525000000000000000e+03 8.050000000000000000e+03 2.629832757285310851e-02 4.498762125556213243e-02 -3.335662415790922875e-02
8.525000000000000000e+03 8.050000000000000000e+03 2.799707838256365600e-02 4.201957052618382482e-02 -3.007409375353782208e-02
8.525000000000000000e+03 8.050000000000000000e+03 2.799707838256365600e-02 4.201957052618382482e-02 -3.007409375353782208e-02
1.252500000000000000e+04 8.050000000000000000e+03 2.600956181271402851e-02 3.837169468343683970e-02 -2.902944341569541065e-02
1.252500000000000000e+04 8.050000000000000000e+03 2.600956181271402851e-02 3.837169468343683970e-02 -2.902944341569541065e-02
1.652500000000000000e+04 8.050000000000000000e+03 2.681868885388691282e-02 2.460073147618466877e-02 -2.435287960009537012e-02
1.652500000000000000e+04 8.050000000000000000e+03 2.681868885388691282e-02 2.460073147618466877e-02 -2.435287960009537012e-02
2.052500000000000000e+04 8.050000000000000000e+03 2.670097813766931713e-02 2.549928714955095391e-02 -2.233619751018077818e-02
2.052500000000000000e+04 8.050000000000000000e+03 2.670097813766931713e-02 2.549928714955095391e-02 -2.233619751018077818e-02
2.452500000000000000e+04 8.050000000000000000e+03 2.847097821809787405e-02 2.750684434067574013e-02 -2.371221405566758395e-02
2.452500000000000000e+04 8.050000000000000000e+03 2.847097821809787405e-02 2.750684434067574013e-02 -2.371221405566758395e-02
2.852500000000000000e+04 8.050000000000000000e+03 3.043605954906439953e-02 3.381441671134872984e-02 -2.607743723595965304e-02
2.852500000000000000e+04 8.050000000000000000e+03 3.043605954906439953e-02 3.381441671134872984e-02 -2.607743723595965304e-02
3.252500000000000000e+04 8.050000000000000000e+03 2.906239239485153281e-02 3.739195932185074289e-02 -2.930933615034854445e-02
3.252500000000000000e+04 8.050000000000000000e+03 2.906239239485153281e-02 3.739195932185074289e-02 -2.930933615034854445e-02
2.525000000000000000e+03 -3.950000000000000000e+03 1.179979150665498360e-03 6.337398891217349214e-03 5.759739840735095262e-02
2.525000000000000000e+03 -3.950000000000000000e+03 1.179979150665498360e-03 6.337398891217349214e-03 5.759739840735095262e-02
4.525000000000000000e+03 -3.950000000000000000e+03 1.502860083424090339e-02 1.840948789858792758e-03 5.676217592014584645e-02
4.525000000000000000e+03 -3.950000000000000000e+03 1.502860083424090339e-02 1.840948789858792758e-03 5.676217592014584645e-02
8.525000000000000000e+03 -3.950000000000000000e+03 2.273933004615923126e-02 3.026356221629138664e-03 5.964350694842787681e-02
8.525000000000000000e+03 -3.950000000000000000e+03 2.273933004615923126e-02 3.026356221629138664e-03 5.964350694842787681e-02
1.252500000000000000e+04 -3.950000000000000000e+03 2.820617188384808710e-02 6.938377940161978563e-03 6.141204498063847217e-02
1.252500000000000000e+04 -3.950000000000000000e+03 2.820617188384808710e-02 6.938377940161978563e-03 6.141204498063847217e-02
1.652500000000000000e+04 -3.950000000000000000e+03 -5.318628181393115530e-03 5.227742691332760636e-03 6.681386505293124278e-02
1.652500000000000000e+04 -3.950000000000000000e+03 -5.318628181393115530e-03 5.227742691332760636e-03 6.681386505293124278e-02
2.052500000000000000e+04 -3.950000000000000000e+03 -1.987591796624271073e-02 7.314724188869949940e-03 6.701681751497065576e-02
2.052500000000000000e+04 -3.950000000000000000e+03 -1.987591796624271073e-02 7.314724188869949940e-03 6.701681751497065576e-02
2.452500000000000000e+04 -3.950000000000000000e+03 -2.404230385393644337e-02 9.222850582235663647e-03 6.748201184700980404e-02
2.452500000000000000e+04 -3.950000000000000000e+03 -2.404230385393644337e-02 9.222850582235663647e-03 6.748201184700980404e-02
2.852500000000000000e+04 -3.950000000000000000e+03 -2.104747947461239888e-02 1.235191593030286056e-02 6.212919913952490159e-02
2.852500000000000000e+04 -3.950000000000000000e+03 -2.104747947461239888e-02 1.235191593030286056e-02 6.212919913952490159e-02
3.252500000000000000e+04 -3.950000000000000000e+03 -5.791513495770636653e-04 1.801747411434452550e-02 5.536882320698503779e-02
3.252500000000000000e+04 -3.950000000000000000e+03 -5.791513495770636653e-04 1.801747411434452550e-02 5.536882320698503779e-02
3.252500000000000000e+04 -3.950000000000000000e+03 -5.791513495770636653e-04 1.801747411434452550e-02 5.536882320698503779e-02
3.252500000000000000e+04 -3.950000000000000000e+03 -5.791513495770636653e-04 1.801747411434452550e-02 5.536882320698503779e-02
2.852500000000000000e+04 -3.950000000000000000e+03 -2.104747947461239888e-02 1.235191593030286056e-02 6.212919913952490159e-02
2.852500000000000000e+04 -3.950000000000000000e+03 -2.104747947461239888e-02 1.235191593030286056e-02 6.212919913952490159e-02
2.452500000000000000e+04 -3.950000000000000000e+03 -2.404230385393644337e-02 9.222850582235663647e-03 6.748201184700980404e-02
2.452500000000000000e+04 -3.950000000000000000e+03 -2.404230385393644337e-02 9.222850582235663647e-03 6.748201184700980404e-02
2.052500000000000000e+04 -3.950000000000000000e+03 -1.987591796624271073e-02 7.314724188869949940e-03 6.701681751497065576e-02
2.052500000000000000e+04 -3.950000000000000000e+03 -1.987591796624271073e-02 7.314724188869949940e-03 6.701681751497065576e-02
1.652500000000000000e+04 -3.950000000000000000e+03 -5.318628181393115530e-03 5.227742691332760636e-03 6.681386505293124278e-02
1.652500000000000000e+04 -3.950000000000000000e+03 -5.318628181393115530e-03 5.227742691332760636e-03 6.681386505293124278e-02
1.252500000000000000e+04 -3.950000000000000000e+03 2.820617188384808710e-02 6.938377940161978563e-03 6.141204498063847217e-02
1.252500000000000000e+04 -3.950000000000000000e+03 2.820617188384808710e-02 6.938377940161978563e-03 6.141204498063847217e-02
8.525000000000000000e+03 -3.950000000000000000e+03 2.273933004615923126e-02 3.026356221629138664e-03 5.964350694842787681e-02
8.525000000000000000e+03 -3.950000000000000000e+03 2.273933004615923126e-02 3.026356221629138664e-03 5.964350694842787681e-02
4.525000000000000000e+03 -3.950000000000000000e+03 1.502860083424090339e-02 1.840948789858792758e-03 5.676217592014584645e-02
4.525000000000000000e+03 -3.950000000000000000e+03 1.502860083424090339e-02 1.840948789858792758e-03 5.676217592014584645e-02
2.525000000000000000e+03 -3.950000000000000000e+03 1.179979150665498360e-03 6.337398891217349214e-03 5.759739840735095262e-02
2.525000000000000000e+03 -3.950000000000000000e+03 1.179979150665498360e-03 6.337398891217349214e-03 5.759739840735095262e-02
2.525000000000000000e+03 -3.950000000000000000e+03 1.179979150665498360e-03 6.337398891217349214e-03 5.759739840735095262e-02
2.525000000000000000e+03 -3.950000000000000000e+03 1.179979150665498360e-03 6.337398891217349214e-03 5.759739840735095262e-02
4.525000000000000000e+03 -3.950000000000000000e+03 1.502860083424090339e-02 1.840948789858792758e-03 5.676217592014584645e-02
4.525000000000000000e+03 -3.950000000000000000e+03 1.502860083424090339e-02 1.840948789858792758e-03 5.676217592014584645e-02
8.525000000000000000e+03 -3.950000000000000000e+03 2.273933004615923126e-02 3.026356221629138664e-03 5.964350694842787681e-02
8.525000000000000000e+03 -3.950000000000000000e+03 2.273933004615923126e-02 3.026356221629138664e-03 5.964350694842787681e-02
1.252500000000000000e+04 -3.950000000000000000e+03 2.820617188384808710e-02 6.938377940161978563e-03 6.141204498063847217e-02
1.252500000000000000e+04 -3.950000000000000000e+03 2.820617188384808710e-02 6.938377940161978563e-03 6.141204498063847217e-02
1.652500000000000000e+04 -3.950000000000000000e+03 -5.318628181393115530e-03 5.227742691332760636e-03 6.681386505293124278e-02
1.652500000000000000e+04 -3.950000000000000000e+03 -5.318628181393115530e-03 5.227742691332760636e-03 6.681386505293124278e-02
2.052500000000000000e+04 -3.950000000000000000e+03 -1.987591796624271073e-02 7.314724188869949940e-03 6.701681751497065576e-02
2.052500000000000000e+04 -3.950000000000000000e+03 -1.987591796624271073e-02 7.314724188869949940e-03 6.701681751497065576e-02
2.452500000000000000e+04 -3.950000000000000000e+03 -2.404230385393644337e-02 9.222850582235663647e-03 6.748201184700980404e-02
2.452500000000000000e+04 -3.950000000000000000e+03 -2.404230385393644337e-02 9.222850582235663647e-03 6.748201184700980404e-02
2.852500000000000000e+04 -3.950000000000000000e+03 -2.104747947461239888e-02 1.235191593030286056e-02 6.212919913952490159e-02
2.852500000000000000e+04 -3.950000000000000000e+03 -2.104747947461239888e-02 1.235191593030286056e-02 6.212919913952490159e-02
3.252500000000000000e+04 -3.950000000000000000e+03 -5.791513495770636653e-04 1.801747411434452550e-02 5.536882320698503779e-02
3.252500000000000000e+04 -3.950000000000000000e+03 -5.791513495770636653e-04 1.801747411434452550e-02 5.536882320698503779e-02
2.525000000000000000e+03 5.000000000000000000e+01 3.367053243532780460e-02 2.201088295654526385e-03 2.273044337954272659e-02
2.525000000000000000e+03 5.000000000000000000e+01 3.367053243532780460e-02 2.201088295654526385e-03 2.273044337954272659e-02
4.525000000000000000e+03 5.000000000000000000e+01 2.837995600182731393e-02 1.481944890168716139e-02 2.423408028819121207e-02
4.525000000000000000e+03 5.000000000000000000e+01 2.837995600182731393e-02 1.481944890168716139e-02 2.423408028819121207e-02
8.525000000000000000e+03 5.000000000000000000e+01 2.789282385543139300e-02 1.125225571216936782e-02 2.794161350215556075e-02
8.525000000000000000e+03 5.000000000000000000e+01 2.789282385543139300e-02 1.125225571216936782e-02 2.794161350215556075e-02
1.252500000000000000e+04 5.000000000000000000e+01 2.776231913566402920e-02 1.149967513610654010e-02 2.974879120406592400e-02
1.252500000000000000e+04 5.000000000000000000e+01 2.776231913566402920e-02 1.149967513610654010e-02 2.974879120406592400e-02
1.652500000000000000e+04 5.000000000000000000e+01 2.900539354358692284e-02 8.100392884551901873e-03 3.401162312572551805e-02
1.652500000000000000e+04 5.000000000000000000e+01 2.900539354358692284e-02 8.100392884551901873e-03 3.401162312572551805e-02
2.052500000000000000e+04 5.000000000000000000e+01 2.929600227154868092e-02 1.309314701969030957e-02 3.687605368612992263e-02
2.052500000000000000e+04 5.000000000000000000e+01 2.929600227154868092e-02 1.309314701969030957e-02 3.687605368612992263e-02
2.452500000000000000e+04 5.000000000000000000e+01 2.961513943989624309e-02 1.350802635805287318e-02 3.592892332629593621e-02
2.452500000000000000e+04 5.000000000000000000e+01 2.961513943989624309e-02 1.350802635805287318e-02 3.592892332629593621e-02
2.852500000000000000e+04 5.000000000000000000e+01 3.318803363873273210e-02 7.835805558928102960e-03 3.235268666685070515e-02
2.852500000000000000e+04 5.000000000000000000e+01 3.318803363873273210e-02 7.835805558928102960e-03 3.235268666685070515e-02
3.252500000000000000e+04 5.000000000000000000e+01 3.413012899857116589e-02 6.766171288496004507e-03 2.832243140615221810e-02
3.252500000000000000e+04 5.000000000000000000e+01 3.413012899857116589e-02 6.766171288496004507e-03 2.832243140615221810e-02
3.252500000000000000e+04 5.000000000000000000e+01 3.413012899857116589e-02 6.766171288496004507e-03 2.832243140615221810e-02
3.252500000000000000e+04 5.000000000000000000e+01 3.413012899857116589e-02 6.766171288496004507e-03 2.832243140615221810e-02
2.852500000000000000e+04 5.000000000000000000e+01 3.318803363873273210e-02 7.835805558928102960e-03 3.235268666685070515e-02
2.852500000000000000e+04 5.000000000000000000e+01 3.318803363873273210e-02 7.835805558928102960e-03 3.235268666685070515e-02
2.452500000000000000e+04 5.000000000000000000e+01 2.961513943989624309e-02 1.350802635805287318e-02 3.592892332629593621e-02
2.452500000000000000e+04 5.000000000000000000e+01 2.961513943989624309e-02 1.350802635805287318e-02 3.592892332629593621e-02
2.052500000000000000e+04 5.000000000000000000e+01 2.929600227154868092e-02 1.309314701969030957e-02 3.687605368612992263e-02
2.052500000000000000e+04 5.000000000000000000e+01 2.929600227154868092e-02 1.309314701969030957e-02 3.687605368612992263e-02
1.652500000000000000e+04 5.000000000000000000e+01 2.900539354358692284e-02 8.100392884551901873e-03 3.401162312572551805e-02
1.652500000000000000e+04 5.000000000000000000e+01 2.900539354358692284e-02 8.100392884551901873e-03 3.401162312572551805e-02
1.252500000000000000e+04 5.000000000000000000e+01 2.776231913566402920e-02 1.149967513610654010e-02 2.974879120406592400e-02
1.252500000000000000e+04 5.000000000000000000e+01 2.776231913566402920e-02 1.149967513610654010e-02 2.974879120406592400e-02
8.525000000000000000e+03 5.000000000000000000e+01 2.789282385543139300e-02 1.125225571216936782e-02 2.794161350215556075e-02
8.525000000000000000e+03 5.000000000000000000e+01 2.789282385543139300e-02 1.125225571216936782e-02 2.794161350215556075e-02
4.525000000000000000e+03 5.000000000000000000e+01 2.837995600182731393e-02 1.481944890168716139e-02 2.423408028819121207e-02
4.525000000000000000e+03 5.000000000000000000e+01 2.837995600182731393e-02 1.481944890168716139e-02 2.423408028819121207e-02
2.525000000000000000e+03 5.000000000000000000e+01 3.367053243532780460e-02 2.201088295654526385e-03 2.273044337954272659e-02
2.525000000000000000e+03 5.000000000000000000e+01 3.367053243532780460e-02 2.201088295654526385e-03 2.273044337954272659e-02
2.525000000000000000e+03 5.000000000000000000e+01 3.367053243532780460e-02 2.201088295654526385e-03 2.273044337954272659e-02
2.525000000000000000e+03 5.000000000000000000e+01 3.367053243532780460e-02 2.201088295654526385e-03 2.273044337954272659e-02
4.525000000000000000e+03 5.000000000000000000e+01 2.837995600182731393e-02 1.481944890168716139e-02 2.423408028819121207e-02
4.525000000000000000e+03 5.000000000000000000e+01 2.837995600182731393e-02 1.481944890168716139e-02 2.423408028819121207e-02
8.525000000000000000e+03 5.000000000000000000e+01 2.789282385543139300e-02 1.125225571216936782e-02 2.794161350215556075e-02
8.525000000000000000e+03 5.000000000000000000e+01 2.789282385543139300e-02 1.125225571216936782e-02 2.794161350215556075e-02
1.252500000000000000e+04 5.000000000000000000e+01 2.776231913566402920e-02 1.149967513610654010e-02 2.974879120406592400e-02
1.252500000000000000e+04 5.000000000000000000e+01 2.776231913566402920e-02 1.149967513610654010e-02 2.974879120406592400e-02
1.652500000000000000e+04 5.000000000000000000e+01 2.900539354358692284e-02 8.100392884551901873e-03 3.401162312572551805e-02
1.652500000000000000e+04 5.000000000000000000e+01 2.900539354358692284e-02 8.100392884551901873e-03 3.401162312572551805e-02
2.052500000000000000e+04 5.000000000000000000e+01 2.929600227154868092e-02 1.309314701969030957e-02 3.687605368612992263e-02
2.052500000000000000e+04 5.000000000000000000e+01 2.929600227154868092e-02 1.309314701969030957e-02 3.687605368612992263e-02
2.452500000000000000e+04 5.000000000000000000e+01 2.961513943989624309e-02 1.350802635805287318e-02 3.592892332629593621e-02
2.452500000000000000e+04 5.000000000000000000e+01 2.961513943989624309e-02 1.350802635805287318e-02 3.592892332629593621e-02
2.852500000000000000e+04 5.000000000000000000e+01 3.318803363873273210e-02 7.835805558928102960e-03 3.235268666685070515e-02
2.852500000000000000e+04 5.000000000000000000e+01 3.318803363873273210e-02 7.835805558928102960e-03 3.235268666685070515e-02
3.252500000000000000e+04 5.000000000000000000e+01 3.413012899857116589e-02 6.766171288496004507e-03 2.832243140615221810e-02
3.252500000000000000e+04 5.000000000000000000e+01 3.413012899857116589e-02 6.766171288496004507e-03 2.832243140615221810e-02
