0.000000000000000000e+00 4.000000000000000000e+03 -7.000000000000000000e+04 -5.971104763957351125e+00 6.672317510193970236e-02 8.444621422756769524e-01 1.169059194597209424e-02 -1.040727472788870855e+01 1.034614320743065981e-02 1.000000000000000000e+00 -2.420877399999999824e+01 8.231000000000000469e-03 1.916209599999999824e+01 2.500000000000000139e-02
0.000000000000000000e+00 4.000000000000000000e+03 -7.000000000000000000e+04 -5.991336339376586828e+00 4.984788308533787821e-02 7.963117129420207441e-01 1.502551741902391318e-02 -1.369944788529416968e+01 1.004866375201673122e-02 0.000000000000000000e+00 -2.735831299999999899e+01 1.476000000000000055e-02 2.950068699999999922e+01 2.500000000000000139e-02
0.000000000000000000e+00 4.000000000000000000e+03 -7.000000000000000000e+04 -5.985834162459291896e+00 6.357624259263820743e-02 8.628420836470471755e-01 1.074226354449547491e-02 -1.013952672330799309e+01 1.257783136087532727e-02 1.000000000000000000e+00 -2.395223599999999919e+01 1.532299999999999982e-02 3.984227800000000030e+01 2.699999999999999969e-02
0.000000000000000000e+00 4.000000000000000000e+03 -7.000000000000000000e+04 -5.976068510174658677e+00 5.252643268594905240e-02 8.193230326034743882e-01 1.105471642983037704e-02 -1.370006044867792916e+01 1.162061026557990352e-02 0.000000000000000000e+00 -2.737003599999999892e+01 1.315500000000000003e-02 5.017987000000000108e+01 2.699999999999999969e-02
0.000000000000000000e+00 4.000000000000000000e+03 -7.000000000000000000e+04 -5.982763324375432568e+00 4.559365338928315914e-02 8.392038770822423110e-01 1.121464893520610941e-02 -9.733845230627018452e+00 1.357137126004545613e-02 1.000000000000000000e+00 -2.355500599999999878e+01 1.421799999999999974e-02 6.051946099999999973e+01 2.999999999999999889e-02
0.000000000000000000e+00 4.000000000000000000e+03 -7.000000000000000000e+04 -5.993204823391440783e+00 5.940892515026020143e-02 8.167105170286660387e-01 9.227430296041920152e-03 -1.369845730903718639e+01 1.158878710747895946e-02 0.000000000000000000e+00 -2.738487200000000144e+01 8.307000000000000148e-03 7.085805299999999818e+01 2.999999999999999889e-02
0.000000000000000000e+00 4.000000000000000000e+03 -7.000000000000000000e+04 -5.985168115294372093e+00 6.429743183235922532e-02 8.544709063925786108e-01 1.344620553087641501e-02 -9.058739820005333954e+00 9.247204041468299468e-03 1.000000000000000000e+00 -2.292372299999999896e+01 7.002999999999999677e-03 8.119764399999999682e+01 3.500000000000000333e-02
0.000000000000000000e+00 4.000000000000000000e+03 -7.000000000000000000e+04 -5.990345909709366090e+00 5.707669325824179379e-02 8.307729335400015902e-01 1.312207779117553763e-02 -1.369545129299927666e+01 9.701897347782722017e-03 0.000000000000000000e+00 -2.736375200000000163e+01 8.354999999999999580e-03 9.154123599999999783e+01 3.500000000000000333e-02
0.000000000000000000e+00 4.000000000000000000e+03 -6.650000000000000000e+04 -5.945241029052855453e+00 4.902634248864030236e-02 7.938510006043077993e-01 8.639476069925971363e-03 -1.058194606186343556e+01 8.781717680711396620e-03 1.000000000000000000e+00 -2.419726100000000102e+01 1.410499999999999948e-02 1.057830500000000029e+02 2.500000000000000139e-02
0.000000000000000000e+00 4.000000000000000000e+03 -6.650000000000000000e+04 -5.973745098996044334e+00 4.450671399987628229e-02 7.972813238010262316e-01 1.188874860622635664e-02 -1.387462484141184937e+01 1.072747554232438873e-02 0.000000000000000000e+00 -2.737194300000000169e+01 1.755800000000000069e-02 1.161206420000000037e+02 2.500000000000000139e-02
0.000000000000000000e+00 4.000000000000000000e+03 -6.650000000000000000e+04 -5.954379419027667097e+00 4.233721024011641298e-02 7.779788735168665648e-01 8.496179031190811623e-03 -1.031070655918842149e+01 7.759607719088297551e-03 1.000000000000000000e+00 -2.396360500000000116e+01 7.607000000000000046e-03 1.264612329999999929e+02 2.699999999999999969e-02
0.000000000000000000e+00 4.000000000000000000e+03 -6.650000000000000000e+04 -5.958512200504909373e+00 4.564421001849950504e-02 8.025636156107862629e-01 9.985272635338602806e-03 -1.387591567633364775e+01 1.192143549179661491e-02 0.000000000000000000e+00 -2.735585999999999984e+01 9.124000000000000166e-03 1.367978239999999914e+02 2.699999999999999969e-02
0.000000000000000000e+00 4.000000000000000000e+03 -6.650000000000000000e+04 -5.949311522077308290e+00 5.699679160918498522e-02 8.017728035982177870e-01 1.324089762220416813e-02 -9.910554191850948769e+00 9.670898480360970439e-03 1.000000000000000000e+00 -2.356838700000000131e+01 9.516000000000000153e-03 1.471354159999999922e+02 2.999999999999999889e-02
0.000000000000000000e+00 4.000000000000000000e+03 -6.650000000000000000e+04 -5.959558267491577688e+00 5.270357353754847457e-02 8.054269042438749748e-01 8.243457489739468638e-03 -1.387707302116688801e+01 1.000572006339767693e-02 0.000000000000000000e+00 -2.736833700000000036e+01 1.784300000000000122e-02 1.574750070000000051e+02 2.999999999999999889e-02
0.000000000000000000e+00 4.000000000000000000e+03 -6.650000000000000000e+04 -5.972709799703888933e+00 5.623240319822449262e-02 7.832486488229264410e-01 9.944904262431436895e-03 -9.238215571056359821e+00 8.920940295920878546e-03 1.000000000000000000e+00 -2.291840799999999945e+01 2.370099999999999985e-02 1.678155979999999943e+02 3.500000000000000333e-02
0.000000000000000000e+00 4.000000000000000000e+03 -6.650000000000000000e+04 -5.958590408476847067e+00 4.560038956266333765e-02 7.749000024931034236e-01 1.318939136489166719e-02 -1.387302495898525656e+01 1.045352118460885979e-02 0.000000000000000000e+00 -2.737704400000000149e+01 1.413400000000000073e-02 1.781541899999999998e+02 3.500000000000000333e-02
0.000000000000000000e+00 4.000000000000000000e+03 -6.300000000000000000e+04 -5.943522814767266738e+00 2.776101603457637942e-02 6.518040315921563854e-01 8.131405126351432325e-03 -1.079265517549436026e+01 6.910288011301621638e-03 1.000000000000000000e+00 -2.422414699999999854e+01 8.947000000000000092e-03 1.923940039999999954e+02 2.500000000000000139e-02
0.000000000000000000e+00 4.000000000000000000e+03 -6.300000000000000000e+04 -5.938438165106701305e+00 3.540643058324060427e-02 6.508305291942031445e-01 8.712958540298165397e-03 -1.408524219714343140e+01 7.036470125653168824e-03 0.000000000000000000e+00 -2.735700200000000137e+01 1.444499999999999951e-02 2.027345950000000130e+02 2.500000000000000139e-02
0.000000000000000000e+00 4.000000000000000000e+03 -6.300000000000000000e+04 -5.956702196971726870e+00 5.991910074527087571e-02 6.526223897986750400e-01 6.842005323465951902e-03 -1.052201881165247777e+01 8.378134340755282253e-03 1.000000000000000000e+00 -2.396981900000000110e+01 1.327799999999999987e-02 2.130761870000000044e+02 2.699999999999999969e-02
0.000000000000000000e+00 4.000000000000000000e+03 -6.300000000000000000e+04 -5.929715683317088981e+00 4.207875417838664867e-02 6.586986165958155226e-01 9.653474828080889011e-03 -1.408229313660311277e+01 8.879519161447708281e-03 0.000000000000000000e+00 -2.737989999999999924e+01 1.103499999999999967e-02 2.234137780000000078e+02 2.699999999999999969e-02
0.000000000000000000e+00 4.000000000000000000e+03 -6.300000000000000000e+04 -5.955012815165924955e+00 3.707097366421958917e-02 6.519221849843909178e-01 8.057557151088698758e-03 -1.011977226282038522e+01 6.779535776413961497e-03 1.000000000000000000e+00 -2.358986900000000020e+01 1.476099999999999982e-02 2.337543699999999944e+02 2.999999999999999889e-02
0.000000000000000000e+00 4.000000000000000000e+03 -6.300000000000000000e+04 -5.952082187527278023e+00 4.852867016642846421e-02 6.523388247269852336e-01 8.499785968239548586e-03 -1.408189066200672812e+01 7.480836742779149208e-03 0.000000000000000000e+00 -2.736283799999999999e+01 5.570000000000000298e-03 2.440919609999999977e+02 2.999999999999999889e-02
0.000000000000000000e+00 4.000000000000000000e+03 -6.300000000000000000e+04 -5.956539040433646903e+00 4.780805455346975874e-02 6.501171505717048271e-01 7.902208088022930066e-03 -9.442340038791144252e+00 1.008458056371432272e-02 1.000000000000000000e+00 -2.292257999999999996e+01 2.039600000000000093e-02 2.544315520000000106e+02 3.500000000000000333e-02
0.000000000000000000e+00 4.000000000000000000e+03 -6.300000000000000000e+04 -5.945519634217622418e+00 3.612603353303726894e-02 6.628522220497111705e-01 9.123052317419761900e-03 -1.408088975402273668e+01 7.178480729478109966e-03 0.000000000000000000e+00 -2.737676599999999993e+01 1.199000000000000066e-02 2.647741439999999784e+02 3.500000000000000333e-02
0.000000000000000000e+00 4.000000000000000000e+03 -5.950000000000000000e+04 -5.942354331895496777e+00 4.107347521623910119e-02 5.190285715278357692e-01 9.573384071213650315e-03 -1.100931611760088380e+01 5.596819908307313317e-03 1.000000000000000000e+00 -2.422022799999999876e+01 9.802999999999999214e-03 2.790119589999999903e+02 2.500000000000000139e-02
0.000000000000000000e+00 4.000000000000000000e+03 -5.950000000000000000e+04 -5.927997434081874850e+00 4.526838969589210698e-02 5.127189233385224254e-01 9.678715708733364592e-03 -1.430109746172049334e+01 7.082775343773619302e-03 0.000000000000000000e+00 -2.738380400000000137e+01 1.167900000000000015e-02 2.893495500000000220e+02 2.500000000000000139e-02
0.000000000000000000e+00 4.000000000000000000e+03 -5.950000000000000000e+04 -5.934097277514744917e+00 3.658879463761705725e-02 5.149457358946709640e-01 9.426088148845932976e-03 -1.074026861576497005e+01 8.221423427635363157e-03 1.000000000000000000e+00 -2.396528400000000047e+01 1.893799999999999997e-02 2.996891410000000064e+02 2.699999999999999969e-02
0.000000000000000000e+00 4.000000000000000000e+03 -5.950000000000000000e+04 -5.927151664932326369e+00 4.723626344420062129e-02 5.122687445770623960e-01 6.980369455108989714e-03 -1.429814823951312874e+01 7.586774749539960602e-03 0.000000000000000000e+00 -2.738740999999999914e+01 1.282299999999999933e-02 3.100277320000000145e+02 2.699999999999999969e-02
0.000000000000000000e+00 4.000000000000000000e+03 -5.950000000000000000e+04 -5.962457589010186076e+00 4.485623222880659455e-02 4.556676449791227101e-01 8.012524154391589826e-03 -1.032980095043883395e+01 7.892670074864717791e-03 1.000000000000000000e+00 -2.357094000000000023e+01 6.374000000000000325e-03 3.203703239999999823e+02 2.999999999999999889e-02
0.000000000000000000e+00 4.000000000000000000e+03 -5.950000000000000000e+04 -5.944091978798089038e+00 4.181995004714680192e-02 4.791501773063473468e-01 9.656823275263305348e-03 -1.429587721726213267e+01 1.025743244113649748e-02 0.000000000000000000e+00 -2.736843100000000106e+01 1.354700000000000001e-02 3.307099150000000236e+02 2.999999999999999889e-02
0.000000000000000000e+00 4.000000000000000000e+03 -5.950000000000000000e+04 -5.946921908469560591e+00 4.343095280134075253e-02 4.679005763567509746e-01 1.028989015319995738e-02 -9.657768861561336848e+00 8.212608136444239301e-03 1.000000000000000000e+00 -2.292139799999999994e+01 2.061299999999999938e-02 3.410505069999999819e+02 3.500000000000000333e-02
0.000000000000000000e+00 4.000000000000000000e+03 -5.950000000000000000e+04 -5.944350980391972961e+00 5.137340098471477462e-02 5.167079884211958074e-01 7.606516293929723241e-03 -1.429678508698611950e+01 9.969683652648587968e-03 0.000000000000000000e+00 -2.739293400000000034e+01 8.640999999999999376e-03 3.513900980000000231e+02 3.500000000000000333e-02
0.000000000000000000e+00 4.000000000000000000e+03 -5.600000000000000000e+04 -5.978388581103259547e+00 5.620583905190165014e-02 3.642652916207314573e-01 1.149150923621338090e-02 -1.122569755768627608e+01 9.210913306819825883e-03 1.000000000000000000e+00 -2.422353100000000126e+01 1.097599999999999965e-02 3.656279129999999782e+02 2.500000000000000139e-02
0.000000000000000000e+00 4.000000000000000000e+03 -5.600000000000000000e+04 -5.945395789401750619e+00 6.644879899534282541e-02 3.729320808197280623e-01 1.328816139277672406e-02 -1.450840892605324228e+01 1.008417199754376228e-02 0.000000000000000000e+00 -2.738137499999999847e+01 7.322999999999999649e-03 3.759695039999999722e+02 2.500000000000000139e-02
0.000000000000000000e+00 4.000000000000000000e+03 -5.600000000000000000e+04 -5.945534699013589552e+00 5.154646464662079181e-02 3.730921234635404260e-01 1.203232535098204548e-02 -1.095414575927894418e+01 9.200768776726677561e-03 1.000000000000000000e+00 -2.397309200000000118e+01 6.901000000000000016e-03 3.863070950000000039e+02 2.699999999999999969e-02
0.000000000000000000e+00 4.000000000000000000e+03 -5.600000000000000000e+04 -5.971459364123195890e+00 5.990609101966703348e-02 3.751742599197906980e-01 1.140809158218616080e-02 -1.451270116796428766e+01 7.642267935359435202e-03 0.000000000000000000e+00 -2.739645499999999956e+01 1.166999999999999982e-02 3.966466869999999858e+02 2.699999999999999969e-02
0.000000000000000000e+00 4.000000000000000000e+03 -5.600000000000000000e+04 -5.960541003976324248e+00 5.907275277063266106e-02 3.667417788191316697e-01 1.158335939500734942e-02 -1.054975263707820332e+01 9.572969613751347237e-03 1.000000000000000000e+00 -2.358429100000000034e+01 1.393900000000000000e-02 4.070382809999999836e+02 2.999999999999999889e-02
0.000000000000000000e+00 4.000000000000000000e+03 -5.600000000000000000e+04 -5.959351329101120420e+00 5.797904649279227163e-02 3.722594282083409034e-01 9.583027928300952639e-03 -1.451652069529082212e+01 1.311264921791306833e-02 0.000000000000000000e+00 -2.738688399999999845e+01 1.235699999999999993e-02 4.173748719999999821e+02 2.999999999999999889e-02
0.000000000000000000e+00 4.000000000000000000e+03 -5.600000000000000000e+04 -5.945811177044097562e+00 6.303204204439373515e-02 3.686360176771197317e-01 7.881525491413779796e-03 -9.871593509932001353e+00 1.175687342119381695e-02 1.000000000000000000e+00 -2.291453900000000132e+01 1.807100000000000026e-02 4.277144640000000209e+02 3.500000000000000333e-02
0.000000000000000000e+00 4.000000000000000000e+03 -5.600000000000000000e+04 -5.961782915478427647e+00 6.259389355281280709e-02 3.857438330485182254e-01 1.047881414287594494e-02 -1.451688343045026919e+01 1.032300140744933821e-02 0.000000000000000000e+00 -2.739098200000000105e+01 1.397600000000000058e-02 4.380540550000000053e+02 3.500000000000000333e-02
0.000000000000000000e+00 4.000000000000000000e+03 -5.250000000000000000e+04 -5.958880959350050688e+00 4.769598449555135372e-02 2.227326826621885969e-01 7.232342215957173262e-03 -1.143618715210111070e+01 8.506697953460429229e-03 1.000000000000000000e+00 -2.421898099999999943e+01 9.877999999999999628e-03 4.522918690000000197e+02 2.500000000000000139e-02
0.000000000000000000e+00 4.000000000000000000e+03 -5.250000000000000000e+04 -5.942188150678957115e+00 4.493183506452334830e-02 2.323679551249033248e-01 1.302858552759960341e-02 -1.472758183892222483e+01 8.607630968187037282e-03 0.000000000000000000e+00 -2.738133099999999942e+01 1.452699999999999998e-02 4.626294609999999921e+02 2.500000000000000139e-02
0.000000000000000000e+00 4.000000000000000000e+03 -5.250000000000000000e+04 -5.974975388542226540e+00 5.565422477105819860e-02 2.482093794551626376e-01 1.142483469677036192e-02 -1.117276903882395445e+01 6.283343479709211851e-03 1.000000000000000000e+00 -2.396194099999999949e+01 1.515299999999999980e-02 4.729670520000000238e+02 2.699999999999999969e-02
0.000000000000000000e+00 4.000000000000000000e+03 -5.250000000000000000e+04 -5.958533843248813966e+00 5.625703985015669678e-02 2.072619414851953612e-01 8.443772908582192552e-03 -1.473176960903703936e+01 9.866838367287428940e-03 0.000000000000000000e+00 -2.739795499999999961e+01 2.129299999999999943e-02 4.833066430000000082e+02 2.699999999999999969e-02
0.000000000000000000e+00 4.000000000000000000e+03 -5.250000000000000000e+04 -5.986481236758462998e+00 5.687676105239464208e-02 1.830313581201086504e-01 9.228220158769799911e-03 -1.076274438434977299e+01 7.594140233764404627e-03 1.000000000000000000e+00 -2.359330200000000133e+01 7.437000000000000034e-03 4.936472350000000233e+02 2.999999999999999889e-02
0.000000000000000000e+00 4.000000000000000000e+03 -5.250000000000000000e+04 -5.973494661020330554e+00 5.235198585633825397e-02 1.925502554850674897e-01 1.240609430980763733e-02 -1.473017561197269565e+01 8.532863404152084968e-03 0.000000000000000000e+00 -2.738144499999999937e+01 1.848699999999999996e-02 5.039838260000000218e+02 2.999999999999999889e-02
0.000000000000000000e+00 4.000000000000000000e+03 -5.250000000000000000e+04 -5.970512174535758554e+00 6.246497467956627775e-02 1.909378648959508262e-01 1.042611661828611244e-02 -1.008719518352030420e+01 9.942038600963154504e-03 1.000000000000000000e+00 -2.292914199999999880e+01 1.244100000000000067e-02 5.143234169999999494e+02 3.500000000000000333e-02
0.000000000000000000e+00 4.000000000000000000e+03 -5.250000000000000000e+04 -5.971214585275286701e+00 4.573067519354545585e-02 2.163832423119948223e-01 1.158094181689212077e-02 -1.472886842740104107e+01 1.073950166330848999e-02 0.000000000000000000e+00 -2.737825099999999878e+01 9.013000000000000178e-03 5.246620090000000118e+02 3.500000000000000333e-02
0.000000000000000000e+00 4.000000000000000000e+03 -4.900000000000000000e+04 -5.994535741264832573e+00 4.173763673523457618e-02 8.950413043789373635e-02 8.442892421042992590e-03 -1.166337822891494014e+01 7.361625386033410212e-03 1.000000000000000000e+00 -2.421920000000000073e+01 6.586999999999999973e-03 5.389018230000000358e+02 2.500000000000000139e-02
0.000000000000000000e+00 4.000000000000000000e+03 -4.900000000000000000e+04 -5.981666667434182294e+00 3.322552528123057236e-02 1.191849828319404558e-01 9.851424441477692195e-03 -1.495069841796496846e+01 7.940362476623082436e-03 0.000000000000000000e+00 -2.739450799999999830e+01 9.794999999999999887e-03 5.492424140000000534e+02 2.500000000000000139e-02
0.000000000000000000e+00 4.000000000000000000e+03 -4.900000000000000000e+04 -5.978463420779487336e+00 3.989436682615968982e-02 1.120232839295543514e-01 5.956413313815692862e-03 -1.140038441011640913e+01 8.721463293209942916e-03 1.000000000000000000e+00 -2.397896799999999828e+01 1.022900000000000025e-02 5.595830059999999548e+02 2.699999999999999969e-02
0.000000000000000000e+00 4.000000000000000000e+03 -4.900000000000000000e+04 -5.988737870740227009e+00 4.304756625773781264e-02 1.005203687961695180e-01 8.050398454838252407e-03 -1.495771804136656691e+01 7.892615599660939354e-03 0.000000000000000000e+00 -2.740280800000000028e+01 1.034700000000000029e-02 5.699225969999999961e+02 2.699999999999999969e-02
0.000000000000000000e+00 4.000000000000000000e+03 -4.900000000000000000e+04 -6.011538291987849725e+00 3.566397635678227040e-02 1.153030044833949913e-01 7.918562454067430006e-03 -1.098687160589791922e+01 7.568436237685331053e-03 1.000000000000000000e+00 -2.359514400000000123e+01 9.088999999999999857e-03 5.802611889999999448e+02 2.999999999999999889e-02
0.000000000000000000e+00 4.000000000000000000e+03 -4.900000000000000000e+04 -5.998789214417620030e+00 3.835531243747412194e-02 9.508862743136478612e-02 8.976056153205335189e-03 -1.495246152635899861e+01 8.963420650524411837e-03 0.000000000000000000e+00 -2.737503699999999895e+01 1.420100000000000008e-02 5.906007799999999861e+02 2.999999999999999889e-02
0.000000000000000000e+00 4.000000000000000000e+03 -4.900000000000000000e+04 -5.989176594971112877e+00 4.149388236544578751e-02 1.008028092920279783e-01 8.665226706600826292e-03 -1.031594619489312947e+01 8.470528694583329826e-03 1.000000000000000000e+00 -2.294641199999999870e+01 1.041899999999999944e-02 6.009373709999999846e+02 3.500000000000000333e-02
0.000000000000000000e+00 4.000000000000000000e+03 -4.900000000000000000e+04 -5.974600612911761921e+00 3.407862984534124756e-02 8.659543069450920116e-02 1.156886883611630765e-02 -1.495279434519840045e+01 7.123442055421950678e-03 0.000000000000000000e+00 -2.739016700000000171e+01 9.502000000000000030e-03 6.112759630000000470e+02 3.500000000000000333e-02
0.000000000000000000e+00 4.000000000000000000e+03 -4.550000000000000000e+04 -6.004289584680146952e+00 5.074390981652956295e-02 -3.781594872780065508e-02 7.863967255866738740e-03 -1.189019082988735221e+01 7.282940719968174388e-03 1.000000000000000000e+00 -2.422446499999999858e+01 1.302000000000000032e-02 6.255157769999999573e+02 2.500000000000000139e-02
0.000000000000000000e+00 4.000000000000000000e+03 -4.550000000000000000e+04 -6.006932918513923525e+00 4.181243775284969322e-02 -2.385716592264505720e-02 7.926574300542863633e-03 -1.518146360546959706e+01 5.973784731813085169e-03 0.000000000000000000e+00 -2.738796200000000169e+01 1.177600000000000001e-02 6.358573689999999488e+02 2.500000000000000139e-02
0.000000000000000000e+00 4.000000000000000000e+03 -4.550000000000000000e+04 -6.005126852197046006e+00 5.377664248748120768e-02 -3.147838805921385902e-02 7.511439388992961069e-03 -1.162444815363478590e+01 8.743869056608550780e-03 1.000000000000000000e+00 -2.397197500000000048e+01 1.113300000000000053e-02 6.461979599999999664e+02 2.699999999999999969e-02
0.000000000000000000e+00 4.000000000000000000e+03 -4.550000000000000000e+04 -6.013919309980671812e+00 4.696198048521087187e-02 -2.889555242962548245e-02 9.121770062900132550e-03 -1.518663455467449452e+01 8.011728454350693432e-03 0.000000000000000000e+00 -2.739860600000000090e+01 1.553399999999999920e-02 6.565365510000000313e+02 2.699999999999999969e-02
0.000000000000000000e+00 4.000000000000000000e+03 -4.550000000000000000e+04 -6.013236392660988194e+00 5.308535427332326112e-02 -1.879692297012986249e-02 8.511875664117924192e-03 -1.122017236308499477e+01 7.852953798053169746e-03 1.000000000000000000e+00 -2.359266600000000125e+01 1.241899999999999948e-02 6.668761429999999564e+02 2.999999999999999889e-02
0.000000000000000000e+00 4.000000000000000000e+03 -4.550000000000000000e+04 -6.014213696610413606e+00 4.746244932343724604e-02 -2.191969114233302193e-02 8.498132924736776991e-03 -1.518369012759733927e+01 8.014741855709130863e-03 0.000000000000000000e+00 -2.739216899999999910e+01 1.100300000000000063e-02 6.772167339999999740e+02 2.999999999999999889e-02
0.000000000000000000e+00 4.000000000000000000e+03 -4.550000000000000000e+04 -6.018637485093472961e+00 5.457880577098582486e-02 -2.861590172833072820e-02 1.067714548799029300e-02 -1.054290874060503391e+01 6.344275044580893579e-03 1.000000000000000000e+00 -2.294332800000000105e+01 1.047099999999999941e-02 6.875573259999999891e+02 3.500000000000000333e-02
0.000000000000000000e+00 4.000000000000000000e+03 -4.550000000000000000e+04 -6.024016600220721607e+00 4.056189725114506262e-02 -1.956648581952681945e-02 1.229509386919259810e-02 -1.518464001312503342e+01 9.796438084084098386e-03 0.000000000000000000e+00 -2.738475800000000149e+01 1.159299999999999914e-02 6.978949169999999640e+02 3.500000000000000333e-02
0.000000000000000000e+00 4.000000000000000000e+03 -4.200000000000000000e+04 -5.996436357920607030e+00 5.850124226731304861e-02 -1.708658119309812151e-01 7.548640935857162289e-03 -1.212509091704161257e+01 9.426952964911125554e-03 1.000000000000000000e+00 -2.423033600000000121e+01 1.167600000000000061e-02 7.121327310000000352e+02 2.500000000000000139e-02
0.000000000000000000e+00 4.000000000000000000e+03 -4.200000000000000000e+04 -6.050695073701819915e+00 5.536495876920168729e-02 -1.727526589698963611e-01 9.640200995255259961e-03 -1.541606042497814677e+01 5.379550004942419174e-03 0.000000000000000000e+00 -2.739620700000000042e+01 7.807999999999999836e-03 7.224713229999999839e+02 2.500000000000000139e-02
0.000000000000000000e+00 4.000000000000000000e+03 -4.200000000000000000e+04 -6.018314645903791060e+00 4.811513355951462650e-02 -1.897099300501416119e-01 9.117511186714034876e-03 -1.185442117663601103e+01 9.333646356607574329e-03 1.000000000000000000e+00 -2.398528200000000155e+01 1.392599999999999914e-02 7.328089139999999588e+02 2.699999999999999969e-02
0.000000000000000000e+00 4.000000000000000000e+03 -4.200000000000000000e+04 -6.045240664892972404e+00 4.692580711115502262e-02 -1.796342053753356149e-01 8.348342491890842210e-03 -1.541030665633353003e+01 1.093050889047540893e-02 0.000000000000000000e+00 -2.741374100000000169e+01 1.054000000000000076e-02 7.431475050000000238e+02 2.699999999999999969e-02
0.000000000000000000e+00 4.000000000000000000e+03 -4.200000000000000000e+04 -6.022287806832549606e+00 7.378465303259360009e-02 -1.778387959445723587e-01 9.839507095084748176e-03 -1.144811548681825464e+01 1.151524524209340122e-02 1.000000000000000000e+00 -2.358222999999999914e+01 1.242599999999999955e-02 7.534880970000000389e+02 2.999999999999999889e-02
0.000000000000000000e+00 4.000000000000000000e+03 -4.200000000000000000e+04 -6.029740473022216385e+00 5.728219343042043749e-02 -2.018653134641829883e-01 1.199020364944848246e-02 -1.541220531957690909e+01 1.299764587318218319e-02 0.000000000000000000e+00 -2.739338599999999957e+01 1.281400000000000074e-02 7.638256880000000137e+02 2.999999999999999889e-02
0.000000000000000000e+00 4.000000000000000000e+03 -4.200000000000000000e+04 -6.065713612106992336e+00 5.373632081477596606e-02 -2.155557436322821097e-01 1.028967427789159381e-02 -1.077124923556887381e+01 8.556897951148643294e-03 1.000000000000000000e+00 -2.292747800000000069e+01 2.092000000000000109e-02 7.741662800000000288e+02 3.500000000000000333e-02
0.000000000000000000e+00 4.000000000000000000e+03 -4.200000000000000000e+04 -6.047662657855232382e+00 4.904970750004263025e-02 -1.701025112787656890e-01 1.005516085269787807e-02 -1.540861861731141857e+01 1.009861829096606219e-02 0.000000000000000000e+00 -2.738660099999999886e+01 1.178700000000000060e-02 7.845038710000000037e+02 3.500000000000000333e-02
0.000000000000000000e+00 4.000000000000000000e+03 -3.850000000000000000e+04 -6.055765757111513992e+00 4.181671306326495419e-02 -3.078799806564345154e-01 8.903378311032628459e-03 -1.235721679978224863e+01 7.216643557444126465e-03 1.000000000000000000e+00 -2.423154800000000009e+01 1.192900000000000037e-02 7.987426850000000513e+02 2.500000000000000139e-02
0.000000000000000000e+00 4.000000000000000000e+03 -3.850000000000000000e+04 -6.051947523105020821e+00 3.423497691514007513e-02 -3.032455502712108064e-01 7.721398436143067819e-03 -1.564602862351723722e+01 7.295417178623378462e-03 0.000000000000000000e+00 -2.738881599999999850e+01 1.291300000000000087e-02 8.090812760000000026e+02 2.500000000000000139e-02
0.000000000000000000e+00 4.000000000000000000e+03 -3.850000000000000000e+04 -6.061234943228827277e+00 4.900440080758405176e-02 -3.109199103850894819e-01 8.803405331228201375e-03 -1.208761343279759792e+01 9.867629607142637538e-03 1.000000000000000000e+00 -2.397998700000000127e+01 1.143800000000000025e-02 8.194188679999999749e+02 2.699999999999999969e-02
0.000000000000000000e+00 4.000000000000000000e+03 -3.850000000000000000e+04 -6.051173140292577024e+00 4.249537753456915368e-02 -3.054536748510403577e-01 9.448158252378503416e-03 -1.564573845442904343e+01 7.975597521969570933e-03 0.000000000000000000e+00 -2.739022699999999944e+01 9.554999999999999258e-03 8.297584590000000162e+02 2.699999999999999969e-02
0.000000000000000000e+00 4.000000000000000000e+03 -3.850000000000000000e+04 -6.057433063928005623e+00 5.114811887225916009e-02 -3.028783486214755571e-01 9.909061769620509941e-03 -1.167953482614419336e+01 8.323835214316278180e-03 1.000000000000000000e+00 -2.356058399999999864e+01 9.450999999999999332e-03 8.400960499999999911e+02 2.999999999999999889e-02
0.000000000000000000e+00 4.000000000000000000e+03 -3.850000000000000000e+04 -6.044963906532825781e+00 5.086593836110957223e-02 -3.059034129318738415e-01 1.192958787941259674e-02 -1.563917570372712973e+01 8.260841583711233532e-03 0.000000000000000000e+00 -2.739073300000000089e+01 1.042700000000000050e-02 8.504356420000000298e+02 2.999999999999999889e-02
0.000000000000000000e+00 4.000000000000000000e+03 -3.850000000000000000e+04 -6.046325042116280635e+00 5.055404139118259421e-02 -3.382536376134505640e-01 1.152736204198983282e-02 -1.100417528352251395e+01 9.835683828361366926e-03 1.000000000000000000e+00 -2.295014300000000063e+01 9.589999999999999566e-03 8.607762330000000475e+02 3.500000000000000333e-02
0.000000000000000000e+00 4.000000000000000000e+03 -3.850000000000000000e+04 -6.044859747019164509e+00 4.758764637636494349e-02 -3.108923330181642131e-01 9.569691319487609940e-03 -1.563947005074737007e+01 9.547617158629874423e-03 0.000000000000000000e+00 -2.738125600000000048e+01 2.418299999999999964e-02 8.711148249999999962e+02 3.500000000000000333e-02
0.000000000000000000e+00 4.000000000000000000e+03 -3.500000000000000000e+04 -6.077235920710053918e+00 5.106747535729815046e-02 -4.404421506893336780e-01 6.885753159674347194e-03 -1.259376772862468741e+01 6.754028875847456655e-03 1.000000000000000000e+00 -2.423626700000000156e+01 8.776000000000000814e-03 8.853526389999999537e+02 2.500000000000000139e-02
0.000000000000000000e+00 4.000000000000000000e+03 -3.500000000000000000e+04 -6.061010116816976101e+00 3.558002036035980142e-02 -4.482485372982146776e-01 7.861890991589683478e-03 -1.588523615395359023e+01 6.950478126916367558e-03 0.000000000000000000e+00 -2.740284799999999876e+01 9.329999999999999752e-03 8.956942309999999452e+02 2.500000000000000139e-02
0.000000000000000000e+00 4.000000000000000000e+03 -3.500000000000000000e+04 -6.068986359036712130e+00 5.324660256634260180e-02 -4.453695787536331996e-01 9.998060369556310487e-03 -1.233089677748350610e+01 8.953837779894469398e-03 1.000000000000000000e+00 -2.398673199999999994e+01 1.271800000000000014e-02 9.060398219999999583e+02 2.699999999999999969e-02
0.000000000000000000e+00 4.000000000000000000e+03 -3.500000000000000000e+04 -6.086908936775548007e+00 3.865764424166165392e-02 -4.425183196980225775e-01 7.517284825962486719e-03 -1.588420539161048595e+01 5.878679403614171968e-03 0.000000000000000000e+00 -2.740369199999999950e+01 1.082999999999999935e-02 9.163854139999999688e+02 2.699999999999999969e-02
0.000000000000000000e+00 4.000000000000000000e+03 -3.500000000000000000e+04 -6.100982208708501275e+00 4.512558298273026958e-02 -4.472872322878554963e-01 9.959287095086108085e-03 -1.191726296866862889e+01 8.497631848131346685e-03 1.000000000000000000e+00 -2.358978000000000108e+01 6.425000000000000155e-03 9.267300060000000030e+02 2.999999999999999889e-02
0.000000000000000000e+00 4.000000000000000000e+03 -3.500000000000000000e+04 -6.099996872940739223e+00 5.691068008020551405e-02 -4.479379912604976033e-01 8.979844646805823158e-03 -1.588015878956793436e+01 7.254197124956889009e-03 0.000000000000000000e+00 -2.739155299999999826e+01 9.667000000000000245e-03 9.370735969999999497e+02 2.999999999999999889e-02
0.000000000000000000e+00 4.000000000000000000e+03 -3.500000000000000000e+04 -6.080135720657951381e+00 3.231120208293181140e-02 -4.418754374944166008e-01 7.063090649552340901e-03 -1.124522469170884698e+01 8.264316331805647911e-03 1.000000000000000000e+00 -2.293984100000000126e+01 1.328200000000000040e-02 9.474201890000000503e+02 3.500000000000000333e-02
0.000000000000000000e+00 4.000000000000000000e+03 -3.500000000000000000e+04 -6.094569538746312354e+00 6.587896284829583560e-02 -4.452897650127279894e-01 7.712373583739920782e-03 -1.587384556659685053e+01 7.205615083924859533e-03 0.000000000000000000e+00 -2.738946699999999979e+01 1.071000000000000077e-02 9.577687809999999899e+02 3.500000000000000333e-02
0.000000000000000000e+00 4.000000000000000000e+03 -3.500000000000000000e+04 -6.083514113984067606e+00 4.027197156966681735e-02 -4.660705188269078092e-01 9.257897037785584732e-03 -1.259671088727129273e+01 6.998617958547856052e-03 1.000000000000000000e+00 -2.424003700000000094e+01 7.418000000000000115e-03 9.681153729999999769e+02 2.500000000000000139e-02
0.000000000000000000e+00 4.000000000000000000e+03 -3.500000000000000000e+04 -6.070618031924147395e+00 4.140163790834319041e-02 -4.391487036441830694e-01 7.533956829065907579e-03 -1.587880315070764681e+01 8.139546854967471060e-03 0.000000000000000000e+00 -2.739460800000000162e+01 1.045600000000000002e-02 9.784589640000000372e+02 2.500000000000000139e-02
0.000000000000000000e+00 4.000000000000000000e+03 -3.500000000000000000e+04 -6.100829568632941680e+00 3.871788378224776811e-02 -4.470562763323157607e-01 8.487548274619359512e-03 -1.232020766569212178e+01 6.821583445972139413e-03 1.000000000000000000e+00 -2.397518399999999872e+01 7.670999999999999867e-03 9.888035559999999577e+02 2.699999999999999969e-02
0.000000000000000000e+00 4.000000000000000000e+03 -3.500000000000000000e+04 -6.089317381033932719e+00 4.035751741756803818e-02 -4.396159054647610365e-01 7.961058238551151078e-03 -1.587612845253229388e+01 7.053610041183767422e-03 0.000000000000000000e+00 -2.740254499999999993e+01 6.641000000000000202e-03 9.991471480000000156e+02 2.699999999999999969e-02
0.000000000000000000e+00 4.000000000000000000e+03 -3.500000000000000000e+04 -6.066846432181709936e+00 4.055943718542524834e-02 -4.404939441293692637e-01 8.200002542251668552e-03 -1.191529304508921427e+01 8.217520338192625673e-03 1.000000000000000000e+00 -2.359055499999999839e+01 9.344999999999999141e-03 1.009491739000000052e+03 2.999999999999999889e-02
0.000000000000000000e+00 4.000000000000000000e+03 -3.500000000000000000e+04 -6.090598981546862412e+00 5.042924418201161912e-02 -4.464500814541567109e-01 8.329397196513802296e-03 -1.587414193002519092e+01 7.996841537366843056e-03 0.000000000000000000e+00 -2.738936700000000002e+01 7.702999999999999778e-03 1.019836330999999973e+03 2.999999999999999889e-02
0.000000000000000000e+00 4.000000000000000000e+03 -3.500000000000000000e+04 -6.059876218773872836e+00 4.473422479706393867e-02 -4.508671307737775469e-01 7.618269896046189933e-03 -1.123829923999947233e+01 8.455615979734756524e-03 1.000000000000000000e+00 -2.293068699999999893e+01 7.150000000000000105e-03 1.030179922999999917e+03 3.500000000000000333e-02
0.000000000000000000e+00 4.000000000000000000e+03 -3.500000000000000000e+04 -6.063129939050743822e+00 3.882150219851292217e-02 -4.732441833160034861e-01 7.433210141137857468e-03 -1.586993976049465438e+01 7.254544096532962970e-03 0.000000000000000000e+00 -2.738050600000000045e+01 8.425999999999999462e-03 1.040524513999999954e+03 3.500000000000000333e-02
0.000000000000000000e+00 4.000000000000000000e+03 -3.850000000000000000e+04 -6.078755830587048159e+00 5.460057257995683255e-02 -3.399788587549362195e-01 9.855816818318494446e-03 -1.238197694912362046e+01 7.437075889394755349e-03 1.000000000000000000e+00 -2.422060600000000008e+01 6.448999999999999871e-03 1.054768328999999994e+03 2.500000000000000139e-02
0.000000000000000000e+00 4.000000000000000000e+03 -3.850000000000000000e+04 -6.057608061704518043e+00 4.563210817175535755e-02 -3.427744520136729034e-01 9.635887474933718319e-03 -1.566824566872577940e+01 7.794709896566607774e-03 0.000000000000000000e+00 -2.737456600000000151e+01 7.934000000000000080e-03 1.065111920999999938e+03 2.500000000000000139e-02
0.000000000000000000e+00 4.000000000000000000e+03 -3.850000000000000000e+04 -6.069162729746023999e+00 5.176173905630922917e-02 -3.318470281513363762e-01 1.017237468014514298e-02 -1.211303527063311769e+01 7.040025371637068444e-03 1.000000000000000000e+00 -2.396536899999999903e+01 1.041000000000000085e-02 1.075458511999999928e+03 2.699999999999999969e-02
0.000000000000000000e+00 4.000000000000000000e+03 -3.850000000000000000e+04 -6.075260714292629594e+00 5.866412132172643679e-02 -3.252069567900066072e-01 1.177281893242125045e-02 -1.567550554346091651e+01 2.019838490905114664e-02 0.000000000000000000e+00 -2.738429599999999908e+01 2.074399999999999855e-02 1.085805104000000028e+03 2.699999999999999969e-02
0.000000000000000000e+00 4.000000000000000000e+03 -3.850000000000000000e+04 -6.087357997049539726e+00 5.107429479429997227e-02 -3.182768153773834485e-01 1.033436463921847716e-02 -1.170623136405155229e+01 1.097461251109183543e-02 1.000000000000000000e+00 -2.357351299999999839e+01 1.469200000000000020e-02 1.096150695999999925e+03 2.999999999999999889e-02
0.000000000000000000e+00 4.000000000000000000e+03 -3.850000000000000000e+04 -6.055282274368672724e+00 6.216826079777855452e-02 -3.167801738150889945e-01 1.071405069232244864e-02 -1.566836765316346813e+01 1.095992541679615719e-02 0.000000000000000000e+00 -2.738132600000000139e+01 1.942800000000000082e-02 1.106499287999999979e+03 2.999999999999999889e-02
0.000000000000000000e+00 4.000000000000000000e+03 -3.850000000000000000e+04 -6.053842817114553299e+00 7.151863918837934875e-02 -3.169659582081247318e-01 1.150786773583618340e-02 -1.102808904068468721e+01 1.128319905066432240e-02 1.000000000000000000e+00 -2.294219500000000167e+01 1.305800000000000016e-02 1.116847880000000032e+03 3.500000000000000333e-02
0.000000000000000000e+00 4.000000000000000000e+03 -3.850000000000000000e+04 -6.063405472695235332e+00 5.761128775721508638e-02 -3.190468781308725688e-01 9.493261258243585604e-03 -1.566435785784548074e+01 7.401203593881890141e-03 0.000000000000000000e+00 -2.738225999999999871e+01 7.667000000000000204e-03 1.127195472000000109e+03 3.500000000000000333e-02
0.000000000000000000e+00 4.000000000000000000e+03 -4.200000000000000000e+04 -6.066593872490723349e+00 7.340136099249464086e-02 -1.858122164563877632e-01 1.191792132232100641e-02 -1.214305891562540296e+01 6.872129859399668875e-03 1.000000000000000000e+00 -2.420934499999999900e+01 1.466300000000000069e-02 1.141440286000000015e+03 2.500000000000000139e-02
0.000000000000000000e+00 4.000000000000000000e+03 -4.200000000000000000e+04 -6.041154715307839318e+00 5.218455813051792180e-02 -1.849483286878337296e-01 1.063275365270743324e-02 -1.543390696979346899e+01 7.808935297685135578e-03 0.000000000000000000e+00 -2.738950600000000080e+01 9.752000000000000252e-03 1.151784877999999935e+03 2.500000000000000139e-02
0.000000000000000000e+00 4.000000000000000000e+03 -4.200000000000000000e+04 -6.043161669498161359e+00 5.966324696541822070e-02 -1.647692670763308276e-01 1.132008957448083809e-02 -1.187836491951233775e+01 9.317017847425442673e-03 1.000000000000000000e+00 -2.397183100000000167e+01 1.280700000000000068e-02 1.162131470000000036e+03 2.699999999999999969e-02
0.000000000000000000e+00 4.000000000000000000e+03 -4.200000000000000000e+04 -6.049741923263201926e+00 5.607339016306429891e-02 -1.851831918457107207e-01 9.409164092607153959e-03 -1.543738141936547770e+01 1.025980022705884516e-02 0.000000000000000000e+00 -2.738493199999999916e+01 7.700000000000000247e-03 1.172476061999999956e+03 2.699999999999999969e-02
0.000000000000000000e+00 4.000000000000000000e+03 -4.200000000000000000e+04 -6.034390179582341140e+00 6.604204074235434097e-02 -1.939000971759295977e-01 8.814110810493779730e-03 -1.147279572284996085e+01 7.993460402450516464e-03 1.000000000000000000e+00 -2.357853000000000065e+01 1.621600000000000125e-02 1.182822652999999946e+03 2.999999999999999889e-02
0.000000000000000000e+00 4.000000000000000000e+03 -4.200000000000000000e+04 -6.064408349657771424e+00 4.583310888535976901e-02 -2.040180432415460432e-01 1.012628558719906070e-02 -1.543624463323366136e+01 8.055692838560788230e-03 0.000000000000000000e+00 -2.738395799999999980e+01 1.066499999999999913e-02 1.193166244999999890e+03 2.999999999999999889e-02
0.000000000000000000e+00 4.000000000000000000e+03 -4.200000000000000000e+04 -6.062828040743569069e+00 6.710771751263193419e-02 -2.061864475825212206e-01 1.094357996339196705e-02 -1.079715597157398577e+01 1.141803668892507964e-02 1.000000000000000000e+00 -2.292610200000000020e+01 1.469699999999999999e-02 1.203509837000000061e+03 3.500000000000000333e-02
0.000000000000000000e+00 4.000000000000000000e+03 -4.200000000000000000e+04 -6.051483735518527141e+00 5.613781295810147537e-02 -2.219682556891454661e-01 1.122493757559090907e-02 -1.543538647623304705e+01 8.988934403214991417e-03 0.000000000000000000e+00 -2.737196799999999897e+01 9.155999999999999209e-03 1.213853427999999894e+03 3.500000000000000333e-02
0.000000000000000000e+00 4.000000000000000000e+03 -4.550000000000000000e+04 -6.036650677618521144e+00 5.116264020804721369e-02 -6.941523665222834594e-02 8.020022744197226328e-03 -1.191584425235888922e+01 7.211967215986921607e-03 1.000000000000000000e+00 -2.422898999999999958e+01 8.453000000000000444e-03 1.228096242999999959e+03 2.500000000000000139e-02
0.000000000000000000e+00 4.000000000000000000e+03 -4.550000000000000000e+04 -6.005641391351198344e+00 6.018417134172238114e-02 -5.131981896263014542e-02 8.314399620279152789e-03 -1.520519882717897531e+01 7.276333476724683447e-03 0.000000000000000000e+00 -2.739433899999999866e+01 1.351699999999999950e-02 1.238441833999999972e+03 2.500000000000000139e-02
0.000000000000000000e+00 4.000000000000000000e+03 -4.550000000000000000e+04 -6.028688154163877044e+00 4.271486471654657724e-02 -4.503143514475999726e-02 8.241892672005292353e-03 -1.164534911574959786e+01 1.038844153038700167e-02 1.000000000000000000e+00 -2.397271999999999892e+01 1.336000000000000035e-02 1.248790426000000025e+03 2.699999999999999969e-02
0.000000000000000000e+00 4.000000000000000000e+03 -4.550000000000000000e+04 -6.037620130404440566e+00 4.203969141920357172e-02 -5.522867055005029058e-02 9.363523408576112511e-03 -1.520621950579253401e+01 9.432482109985073845e-03 0.000000000000000000e+00 -2.738476299999999952e+01 9.216999999999999499e-03 1.259137017999999898e+03 2.699999999999999969e-02
0.000000000000000000e+00 4.000000000000000000e+03 -4.550000000000000000e+04 -6.037184524381807194e+00 5.176516111896355132e-02 -6.368902518315440464e-02 7.824940487825338131e-03 -1.124715163503546833e+01 7.592936894886998488e-03 1.000000000000000000e+00 -2.358189700000000144e+01 8.201999999999999222e-03 1.269482610000000022e+03 2.999999999999999889e-02
0.000000000000000000e+00 4.000000000000000000e+03 -4.550000000000000000e+04 -6.030528487149098282e+00 6.498589558241588127e-02 -2.787377541215930662e-02 9.285097445719994735e-03 -1.520491009793630433e+01 8.656301275650240407e-03 0.000000000000000000e+00 -2.739045000000000130e+01 1.248800000000000084e-02 1.279829201999999896e+03 2.999999999999999889e-02
0.000000000000000000e+00 4.000000000000000000e+03 -4.550000000000000000e+04 -6.032874255465306312e+00 5.107293662175711735e-02 -5.089629088847671956e-02 8.988793056448070307e-03 -1.056655235031785089e+01 1.099660712303265203e-02 1.000000000000000000e+00 -2.291437499999999972e+01 7.165000000000000362e-03 1.290174794000000020e+03 3.500000000000000333e-02
0.000000000000000000e+00 4.000000000000000000e+03 -4.550000000000000000e+04 -6.025894005833830391e+00 5.285175880925280234e-02 -2.744613947900606185e-02 9.486380980503323485e-03 -1.520275709899364358e+01 8.575862910594667446e-03 0.000000000000000000e+00 -2.739409600000000111e+01 1.714299999999999852e-02 1.300520385000000033e+03 3.500000000000000333e-02
0.000000000000000000e+00 4.000000000000000000e+03 -4.900000000000000000e+04 -6.025693197121486655e+00 4.224813221173642774e-02 1.092795255250569864e-01 7.975857398303242210e-03 -1.168821670768654108e+01 7.187656459623747648e-03 1.000000000000000000e+00 -2.422773300000000063e+01 9.749000000000000721e-03 1.314765200000000050e+03 2.500000000000000139e-02
0.000000000000000000e+00 4.000000000000000000e+03 -4.900000000000000000e+04 -6.023909966111388847e+00 3.556871194653673379e-02 1.075575954089419695e-01 6.773309819355161771e-03 -1.497746339344755917e+01 6.168541363671137950e-03 0.000000000000000000e+00 -2.739482599999999834e+01 1.006199999999999976e-02 1.325104792000000089e+03 2.500000000000000139e-02
0.000000000000000000e+00 4.000000000000000000e+03 -4.900000000000000000e+04 -6.010094628959202545e+00 4.381809316003953264e-02 1.005602247863510296e-01 8.398939015442207640e-03 -1.141820675547752728e+01 7.097718804868176704e-03 1.000000000000000000e+00 -2.397989199999999954e+01 1.090200000000000023e-02 1.335449382999999898e+03 2.699999999999999969e-02
0.000000000000000000e+00 4.000000000000000000e+03 -4.900000000000000000e+04 -6.009310191150734504e+00 4.674781371231906402e-02 1.043193148971950368e-01 7.863045406434893483e-03 -1.497914730331020117e+01 6.079964724787219159e-03 0.000000000000000000e+00 -2.739652500000000046e+01 5.029999999999999749e-03 1.345792973999999958e+03 2.699999999999999969e-02
0.000000000000000000e+00 4.000000000000000000e+03 -4.900000000000000000e+04 -6.045083736404071040e+00 4.927136550462501291e-02 1.034200008470797932e-01 9.423887020343966678e-03 -1.101017328445328047e+01 7.769832027620780616e-03 1.000000000000000000e+00 -2.357972200000000029e+01 1.634800000000000142e-02 1.356137566999999990e+03 2.999999999999999889e-02
0.000000000000000000e+00 4.000000000000000000e+03 -4.900000000000000000e+04 -6.022475211348713664e+00 4.631164498993577128e-02 8.809832472004802684e-02 5.454056094660200346e-03 -1.497706723940260432e+01 8.626641956315198034e-03 0.000000000000000000e+00 -2.740046399999999949e+01 1.613500000000000004e-02 1.366482158000000027e+03 2.999999999999999889e-02
0.000000000000000000e+00 4.000000000000000000e+03 -4.900000000000000000e+04 -6.011426274387210889e+00 4.214116662980624262e-02 9.770390109933133060e-02 7.806675510760177107e-03 -1.033626113286729442e+01 7.841592539057484074e-03 1.000000000000000000e+00 -2.294665600000000083e+01 5.500999999999999814e-03 1.376826749999999947e+03 3.500000000000000333e-02
0.000000000000000000e+00 4.000000000000000000e+03 -4.900000000000000000e+04 -6.011375338644974420e+00 4.354796137151343421e-02 7.229100693597237393e-02 1.057186558731834300e-02 -1.497615192337301337e+01 8.956555553830257421e-03 0.000000000000000000e+00 -2.738905899999999960e+01 9.233999999999999153e-03 1.387169341000000031e+03 3.500000000000000333e-02
0.000000000000000000e+00 4.000000000000000000e+03 -5.250000000000000000e+04 -5.982724193438298421e+00 4.889734950639235134e-02 2.398959340800997098e-01 8.281427968195514272e-03 -1.146517144555426526e+01 8.985694689744411559e-03 1.000000000000000000e+00 -2.422946699999999964e+01 1.223499999999999935e-02 1.401417155999999977e+03 2.500000000000000139e-02
0.000000000000000000e+00 4.000000000000000000e+03 -5.250000000000000000e+04 -6.011564505574575890e+00 5.050302362277023227e-02 2.150308862590979975e-01 7.572166681100682764e-03 -1.475669006728705845e+01 9.451700255062049985e-03 0.000000000000000000e+00 -2.739704199999999901e+01 1.012200000000000079e-02 1.411761747999999898e+03 2.500000000000000139e-02
0.000000000000000000e+00 4.000000000000000000e+03 -5.250000000000000000e+04 -5.991953603800745043e+00 4.956513264703324428e-02 2.548995797879589076e-01 9.352605608450557245e-03 -1.120001441898541472e+01 9.744655715559092518e-03 1.000000000000000000e+00 -2.398017000000000110e+01 8.243000000000000327e-03 1.422108339999999998e+03 2.699999999999999969e-02
0.000000000000000000e+00 4.000000000000000000e+03 -5.250000000000000000e+04 -5.996725397428810389e+00 6.440798131953710814e-02 2.254603434225863068e-01 1.212821350750308003e-02 -1.475783859273877496e+01 9.840124666820871530e-03 0.000000000000000000e+00 -2.739390699999999867e+01 1.095600000000000046e-02 1.432450931000000082e+03 2.699999999999999969e-02
0.000000000000000000e+00 4.000000000000000000e+03 -5.250000000000000000e+04 -5.980978587025529869e+00 4.429453986773727175e-02 2.245439369245866013e-01 1.097215050196633651e-02 -1.079948460989233894e+01 9.569534851163531350e-03 1.000000000000000000e+00 -2.358766900000000177e+01 1.263200000000000087e-02 1.442795523000000003e+03 2.999999999999999889e-02
0.000000000000000000e+00 4.000000000000000000e+03 -5.250000000000000000e+04 -5.991351239943411677e+00 4.717650042013077361e-02 1.797056592238575889e-01 1.132354490600059015e-02 -1.476147060956097512e+01 1.183647594815235606e-02 0.000000000000000000e+00 -2.739418999999999826e+01 1.008299999999999995e-02 1.453139114000000063e+03 2.999999999999999889e-02
0.000000000000000000e+00 4.000000000000000000e+03 -5.250000000000000000e+04 -6.026518285558674748e+00 5.673557356488818232e-02 2.303849616108318565e-01 1.191671783261588798e-02 -1.011506592407120664e+01 1.085177839623423235e-02 1.000000000000000000e+00 -2.293855900000000148e+01 1.534800000000000053e-02 1.463484705999999960e+03 3.500000000000000333e-02
0.000000000000000000e+00 4.000000000000000000e+03 -5.250000000000000000e+04 -6.011816879230553745e+00 6.815765016958463818e-02 2.368807349312791466e-01 9.510407279613771608e-03 -1.476299863816647040e+01 1.084012816973996263e-02 0.000000000000000000e+00 -2.738992899999999864e+01 1.011699999999999926e-02 1.473825297999999975e+03 3.500000000000000333e-02
0.000000000000000000e+00 4.000000000000000000e+03 -5.600000000000000000e+04 -5.996583884014860644e+00 5.985266428713329617e-02 3.650996624184997263e-01 9.513771337298585623e-03 -1.125272878813046518e+01 9.276022567529372542e-03 1.000000000000000000e+00 -2.423145900000000097e+01 7.721999999999999698e-03 1.488072112999999945e+03 2.500000000000000139e-02
0.000000000000000000e+00 4.000000000000000000e+03 -5.600000000000000000e+04 -5.985350002491575339e+00 5.646772485934945657e-02 3.680311641417530200e-01 7.643820076763639670e-03 -1.454475299958784262e+01 8.052050350244593577e-03 0.000000000000000000e+00 -2.739852199999999982e+01 1.391700000000000055e-02 1.498415704000000005e+03 2.500000000000000139e-02
0.000000000000000000e+00 4.000000000000000000e+03 -5.600000000000000000e+04 -5.989203729266891152e+00 5.925633971795087052e-02 3.575436978114164832e-01 1.052367987974504523e-02 -1.098449558548069760e+01 1.059286963100405411e-02 1.000000000000000000e+00 -2.397976299999999839e+01 9.612000000000000752e-03 1.508760295999999926e+03 2.699999999999999969e-02
0.000000000000000000e+00 4.000000000000000000e+03 -5.600000000000000000e+04 -5.995052149420117438e+00 4.688762659943739031e-02 3.908366988377800499e-01 1.106723468845969074e-02 -1.454436179477541735e+01 8.425694643309019835e-03 0.000000000000000000e+00 -2.740870400000000018e+01 1.574700000000000058e-02 1.519104886999999962e+03 2.699999999999999969e-02
0.000000000000000000e+00 4.000000000000000000e+03 -5.600000000000000000e+04 -5.993422063290632096e+00 7.608238248898621658e-02 3.998663068911508800e-01 1.177092053128528902e-02 -1.057806075987670269e+01 9.468640221582299774e-03 1.000000000000000000e+00 -2.359275999999999840e+01 1.195300000000000008e-02 1.529445478999999978e+03 2.999999999999999889e-02
0.000000000000000000e+00 4.000000000000000000e+03 -5.600000000000000000e+04 -5.981539741425350165e+00 5.518694565302094401e-02 3.771337189482010244e-01 9.021072540853436461e-03 -1.455519330765814345e+01 1.111770613495308146e-02 0.000000000000000000e+00 -2.739732499999999860e+01 7.088999999999999815e-03 1.539788070999999945e+03 2.999999999999999889e-02
0.000000000000000000e+00 4.000000000000000000e+03 -5.600000000000000000e+04 -6.009069702045750638e+00 5.365444871145770567e-02 3.558335525815475853e-01 1.052829436080834902e-02 -9.904733726272452188e+00 1.102067662721877006e-02 1.000000000000000000e+00 -2.294636300000000162e+01 1.141600000000000080e-02 1.550133661999999958e+03 3.500000000000000333e-02
0.000000000000000000e+00 4.000000000000000000e+03 -5.600000000000000000e+04 -6.005090033970873264e+00 4.413420924004027995e-02 3.747148972736728534e-01 9.596522782217170935e-03 -1.454428483976723108e+01 1.049747165972505364e-02 0.000000000000000000e+00 -2.740045399999999987e+01 9.912000000000000671e-03 1.560479254000000083e+03 3.500000000000000333e-02
0.000000000000000000e+00 4.000000000000000000e+03 -5.950000000000000000e+04 -6.018980664587598284e+00 5.265998270038611817e-02 4.985783102448362869e-01 9.808617514980813579e-03 -1.104010615330428102e+01 8.929820683521355607e-03 1.000000000000000000e+00 -2.424594799999999850e+01 7.640000000000000090e-03 1.574722068999999919e+03 2.500000000000000139e-02
0.000000000000000000e+00 4.000000000000000000e+03 -5.950000000000000000e+04 -6.013678462574701733e+00 4.459175179280736728e-02 4.998673015519952134e-01 9.202247875130948815e-03 -1.433791257599258451e+01 9.837519204215527599e-03 0.000000000000000000e+00 -2.742758399999999952e+01 6.052000000000000088e-03 1.585063660000000027e+03 2.500000000000000139e-02
0.000000000000000000e+00 4.000000000000000000e+03 -5.950000000000000000e+04 -6.007898556232315279e+00 4.425419815302349125e-02 4.947103337763621989e-01 9.852306968976116269e-03 -1.077147883902213010e+01 9.364543193450281314e-03 1.000000000000000000e+00 -2.400071900000000014e+01 1.324900000000000036e-02 1.595408251999999948e+03 2.699999999999999969e-02
0.000000000000000000e+00 4.000000000000000000e+03 -5.950000000000000000e+04 -6.005032713211477358e+00 5.111498293957750932e-02 5.021330151353187166e-01 9.310564542163337134e-03 -1.433306355104867791e+01 6.390103050257628196e-03 0.000000000000000000e+00 -2.739388200000000140e+01 1.311900000000000045e-02 1.605753844000000072e+03 2.699999999999999969e-02
0.000000000000000000e+00 4.000000000000000000e+03 -5.950000000000000000e+04 -6.009993061808713399e+00 4.909814190805050771e-02 4.806469763524241490e-01 1.156780895512322764e-02 -1.036996686667341194e+01 1.021061712898421563e-02 1.000000000000000000e+00 -2.358857799999999827e+01 1.135000000000000071e-02 1.616098435000000109e+03 2.999999999999999889e-02
0.000000000000000000e+00 4.000000000000000000e+03 -5.950000000000000000e+04 -6.007108938215266036e+00 4.763859787705936044e-02 4.717203936025191058e-01 9.533726874091675088e-03 -1.433244720760843194e+01 8.814676522598936803e-03 0.000000000000000000e+00 -2.740640399999999843e+01 8.989999999999999727e-03 1.626445026999999982e+03 2.999999999999999889e-02
0.000000000000000000e+00 4.000000000000000000e+03 -5.950000000000000000e+04 -6.014231976525417522e+00 4.839855478885888435e-02 4.748063145481959957e-01 7.589629443114791034e-03 -9.693926696346446548e+00 1.053756557588281760e-02 1.000000000000000000e+00 -2.295583999999999847e+01 1.077900000000000039e-02 1.636789618999999902e+03 3.500000000000000333e-02
0.000000000000000000e+00 4.000000000000000000e+03 -5.950000000000000000e+04 -6.005757132755149996e+00 5.535869393063023308e-02 4.848538951358688509e-01 1.224718908731737763e-02 -1.433703341066450143e+01 9.843826225319938020e-03 0.000000000000000000e+00 -2.740726899999999944e+01 1.064000000000000015e-02 1.647136209999999892e+03 3.500000000000000333e-02
0.000000000000000000e+00 4.000000000000000000e+03 -6.300000000000000000e+04 -6.016926522435297464e+00 3.814393980513122034e-02 6.529557687508423802e-01 7.214623463804204981e-03 -1.083190733482481605e+01 6.054639247556540052e-03 1.000000000000000000e+00 -2.425565800000000038e+01 9.272000000000000727e-03 1.661380024999999932e+03 2.500000000000000139e-02
0.000000000000000000e+00 4.000000000000000000e+03 -6.300000000000000000e+04 -6.024396450808041870e+00 4.536038189669405057e-02 6.536608660348518507e-01 9.874159000481884038e-03 -1.412060704486903440e+01 8.079675068916660277e-03 0.000000000000000000e+00 -2.741157000000000110e+01 6.997999999999999880e-03 1.671726617000000033e+03 2.500000000000000139e-02
0.000000000000000000e+00 4.000000000000000000e+03 -6.300000000000000000e+04 -6.014044316472398677e+00 5.330310543734144424e-02 6.470578703384910479e-01 8.099678343578527520e-03 -1.056199862651383192e+01 7.886955906192580357e-03 1.000000000000000000e+00 -2.401147800000000032e+01 6.974000000000000164e-03 1.682072208999999930e+03 2.699999999999999969e-02
0.000000000000000000e+00 4.000000000000000000e+03 -6.300000000000000000e+04 -6.013940841505333701e+00 4.120849739890002777e-02 6.504614688258157917e-01 6.346217787888795356e-03 -1.412132823042623997e+01 8.474514022263082702e-03 0.000000000000000000e+00 -2.741896099999999947e+01 1.130100000000000028e-02 1.692412800000000061e+03 2.699999999999999969e-02
0.000000000000000000e+00 4.000000000000000000e+03 -6.300000000000000000e+04 -6.007625086203766784e+00 3.745327604966825624e-02 6.383442501214455778e-01 6.544408609733791057e-03 -1.016133571940303781e+01 8.693407565286925126e-03 1.000000000000000000e+00 -2.360463599999999929e+01 9.669000000000000511e-03 1.702757391999999982e+03 2.999999999999999889e-02
0.000000000000000000e+00 4.000000000000000000e+03 -6.300000000000000000e+04 -6.019065760247529262e+00 3.349029336085578706e-02 6.352303153482397047e-01 6.947944772469447083e-03 -1.412205709298419976e+01 7.666373526155179953e-03 0.000000000000000000e+00 -2.740501400000000132e+01 1.231600000000000056e-02 1.713102982999999995e+03 2.999999999999999889e-02
0.000000000000000000e+00 4.000000000000000000e+03 -6.300000000000000000e+04 -6.006529035650545190e+00 5.762917425862950499e-02 6.329032926600303144e-01 9.050330783237825819e-03 -9.476447202789502811e+00 7.512183769217316981e-03 1.000000000000000000e+00 -2.294920899999999975e+01 1.409000000000000009e-02 1.723447576000000026e+03 3.500000000000000333e-02
0.000000000000000000e+00 4.000000000000000000e+03 -6.300000000000000000e+04 -6.010721353450417581e+00 4.466824495994366206e-02 6.358970735659476015e-01 7.508584410701714396e-03 -1.412519431893771937e+01 6.549811474068139780e-03 0.000000000000000000e+00 -2.740983699999999956e+01 1.148899999999999921e-02 1.733791167000000087e+03 3.500000000000000333e-02
0.000000000000000000e+00 4.000000000000000000e+03 -6.650000000000000000e+04 -6.001989982392043288e+00 7.014724641368724756e-02 7.776258680430311321e-01 9.686461835596245351e-03 -1.063412276346746488e+01 9.016457324524822237e-03 1.000000000000000000e+00 -2.424819300000000055e+01 7.401999999999999726e-03 1.748034981999999900e+03 2.500000000000000139e-02
0.000000000000000000e+00 4.000000000000000000e+03 -6.650000000000000000e+04 -6.027324615402257280e+00 6.071160896572491000e-02 7.824780902800276827e-01 1.180603251681316967e-02 -1.392728633023431861e+01 9.802000153277925024e-03 0.000000000000000000e+00 -2.740810799999999858e+01 1.305800000000000016e-02 1.758381574000000001e+03 2.500000000000000139e-02
0.000000000000000000e+00 4.000000000000000000e+03 -6.650000000000000000e+04 -6.010297818429965133e+00 6.841589901007485985e-02 7.688614064388563651e-01 1.152019395929322794e-02 -1.036277822491333112e+01 1.020422048877329610e-02 1.000000000000000000e+00 -2.399874200000000002e+01 9.482000000000000844e-03 1.768728164999999990e+03 2.699999999999999969e-02
0.000000000000000000e+00 4.000000000000000000e+03 -6.650000000000000000e+04 -6.026296189279547910e+00 4.459160283391848389e-02 7.695279804886961950e-01 1.177344864878144583e-02 -1.392534434617089900e+01 7.504716158295379226e-03 0.000000000000000000e+00 -2.740407499999999885e+01 1.000400000000000074e-02 1.779071756999999934e+03 2.699999999999999969e-02
0.000000000000000000e+00 4.000000000000000000e+03 -6.650000000000000000e+04 -6.029149778081191791e+00 6.027539803057088696e-02 7.382009312598023509e-01 9.685547075712118079e-03 -9.955336493619022065e+00 1.158181316117715305e-02 1.000000000000000000e+00 -2.360394099999999895e+01 1.294999999999999971e-02 1.789416347999999971e+03 2.999999999999999889e-02
0.000000000000000000e+00 4.000000000000000000e+03 -6.650000000000000000e+04 -6.039777308736808514e+00 5.291548235524985710e-02 7.596334178948611626e-01 1.215110463692919626e-02 -1.392504901033541209e+01 9.979741540422689544e-03 0.000000000000000000e+00 -2.741536500000000132e+01 1.157099999999999969e-02 1.799760939999999891e+03 2.999999999999999889e-02
0.000000000000000000e+00 4.000000000000000000e+03 -6.650000000000000000e+04 -6.018521835608257042e+00 4.593736319505939414e-02 7.458695422973136147e-01 1.113170888903678574e-02 -9.283718307981121853e+00 1.113048376733654157e-02 1.000000000000000000e+00 -2.296129399999999876e+01 1.646200000000000094e-02 1.810105532000000039e+03 3.500000000000000333e-02
0.000000000000000000e+00 4.000000000000000000e+03 -6.650000000000000000e+04 -6.034712680586710398e+00 4.918663315309435707e-02 7.543991415447829363e-01 1.014452609354263984e-02 -1.392360334723764836e+01 1.082457432882938213e-02 0.000000000000000000e+00 -2.740695600000000098e+01 1.132099999999999947e-02 1.820452123999999912e+03 3.500000000000000333e-02
0.000000000000000000e+00 4.000000000000000000e+03 -7.000000000000000000e+04 -6.015006969215660249e+00 5.454067431433796270e-02 8.068232691246626231e-01 1.007734900839342071e-02 -1.044015733037663374e+01 8.435939028961031427e-03 1.000000000000000000e+00 -2.425341299999999833e+01 1.233399999999999948e-02 1.834695938999999953e+03 2.500000000000000139e-02
0.000000000000000000e+00 4.000000000000000000e+03 -7.000000000000000000e+04 -6.032167888878523954e+00 6.160937235090125502e-02 8.354145540935133951e-01 1.328081956684983196e-02 -1.373911363757686210e+01 9.103122769730321098e-03 0.000000000000000000e+00 -2.743563599999999880e+01 8.805999999999999592e-03 1.845045530000000099e+03 2.500000000000000139e-02
0.000000000000000000e+00 4.000000000000000000e+03 -7.000000000000000000e+04 -6.053088034715448984e+00 4.662953299473525381e-02 8.779598875348701981e-01 1.017275603279116369e-02 -1.017359769536870573e+01 9.195619467453394064e-03 1.000000000000000000e+00 -2.400923799999999986e+01 9.346000000000000141e-03 1.855390122000000019e+03 2.699999999999999969e-02
0.000000000000000000e+00 4.000000000000000000e+03 -7.000000000000000000e+04 -6.064512153770249547e+00 6.892134470152359860e-02 8.551801084764418803e-01 1.071006961647745157e-02 -1.373205523141474593e+01 7.708661579286766458e-03 0.000000000000000000e+00 -2.744549500000000108e+01 6.447999999999999739e-03 1.865735713999999916e+03 2.699999999999999969e-02
0.000000000000000000e+00 4.000000000000000000e+03 -7.000000000000000000e+04 -6.046347324911647725e+00 6.429432110475021001e-02 8.763467869671466293e-01 8.907398532019964940e-03 -9.761743531598446211e+00 9.732122434034517697e-03 1.000000000000000000e+00 -2.360976199999999992e+01 1.684000000000000080e-02 1.876082304999999906e+03 2.999999999999999889e-02
0.000000000000000000e+00 4.000000000000000000e+03 -7.000000000000000000e+04 -6.033659302861374307e+00 5.766854862003095022e-02 8.415482929841910931e-01 1.071568419514005825e-02 -1.373014893364685385e+01 7.795146970336886555e-03 0.000000000000000000e+00 -2.741090000000000160e+01 8.574999999999999289e-03 1.886425897000000077e+03 2.999999999999999889e-02
0.000000000000000000e+00 4.000000000000000000e+03 -7.000000000000000000e+04 -6.041508458880645804e+00 5.113058376229769053e-02 8.893720564520204430e-01 1.144621016686282917e-02 -9.092209101759037182e+00 7.119994869567471997e-03 1.000000000000000000e+00 -2.295825900000000175e+01 1.487899999999999986e-02 1.896771488999999974e+03 3.500000000000000333e-02
0.000000000000000000e+00 4.000000000000000000e+03 -7.000000000000000000e+04 -6.026416549073452700e+00 5.837612600993870998e-02 8.520423497235092292e-01 1.108130922061555633e-02 -1.373271966033779634e+01 7.007316892281783595e-03 0.000000000000000000e+00 -2.741360699999999895e+01 1.138499999999999929e-02 1.907114080000000058e+03 3.500000000000000333e-02
0.000000000000000000e+00 4.000000000000000000e+03 -7.000000000000000000e+04 -6.048011956286634572e+00 5.221137684437542059e-02 8.893269172221062169e-01 1.323082616423985371e-02 -1.044750297153708019e+01 8.569858810172126945e-03 1.000000000000000000e+00 -2.426156399999999991e+01 1.114399999999999939e-02 1.917458671999999979e+03 2.500000000000000139e-02
0.000000000000000000e+00 4.000000000000000000e+03 -7.000000000000000000e+04 -6.057185537700959799e+00 4.272772019360803614e-02 8.341810133211053913e-01 1.344465673113438148e-02 -1.373187760644369781e+01 1.160240170993502053e-02 0.000000000000000000e+00 -2.742789199999999994e+01 1.608599999999999960e-02 1.927800263999999970e+03 2.500000000000000139e-02
0.000000000000000000e+00 4.000000000000000000e+03 -7.000000000000000000e+04 -6.031842541000351332e+00 7.047193962418529800e-02 8.743439968170871879e-01 9.298246478663447015e-03 -1.017186275297230402e+01 1.086520478533210994e-02 1.000000000000000000e+00 -2.396957599999999999e+01 9.105999999999999511e-03 1.938144855000000007e+03 2.699999999999999969e-02
0.000000000000000000e+00 4.000000000000000000e+03 -7.000000000000000000e+04 -6.048866299394591195e+00 5.478921880322939336e-02 8.669865468015791610e-01 8.959280428003160712e-03 -1.373048811082896137e+01 9.191859612954012340e-03 0.000000000000000000e+00 -2.740874900000000025e+01 6.369999999999999794e-03 1.948489446999999927e+03 2.699999999999999969e-02
0.000000000000000000e+00 4.000000000000000000e+03 -7.000000000000000000e+04 -6.034487911461173582e+00 4.484472164990298965e-02 8.949609937469606979e-01 9.720234144158481498e-03 -9.765280195078192449e+00 1.172942685409041931e-02 1.000000000000000000e+00 -2.358351199999999892e+01 1.229200000000000084e-02 1.958833039000000099e+03 2.999999999999999889e-02
0.000000000000000000e+00 4.000000000000000000e+03 -7.000000000000000000e+04 -6.065012339685893927e+00 6.024793432544752608e-02 8.256924411716293211e-01 1.494578724341390219e-02 -1.372132882558751810e+01 1.052392427714910969e-02 0.000000000000000000e+00 -2.742629200000000012e+01 1.739800000000000027e-02 1.969177629999999908e+03 2.999999999999999889e-02
0.000000000000000000e+00 4.000000000000000000e+03 -7.000000000000000000e+04 -6.024743566387382288e+00 8.155488761780725626e-02 8.832552533607085365e-01 8.787137125368505927e-03 -9.090301289495883452e+00 8.822019881342265182e-03 1.000000000000000000e+00 -2.294203100000000006e+01 1.014199999999999997e-02 1.979524222000000009e+03 3.500000000000000333e-02
0.000000000000000000e+00 4.000000000000000000e+03 -7.000000000000000000e+04 -6.033473639875349015e+00 6.670089929884642777e-02 8.404324183573473883e-01 1.044267888921522613e-02 -1.373123240679962898e+01 1.046612389291699807e-02 0.000000000000000000e+00 -2.740499900000000011e+01 1.026200000000000029e-02 1.989867813999999953e+03 3.500000000000000333e-02
0.000000000000000000e+00 4.000000000000000000e+03 -6.650000000000000000e+04 -6.008706323236484792e+00 5.310297410786832262e-02 8.105927036612574632e-01 1.094852908382350741e-02 -1.060100282633011126e+01 1.061069280488968064e-02 1.000000000000000000e+00 -2.425253400000000070e+01 7.774999999999999793e-03 2.004113628000000062e+03 2.500000000000000139e-02
0.000000000000000000e+00 4.000000000000000000e+03 -6.650000000000000000e+04 -6.018189583680937815e+00 5.516191872658791906e-02 7.874887389588212105e-01 8.836161358664773591e-03 -1.390075534100910915e+01 8.039007080787306456e-03 0.000000000000000000e+00 -2.742038200000000003e+01 1.481400000000000078e-02 2.014457220000000007e+03 2.500000000000000139e-02
0.000000000000000000e+00 4.000000000000000000e+03 -6.650000000000000000e+04 -6.041666567032349278e+00 6.757470228040352023e-02 7.765734020007576399e-01 1.228640485620523769e-02 -1.033645799978941149e+01 9.856238299891332058e-03 1.000000000000000000e+00 -2.401576899999999881e+01 1.519299999999999991e-02 2.024802811999999903e+03 2.699999999999999969e-02
0.000000000000000000e+00 4.000000000000000000e+03 -6.650000000000000000e+04 -6.022251104298649516e+00 5.242545237507799383e-02 7.889196244843376116e-01 6.643890389932786966e-03 -1.389755825938913603e+01 7.087030672643414297e-03 0.000000000000000000e+00 -2.740547600000000017e+01 1.088000000000000078e-02 2.035150403000000097e+03 2.699999999999999969e-02
0.000000000000000000e+00 4.000000000000000000e+03 -6.650000000000000000e+04 -6.024779531281564182e+00 6.927505131636585434e-02 7.956719498397886170e-01 1.053211675145350815e-02 -9.932558702960372798e+00 1.018025151205164888e-02 1.000000000000000000e+00 -2.360869900000000143e+01 7.106999999999999602e-03 2.045495996000000105e+03 2.999999999999999889e-02
0.000000000000000000e+00 4.000000000000000000e+03 -6.650000000000000000e+04 -6.035288605655519056e+00 7.707819193637296951e-02 8.072779261191529443e-01 9.340510367464789285e-03 -1.389470939269258132e+01 1.127439204103414423e-02 0.000000000000000000e+00 -2.740581299999999842e+01 1.175700000000000009e-02 2.055843586999999843e+03 2.999999999999999889e-02
0.000000000000000000e+00 4.000000000000000000e+03 -6.650000000000000000e+04 -6.025380060166223295e+00 4.691603995987922437e-02 7.593636573596005412e-01 1.475520354872141698e-02 -9.248122561246455930e+00 1.057855201427943329e-02 1.000000000000000000e+00 -2.295690799999999854e+01 2.091200000000000003e-02 2.066190179000000171e+03 3.500000000000000333e-02
0.000000000000000000e+00 4.000000000000000000e+03 -6.650000000000000000e+04 -6.048671118902063881e+00 5.265276856499716968e-02 7.839117333707258384e-01 1.512915624783942557e-02 -1.389647687696391287e+01 1.135964540244575015e-02 0.000000000000000000e+00 -2.741412800000000161e+01 1.570699999999999874e-02 2.076535770999999841e+03 3.500000000000000333e-02
0.000000000000000000e+00 4.000000000000000000e+03 -6.300000000000000000e+04 -5.995157547358925143e+00 5.788284558490831150e-02 6.612189710115924379e-01 8.375251320608304018e-03 -1.082000689119769810e+01 5.658601091286558256e-03 1.000000000000000000e+00 -2.426678899999999928e+01 8.109999999999999154e-03 2.090782585999999810e+03 2.500000000000000139e-02
0.000000000000000000e+00 4.000000000000000000e+03 -6.300000000000000000e+04 -6.012891079845255504e+00 3.269116290673267089e-02 6.576073949580025779e-01 7.822472107487005860e-03 -1.410593556824030337e+01 7.326377272093873710e-03 0.000000000000000000e+00 -2.742665500000000023e+01 9.915000000000000202e-03 2.101132177999999840e+03 2.500000000000000139e-02
0.000000000000000000e+00 4.000000000000000000e+03 -6.300000000000000000e+04 -5.988837653649209614e+00 5.149674388288680293e-02 6.521171718221424607e-01 9.467056563384318099e-03 -1.055031403414543689e+01 6.467106422971730800e-03 1.000000000000000000e+00 -2.401157200000000103e+01 8.871000000000000413e-03 2.111476768999999877e+03 2.699999999999999969e-02
0.000000000000000000e+00 4.000000000000000000e+03 -6.300000000000000000e+04 -5.993133215612009401e+00 4.577788878248874316e-02 6.807978580946850711e-01 9.242858338485730393e-03 -1.410857826808076254e+01 1.043151256303595856e-02 0.000000000000000000e+00 -2.742237799999999837e+01 1.183799999999999956e-02 2.121822361000000001e+03 2.699999999999999969e-02
0.000000000000000000e+00 4.000000000000000000e+03 -6.300000000000000000e+04 -6.012720196427183694e+00 4.405459328783963707e-02 6.742811474254984949e-01 7.075274354910463318e-03 -1.014423420774561180e+01 8.972556382981465573e-03 1.000000000000000000e+00 -2.361902600000000163e+01 1.014499999999999950e-02 2.132168952999999874e+03 2.999999999999999889e-02
0.000000000000000000e+00 4.000000000000000000e+03 -6.300000000000000000e+04 -6.009970186369498535e+00 4.466336246760158751e-02 6.755425752865259481e-01 7.970945365226078660e-03 -1.410601464343628919e+01 7.582693919196419226e-03 0.000000000000000000e+00 -2.742800099999999830e+01 1.133100000000000079e-02 2.142510544000000209e+03 2.999999999999999889e-02
0.000000000000000000e+00 4.000000000000000000e+03 -6.300000000000000000e+04 -5.995557149002326724e+00 5.119093717755769657e-02 6.393266745562908859e-01 9.343426309519894252e-03 -9.469311997509104017e+00 8.181850199185488476e-03 1.000000000000000000e+00 -2.296704099999999826e+01 7.252999999999999899e-03 2.152855136000000130e+03 3.500000000000000333e-02
0.000000000000000000e+00 4.000000000000000000e+03 -6.300000000000000000e+04 -6.008314519180861346e+00 3.637418483939621611e-02 6.692159704654208063e-01 7.007560032137220320e-03 -1.410313302989557194e+01 7.342467477996148829e-03 0.000000000000000000e+00 -2.742146500000000131e+01 8.819000000000000450e-03 2.163198727999999846e+03 3.500000000000000333e-02
0.000000000000000000e+00 4.000000000000000000e+03 -5.950000000000000000e+04 -5.961994542137138531e+00 5.951643119430571893e-02 5.260383519140657826e-01 7.088792057680076003e-03 -1.103451770758248607e+01 9.183014595242957115e-03 1.000000000000000000e+00 -2.427082300000000004e+01 8.715000000000000524e-03 2.177443541999999979e+03 2.500000000000000139e-02
0.000000000000000000e+00 4.000000000000000000e+03 -5.950000000000000000e+04 -5.998028863114176268e+00 4.395231365991623951e-02 4.905786463178085643e-01 9.493971552915904388e-03 -1.432075788783845205e+01 1.113543502036466910e-02 0.000000000000000000e+00 -2.742360499999999845e+01 8.446000000000000382e-03 2.187786133999999947e+03 2.500000000000000139e-02
0.000000000000000000e+00 4.000000000000000000e+03 -5.950000000000000000e+04 -5.992868566817622700e+00 6.607153582996921903e-02 4.885112092451571741e-01 1.123074510066084629e-02 -1.076647612393521847e+01 6.406852000247342284e-03 1.000000000000000000e+00 -2.401651899999999884e+01 1.310799999999999986e-02 2.198128725999999915e+03 2.699999999999999969e-02
0.000000000000000000e+00 4.000000000000000000e+03 -5.950000000000000000e+04 -5.973485309059388904e+00 4.439510432143430052e-02 5.336998054930043311e-01 9.870943254304147263e-03 -1.432698837897055455e+01 1.307936365268861159e-02 0.000000000000000000e+00 -2.743005799999999894e+01 9.896999999999999548e-03 2.208474317000000156e+03 2.699999999999999969e-02
0.000000000000000000e+00 4.000000000000000000e+03 -5.950000000000000000e+04 -5.971026050893426529e+00 4.745366625921942222e-02 5.106247806663092303e-01 9.286148245367623066e-03 -1.035846984584858888e+01 1.008457541613307258e-02 1.000000000000000000e+00 -2.361415799999999976e+01 8.887000000000000802e-03 2.218817908999999872e+03 2.999999999999999889e-02
0.000000000000000000e+00 4.000000000000000000e+03 -5.950000000000000000e+04 -5.984890382171284884e+00 5.686249499990538026e-02 4.971005694219855497e-01 7.918938567613283130e-03 -1.432098557959608520e+01 1.013383088215422285e-02 0.000000000000000000e+00 -2.742070000000000007e+01 6.726000000000000208e-03 2.229164501000000200e+03 2.999999999999999889e-02
0.000000000000000000e+00 4.000000000000000000e+03 -5.950000000000000000e+04 -5.987197467449110633e+00 3.736008960319500694e-02 5.156578596189517194e-01 1.163076389213881130e-02 -9.683724056769593247e+00 8.344443907568723298e-03 1.000000000000000000e+00 -2.298393300000000039e+01 1.452200000000000019e-02 2.239508092000000033e+03 3.500000000000000333e-02
0.000000000000000000e+00 4.000000000000000000e+03 -5.950000000000000000e+04 -6.007098511125012585e+00 3.551021853889360647e-02 5.352205691548912458e-01 8.298073579249961793e-03 -1.432135131548144713e+01 1.141025969000576852e-02 0.000000000000000000e+00 -2.741961200000000076e+01 1.098400000000000071e-02 2.249851684000000205e+03 3.500000000000000333e-02
0.000000000000000000e+00 4.000000000000000000e+03 -5.600000000000000000e+04 -5.995078748957324066e+00 7.016764114446706613e-02 3.864844097562163405e-01 1.159731351712611769e-02 -1.124704724733939720e+01 9.707355531079491992e-03 1.000000000000000000e+00 -2.426832399999999978e+01 1.063399999999999936e-02 2.264097498999999971e+03 2.500000000000000139e-02
0.000000000000000000e+00 4.000000000000000000e+03 -5.600000000000000000e+04 -5.993785032101828669e+00 5.342068823779717174e-02 3.881028578486349634e-01 1.078079339941920463e-02 -1.453609169730635564e+01 7.151077602649693644e-03 0.000000000000000000e+00 -2.741235500000000158e+01 9.230999999999999622e-03 2.274445091000000048e+03 2.500000000000000139e-02
0.000000000000000000e+00 4.000000000000000000e+03 -5.600000000000000000e+04 -5.979732443908683415e+00 5.663030423298368032e-02 3.914990006083706731e-01 1.068144189023613119e-02 -1.097054461932667913e+01 1.140672887488865597e-02 1.000000000000000000e+00 -2.399913000000000096e+01 9.804999999999999480e-03 2.284786681999999928e+03 2.699999999999999969e-02
0.000000000000000000e+00 4.000000000000000000e+03 -5.600000000000000000e+04 -5.997796405622541016e+00 4.928289394086372149e-02 4.462382154051103833e-01 1.122972320313797914e-02 -1.453653628054724933e+01 1.065659089927366299e-02 0.000000000000000000e+00 -2.743706600000000151e+01 8.671999999999999154e-03 2.295131273999999848e+03 2.699999999999999969e-02
0.000000000000000000e+00 4.000000000000000000e+03 -5.600000000000000000e+04 -6.004023823086194867e+00 6.722790934160241538e-02 3.896694646943777984e-01 1.210676532801059982e-02 -1.057372966215772969e+01 8.780384778001935897e-03 1.000000000000000000e+00 -2.363471200000000039e+01 6.682999999999999705e-03 2.305473865999999816e+03 2.999999999999999889e-02
0.000000000000000000e+00 4.000000000000000000e+03 -5.600000000000000000e+04 -6.005203684117719654e+00 6.551058365617551393e-02 3.912567661303986699e-01 1.361561105384760835e-02 -1.453272134084298628e+01 7.507557968978585509e-03 0.000000000000000000e+00 -2.742380899999999855e+01 1.310099999999999980e-02 2.315816456999999900e+03 2.999999999999999889e-02
0.000000000000000000e+00 4.000000000000000000e+03 -5.600000000000000000e+04 -5.989444238465398307e+00 6.133620338112556747e-02 3.898982822357261457e-01 1.199784500562386079e-02 -9.893333214273248188e+00 1.086091354399934192e-02 1.000000000000000000e+00 -2.296426400000000001e+01 1.385100000000000046e-02 2.326159048999999868e+03 3.500000000000000333e-02
0.000000000000000000e+00 4.000000000000000000e+03 -5.600000000000000000e+04 -5.984505319474122231e+00 6.031089606820973226e-02 3.801204627296770333e-01 1.178057838462304510e-02 -1.453580386799578328e+01 9.124066109655120174e-03 0.000000000000000000e+00 -2.742881600000000120e+01 9.811000000000000276e-03 2.336501639999999952e+03 3.500000000000000333e-02
0.000000000000000000e+00 4.000000000000000000e+03 -5.250000000000000000e+04 -6.041616305207762494e+00 5.868901217947333077e-02 2.400457242408808867e-01 1.149919497775767942e-02 -1.146604205352615757e+01 9.984913482907250420e-03 1.000000000000000000e+00 -2.426466299999999876e+01 7.566999999999999942e-03 2.350744455000000016e+03 2.500000000000000139e-02
0.000000000000000000e+00 4.000000000000000000e+03 -5.250000000000000000e+04 -6.011760423441682377e+00 6.973349338009471321e-02 2.514532334448036921e-01 1.369125617715488685e-02 -1.475858016005548734e+01 1.023527363091998425e-02 0.000000000000000000e+00 -2.743466700000000102e+01 1.747800000000000048e-02 2.361090045999999802e+03 2.500000000000000139e-02
0.000000000000000000e+00 4.000000000000000000e+03 -5.250000000000000000e+04 -6.019725007992517973e+00 4.776795170657791023e-02 2.684888186911045249e-01 1.100353104833174181e-02 -1.120197696943072252e+01 1.162849836507018515e-02 1.000000000000000000e+00 -2.401593799999999845e+01 9.242000000000000215e-03 2.371434638000000177e+03 2.699999999999999969e-02
0.000000000000000000e+00 4.000000000000000000e+03 -5.250000000000000000e+04 -6.000318050055957642e+00 6.461373849354526411e-02 2.554877408311638232e-01 1.177261600067927225e-02 -1.475862744061257814e+01 1.088601319989542827e-02 0.000000000000000000e+00 -2.742319799999999930e+01 1.239499999999999977e-02 2.381782229999999799e+03 2.699999999999999969e-02
0.000000000000000000e+00 4.000000000000000000e+03 -5.250000000000000000e+04 -6.015542212308898407e+00 5.176298873777791104e-02 2.466023795169653421e-01 1.396615380782622630e-02 -1.079068584482730309e+01 9.690740619210594028e-03 1.000000000000000000e+00 -2.361693500000000157e+01 1.099800000000000083e-02 2.392127821999999924e+03 2.999999999999999889e-02
0.000000000000000000e+00 4.000000000000000000e+03 -5.250000000000000000e+04 -5.996134765883421203e+00 5.003341819056675993e-02 2.564438479958917050e-01 1.147586528164527137e-02 -1.475426541715765083e+01 1.393744163056450172e-02 0.000000000000000000e+00 -2.742087300000000027e+01 7.558999999999999747e-03 2.402467412999999851e+03 2.999999999999999889e-02
0.000000000000000000e+00 4.000000000000000000e+03 -5.250000000000000000e+04 -6.014792319791029129e+00 5.519573564938479865e-02 2.597840320319007024e-01 1.489153468501944362e-02 -1.011528558333698768e+01 1.274362126116806646e-02 1.000000000000000000e+00 -2.297004599999999996e+01 1.969800000000000023e-02 2.412812005000000227e+03 3.500000000000000333e-02
0.000000000000000000e+00 4.000000000000000000e+03 -5.250000000000000000e+04 -6.044930189900005857e+00 5.071373440582006842e-02 2.729406434452897878e-01 1.382808435429433436e-02 -1.475132568911879716e+01 1.019267063661244248e-02 0.000000000000000000e+00 -2.741843000000000075e+01 1.176800000000000068e-02 2.423160597000000053e+03 3.500000000000000333e-02
0.000000000000000000e+00 4.000000000000000000e+03 -4.900000000000000000e+04 -6.015094460453044967e+00 4.743330417343880751e-02 1.255621893751474594e-01 1.132701837747833278e-02 -1.168644866696925178e+01 7.202844914775097598e-03 1.000000000000000000e+00 -2.426988899999999916e+01 8.885000000000000536e-03 2.437407412000000022e+03 2.500000000000000139e-02
0.000000000000000000e+00 4.000000000000000000e+03 -4.900000000000000000e+04 -6.016012173399857943e+00 4.339228004835612301e-02 1.177175021446721509e-01 7.925826653755393969e-03 -1.497581123655217894e+01 6.632756294305984165e-03 0.000000000000000000e+00 -2.742957099999999926e+01 8.390999999999999154e-03 2.447752003000000059e+03 2.500000000000000139e-02
0.000000000000000000e+00 4.000000000000000000e+03 -4.900000000000000000e+04 -6.022475076996769872e+00 3.795417135646058510e-02 1.055009593581206773e-01 7.543633928937508622e-03 -1.141741091046723611e+01 8.044461995100100557e-03 1.000000000000000000e+00 -2.401825799999999944e+01 6.990999999999999819e-03 2.458097595000000183e+03 2.699999999999999969e-02
0.000000000000000000e+00 4.000000000000000000e+03 -4.900000000000000000e+04 -6.015179883777223679e+00 3.177690545060527644e-02 1.119473035973151676e-01 7.981138769097695720e-03 -1.497529870098450289e+01 8.067317145848294443e-03 0.000000000000000000e+00 -2.743110100000000173e+01 8.977999999999999869e-03 2.468441186000000016e+03 2.699999999999999969e-02
0.000000000000000000e+00 4.000000000000000000e+03 -4.900000000000000000e+04 -6.025474851856682967e+00 3.742874525998832885e-02 1.002899938882898800e-01 8.177993696342530233e-03 -1.101081165522730920e+01 6.846540978149722595e-03 1.000000000000000000e+00 -2.362161400000000100e+01 1.441800000000000026e-02 2.478785777999999937e+03 2.999999999999999889e-02
0.000000000000000000e+00 4.000000000000000000e+03 -4.900000000000000000e+04 -6.031857233939631691e+00 4.830274498885438889e-02 1.022659982020406588e-01 8.129342716322282211e-03 -1.497624453945053169e+01 7.245856370525135051e-03 0.000000000000000000e+00 -2.743041499999999999e+01 7.407999999999999655e-03 2.489130369999999857e+03 2.999999999999999889e-02
0.000000000000000000e+00 4.000000000000000000e+03 -4.900000000000000000e+04 -6.028886210676351887e+00 4.855501939224382557e-02 1.037175867457368894e-01 9.876898738858859786e-03 -1.033636650708314342e+01 8.301753075173537791e-03 1.000000000000000000e+00 -2.297404900000000083e+01 1.391799999999999982e-02 2.499473961000000145e+03 3.500000000000000333e-02
0.000000000000000000e+00 4.000000000000000000e+03 -4.900000000000000000e+04 -6.031188990488303148e+00 3.998382537649528695e-02 1.141678618560669628e-01 8.067363759643576479e-03 -1.497367536696688539e+01 9.493426369415892963e-03 0.000000000000000000e+00 -2.743094200000000171e+01 6.393000000000000245e-03 2.509818553000000065e+03 3.500000000000000333e-02
0.000000000000000000e+00 4.000000000000000000e+03 -4.550000000000000000e+04 -6.028527630018868599e+00 4.336728097316863706e-02 -1.330120112600332791e-02 1.109935791484785959e-02 -1.191600077601628449e+01 6.980729179129506988e-03 1.000000000000000000e+00 -2.426661599999999908e+01 7.002999999999999677e-03 2.524063368000000082e+03 2.500000000000000139e-02
0.000000000000000000e+00 4.000000000000000000e+03 -4.550000000000000000e+04 -6.030237932691377978e+00 5.375555010446374238e-02 -1.888594345006561204e-02 6.951829454452794488e-03 -1.520571137799238493e+01 6.999100099490658186e-03 0.000000000000000000e+00 -2.743853599999999915e+01 1.031800000000000078e-02 2.534408960000000206e+03 2.500000000000000139e-02
0.000000000000000000e+00 4.000000000000000000e+03 -4.550000000000000000e+04 -6.034365097867613770e+00 4.227427775209115224e-02 -2.953356739020227342e-02 8.558583932656505661e-03 -1.164930963632735583e+01 1.061442144474795610e-02 1.000000000000000000e+00 -2.401832200000000128e+01 5.673000000000000091e-03 2.544754550999999992e+03 2.699999999999999969e-02
0.000000000000000000e+00 4.000000000000000000e+03 -4.550000000000000000e+04 -6.044420772368776618e+00 5.318805089629060484e-02 -2.536908642000599082e-02 1.142203982900453010e-02 -1.519716514742466984e+01 9.746766438067275620e-03 0.000000000000000000e+00 -2.743121999999999971e+01 9.834000000000000727e-03 2.555102143000000069e+03 2.699999999999999969e-02
0.000000000000000000e+00 4.000000000000000000e+03 -4.550000000000000000e+04 -6.026309257921365514e+00 4.426114061650372744e-02 -4.238564117404984566e-02 9.675111851673547786e-03 -1.123706204053543978e+01 1.154042317177709359e-02 1.000000000000000000e+00 -2.363203999999999994e+01 1.467000000000000075e-02 2.565445734999999786e+03 2.999999999999999889e-02
0.000000000000000000e+00 4.000000000000000000e+03 -4.550000000000000000e+04 -6.042733507315528385e+00 4.314357791224825850e-02 -4.147860564584272824e-02 1.144523841499920681e-02 -1.520360249897266591e+01 7.534665656390483052e-03 0.000000000000000000e+00 -2.742643699999999995e+01 1.247499999999999998e-02 2.575792325999999775e+03 2.999999999999999889e-02
0.000000000000000000e+00 4.000000000000000000e+03 -4.550000000000000000e+04 -6.046300475434448707e+00 4.608325028172060439e-02 -3.307959554716828621e-02 1.112367299285609012e-02 -1.056208355971465629e+01 1.053152010017082904e-02 1.000000000000000000e+00 -2.296843600000000052e+01 1.193400000000000016e-02 2.586133917999999994e+03 3.500000000000000333e-02
0.000000000000000000e+00 4.000000000000000000e+03 -4.550000000000000000e+04 -6.041999415159716946e+00 4.469660190364455749e-02 -4.039075787822923175e-02 8.953518330236581724e-03 -1.520454122733660896e+01 8.814590959156048608e-03 0.000000000000000000e+00 -2.742860699999999952e+01 1.518500000000000058e-02 2.596479510000000118e+03 3.500000000000000333e-02
0.000000000000000000e+00 4.000000000000000000e+03 -4.200000000000000000e+04 -6.078276230252750878e+00 5.182682982152408968e-02 -1.699881699292414838e-01 1.065386927299582370e-02 -1.214677185713136254e+01 9.511743749949144039e-03 1.000000000000000000e+00 -2.427276000000000167e+01 8.477000000000000160e-03 2.610727324999999837e+03 2.500000000000000139e-02
0.000000000000000000e+00 4.000000000000000000e+03 -4.200000000000000000e+04 -6.029165240253045788e+00 4.529921878105071242e-02 -1.713008613312594630e-01 9.166854760469467234e-03 -1.543896900551654738e+01 9.300572435445091449e-03 0.000000000000000000e+00 -2.743418000000000134e+01 1.058899999999999945e-02 2.621070917000000009e+03 2.500000000000000139e-02
0.000000000000000000e+00 4.000000000000000000e+03 -4.200000000000000000e+04 -6.072211023846108446e+00 4.897200269188953931e-02 -1.713744167741286795e-01 1.083664410261919731e-02 -1.188085034511714255e+01 1.219749564208702161e-02 1.000000000000000000e+00 -2.401104600000000033e+01 9.570000000000000381e-03 2.631415508000000045e+03 2.699999999999999969e-02
0.000000000000000000e+00 4.000000000000000000e+03 -4.200000000000000000e+04 -6.060646181831784496e+00 6.304072991655537694e-02 -1.673367449367222093e-01 1.114658819548606725e-02 -1.543831447016482805e+01 1.047300258704109317e-02 0.000000000000000000e+00 -2.744306600000000174e+01 1.535199999999999933e-02 2.641760099999999966e+03 2.699999999999999969e-02
0.000000000000000000e+00 4.000000000000000000e+03 -4.200000000000000000e+04 -6.051516763798663767e+00 5.339861838260356874e-02 -1.713626030859502769e-01 1.046956114077438570e-02 -1.147788574428659025e+01 8.718869327421970364e-03 1.000000000000000000e+00 -2.362017300000000120e+01 1.336399999999999914e-02 2.652103692000000137e+03 2.999999999999999889e-02
0.000000000000000000e+00 4.000000000000000000e+03 -4.200000000000000000e+04 -6.062210549185071962e+00 5.933197535651966309e-02 -1.682639001191706118e-01 1.299930642122612730e-02 -1.543934552401969285e+01 8.780080515599669733e-03 0.000000000000000000e+00 -2.742583099999999874e+01 2.620600000000000013e-02 2.662447282999999970e+03 2.999999999999999889e-02
0.000000000000000000e+00 4.000000000000000000e+03 -4.200000000000000000e+04 -6.047545011055734498e+00 6.904009604182641258e-02 -1.585435315382367205e-01 1.401907185718666467e-02 -1.080282464755326188e+01 9.530348461542209951e-03 1.000000000000000000e+00 -2.296468099999999879e+01 1.352100000000000003e-02 2.672789874999999938e+03 3.500000000000000333e-02
0.000000000000000000e+00 4.000000000000000000e+03 -4.200000000000000000e+04 -6.055264894955730171e+00 5.293754635278320742e-02 -1.659927115660107533e-01 8.866621772911172442e-03 -1.544121756004563473e+01 1.050168988701661969e-02 0.000000000000000000e+00 -2.743746300000000105e+01 1.753100000000000144e-02 2.683133466000000226e+03 3.500000000000000333e-02
0.000000000000000000e+00 4.000000000000000000e+03 -3.850000000000000000e+04 -6.084537809976175105e+00 6.006742337731989234e-02 -2.960779039007238045e-01 9.129780523696610917e-03 -1.239002341631314508e+01 8.225170052888558514e-03 1.000000000000000000e+00 -2.425548900000000074e+01 1.273099999999999926e-02 2.697377281000000039e+03 2.500000000000000139e-02
0.000000000000000000e+00 4.000000000000000000e+03 -3.850000000000000000e+04 -6.066720611257974127e+00 4.036895300070398457e-02 -3.037132347699466606e-01 1.207507116916720601e-02 -1.568071923149165592e+01 9.922426260068646989e-03 0.000000000000000000e+00 -2.743267000000000166e+01 8.635999999999999580e-03 2.707720871999999872e+03 2.500000000000000139e-02
0.000000000000000000e+00 4.000000000000000000e+03 -3.850000000000000000e+04 -6.081136594294336284e+00 5.942434245456777731e-02 -3.036031725693044137e-01 1.101283473717751260e-02 -1.212775091929839633e+01 1.102783808794222109e-02 1.000000000000000000e+00 -2.401743799999999851e+01 1.192799999999999937e-02 2.718069465000000037e+03 2.699999999999999969e-02
0.000000000000000000e+00 4.000000000000000000e+03 -3.850000000000000000e+04 -6.076345475020875853e+00 5.050680913642238701e-02 -3.055303718220948594e-01 1.064887380854891326e-02 -1.567607211663625044e+01 1.357546387666369939e-02 0.000000000000000000e+00 -2.744359800000000149e+01 1.584400000000000044e-02 2.728416056000000026e+03 2.699999999999999969e-02
0.000000000000000000e+00 4.000000000000000000e+03 -3.850000000000000000e+04 -6.098504861296189183e+00 6.155198585390182775e-02 -3.166431027117667107e-01 1.178570884852660379e-02 -1.171845848253437339e+01 9.779031106343346116e-03 1.000000000000000000e+00 -2.363285399999999825e+01 1.180699999999999979e-02 2.738760647999999946e+03 2.999999999999999889e-02
0.000000000000000000e+00 4.000000000000000000e+03 -3.850000000000000000e+04 -6.106078137930605720e+00 5.383084690862389304e-02 -3.194273577685625698e-01 1.228391682585514531e-02 -1.568239827336051384e+01 1.347854244774895210e-02 0.000000000000000000e+00 -2.744096000000000046e+01 1.245800000000000032e-02 2.749106240000000071e+03 2.999999999999999889e-02
0.000000000000000000e+00 4.000000000000000000e+03 -3.850000000000000000e+04 -6.069878976079151833e+00 5.714643749693915087e-02 -3.235114166384637779e-01 1.247920719877386973e-02 -1.104153270482802718e+01 9.102961171975747570e-03 1.000000000000000000e+00 -2.297834100000000035e+01 1.006899999999999983e-02 2.759449830999999904e+03 3.500000000000000333e-02
0.000000000000000000e+00 4.000000000000000000e+03 -3.850000000000000000e+04 -6.088122910293775725e+00 5.298784908759326256e-02 -2.993904991972121676e-01 1.338438222172277231e-02 -1.567753549749674491e+01 1.122465552314515051e-02 0.000000000000000000e+00 -2.742745000000000033e+01 1.445800000000000037e-02 2.769795423000000028e+03 3.500000000000000333e-02
0.000000000000000000e+00 4.000000000000000000e+03 -3.500000000000000000e+04 -6.108992249206088410e+00 4.415471952728230315e-02 -4.453396207978654875e-01 7.916126924654640074e-03 -1.263305189642785997e+01 6.408812915025170927e-03 1.000000000000000000e+00 -2.430110200000000020e+01 7.130000000000000053e-03 2.784040238000000045e+03 2.500000000000000139e-02
0.000000000000000000e+00 4.000000000000000000e+03 -3.500000000000000000e+04 -6.094563578822327798e+00 5.012988762950559146e-02 -4.667525924433361117e-01 9.981198308562097901e-03 -1.592254795647828480e+01 7.797860769358437409e-03 0.000000000000000000e+00 -2.745181799999999939e+01 1.293300000000000005e-02 2.794383830000000216e+03 2.500000000000000139e-02
0.000000000000000000e+00 4.000000000000000000e+03 -3.500000000000000000e+04 -6.115297670028018828e+00 5.886114940423817221e-02 -4.457442979741456646e-01 8.426321747636869586e-03 -1.236575778397747172e+01 7.202288984569787077e-03 1.000000000000000000e+00 -2.403003999999999962e+01 9.841000000000000789e-03 2.804729421000000002e+03 2.699999999999999969e-02
0.000000000000000000e+00 4.000000000000000000e+03 -3.500000000000000000e+04 -6.082321388625666181e+00 4.617336420804319524e-02 -4.332212526857515678e-01 8.374683638261814014e-03 -1.591742525423726029e+01 1.097548917681692195e-02 0.000000000000000000e+00 -2.744856499999999855e+01 1.163900000000000004e-02 2.815073013000000174e+03 2.699999999999999969e-02
0.000000000000000000e+00 4.000000000000000000e+03 -3.500000000000000000e+04 -6.097901385959988652e+00 4.267716088403233909e-02 -4.655335736363527266e-01 9.179595048278650637e-03 -1.195594960506398330e+01 9.071520028530953225e-03 1.000000000000000000e+00 -2.363045999999999935e+01 8.607999999999999333e-03 2.825419605000000047e+03 2.999999999999999889e-02
0.000000000000000000e+00 4.000000000000000000e+03 -3.500000000000000000e+04 -6.090879042263586562e+00 3.382274060225318180e-02 -4.462073164942007009e-01 9.015618305145663494e-03 -1.591796802672760158e+01 1.057625972301250508e-02 0.000000000000000000e+00 -2.743413100000000071e+01 1.077999999999999965e-02 2.835765195999999833e+03 2.999999999999999889e-02
0.000000000000000000e+00 4.000000000000000000e+03 -3.500000000000000000e+04 -6.121879768193141835e+00 4.270896388743128380e-02 -4.483144781098989395e-01 8.592049533373660383e-03 -1.128317641147662442e+01 8.233579445061743954e-03 1.000000000000000000e+00 -2.298188199999999881e+01 1.208900000000000079e-02 2.846107787999999800e+03 3.500000000000000333e-02
0.000000000000000000e+00 4.000000000000000000e+03 -3.500000000000000000e+04 -6.083868061442232467e+00 4.380200537182999537e-02 -4.447227881906503644e-01 8.017011606531267154e-03 -1.591658363601737669e+01 8.533584669230102199e-03 0.000000000000000000e+00 -2.743499999999999872e+01 1.142800000000000066e-02 2.856451379000000088e+03 3.500000000000000333e-02
