0.000000	4000.000000	-70000.000000	-5.973643	0.066769	0.601708	0.011427	-10.422673	0.010345	1.000000	-24.208774	0.008231	19.162096	0.025000
0.000000	4000.000000	-70000.000000	-5.984168	0.049880	0.547117	0.014919	-13.714791	0.010048	0.000000	-27.358313	0.014760	29.500687	0.025000
0.000000	4000.000000	-70000.000000	-5.989693	0.063620	0.619987	0.010481	-10.154994	0.012577	1.000000	-23.952236	0.015323	39.842278	0.027000
0.000000	4000.000000	-70000.000000	-5.969773	0.052562	0.570684	0.010885	-13.715410	0.011620	0.000000	-27.370036	0.013155	50.179870	0.027000
0.000000	4000.000000	-70000.000000	-5.986709	0.045624	0.597185	0.011091	-9.749264	0.013571	1.000000	-23.555006	0.014218	60.519461	0.030000
0.000000	4000.000000	-70000.000000	-5.986803	0.059450	0.567433	0.008960	-13.713842	0.011588	0.000000	-27.384872	0.008307	70.858053	0.030000
0.000000	4000.000000	-70000.000000	-5.991302	0.064341	0.613523	0.013237	-9.074195	0.009246	1.000000	-22.923723	0.007003	81.197644	0.035000
0.000000	4000.000000	-70000.000000	-5.984481	0.057115	0.581598	0.012955	-13.710855	0.009701	0.000000	-27.363752	0.008355	91.541236	0.035000
0.000000	4000.000000	-66500.000000	-5.945480	0.049060	0.551800	0.008447	-10.597191	0.008781	1.000000	-24.197261	0.014105	105.783050	0.025000
0.000000	4000.000000	-66500.000000	-5.966206	0.044536	0.548442	0.011779	-13.889928	0.010727	0.000000	-27.371943	0.017558	116.120642	0.025000
0.000000	4000.000000	-66500.000000	-5.954666	0.042366	0.536067	0.008352	-10.325945	0.007759	1.000000	-23.963605	0.007607	126.461233	0.027000
0.000000	4000.000000	-66500.000000	-5.951179	0.045675	0.554290	0.009844	-13.891193	0.011921	0.000000	-27.355860	0.009124	136.797824	0.027000
0.000000	4000.000000	-66500.000000	-5.951453	0.057035	0.560729	0.013076	-9.925826	0.009670	1.000000	-23.568387	0.009516	147.135416	0.030000
0.000000	4000.000000	-66500.000000	-5.952329	0.052740	0.557110	0.008008	-13.892358	0.010005	0.000000	-27.368337	0.017843	157.475007	0.030000
0.000000	4000.000000	-66500.000000	-5.975750	0.056271	0.542507	0.009725	-9.253511	0.008920	1.000000	-22.918408	0.023701	167.815598	0.035000
0.000000	4000.000000	-66500.000000	-5.950226	0.045630	0.526648	0.013087	-13.888252	0.010453	0.000000	-27.377044	0.014134	178.154190	0.035000
0.000000	4000.000000	-63000.000000	-5.937928	0.027779	0.409552	0.008070	-10.807636	0.006910	1.000000	-24.224147	0.008947	192.394004	0.025000
0.000000	4000.000000	-63000.000000	-5.924924	0.035430	0.403054	0.008617	-14.100195	0.007036	0.000000	-27.357002	0.014445	202.734595	0.025000
0.000000	4000.000000	-63000.000000	-5.951777	0.059961	0.410345	0.006466	-10.537033	0.008377	1.000000	-23.969819	0.013278	213.076187	0.027000
0.000000	4000.000000	-63000.000000	-5.916510	0.042107	0.411249	0.009530	-14.097240	0.008879	0.000000	-27.379900	0.011035	223.413778	0.027000
0.000000	4000.000000	-63000.000000	-5.951026	0.037096	0.410407	0.007942	-10.134783	0.006779	1.000000	-23.589869	0.014761	233.754370	0.030000
0.000000	4000.000000	-63000.000000	-5.938623	0.048562	0.404055	0.008308	-14.096878	0.007480	0.000000	-27.362838	0.005570	244.091961	0.030000
0.000000	4000.000000	-63000.000000	-5.954106	0.047841	0.409722	0.007701	-9.457354	0.010084	1.000000	-22.922580	0.020396	254.431552	0.035000
0.000000	4000.000000	-63000.000000	-5.932462	0.036150	0.414809	0.009028	-14.095881	0.007178	0.000000	-27.376766	0.011990	264.774144	0.035000
0.000000	4000.000000	-59500.000000	-5.931259	0.041101	0.276538	0.009455	-11.024051	0.005596	1.000000	-24.220228	0.009803	279.011959	0.025000
0.000000	4000.000000	-59500.000000	-5.908791	0.045299	0.265057	0.009535	-14.315773	0.007082	0.000000	-27.383804	0.011679	289.349550	0.025000
0.000000	4000.000000	-59500.000000	-5.923499	0.036613	0.273235	0.009332	-10.754978	0.008221	1.000000	-23.965284	0.018938	299.689141	0.027000
0.000000	4000.000000	-59500.000000	-5.907936	0.047269	0.264644	0.006756	-14.312821	0.007586	0.000000	-27.387410	0.012823	310.027732	0.027000
0.000000	4000.000000	-59500.000000	-5.950598	0.044887	0.213647	0.007839	-10.344470	0.007892	1.000000	-23.570940	0.006374	320.370324	0.030000
0.000000	4000.000000	-59500.000000	-5.923627	0.041848	0.230917	0.009535	-14.310529	0.010257	0.000000	-27.368431	0.013547	330.709915	0.030000
0.000000	4000.000000	-59500.000000	-5.937142	0.043460	0.227621	0.010167	-9.672427	0.008212	1.000000	-22.921398	0.020613	341.050507	0.035000
0.000000	4000.000000	-59500.000000	-5.925293	0.051409	0.268437	0.007363	-14.311506	0.009969	0.000000	-27.392934	0.008641	351.390098	0.035000
0.000000	4000.000000	-56000.000000	-5.960942	0.056244	0.120156	0.011304	-11.240233	0.009210	1.000000	-24.223531	0.010976	365.627913	0.025000
0.000000	4000.000000	-56000.000000	-5.920435	0.066494	0.124356	0.013061	-14.522869	0.010083	0.000000	-27.381375	0.007323	375.969504	0.025000
0.000000	4000.000000	-56000.000000	-5.929093	0.051581	0.130681	0.011884	-10.968622	0.009200	1.000000	-23.973092	0.006901	386.307095	0.027000
0.000000	4000.000000	-56000.000000	-5.946554	0.059947	0.125611	0.011192	-14.527226	0.007641	0.000000	-27.396455	0.011670	396.646687	0.027000
0.000000	4000.000000	-56000.000000	-5.944819	0.059113	0.124474	0.011377	-10.564254	0.009572	1.000000	-23.584291	0.013939	407.038281	0.030000
0.000000	4000.000000	-56000.000000	-5.934336	0.058019	0.123146	0.009339	-14.531012	0.013112	0.000000	-27.386884	0.012357	417.374872	0.030000
0.000000	4000.000000	-56000.000000	-5.931795	0.063076	0.128097	0.007523	-9.886067	0.011756	1.000000	-22.914539	0.018071	427.714464	0.035000
0.000000	4000.000000	-56000.000000	-5.937271	0.062637	0.136529	0.010219	-14.531405	0.010322	0.000000	-27.390982	0.013976	438.054055	0.035000
0.000000	4000.000000	-52500.000000	-5.935633	0.047729	-0.020910	0.007012	-11.450418	0.008506	1.000000	-24.218981	0.009878	452.291869	0.025000
0.000000	4000.000000	-52500.000000	-5.911430	0.044961	-0.016369	0.012928	-14.741777	0.008607	0.000000	-27.381331	0.014527	462.629461	0.025000
0.000000	4000.000000	-52500.000000	-5.953303	0.055692	0.004402	0.011240	-11.187085	0.006282	1.000000	-23.961941	0.015153	472.967052	0.027000
0.000000	4000.000000	-52500.000000	-5.926812	0.056296	-0.042078	0.008181	-14.745957	0.009866	0.000000	-27.397955	0.021293	483.306643	0.027000
0.000000	4000.000000	-52500.000000	-5.963337	0.056916	-0.060450	0.008984	-10.776970	0.007593	1.000000	-23.593302	0.007437	493.647235	0.030000
0.000000	4000.000000	-52500.000000	-5.941214	0.052387	-0.057338	0.012258	-14.744371	0.008532	0.000000	-27.381445	0.018487	503.983826	0.030000
0.000000	4000.000000	-52500.000000	-5.949294	0.062508	-0.050777	0.010166	-10.101401	0.009941	1.000000	-22.929142	0.012441	514.323417	0.035000
0.000000	4000.000000	-52500.000000	-5.939833	0.045761	-0.033434	0.011461	-14.743102	0.010739	0.000000	-27.378251	0.009013	524.662009	0.035000
0.000000	4000.000000	-49000.000000	-5.965719	0.041766	-0.155777	0.008302	-11.677448	0.007361	1.000000	-24.219200	0.006587	538.901823	0.025000
0.000000	4000.000000	-49000.000000	-5.946099	0.033247	-0.131341	0.009779	-14.964778	0.007940	0.000000	-27.394508	0.009795	549.242414	0.025000
0.000000	4000.000000	-49000.000000	-5.951133	0.039922	-0.132214	0.005769	-11.414459	0.008721	1.000000	-23.978968	0.010229	559.583006	0.027000
0.000000	4000.000000	-49000.000000	-5.952448	0.043077	-0.150270	0.007892	-14.971780	0.007892	0.000000	-27.402808	0.010347	569.922597	0.027000
0.000000	4000.000000	-49000.000000	-5.985298	0.035688	-0.129460	0.007810	-11.001031	0.007568	1.000000	-23.595144	0.009089	580.261189	0.030000
0.000000	4000.000000	-49000.000000	-5.962301	0.038381	-0.156066	0.008866	-14.966537	0.008963	0.000000	-27.375037	0.014201	590.600780	0.030000
0.000000	4000.000000	-49000.000000	-5.964015	0.041522	-0.141946	0.008530	-10.330030	0.008470	1.000000	-22.946412	0.010419	600.937371	0.035000
0.000000	4000.000000	-49000.000000	-5.937810	0.034100	-0.163646	0.011506	-14.966798	0.007123	0.000000	-27.390167	0.009502	611.275963	0.035000
0.000000	4000.000000	-45500.000000	-5.970145	0.050779	-0.283767	0.007635	-11.904050	0.007282	1.000000	-24.224465	0.013020	625.515777	0.025000
0.000000	4000.000000	-45500.000000	-5.965427	0.041841	-0.275631	0.007775	-15.195340	0.005973	0.000000	-27.387962	0.011776	635.857369	0.025000
0.000000	4000.000000	-45500.000000	-5.971856	0.053814	-0.277004	0.007240	-11.638322	0.008743	1.000000	-23.971975	0.011133	646.197960	0.027000
0.000000	4000.000000	-45500.000000	-5.972207	0.046994	-0.280937	0.008956	-15.200518	0.008011	0.000000	-27.398606	0.015534	656.536551	0.027000
0.000000	4000.000000	-45500.000000	-5.981404	0.053122	-0.263934	0.008281	-11.234090	0.007852	1.000000	-23.592666	0.012419	666.876143	0.030000
0.000000	4000.000000	-45500.000000	-5.972770	0.047495	-0.273972	0.008315	-15.197587	0.008014	0.000000	-27.392169	0.011003	677.216734	0.030000
0.000000	4000.000000	-45500.000000	-5.988055	0.054616	-0.272773	0.010486	-10.556824	0.006343	1.000000	-22.943328	0.010471	687.557326	0.035000
0.000000	4000.000000	-45500.000000	-5.982652	0.040588	-0.271990	0.012209	-15.198564	0.009796	0.000000	-27.384758	0.011593	697.894917	0.035000
0.000000	4000.000000	-42000.000000	-5.956742	0.058542	-0.416836	0.007227	-12.138688	0.009426	1.000000	-24.230336	0.011676	712.132731	0.025000
0.000000	4000.000000	-42000.000000	-6.003009	0.055403	-0.426471	0.009420	-15.429766	0.005378	0.000000	-27.396207	0.007808	722.471323	0.025000
0.000000	4000.000000	-42000.000000	-5.978546	0.048148	-0.436018	0.008943	-11.868036	0.009333	1.000000	-23.985282	0.013926	732.808914	0.027000
0.000000	4000.000000	-42000.000000	-5.997314	0.046958	-0.433133	0.008166	-15.423987	0.010930	0.000000	-27.413741	0.010540	743.147505	0.027000
0.000000	4000.000000	-42000.000000	-5.983935	0.073836	-0.423599	0.009448	-11.461763	0.011514	1.000000	-23.582230	0.012426	753.488097	0.030000
0.000000	4000.000000	-42000.000000	-5.980986	0.057321	-0.454770	0.011804	-15.425809	0.012997	0.000000	-27.393386	0.012814	763.825688	0.030000
0.000000	4000.000000	-42000.000000	-6.027536	0.053773	-0.461744	0.010097	-10.784932	0.008556	1.000000	-22.927478	0.020920	774.166280	0.035000
0.000000	4000.000000	-42000.000000	-6.000096	0.049083	-0.423696	0.009892	-15.422322	0.010098	0.000000	-27.386601	0.011787	784.503871	0.035000
0.000000	4000.000000	-38500.000000	-6.010332	0.041845	-0.556383	0.008770	-12.370701	0.007216	1.000000	-24.231548	0.011929	798.742685	0.025000
0.000000	4000.000000	-38500.000000	-5.998813	0.034258	-0.557318	0.007619	-15.659498	0.007295	0.000000	-27.388816	0.012913	809.081276	0.025000
0.000000	4000.000000	-38500.000000	-6.016329	0.049038	-0.559158	0.008615	-12.101106	0.009867	1.000000	-23.979987	0.011438	819.418868	0.027000
0.000000	4000.000000	-38500.000000	-5.997957	0.042524	-0.559495	0.009319	-15.659202	0.007975	0.000000	-27.390227	0.009555	829.758459	0.027000
0.000000	4000.000000	-38500.000000	-6.013809	0.051183	-0.550271	0.009728	-11.693035	0.008323	1.000000	-23.560584	0.009451	840.096050	0.030000
0.000000	4000.000000	-38500.000000	-5.991751	0.050900	-0.559700	0.011784	-15.652624	0.008260	0.000000	-27.390733	0.010427	850.435642	0.030000
0.000000	4000.000000	-38500.000000	-6.002999	0.050588	-0.584032	0.011378	-11.017588	0.009835	1.000000	-22.950143	0.009590	860.776233	0.035000
0.000000	4000.000000	-38500.000000	-5.991459	0.047620	-0.564682	0.009408	-15.652909	0.009547	0.000000	-27.381256	0.024183	871.114825	0.035000
0.000000	4000.000000	-35000.000000	-6.026246	0.051103	-0.690068	0.006618	-12.607059	0.006753	1.000000	-24.236267	0.008776	885.352639	0.025000
0.000000	4000.000000	-35000.000000	-6.001855	0.035604	-0.702974	0.007753	-15.898461	0.006950	0.000000	-27.402848	0.009330	895.694231	0.025000
0.000000	4000.000000	-35000.000000	-6.018447	0.053283	-0.694226	0.009803	-12.344161	0.008953	1.000000	-23.986732	0.012718	906.039822	0.027000
0.000000	4000.000000	-35000.000000	-6.027953	0.038684	-0.698218	0.007381	-15.897501	0.005878	0.000000	-27.403692	0.010830	916.385414	0.027000
0.000000	4000.000000	-35000.000000	-6.051339	0.045156	-0.696625	0.009821	-11.930600	0.008497	1.000000	-23.589780	0.006425	926.730006	0.030000
0.000000	4000.000000	-35000.000000	-6.040838	0.056950	-0.704118	0.008728	-15.893475	0.007253	0.000000	-27.391553	0.009667	937.073597	0.030000
0.000000	4000.000000	-35000.000000	-6.032320	0.032333	-0.689268	0.006963	-11.258526	0.008264	1.000000	-22.939841	0.013282	947.420189	0.035000
0.000000	4000.000000	-35000.000000	-6.035529	0.065925	-0.701257	0.007310	-15.887154	0.007204	0.000000	-27.389467	0.010710	957.768781	0.035000
0.000000	4000.000000	-35000.000000	-6.031551	0.040299	-0.715919	0.009140	-12.609970	0.006998	1.000000	-24.240037	0.007418	968.115373	0.025000
0.000000	4000.000000	-35000.000000	-6.011813	0.041430	-0.694230	0.007377	-15.892067	0.008139	0.000000	-27.394608	0.010456	978.458964	0.025000
0.000000	4000.000000	-35000.000000	-6.050230	0.038744	-0.697088	0.008368	-12.333543	0.006821	1.000000	-23.975184	0.007671	988.803556	0.027000
0.000000	4000.000000	-35000.000000	-6.030488	0.040385	-0.695394	0.007821	-15.889435	0.007053	0.000000	-27.402545	0.006641	999.147148	0.027000
0.000000	4000.000000	-35000.000000	-6.017487	0.040587	-0.688552	0.008063	-11.928563	0.008217	1.000000	-23.590555	0.009345	1009.491739	0.030000
0.000000	4000.000000	-35000.000000	-6.031517	0.050464	-0.702268	0.008117	-15.887439	0.007996	0.000000	-27.389367	0.007703	1019.836331	0.030000
0.000000	4000.000000	-35000.000000	-6.011754	0.044765	-0.697481	0.007436	-11.251537	0.008455	1.000000	-22.930687	0.007150	1030.179923	0.035000
0.000000	4000.000000	-35000.000000	-6.003072	0.038848	-0.728005	0.007294	-15.883124	0.007254	0.000000	-27.380506	0.008426	1040.524514	0.035000
0.000000	4000.000000	-38500.000000	-6.032042	0.054638	-0.589365	0.009647	-12.395456	0.007436	1.000000	-24.220606	0.006449	1054.768329	0.025000
0.000000	4000.000000	-38500.000000	-6.002933	0.045663	-0.597070	0.009489	-15.681656	0.007794	0.000000	-27.374566	0.007934	1065.111921	0.025000
0.000000	4000.000000	-38500.000000	-6.023405	0.051797	-0.580412	0.009992	-12.126508	0.007039	1.000000	-23.965369	0.010410	1075.458512	0.027000
0.000000	4000.000000	-38500.000000	-6.021215	0.058704	-0.580190	0.011573	-15.688989	0.020198	0.000000	-27.384296	0.020744	1085.805104	0.027000
0.000000	4000.000000	-38500.000000	-6.043071	0.051109	-0.566828	0.010162	-11.719773	0.010974	1.000000	-23.573513	0.014692	1096.150696	0.030000
0.000000	4000.000000	-38500.000000	-6.001584	0.062211	-0.571007	0.010464	-15.681820	0.010959	0.000000	-27.381326	0.019428	1106.499288	0.030000
0.000000	4000.000000	-38500.000000	-6.011253	0.071568	-0.563083	0.011198	-11.041558	0.011282	1.000000	-22.942195	0.013058	1116.847880	0.035000
0.000000	4000.000000	-38500.000000	-6.009626	0.057651	-0.573570	0.009250	-15.677825	0.007400	0.000000	-27.382260	0.007667	1127.195472	0.035000
0.000000	4000.000000	-42000.000000	-6.026246	0.073452	-0.434436	0.011603	-12.156792	0.006870	1.000000	-24.209345	0.014663	1141.440286	0.025000
0.000000	4000.000000	-42000.000000	-5.992975	0.052220	-0.438331	0.010458	-15.447568	0.007808	0.000000	-27.389506	0.009752	1151.784878	0.025000
0.000000	4000.000000	-42000.000000	-6.004254	0.059704	-0.412069	0.011104	-11.892083	0.009316	1.000000	-23.971831	0.012807	1162.131470	0.027000
0.000000	4000.000000	-42000.000000	-6.001539	0.056112	-0.438894	0.009177	-15.451062	0.010259	0.000000	-27.384932	0.007700	1172.476062	0.027000
0.000000	4000.000000	-42000.000000	-5.995367	0.066088	-0.440146	0.008464	-11.486442	0.007992	1.000000	-23.578530	0.016216	1182.822653	0.030000
0.000000	4000.000000	-42000.000000	-6.015491	0.045864	-0.458264	0.009986	-15.449925	0.008055	0.000000	-27.383958	0.010665	1193.166245	0.030000
0.000000	4000.000000	-42000.000000	-6.024942	0.067154	-0.452318	0.010657	-10.810849	0.011417	1.000000	-22.926102	0.014697	1203.509837	0.035000
0.000000	4000.000000	-42000.000000	-6.001904	0.056176	-0.475715	0.011033	-15.449004	0.008988	0.000000	-27.371968	0.009156	1213.853428	0.035000
0.000000	4000.000000	-45500.000000	-6.001236	0.051198	-0.316603	0.007792	-11.929721	0.007211	1.000000	-24.228990	0.008453	1228.096243	0.025000
0.000000	4000.000000	-45500.000000	-5.963049	0.060226	-0.303067	0.008007	-15.219022	0.007275	0.000000	-27.394339	0.013517	1238.441834	0.025000
0.000000	4000.000000	-45500.000000	-5.994842	0.042744	-0.291468	0.008090	-11.659253	0.010388	1.000000	-23.972720	0.013360	1248.790426	0.027000
0.000000	4000.000000	-45500.000000	-5.994856	0.042068	-0.308175	0.009236	-15.220110	0.009432	0.000000	-27.384763	0.009217	1259.137018	0.027000
0.000000	4000.000000	-45500.000000	-6.003586	0.051801	-0.309740	0.007585	-11.261043	0.007592	1.000000	-23.581897	0.008202	1269.482610	0.030000
0.000000	4000.000000	-45500.000000	-5.988799	0.065031	-0.280571	0.008965	-15.218834	0.008655	0.000000	-27.390450	0.012488	1279.829202	0.030000
0.000000	4000.000000	-45500.000000	-6.001389	0.051108	-0.295613	0.008788	-10.580460	0.010996	1.000000	-22.914375	0.007165	1290.174794	0.035000
0.000000	4000.000000	-45500.000000	-5.984189	0.052888	-0.279966	0.009283	-15.216671	0.008575	0.000000	-27.394096	0.017143	1300.520385	0.035000
0.000000	4000.000000	-49000.000000	-5.997537	0.042277	-0.137228	0.007822	-11.702395	0.007187	1.000000	-24.227733	0.009749	1314.765200	0.025000
0.000000	4000.000000	-49000.000000	-5.987812	0.035593	-0.144592	0.006645	-14.991620	0.006168	0.000000	-27.394826	0.010062	1325.104792	0.025000
0.000000	4000.000000	-49000.000000	-5.982269	0.043848	-0.144887	0.008242	-11.432334	0.007097	1.000000	-23.979892	0.010902	1335.449383	0.027000
0.000000	4000.000000	-49000.000000	-5.973097	0.046780	-0.147283	0.007670	-14.993264	0.006079	0.000000	-27.396525	0.005030	1345.792974	0.027000
0.000000	4000.000000	-49000.000000	-6.018318	0.049305	-0.142634	0.009247	-11.024389	0.007769	1.000000	-23.579722	0.016348	1356.137567	0.030000
0.000000	4000.000000	-49000.000000	-5.985649	0.046344	-0.163983	0.005173	-14.991185	0.008626	0.000000	-27.400464	0.016135	1366.482158	0.030000
0.000000	4000.000000	-49000.000000	-5.986084	0.042170	-0.145913	0.007650	-10.350391	0.007841	1.000000	-22.946656	0.005501	1376.826750	0.035000
0.000000	4000.000000	-49000.000000	-5.973966	0.043577	-0.179361	0.010452	-14.990215	0.008956	0.000000	-27.389059	0.009234	1387.169341	0.035000
0.000000	4000.000000	-52500.000000	-5.960034	0.048931	-0.004704	0.008081	-11.479489	0.008985	1.000000	-24.229467	0.012235	1401.417156	0.025000
0.000000	4000.000000	-52500.000000	-5.980037	0.050538	-0.036348	0.007336	-14.771015	0.009451	0.000000	-27.397042	0.010122	1411.761748	0.025000
0.000000	4000.000000	-52500.000000	-5.970455	0.049599	0.010403	0.009172	-11.214382	0.009744	1.000000	-23.980170	0.008243	1422.108340	0.027000
0.000000	4000.000000	-52500.000000	-5.965597	0.064452	-0.025371	0.011893	-14.772148	0.009839	0.000000	-27.393907	0.010956	1432.450931	0.027000
0.000000	4000.000000	-52500.000000	-5.959308	0.044324	-0.018824	0.010853	-10.813773	0.009569	1.000000	-23.587669	0.012632	1442.795523	0.030000
0.000000	4000.000000	-52500.000000	-5.958501	0.047208	-0.070898	0.011192	-14.775684	0.011836	0.000000	-27.394190	0.010083	1453.139114	0.030000
0.000000	4000.000000	-52500.000000	-6.006674	0.056774	-0.013508	0.011733	-10.129474	0.010851	1.000000	-22.938559	0.015348	1463.484706	0.035000
0.000000	4000.000000	-52500.000000	-5.981094	0.068205	-0.014534	0.009166	-14.777364	0.010839	0.000000	-27.389929	0.010117	1473.825298	0.035000
0.000000	4000.000000	-56000.000000	-5.979091	0.059894	0.120260	0.009251	-11.267308	0.009275	1.000000	-24.231459	0.007722	1488.072113	0.025000
0.000000	4000.000000	-56000.000000	-5.960090	0.056507	0.117896	0.007349	-14.559297	0.008051	0.000000	-27.398522	0.013917	1498.415704	0.025000
0.000000	4000.000000	-56000.000000	-5.972075	0.059297	0.113452	0.010293	-10.999045	0.010592	1.000000	-23.979763	0.009612	1508.760296	0.027000
0.000000	4000.000000	-56000.000000	-5.970642	0.046919	0.140322	0.010934	-14.558970	0.008425	0.000000	-27.408704	0.015747	1519.104887	0.027000
0.000000	4000.000000	-56000.000000	-5.978852	0.076135	0.156292	0.011427	-10.592699	0.009467	1.000000	-23.592760	0.011953	1529.445479	0.030000
0.000000	4000.000000	-56000.000000	-5.956599	0.055225	0.127117	0.008786	-14.569745	0.011117	0.000000	-27.397325	0.007089	1539.788071	0.030000
0.000000	4000.000000	-56000.000000	-5.994449	0.053691	0.112872	0.010341	-9.919331	0.011020	1.000000	-22.946363	0.011416	1550.133662	0.035000
0.000000	4000.000000	-56000.000000	-5.980068	0.044164	0.123835	0.009459	-14.558887	0.010497	0.000000	-27.400454	0.009912	1560.479254	0.035000
0.000000	4000.000000	-59500.000000	-6.006990	0.052696	0.253173	0.009614	-11.054982	0.008929	1.000000	-24.245948	0.007640	1574.722069	0.025000
0.000000	4000.000000	-59500.000000	-5.993841	0.044622	0.248935	0.009055	-14.352764	0.009837	0.000000	-27.427584	0.006052	1585.063660	0.025000
0.000000	4000.000000	-59500.000000	-5.996414	0.044284	0.250190	0.009718	-10.786323	0.009364	1.000000	-24.000719	0.013249	1595.408252	0.027000
0.000000	4000.000000	-59500.000000	-5.985298	0.051150	0.251532	0.009117	-14.347899	0.006389	0.000000	-27.393882	0.013119	1605.753844	0.027000
0.000000	4000.000000	-59500.000000	-5.998941	0.049131	0.236755	0.011428	-10.384792	0.010210	1.000000	-23.588578	0.011350	1616.098435	0.030000
0.000000	4000.000000	-59500.000000	-5.986233	0.047671	0.221064	0.009371	-14.347232	0.008814	0.000000	-27.406404	0.008990	1626.445027	0.030000
0.000000	4000.000000	-59500.000000	-6.004577	0.048432	0.231933	0.007374	-9.708754	0.010537	1.000000	-22.955840	0.010779	1636.789619	0.035000
0.000000	4000.000000	-59500.000000	-5.985364	0.055396	0.234231	0.012078	-14.351839	0.009843	0.000000	-27.407269	0.010640	1647.136210	0.035000
0.000000	4000.000000	-63000.000000	-6.011229	0.038170	0.407880	0.007076	-10.847061	0.006054	1.000000	-24.255658	0.009272	1661.380025	0.025000
0.000000	4000.000000	-63000.000000	-6.010843	0.045391	0.402595	0.009733	-14.135765	0.008079	0.000000	-27.411570	0.006998	1671.726617	0.025000
0.000000	4000.000000	-63000.000000	-6.008774	0.053340	0.402563	0.007854	-10.577136	0.007886	1.000000	-24.011478	0.006974	1682.072209	0.027000
0.000000	4000.000000	-63000.000000	-6.000273	0.041237	0.399789	0.006159	-14.136456	0.008474	0.000000	-27.418961	0.011301	1692.412800	0.027000
0.000000	4000.000000	-63000.000000	-6.002992	0.037479	0.394792	0.006396	-10.176444	0.008693	1.000000	-23.604636	0.009669	1702.757392	0.030000
0.000000	4000.000000	-63000.000000	-6.004821	0.033513	0.384375	0.006838	-14.137169	0.007666	0.000000	-27.405014	0.012316	1713.102983	0.030000
0.000000	4000.000000	-63000.000000	-6.003333	0.057669	0.390585	0.008794	-9.491546	0.007511	1.000000	-22.949209	0.014090	1723.447576	0.035000
0.000000	4000.000000	-63000.000000	-5.996500	0.044699	0.385349	0.007324	-14.140288	0.006549	0.000000	-27.409837	0.011489	1733.791167	0.035000
0.000000	4000.000000	-66500.000000	-6.001455	0.070196	0.533366	0.009328	-10.649470	0.009015	1.000000	-24.248193	0.007402	1748.034982	0.025000
0.000000	4000.000000	-66500.000000	-6.019066	0.060753	0.531547	0.011592	-13.942687	0.009801	0.000000	-27.408108	0.013058	1758.381574	0.025000
0.000000	4000.000000	-66500.000000	-6.010078	0.068463	0.524767	0.011238	-10.378130	0.010203	1.000000	-23.998742	0.009482	1768.728165	0.027000
0.000000	4000.000000	-66500.000000	-6.017557	0.044621	0.518648	0.011662	-13.940719	0.007504	0.000000	-27.404075	0.010004	1779.071757	0.027000
0.000000	4000.000000	-66500.000000	-6.028742	0.060317	0.494128	0.009424	-9.970678	0.011581	1.000000	-23.603941	0.012950	1789.416348	0.030000
0.000000	4000.000000	-66500.000000	-6.030658	0.052951	0.508255	0.011996	-13.940437	0.009979	0.000000	-27.415365	0.011571	1799.760940	0.030000
0.000000	4000.000000	-66500.000000	-6.020018	0.045968	0.503356	0.011005	-9.299052	0.011130	1.000000	-22.961294	0.016462	1810.105532	0.035000
0.000000	4000.000000	-66500.000000	-6.025404	0.049220	0.503217	0.009982	-13.938970	0.010824	0.000000	-27.406956	0.011321	1820.452124	0.035000
0.000000	4000.000000	-70000.000000	-6.016023	0.054578	0.562391	0.009874	-10.455589	0.008435	1.000000	-24.253413	0.012334	1834.695939	0.025000
0.000000	4000.000000	-70000.000000	-6.026343	0.061651	0.584591	0.013087	-13.754623	0.009102	0.000000	-27.435636	0.008806	1845.045530	0.025000
0.000000	4000.000000	-70000.000000	-6.057385	0.046661	0.632511	0.010028	-10.189249	0.009195	1.000000	-24.009238	0.009346	1855.390122	0.027000
0.000000	4000.000000	-70000.000000	-6.059423	0.068969	0.603141	0.010400	-13.747676	0.007707	0.000000	-27.445495	0.006448	1865.735714	0.027000
0.000000	4000.000000	-70000.000000	-6.051575	0.064339	0.631867	0.008580	-9.777378	0.009731	1.000000	-23.609762	0.016840	1876.082305	0.030000
0.000000	4000.000000	-70000.000000	-6.028085	0.057708	0.590680	0.010502	-13.745673	0.007794	0.000000	-27.410900	0.008575	1886.425897	0.030000
0.000000	4000.000000	-70000.000000	-6.048832	0.051165	0.646227	0.011292	-9.107859	0.007119	1.000000	-22.958259	0.014879	1896.771489	0.035000
0.000000	4000.000000	-70000.000000	-6.021235	0.058416	0.601434	0.010870	-13.748246	0.007006	0.000000	-27.413607	0.011385	1907.114080	0.035000
0.000000	4000.000000	-70000.000000	-6.052083	0.052246	0.643585	0.013094	-10.463162	0.008569	1.000000	-24.261564	0.011144	1917.458672	0.025000
0.000000	4000.000000	-70000.000000	-6.051314	0.042755	0.582432	0.013358	-13.747443	0.011602	0.000000	-27.427892	0.016086	1927.800264	0.025000
0.000000	4000.000000	-70000.000000	-6.036023	0.070521	0.629698	0.008920	-10.187458	0.010864	1.000000	-23.969576	0.009106	1938.144855	0.027000
0.000000	4000.000000	-70000.000000	-6.044235	0.054827	0.615529	0.008726	-13.746094	0.009191	0.000000	-27.408749	0.006370	1948.489447	0.027000
0.000000	4000.000000	-70000.000000	-6.040414	0.044875	0.650907	0.009580	-9.780921	0.011729	1.000000	-23.583512	0.012292	1958.833039	0.030000
0.000000	4000.000000	-70000.000000	-6.058842	0.060288	0.573674	0.014784	-13.736897	0.010523	0.000000	-27.426292	0.017398	1969.177630	0.030000
0.000000	4000.000000	-70000.000000	-6.031854	0.081612	0.640747	0.008242	-9.105901	0.008820	1.000000	-22.942031	0.010142	1979.524222	0.035000
0.000000	4000.000000	-70000.000000	-6.027855	0.066747	0.589570	0.010145	-13.746754	0.010465	0.000000	-27.404999	0.010262	1989.867814	0.035000
0.000000	4000.000000	-66500.000000	-6.009483	0.053139	0.566115	0.010773	-10.616426	0.010610	1.000000	-24.252534	0.007775	2004.113628	0.025000
0.000000	4000.000000	-66500.000000	-6.010189	0.055200	0.536943	0.008596	-13.916144	0.008038	0.000000	-27.420382	0.014814	2014.457220	0.025000
0.000000	4000.000000	-66500.000000	-6.041777	0.067621	0.531342	0.012030	-10.351897	0.009855	1.000000	-24.015769	0.015193	2024.802812	0.027000
0.000000	4000.000000	-66500.000000	-6.014309	0.052462	0.538226	0.006350	-13.912959	0.007086	0.000000	-27.405476	0.010880	2035.150403	0.027000
0.000000	4000.000000	-66500.000000	-6.026586	0.069323	0.551762	0.010213	-9.947995	0.010179	1.000000	-23.608699	0.007107	2045.495996	0.030000
0.000000	4000.000000	-66500.000000	-6.028033	0.077132	0.556087	0.008887	-13.910174	0.011273	0.000000	-27.405813	0.011757	2055.843587	0.030000
0.000000	4000.000000	-66500.000000	-6.027463	0.046946	0.516645	0.014660	-9.263497	0.010578	1.000000	-22.956908	0.020912	2066.190179	0.035000
0.000000	4000.000000	-66500.000000	-6.040525	0.052687	0.532232	0.015010	-13.911930	0.011359	0.000000	-27.414128	0.015707	2076.535771	0.035000
0.000000	4000.000000	-63000.000000	-5.989814	0.057923	0.416975	0.008094	-10.835125	0.005657	1.000000	-24.266789	0.008110	2090.782586	0.025000
0.000000	4000.000000	-63000.000000	-5.999529	0.032713	0.406996	0.007731	-14.121074	0.007326	0.000000	-27.426655	0.009915	2101.132178	0.025000
0.000000	4000.000000	-63000.000000	-5.983803	0.051532	0.408585	0.009274	-10.565402	0.006466	1.000000	-24.011572	0.008871	2111.476769	0.027000
0.000000	4000.000000	-63000.000000	-5.980649	0.045809	0.430907	0.009088	-14.123713	0.010431	0.000000	-27.422378	0.011838	2121.822361	0.027000
0.000000	4000.000000	-63000.000000	-6.009473	0.044085	0.430542	0.006884	-10.159420	0.008972	1.000000	-23.619026	0.010145	2132.168953	0.030000
0.000000	4000.000000	-63000.000000	-5.997283	0.044694	0.425028	0.007798	-14.121179	0.007582	0.000000	-27.428001	0.011331	2142.510544	0.030000
0.000000	4000.000000	-63000.000000	-5.992627	0.051226	0.397428	0.009150	-9.484397	0.008181	1.000000	-22.967041	0.007253	2152.855136	0.035000
0.000000	4000.000000	-63000.000000	-5.995398	0.036399	0.418773	0.006878	-14.118282	0.007342	0.000000	-27.421465	0.008819	2163.198728	0.035000
0.000000	4000.000000	-59500.000000	-5.951088	0.059558	0.282762	0.006732	-11.049311	0.009182	1.000000	-24.270823	0.008715	2177.443542	0.025000
0.000000	4000.000000	-59500.000000	-5.977895	0.043982	0.240270	0.009356	-14.335556	0.011135	0.000000	-27.423605	0.008446	2187.786134	0.025000
0.000000	4000.000000	-59500.000000	-5.981174	0.066117	0.244568	0.010961	-10.781274	0.006405	1.000000	-24.016519	0.013108	2198.128726	0.027000
0.000000	4000.000000	-59500.000000	-5.954972	0.044425	0.284271	0.009736	-14.341808	0.013079	0.000000	-27.430058	0.009897	2208.474317	0.027000
0.000000	4000.000000	-59500.000000	-5.961154	0.047486	0.268194	0.009120	-10.373259	0.010084	1.000000	-23.614158	0.008887	2218.817909	0.030000
0.000000	4000.000000	-59500.000000	-5.965010	0.056902	0.247280	0.007631	-14.335765	0.010133	0.000000	-27.420700	0.006726	2229.164501	0.030000
0.000000	4000.000000	-59500.000000	-5.979119	0.037384	0.273788	0.011554	-9.698563	0.008344	1.000000	-22.983933	0.014522	2239.508092	0.035000
0.000000	4000.000000	-59500.000000	-5.988632	0.035534	0.284539	0.008196	-14.336252	0.011410	0.000000	-27.419612	0.010984	2249.851684	0.035000
0.000000	4000.000000	-56000.000000	-5.978403	0.070216	0.141696	0.011302	-11.261662	0.009706	1.000000	-24.268324	0.010634	2264.097499	0.025000
0.000000	4000.000000	-56000.000000	-5.969293	0.053457	0.137652	0.010600	-14.550692	0.007150	0.000000	-27.412355	0.009231	2274.445091	0.025000
0.000000	4000.000000	-56000.000000	-5.963918	0.056669	0.147763	0.010475	-10.985134	0.011406	1.000000	-23.999130	0.009805	2284.786682	0.027000
0.000000	4000.000000	-56000.000000	-5.975482	0.049316	0.195595	0.011084	-14.551252	0.010656	0.000000	-27.437066	0.008672	2295.131274	0.027000
0.000000	4000.000000	-56000.000000	-5.989074	0.067274	0.145712	0.011849	-10.588374	0.008779	1.000000	-23.634712	0.006683	2305.473866	0.030000
0.000000	4000.000000	-56000.000000	-5.980830	0.065555	0.140381	0.013401	-14.547354	0.007506	0.000000	-27.423809	0.013101	2315.816457	0.030000
0.000000	4000.000000	-56000.000000	-5.976143	0.061378	0.147669	0.011783	-9.907947	0.010860	1.000000	-22.964264	0.013851	2326.159049	0.035000
0.000000	4000.000000	-56000.000000	-5.959721	0.060352	0.130024	0.011569	-14.550368	0.009123	0.000000	-27.428816	0.009811	2336.501640	0.035000
0.000000	4000.000000	-52500.000000	-6.018888	0.058729	-0.006766	0.011294	-11.480497	0.009984	1.000000	-24.264663	0.007567	2350.744455	0.025000
0.000000	4000.000000	-52500.000000	-5.981595	0.069781	0.000038	0.013448	-14.772972	0.010234	0.000000	-27.434667	0.017478	2361.090046	0.025000
0.000000	4000.000000	-52500.000000	-5.998712	0.047800	0.022937	0.010864	-11.216434	0.011628	1.000000	-24.015938	0.009242	2371.434638	0.027000
0.000000	4000.000000	-52500.000000	-5.970312	0.064658	0.004499	0.011528	-14.773000	0.010885	0.000000	-27.423198	0.012395	2381.782230	0.027000
0.000000	4000.000000	-52500.000000	-5.994696	0.051797	0.001937	0.013840	-10.805095	0.009690	1.000000	-23.616935	0.010998	2392.127822	0.030000
0.000000	4000.000000	-52500.000000	-5.966178	0.050067	0.005619	0.011329	-14.768630	0.013937	0.000000	-27.420873	0.007559	2402.467413	0.030000
0.000000	4000.000000	-52500.000000	-5.996059	0.055232	0.016310	0.014757	-10.129720	0.012743	1.000000	-22.970046	0.019698	2412.812005	0.035000
0.000000	4000.000000	-52500.000000	-6.015565	0.050747	0.020278	0.013706	-14.765834	0.010192	0.000000	-27.418430	0.011768	2423.160597	0.035000
0.000000	4000.000000	-49000.000000	-5.987561	0.047465	-0.120556	0.011194	-11.700632	0.007202	1.000000	-24.269889	0.008885	2437.407412	0.025000
0.000000	4000.000000	-49000.000000	-5.980305	0.043422	-0.134140	0.007762	-14.989968	0.006632	0.000000	-27.429571	0.008391	2447.752003	0.025000
0.000000	4000.000000	-49000.000000	-5.994828	0.037980	-0.140413	0.007413	-11.431576	0.008044	1.000000	-24.018258	0.006991	2458.097595	0.027000
0.000000	4000.000000	-49000.000000	-5.979258	0.031798	-0.139874	0.007897	-14.989443	0.008067	0.000000	-27.431101	0.008978	2468.441186	0.027000
0.000000	4000.000000	-49000.000000	-5.998604	0.037454	-0.145027	0.008062	-11.024976	0.006846	1.000000	-23.621614	0.014418	2478.785778	0.030000
0.000000	4000.000000	-49000.000000	-5.995558	0.048336	-0.150176	0.007930	-14.990410	0.007245	0.000000	-27.430415	0.007408	2489.130370	0.030000
0.000000	4000.000000	-49000.000000	-6.003757	0.048588	-0.140559	0.009714	-10.350548	0.008301	1.000000	-22.974049	0.013918	2499.473961	0.035000
0.000000	4000.000000	-49000.000000	-5.995343	0.040011	-0.138253	0.007932	-14.987861	0.009493	0.000000	-27.430942	0.006393	2509.818553	0.035000
0.000000	4000.000000	-45500.000000	-5.995224	0.043396	-0.260224	0.010987	-11.929961	0.006980	1.000000	-24.266616	0.007003	2524.063368	0.025000
0.000000	4000.000000	-45500.000000	-5.988844	0.053793	-0.271580	0.006657	-15.219651	0.006998	0.000000	-27.438536	0.010318	2534.408960	0.025000
0.000000	4000.000000	-45500.000000	-6.001087	0.042303	-0.276201	0.008416	-11.663255	0.010614	1.000000	-24.018322	0.005673	2544.754551	0.027000
0.000000	4000.000000	-45500.000000	-6.002794	0.053224	-0.278576	0.011254	-15.211126	0.009746	0.000000	-27.431220	0.009834	2555.102143	0.027000
0.000000	4000.000000	-45500.000000	-5.993542	0.044291	-0.288026	0.009538	-11.250967	0.011540	1.000000	-23.632040	0.014670	2565.445735	0.030000
0.000000	4000.000000	-45500.000000	-6.000488	0.043172	-0.294622	0.011338	-15.217530	0.007534	0.000000	-27.426437	0.012475	2575.792326	0.030000
0.000000	4000.000000	-45500.000000	-6.015485	0.046114	-0.278305	0.010996	-10.576055	0.010531	1.000000	-22.968436	0.011934	2586.133918	0.035000
0.000000	4000.000000	-45500.000000	-5.999793	0.044727	-0.293509	0.008801	-15.218469	0.008814	0.000000	-27.428607	0.015185	2596.479510	0.035000
0.000000	4000.000000	-42000.000000	-6.038505	0.051862	-0.419068	0.010482	-12.160561	0.009511	1.000000	-24.272760	0.008477	2610.727325	0.025000
0.000000	4000.000000	-42000.000000	-5.981494	0.045330	-0.424252	0.009014	-15.452627	0.009300	0.000000	-27.434180	0.010589	2621.070917	0.025000
0.000000	4000.000000	-42000.000000	-6.033029	0.049005	-0.419764	0.010687	-11.894624	0.012197	1.000000	-24.011046	0.009570	2631.415508	0.027000
0.000000	4000.000000	-42000.000000	-6.013103	0.063084	-0.421471	0.010900	-15.452053	0.010472	0.000000	-27.443066	0.015352	2641.760100	0.027000
0.000000	4000.000000	-42000.000000	-6.013315	0.053435	-0.418276	0.010283	-11.491613	0.008718	1.000000	-23.620173	0.013364	2652.103692	0.030000
0.000000	4000.000000	-42000.000000	-6.014629	0.059372	-0.422458	0.012816	-15.453086	0.008779	0.000000	-27.425831	0.026206	2662.447283	0.030000
0.000000	4000.000000	-42000.000000	-6.011444	0.069087	-0.404145	0.013787	-10.816569	0.009529	1.000000	-22.964681	0.013521	2672.789875	0.035000
0.000000	4000.000000	-42000.000000	-6.007769	0.052974	-0.419931	0.008647	-15.454946	0.010501	0.000000	-27.437463	0.017531	2683.133466	0.035000
0.000000	4000.000000	-38500.000000	-6.039448	0.060109	-0.545726	0.008853	-12.403596	0.008224	1.000000	-24.255489	0.012731	2697.377281	0.025000
0.000000	4000.000000	-38500.000000	-6.013475	0.040395	-0.558400	0.011988	-15.694222	0.009922	0.000000	-27.432670	0.008636	2707.720872	0.025000
0.000000	4000.000000	-38500.000000	-6.036395	0.059465	-0.552663	0.010792	-12.141303	0.011027	1.000000	-24.017438	0.011928	2718.069465	0.027000
0.000000	4000.000000	-38500.000000	-6.023036	0.050541	-0.560569	0.010486	-15.689594	0.013575	0.000000	-27.443598	0.015844	2728.416056	0.027000
0.000000	4000.000000	-38500.000000	-6.054242	0.061594	-0.565635	0.011565	-11.732029	0.009778	1.000000	-23.632854	0.011807	2738.760648	0.030000
0.000000	4000.000000	-38500.000000	-6.052211	0.053867	-0.575583	0.012125	-15.695964	0.013478	0.000000	-27.440960	0.012458	2749.106240	0.030000
0.000000	4000.000000	-38500.000000	-6.027000	0.057185	-0.570249	0.012302	-11.055027	0.009102	1.000000	-22.978341	0.010069	2759.449831	0.035000
0.000000	4000.000000	-38500.000000	-6.035032	0.053023	-0.554878	0.013245	-15.691096	0.011224	0.000000	-27.427450	0.014458	2769.795423	0.035000
0.000000	4000.000000	-35000.000000	-6.057702	0.044185	-0.696222	0.007746	-12.646408	0.006408	1.000000	-24.301102	0.007130	2784.040238	0.025000
0.000000	4000.000000	-35000.000000	-6.034601	0.050164	-0.722789	0.009809	-15.935817	0.007797	0.000000	-27.451818	0.012933	2794.383830	0.025000
0.000000	4000.000000	-35000.000000	-6.064628	0.058902	-0.696399	0.008137	-12.379129	0.007201	1.000000	-24.030040	0.009841	2804.729421	0.027000
0.000000	4000.000000	-35000.000000	-6.023638	0.046205	-0.688813	0.008199	-15.930727	0.010975	0.000000	-27.448565	0.011639	2815.073013	0.027000
0.000000	4000.000000	-35000.000000	-6.047483	0.042706	-0.714810	0.009045	-11.969246	0.009071	1.000000	-23.630460	0.008608	2825.419605	0.030000
0.000000	4000.000000	-35000.000000	-6.031701	0.033845	-0.702112	0.008932	-15.931266	0.010576	0.000000	-27.434131	0.010780	2835.765196	0.030000
0.000000	4000.000000	-35000.000000	-6.073702	0.042738	-0.697335	0.008447	-11.296563	0.008233	1.000000	-22.981882	0.012089	2846.107788	0.035000
0.000000	4000.000000	-35000.000000	-6.024754	0.043832	-0.700363	0.007852	-15.929868	0.008533	0.000000	-27.435000	0.011428	2856.451379	0.035000