0.000000000000000000e+00 4.000000000000000000e+03 3.526182081452486350e-02 -3.254487422029474653e-03 -5.428759568111637826e-04
0.000000000000000000e+00 4.000000000000000000e+03 3.526182081452486350e-02 -3.254487422029474653e-03 -5.428759568111637826e-04
0.000000000000000000e+00 4.000000000000000000e+03 3.526182081452486350e-02 -3.254487422029474653e-03 -5.428759568111637826e-04
0.000000000000000000e+00 4.000000000000000000e+03 3.526182081452486350e-02 -3.254487422029474653e-03 -5.428759568111637826e-04
0.000000000000000000e+00 4.000000000000000000e+03 3.526182081452486350e-02 -3.254487422029474653e-03 -5.428759568111637826e-04
0.000000000000000000e+00 4.000000000000000000e+03 3.526182081452486350e-02 -3.254487422029474653e-03 -5.428759568111637826e-04
0.000000000000000000e+00 4.000000000000000000e+03 3.526182081452486350e-02 -3.254487422029474653e-03 -5.428759568111637826e-04
0.000000000000000000e+00 4.000000000000000000e+03 3.526182081452486350e-02 -3.254487422029474653e-03 -5.428759568111637826e-04
4.000000000000000000e+03 4.000000000000000000e+03 4.943665620070723798e-02 -1.135324316673748044e-02 -2.880082505239607051e-04
4.000000000000000000e+03 4.000000000000000000e+03 4.943665620070723798e-02 -1.135324316673748044e-02 -2.880082505239607051e-04
4.000000000000000000e+03 4.000000000000000000e+03 4.943665620070723798e-02 -1.135324316673748044e-02 -2.880082505239607051e-04
4.000000000000000000e+03 4.000000000000000000e+03 4.943665620070723798e-02 -1.135324316673748044e-02 -2.880082505239607051e-04
4.000000000000000000e+03 4.000000000000000000e+03 4.943665620070723798e-02 -1.135324316673748044e-02 -2.880082505239607051e-04
4.000000000000000000e+03 4.000000000000000000e+03 4.943665620070723798e-02 -1.135324316673748044e-02 -2.880082505239607051e-04
4.000000000000000000e+03 4.000000000000000000e+03 4.943665620070723798e-02 -1.135324316673748044e-02 -2.880082505239607051e-04
4.000000000000000000e+03 4.000000000000000000e+03 4.943665620070723798e-02 -1.135324316673748044e-02 -2.880082505239607051e-04
8.000000000000000000e+03 4.000000000000000000e+03 3.917735465625694913e-02 -7.976487836416881055e-03 -1.233580418896242526e-03
8.000000000000000000e+03 4.000000000000000000e+03 3.917735465625694913e-02 -7.976487836416881055e-03 -1.233580418896242526e-03
8.000000000000000000e+03 4.000000000000000000e+03 3.917735465625694913e-02 -7.976487836416881055e-03 -1.233580418896242526e-03
8.000000000000000000e+03 4.000000000000000000e+03 3.917735465625694913e-02 -7.976487836416881055e-03 -1.233580418896242526e-03
8.000000000000000000e+03 4.000000000000000000e+03 3.917735465625694913e-02 -7.976487836416881055e-03 -1.233580418896242526e-03
8.000000000000000000e+03 4.000000000000000000e+03 3.917735465625694913e-02 -7.976487836416881055e-03 -1.233580418896242526e-03
8.000000000000000000e+03 4.000000000000000000e+03 3.917735465625694913e-02 -7.976487836416881055e-03 -1.233580418896242526e-03
8.000000000000000000e+03 4.000000000000000000e+03 3.917735465625694913e-02 -7.976487836416881055e-03 -1.233580418896242526e-03
1.200000000000000000e+04 4.000000000000000000e+03 4.772803550729909361e-02 -8.831547997311157625e-03 5.947292875152729655e-03
1.200000000000000000e+04 4.000000000000000000e+03 4.772803550729909361e-02 -8.831547997311157625e-03 5.947292875152729655e-03
1.200000000000000000e+04 4.000000000000000000e+03 4.772803550729909361e-02 -8.831547997311157625e-03 5.947292875152729655e-03
1.200000000000000000e+04 4.000000000000000000e+03 4.772803550729909361e-02 -8.831547997311157625e-03 5.947292875152729655e-03
1.200000000000000000e+04 4.000000000000000000e+03 4.772803550729909361e-02 -8.831547997311157625e-03 5.947292875152729655e-03
1.200000000000000000e+04 4.000000000000000000e+03 4.772803550729909361e-02 -8.831547997311157625e-03 5.947292875152729655e-03
1.200000000000000000e+04 4.000000000000000000e+03 4.772803550729909361e-02 -8.831547997311157625e-03 5.947292875152729655e-03
1.200000000000000000e+04 4.000000000000000000e+03 4.772803550729909361e-02 -8.831547997311157625e-03 5.947292875152729655e-03
1.600000000000000000e+04 4.000000000000000000e+03 3.407429836911773924e-02 -4.194004828315313349e-03 1.146902451344625901e-02
1.600000000000000000e+04 4.000000000000000000e+03 3.407429836911773924e-02 -4.194004828315313349e-03 1.146902451344625901e-02
1.600000000000000000e+04 4.000000000000000000e+03 3.407429836911773924e-02 -4.194004828315313349e-03 1.146902451344625901e-02
1.600000000000000000e+04 4.000000000000000000e+03 3.407429836911773924e-02 -4.194004828315313349e-03 1.146902451344625901e-02
1.600000000000000000e+04 4.000000000000000000e+03 3.407429836911773924e-02 -4.194004828315313349e-03 1.146902451344625901e-02
1.600000000000000000e+04 4.000000000000000000e+03 3.407429836911773924e-02 -4.194004828315313349e-03 1.146902451344625901e-02
1.600000000000000000e+04 4.000000000000000000e+03 3.407429836911773924e-02 -4.194004828315313349e-03 1.146902451344625901e-02
1.600000000000000000e+04 4.000000000000000000e+03 3.407429836911773924e-02 -4.194004828315313349e-03 1.146902451344625901e-02
2.000000000000000000e+04 4.000000000000000000e+03 4.106761885662256473e-02 -2.084334574644935989e-03 6.616383808512000392e-03
2.000000000000000000e+04 4.000000000000000000e+03 4.106761885662256473e-02 -2.084334574644935989e-03 6.616383808512000392e-03
2.000000000000000000e+04 4.000000000000000000e+03 4.106761885662256473e-02 -2.084334574644935989e-03 6.616383808512000392e-03
2.000000000000000000e+04 4.000000000000000000e+03 4.106761885662256473e-02 -2.084334574644935989e-03 6.616383808512000392e-03
2.000000000000000000e+04 4.000000000000000000e+03 4.106761885662256473e-02 -2.084334574644935989e-03 6.616383808512000392e-03
2.000000000000000000e+04 4.000000000000000000e+03 4.106761885662256473e-02 -2.084334574644935989e-03 6.616383808512000392e-03
2.000000000000000000e+04 4.000000000000000000e+03 4.106761885662256473e-02 -2.084334574644935989e-03 6.616383808512000392e-03
2.000000000000000000e+04 4.000000000000000000e+03 4.106761885662256473e-02 -2.084334574644935989e-03 6.616383808512000392e-03
2.400000000000000000e+04 4.000000000000000000e+03 3.106533030989894195e-02 1.778418727694111383e-04 8.425494444172808295e-03
2.400000000000000000e+04 4.000000000000000000e+03 3.106533030989894195e-02 1.778418727694111383e-04 8.425494444172808295e-03
2.400000000000000000e+04 4.000000000000000000e+03 3.106533030989894195e-02 1.778418727694111383e-04 8.425494444172808295e-03
2.400000000000000000e+04 4.000000000000000000e+03 3.106533030989894195e-02 1.778418727694111383e-04 8.425494444172808295e-03
2.400000000000000000e+04 4.000000000000000000e+03 3.106533030989894195e-02 1.778418727694111383e-04 8.425494444172808295e-03
2.400000000000000000e+04 4.000000000000000000e+03 3.106533030989894195e-02 1.778418727694111383e-04 8.425494444172808295e-03
2.400000000000000000e+04 4.000000000000000000e+03 3.106533030989894195e-02 1.778418727694111383e-04 8.425494444172808295e-03
2.400000000000000000e+04 4.000000000000000000e+03 3.106533030989894195e-02 1.778418727694111383e-04 8.425494444172808295e-03
2.800000000000000000e+04 4.000000000000000000e+03 2.931232221467289234e-02 1.999679797177318814e-03 4.693332854025473316e-03
2.800000000000000000e+04 4.000000000000000000e+03 2.931232221467289234e-02 1.999679797177318814e-03 4.693332854025473316e-03
2.800000000000000000e+04 4.000000000000000000e+03 2.931232221467289234e-02 1.999679797177318814e-03 4.693332854025473316e-03
2.800000000000000000e+04 4.000000000000000000e+03 2.931232221467289234e-02 1.999679797177318814e-03 4.693332854025473316e-03
2.800000000000000000e+04 4.000000000000000000e+03 2.931232221467289234e-02 1.999679797177318814e-03 4.693332854025473316e-03
2.800000000000000000e+04 4.000000000000000000e+03 2.931232221467289234e-02 1.999679797177318814e-03 4.693332854025473316e-03
2.800000000000000000e+04 4.000000000000000000e+03 2.931232221467289234e-02 1.999679797177318814e-03 4.693332854025473316e-03
2.800000000000000000e+04 4.000000000000000000e+03 2.931232221467289234e-02 1.999679797177318814e-03 4.693332854025473316e-03
2.800000000000000000e+04 4.000000000000000000e+03 2.931232221467289234e-02 1.999679797177318814e-03 4.693332854025473316e-03
2.800000000000000000e+04 4.000000000000000000e+03 2.931232221467289234e-02 1.999679797177318814e-03 4.693332854025473316e-03
2.800000000000000000e+04 4.000000000000000000e+03 2.931232221467289234e-02 1.999679797177318814e-03 4.693332854025473316e-03
2.800000000000000000e+04 4.000000000000000000e+03 2.931232221467289234e-02 1.999679797177318814e-03 4.693332854025473316e-03
2.800000000000000000e+04 4.000000000000000000e+03 2.931232221467289234e-02 1.999679797177318814e-03 4.693332854025473316e-03
2.800000000000000000e+04 4.000000000000000000e+03 2.931232221467289234e-02 1.999679797177318814e-03 4.693332854025473316e-03
2.800000000000000000e+04 4.000000000000000000e+03 2.931232221467289234e-02 1.999679797177318814e-03 4.693332854025473316e-03
2.800000000000000000e+04 4.000000000000000000e+03 2.931232221467289234e-02 1.999679797177318814e-03 4.693332854025473316e-03
2.400000000000000000e+04 4.000000000000000000e+03 3.106533030989894195e-02 1.778418727694111383e-04 8.425494444172808295e-03
2.400000000000000000e+04 4.000000000000000000e+03 3.106533030989894195e-02 1.778418727694111383e-04 8.425494444172808295e-03
2.400000000000000000e+04 4.000000000000000000e+03 3.106533030989894195e-02 1.778418727694111383e-04 8.425494444172808295e-03
2.400000000000000000e+04 4.000000000000000000e+03 3.106533030989894195e-02 1.778418727694111383e-04 8.425494444172808295e-03
2.400000000000000000e+04 4.000000000000000000e+03 3.106533030989894195e-02 1.778418727694111383e-04 8.425494444172808295e-03
2.400000000000000000e+04 4.000000000000000000e+03 3.106533030989894195e-02 1.778418727694111383e-04 8.425494444172808295e-03
2.400000000000000000e+04 4.000000000000000000e+03 3.106533030989894195e-02 1.778418727694111383e-04 8.425494444172808295e-03
2.400000000000000000e+04 4.000000000000000000e+03 3.106533030989894195e-02 1.778418727694111383e-04 8.425494444172808295e-03
2.000000000000000000e+04 4.000000000000000000e+03 4.106761885662256473e-02 -2.084334574644935989e-03 6.616383808512000392e-03
2.000000000000000000e+04 4.000000000000000000e+03 4.106761885662256473e-02 -2.084334574644935989e-03 6.616383808512000392e-03
2.000000000000000000e+04 4.000000000000000000e+03 4.106761885662256473e-02 -2.084334574644935989e-03 6.616383808512000392e-03
2.000000000000000000e+04 4.000000000000000000e+03 4.106761885662256473e-02 -2.084334574644935989e-03 6.616383808512000392e-03
2.000000000000000000e+04 4.000000000000000000e+03 4.106761885662256473e-02 -2.084334574644935989e-03 6.616383808512000392e-03
2.000000000000000000e+04 4.000000000000000000e+03 4.106761885662256473e-02 -2.084334574644935989e-03 6.616383808512000392e-03
2.000000000000000000e+04 4.000000000000000000e+03 4.106761885662256473e-02 -2.084334574644935989e-03 6.616383808512000392e-03
2.000000000000000000e+04 4.000000000000000000e+03 4.106761885662256473e-02 -2.084334574644935989e-03 6.616383808512000392e-03
1.600000000000000000e+04 4.000000000000000000e+03 3.407429836911773924e-02 -4.194004828315313349e-03 1.146902451344625901e-02
1.600000000000000000e+04 4.000000000000000000e+03 3.407429836911773924e-02 -4.194004828315313349e-03 1.146902451344625901e-02
1.600000000000000000e+04 4.000000000000000000e+03 3.407429836911773924e-02 -4.194004828315313349e-03 1.146902451344625901e-02
1.600000000000000000e+04 4.000000000000000000e+03 3.407429836911773924e-02 -4.194004828315313349e-03 1.146902451344625901e-02
1.600000000000000000e+04 4.000000000000000000e+03 3.407429836911773924e-02 -4.194004828315313349e-03 1.146902451344625901e-02
1.600000000000000000e+04 4.000000000000000000e+03 3.407429836911773924e-02 -4.194004828315313349e-03 1.146902451344625901e-02
1.600000000000000000e+04 4.000000000000000000e+03 3.407429836911773924e-02 -4.194004828315313349e-03 1.146902451344625901e-02
1.600000000000000000e+04 4.000000000000000000e+03 3.407429836911773924e-02 -4.194004828315313349e-03 1.146902451344625901e-02
1.200000000000000000e+04 4.000000000000000000e+03 4.772803550729909361e-02 -8.831547997311157625e-03 5.947292875152729655e-03
1.200000000000000000e+04 4.000000000000000000e+03 4.772803550729909361e-02 -8.831547997311157625e-03 5.947292875152729655e-03
1.200000000000000000e+04 4.000000000000000000e+03 4.772803550729909361e-02 -8.831547997311157625e-03 5.947292875152729655e-03
1.200000000000000000e+04 4.000000000000000000e+03 4.772803550729909361e-02 -8.831547997311157625e-03 5.947292875152729655e-03
1.200000000000000000e+04 4.000000000000000000e+03 4.772803550729909361e-02 -8.831547997311157625e-03 5.947292875152729655e-03
1.200000000000000000e+04 4.000000000000000000e+03 4.772803550729909361e-02 -8.831547997311157625e-03 5.947292875152729655e-03
1.200000000000000000e+04 4.000000000000000000e+03 4.772803550729909361e-02 -8.831547997311157625e-03 5.947292875152729655e-03
1.200000000000000000e+04 4.000000000000000000e+03 4.772803550729909361e-02 -8.831547997311157625e-03 5.947292875152729655e-03
8.000000000000000000e+03 4.000000000000000000e+03 3.917735465625694913e-02 -7.976487836416881055e-03 -1.233580418896242526e-03
8.000000000000000000e+03 4.000000000000000000e+03 3.917735465625694913e-02 -7.976487836416881055e-03 -1.233580418896242526e-03
8.000000000000000000e+03 4.000000000000000000e+03 3.917735465625694913e-02 -7.976487836416881055e-03 -1.233580418896242526e-03
8.000000000000000000e+03 4.000000000000000000e+03 3.917735465625694913e-02 -7.976487836416881055e-03 -1.233580418896242526e-03
8.000000000000000000e+03 4.000000000000000000e+03 3.917735465625694913e-02 -7.976487836416881055e-03 -1.233580418896242526e-03
8.000000000000000000e+03 4.000000000000000000e+03 3.917735465625694913e-02 -7.976487836416881055e-03 -1.233580418896242526e-03
8.000000000000000000e+03 4.000000000000000000e+03 3.917735465625694913e-02 -7.976487836416881055e-03 -1.233580418896242526e-03
8.000000000000000000e+03 4.000000000000000000e+03 3.917735465625694913e-02 -7.976487836416881055e-03 -1.233580418896242526e-03
4.000000000000000000e+03 4.000000000000000000e+03 4.943665620070723798e-02 -1.135324316673748044e-02 -2.880082505239607051e-04
4.000000000000000000e+03 4.000000000000000000e+03 4.943665620070723798e-02 -1.135324316673748044e-02 -2.880082505239607051e-04
4.000000000000000000e+03 4.000000000000000000e+03 4.943665620070723798e-02 -1.135324316673748044e-02 -2.880082505239607051e-04
4.000000000000000000e+03 4.000000000000000000e+03 4.943665620070723798e-02 -1.135324316673748044e-02 -2.880082505239607051e-04
4.000000000000000000e+03 4.000000000000000000e+03 4.943665620070723798e-02 -1.135324316673748044e-02 -2.880082505239607051e-04
4.000000000000000000e+03 4.000000000000000000e+03 4.943665620070723798e-02 -1.135324316673748044e-02 -2.880082505239607051e-04
4.000000000000000000e+03 4.000000000000000000e+03 4.943665620070723798e-02 -1.135324316673748044e-02 -2.880082505239607051e-04
4.000000000000000000e+03 4.000000000000000000e+03 4.943665620070723798e-02 -1.135324316673748044e-02 -2.880082505239607051e-04
0.000000000000000000e+00 4.000000000000000000e+03 3.526182081452486350e-02 -3.254487422029474653e-03 -5.428759568111637826e-04
0.000000000000000000e+00 4.000000000000000000e+03 3.526182081452486350e-02 -3.254487422029474653e-03 -5.428759568111637826e-04
0.000000000000000000e+00 4.000000000000000000e+03 3.526182081452486350e-02 -3.254487422029474653e-03 -5.428759568111637826e-04
0.000000000000000000e+00 4.000000000000000000e+03 3.526182081452486350e-02 -3.254487422029474653e-03 -5.428759568111637826e-04
0.000000000000000000e+00 4.000000000000000000e+03 3.526182081452486350e-02 -3.254487422029474653e-03 -5.428759568111637826e-04
0.000000000000000000e+00 4.000000000000000000e+03 3.526182081452486350e-02 -3.254487422029474653e-03 -5.428759568111637826e-04
0.000000000000000000e+00 4.000000000000000000e+03 3.526182081452486350e-02 -3.254487422029474653e-03 -5.428759568111637826e-04
0.000000000000000000e+00 4.000000000000000000e+03 3.526182081452486350e-02 -3.254487422029474653e-03 -5.428759568111637826e-04
0.000000000000000000e+00 4.000000000000000000e+03 3.526182081452486350e-02 -3.254487422029474653e-03 -5.428759568111637826e-04
0.000000000000000000e+00 4.000000000000000000e+03 3.526182081452486350e-02 -3.254487422029474653e-03 -5.428759568111637826e-04
0.000000000000000000e+00 4.000000000000000000e+03 3.526182081452486350e-02 -3.254487422029474653e-03 -5.428759568111637826e-04
0.000000000000000000e+00 4.000000000000000000e+03 3.526182081452486350e-02 -3.254487422029474653e-03 -5.428759568111637826e-04
0.000000000000000000e+00 4.000000000000000000e+03 3.526182081452486350e-02 -3.254487422029474653e-03 -5.428759568111637826e-04
0.000000000000000000e+00 4.000000000000000000e+03 3.526182081452486350e-02 -3.254487422029474653e-03 -5.428759568111637826e-04
0.000000000000000000e+00 4.000000000000000000e+03 3.526182081452486350e-02 -3.254487422029474653e-03 -5.428759568111637826e-04
0.000000000000000000e+00 4.000000000000000000e+03 3.526182081452486350e-02 -3.254487422029474653e-03 -5.428759568111637826e-04
4.000000000000000000e+03 4.000000000000000000e+03 4.943665620070723798e-02 -1.135324316673748044e-02 -2.880082505239607051e-04
4.000000000000000000e+03 4.000000000000000000e+03 4.943665620070723798e-02 -1.135324316673748044e-02 -2.880082505239607051e-04
4.000000000000000000e+03 4.000000000000000000e+03 4.943665620070723798e-02 -1.135324316673748044e-02 -2.880082505239607051e-04
4.000000000000000000e+03 4.000000000000000000e+03 4.943665620070723798e-02 -1.135324316673748044e-02 -2.880082505239607051e-04
4.000000000000000000e+03 4.000000000000000000e+03 4.943665620070723798e-02 -1.135324316673748044e-02 -2.880082505239607051e-04
4.000000000000000000e+03 4.000000000000000000e+03 4.943665620070723798e-02 -1.135324316673748044e-02 -2.880082505239607051e-04
4.000000000000000000e+03 4.000000000000000000e+03 4.943665620070723798e-02 -1.135324316673748044e-02 -2.880082505239607051e-04
4.000000000000000000e+03 4.000000000000000000e+03 4.943665620070723798e-02 -1.135324316673748044e-02 -2.880082505239607051e-04
8.000000000000000000e+03 4.000000000000000000e+03 3.917735465625694913e-02 -7.976487836416881055e-03 -1.233580418896242526e-03
8.000000000000000000e+03 4.000000000000000000e+03 3.917735465625694913e-02 -7.976487836416881055e-03 -1.233580418896242526e-03
8.000000000000000000e+03 4.000000000000000000e+03 3.917735465625694913e-02 -7.976487836416881055e-03 -1.233580418896242526e-03
8.000000000000000000e+03 4.000000000000000000e+03 3.917735465625694913e-02 -7.976487836416881055e-03 -1.233580418896242526e-03
8.000000000000000000e+03 4.000000000000000000e+03 3.917735465625694913e-02 -7.976487836416881055e-03 -1.233580418896242526e-03
8.000000000000000000e+03 4.000000000000000000e+03 3.917735465625694913e-02 -7.976487836416881055e-03 -1.233580418896242526e-03
8.000000000000000000e+03 4.000000000000000000e+03 3.917735465625694913e-02 -7.976487836416881055e-03 -1.233580418896242526e-03
8.000000000000000000e+03 4.000000000000000000e+03 3.917735465625694913e-02 -7.976487836416881055e-03 -1.233580418896242526e-03
1.200000000000000000e+04 4.000000000000000000e+03 4.772803550729909361e-02 -8.831547997311157625e-03 5.947292875152729655e-03
1.200000000000000000e+04 4.000000000000000000e+03 4.772803550729909361e-02 -8.831547997311157625e-03 5.947292875152729655e-03
1.200000000000000000e+04 4.000000000000000000e+03 4.772803550729909361e-02 -8.831547997311157625e-03 5.947292875152729655e-03
1.200000000000000000e+04 4.000000000000000000e+03 4.772803550729909361e-02 -8.831547997311157625e-03 5.947292875152729655e-03
1.200000000000000000e+04 4.000000000000000000e+03 4.772803550729909361e-02 -8.831547997311157625e-03 5.947292875152729655e-03
1.200000000000000000e+04 4.000000000000000000e+03 4.772803550729909361e-02 -8.831547997311157625e-03 5.947292875152729655e-03
1.200000000000000000e+04 4.000000000000000000e+03 4.772803550729909361e-02 -8.831547997311157625e-03 5.947292875152729655e-03
1.200000000000000000e+04 4.000000000000000000e+03 4.772803550729909361e-02 -8.831547997311157625e-03 5.947292875152729655e-03
1.600000000000000000e+04 4.000000000000000000e+03 3.407429836911773924e-02 -4.194004828315313349e-03 1.146902451344625901e-02
1.600000000000000000e+04 4.000000000000000000e+03 3.407429836911773924e-02 -4.194004828315313349e-03 1.146902451344625901e-02
1.600000000000000000e+04 4.000000000000000000e+03 3.407429836911773924e-02 -4.194004828315313349e-03 1.146902451344625901e-02
1.600000000000000000e+04 4.000000000000000000e+03 3.407429836911773924e-02 -4.194004828315313349e-03 1.146902451344625901e-02
1.600000000000000000e+04 4.000000000000000000e+03 3.407429836911773924e-02 -4.194004828315313349e-03 1.146902451344625901e-02
1.600000000000000000e+04 4.000000000000000000e+03 3.407429836911773924e-02 -4.194004828315313349e-03 1.146902451344625901e-02
1.600000000000000000e+04 4.000000000000000000e+03 3.407429836911773924e-02 -4.194004828315313349e-03 1.146902451344625901e-02
1.600000000000000000e+04 4.000000000000000000e+03 3.407429836911773924e-02 -4.194004828315313349e-03 1.146902451344625901e-02
2.000000000000000000e+04 4.000000000000000000e+03 4.106761885662256473e-02 -2.084334574644935989e-03 6.616383808512000392e-03
2.000000000000000000e+04 4.000000000000000000e+03 4.106761885662256473e-02 -2.084334574644935989e-03 6.616383808512000392e-03
2.000000000000000000e+04 4.000000000000000000e+03 4.106761885662256473e-02 -2.084334574644935989e-03 6.616383808512000392e-03
2.000000000000000000e+04 4.000000000000000000e+03 4.106761885662256473e-02 -2.084334574644935989e-03 6.616383808512000392e-03
2.000000000000000000e+04 4.000000000000000000e+03 4.106761885662256473e-02 -2.084334574644935989e-03 6.616383808512000392e-03
2.000000000000000000e+04 4.000000000000000000e+03 4.106761885662256473e-02 -2.084334574644935989e-03 6.616383808512000392e-03
2.000000000000000000e+04 4.000000000000000000e+03 4.106761885662256473e-02 -2.084334574644935989e-03 6.616383808512000392e-03
2.000000000000000000e+04 4.000000000000000000e+03 4.106761885662256473e-02 -2.084334574644935989e-03 6.616383808512000392e-03
2.400000000000000000e+04 4.000000000000000000e+03 3.106533030989894195e-02 1.778418727694111383e-04 8.425494444172808295e-03
2.400000000000000000e+04 4.000000000000000000e+03 3.106533030989894195e-02 1.778418727694111383e-04 8.425494444172808295e-03
2.400000000000000000e+04 4.000000000000000000e+03 3.106533030989894195e-02 1.778418727694111383e-04 8.425494444172808295e-03
2.400000000000000000e+04 4.000000000000000000e+03 3.106533030989894195e-02 1.778418727694111383e-04 8.425494444172808295e-03
2.400000000000000000e+04 4.000000000000000000e+03 3.106533030989894195e-02 1.778418727694111383e-04 8.425494444172808295e-03
2.400000000000000000e+04 4.000000000000000000e+03 3.106533030989894195e-02 1.778418727694111383e-04 8.425494444172808295e-03
2.400000000000000000e+04 4.000000000000000000e+03 3.106533030989894195e-02 1.778418727694111383e-04 8.425494444172808295e-03
2.400000000000000000e+04 4.000000000000000000e+03 3.106533030989894195e-02 1.778418727694111383e-04 8.425494444172808295e-03
2.800000000000000000e+04 4.000000000000000000e+03 2.931232221467289234e-02 1.999679797177318814e-03 4.693332854025473316e-03
2.800000000000000000e+04 4.000000000000000000e+03 2.931232221467289234e-02 1.999679797177318814e-03 4.693332854025473316e-03
2.800000000000000000e+04 4.000000000000000000e+03 2.931232221467289234e-02 1.999679797177318814e-03 4.693332854025473316e-03
2.800000000000000000e+04 4.000000000000000000e+03 2.931232221467289234e-02 1.999679797177318814e-03 4.693332854025473316e-03
2.800000000000000000e+04 4.000000000000000000e+03 2.931232221467289234e-02 1.999679797177318814e-03 4.693332854025473316e-03
2.800000000000000000e+04 4.000000000000000000e+03 2.931232221467289234e-02 1.999679797177318814e-03 4.693332854025473316e-03
2.800000000000000000e+04 4.000000000000000000e+03 2.931232221467289234e-02 1.999679797177318814e-03 4.693332854025473316e-03
2.800000000000000000e+04 4.000000000000000000e+03 2.931232221467289234e-02 1.999679797177318814e-03 4.693332854025473316e-03
0.000000000000000000e+00 8.000000000000000000e+03 3.109564086856113352e-02 3.148848723349461504e-02 -5.058916214126014249e-02
0.000000000000000000e+00 8.000000000000000000e+03 3.109564086856113352e-02 3.148848723349461504e-02 -5.058916214126014249e-02
0.000000000000000000e+00 8.000000000000000000e+03 3.109564086856113352e-02 3.148848723349461504e-02 -5.058916214126014249e-02
0.000000000000000000e+00 8.000000000000000000e+03 3.109564086856113352e-02 3.148848723349461504e-02 -5.058916214126014249e-02
0.000000000000000000e+00 8.000000000000000000e+03 3.109564086856113352e-02 3.148848723349461504e-02 -5.058916214126014249e-02
0.000000000000000000e+00 8.000000000000000000e+03 3.109564086856113352e-02 3.148848723349461504e-02 -5.058916214126014249e-02
0.000000000000000000e+00 8.000000000000000000e+03 3.109564086856113352e-02 3.148848723349461504e-02 -5.058916214126014249e-02
0.000000000000000000e+00 8.000000000000000000e+03 3.109564086856113352e-02 3.148848723349461504e-02 -5.058916214126014249e-02
4.000000000000000000e+03 8.000000000000000000e+03 2.744200423471891692e-02 3.568729769269077257e-02 -4.646860493957469251e-02
4.000000000000000000e+03 8.000000000000000000e+03 2.744200423471891692e-02 3.568729769269077257e-02 -4.646860493957469251e-02
4.000000000000000000e+03 8.000000000000000000e+03 2.744200423471891692e-02 3.568729769269077257e-02 -4.646860493957469251e-02
4.000000000000000000e+03 8.000000000000000000e+03 2.744200423471891692e-02 3.568729769269077257e-02 -4.646860493957469251e-02
4.000000000000000000e+03 8.000000000000000000e+03 2.744200423471891692e-02 3.568729769269077257e-02 -4.646860493957469251e-02
4.000000000000000000e+03 8.000000000000000000e+03 2.744200423471891692e-02 3.568729769269077257e-02 -4.646860493957469251e-02
4.000000000000000000e+03 8.000000000000000000e+03 2.744200423471891692e-02 3.568729769269077257e-02 -4.646860493957469251e-02
4.000000000000000000e+03 8.000000000000000000e+03 2.744200423471891692e-02 3.568729769269077257e-02 -4.646860493957469251e-02
8.000000000000000000e+03 8.000000000000000000e+03 2.622263733014570594e-02 3.590578476814609843e-02 -4.714228335547659965e-02
8.000000000000000000e+03 8.000000000000000000e+03 2.622263733014570594e-02 3.590578476814609843e-02 -4.714228335547659965e-02
8.000000000000000000e+03 8.000000000000000000e+03 2.622263733014570594e-02 3.590578476814609843e-02 -4.714228335547659965e-02
8.000000000000000000e+03 8.000000000000000000e+03 2.622263733014570594e-02 3.590578476814609843e-02 -4.714228335547659965e-02
8.000000000000000000e+03 8.000000000000000000e+03 2.622263733014570594e-02 3.590578476814609843e-02 -4.714228335547659965e-02
8.000000000000000000e+03 8.000000000000000000e+03 2.622263733014570594e-02 3.590578476814609843e-02 -4.714228335547659965e-02
8.000000000000000000e+03 8.000000000000000000e+03 2.622263733014570594e-02 3.590578476814609843e-02 -4.714228335547659965e-02
8.000000000000000000e+03 8.000000000000000000e+03 2.622263733014570594e-02 3.590578476814609843e-02 -4.714228335547659965e-02
1.200000000000000000e+04 8.000000000000000000e+03 2.501473016721801612e-02 3.193323906784660549e-02 -4.300933685392874239e-02
1.200000000000000000e+04 8.000000000000000000e+03 2.501473016721801612e-02 3.193323906784660549e-02 -4.300933685392874239e-02
1.200000000000000000e+04 8.000000000000000000e+03 2.501473016721801612e-02 3.193323906784660549e-02 -4.300933685392874239e-02
1.200000000000000000e+04 8.000000000000000000e+03 2.501473016721801612e-02 3.193323906784660549e-02 -4.300933685392874239e-02
1.200000000000000000e+04 8.000000000000000000e+03 2.501473016721801612e-02 3.193323906784660549e-02 -4.300933685392874239e-02
1.200000000000000000e+04 8.000000000000000000e+03 2.501473016721801612e-02 3.193323906784660549e-02 -4.300933685392874239e-02
1.200000000000000000e+04 8.000000000000000000e+03 2.501473016721801612e-02 3.193323906784660549e-02 -4.300933685392874239e-02
1.200000000000000000e+04 8.000000000000000000e+03 2.501473016721801612e-02 3.193323906784660549e-02 -4.300933685392874239e-02
1.600000000000000000e+04 8.000000000000000000e+03 2.703011872657155867e-02 2.656719081320674594e-02 -4.066910393611347652e-02
1.600000000000000000e+04 8.000000000000000000e+03 2.703011872657155867e-02 2.656719081320674594e-02 -4.066910393611347652e-02
1.600000000000000000e+04 8.000000000000000000e+03 2.703011872657155867e-02 2.656719081320674594e-02 -4.066910393611347652e-02
1.600000000000000000e+04 8.000000000000000000e+03 2.703011872657155867e-02 2.656719081320674594e-02 -4.066910393611347652e-02
1.600000000000000000e+04 8.000000000000000000e+03 2.703011872657155867e-02 2.656719081320674594e-02 -4.066910393611347652e-02
1.600000000000000000e+04 8.000000000000000000e+03 2.703011872657155867e-02 2.656719081320674594e-02 -4.066910393611347652e-02
1.600000000000000000e+04 8.000000000000000000e+03 2.703011872657155867e-02 2.656719081320674594e-02 -4.066910393611347652e-02
1.600000000000000000e+04 8.000000000000000000e+03 2.703011872657155867e-02 2.656719081320674594e-02 -4.066910393611347652e-02
2.000000000000000000e+04 8.000000000000000000e+03 2.704311351378978212e-02 2.953449617512216713e-02 -4.142243492120531445e-02
2.000000000000000000e+04 8.000000000000000000e+03 2.704311351378978212e-02 2.953449617512216713e-02 -4.142243492120531445e-02
2.000000000000000000e+04 8.000000000000000000e+03 2.704311351378978212e-02 2.953449617512216713e-02 -4.142243492120531445e-02
2.000000000000000000e+04 8.000000000000000000e+03 2.704311351378978212e-02 2.953449617512216713e-02 -4.142243492120531445e-02
2.000000000000000000e+04 8.000000000000000000e+03 2.704311351378978212e-02 2.953449617512216713e-02 -4.142243492120531445e-02
2.000000000000000000e+04 8.000000000000000000e+03 2.704311351378978212e-02 2.953449617512216713e-02 -4.142243492120531445e-02
2.000000000000000000e+04 8.000000000000000000e+03 2.704311351378978212e-02 2.953449617512216713e-02 -4.142243492120531445e-02
2.000000000000000000e+04 8.000000000000000000e+03 2.704311351378978212e-02 2.953449617512216713e-02 -4.142243492120531445e-02
2.400000000000000000e+04 8.000000000000000000e+03 3.156098281713032305e-02 3.341877332584588384e-02 -4.236406932702406480e-02
2.400000000000000000e+04 8.000000000000000000e+03 3.156098281713032305e-02 3.341877332584588384e-02 -4.236406932702406480e-02
2.400000000000000000e+04 8.000000000000000000e+03 3.156098281713032305e-02 3.341877332584588384e-02 -4.236406932702406480e-02
2.400000000000000000e+04 8.000000000000000000e+03 3.156098281713032305e-02 3.341877332584588384e-02 -4.236406932702406480e-02
2.400000000000000000e+04 8.000000000000000000e+03 3.156098281713032305e-02 3.341877332584588384e-02 -4.236406932702406480e-02
2.400000000000000000e+04 8.000000000000000000e+03 3.156098281713032305e-02 3.341877332584588384e-02 -4.236406932702406480e-02
2.400000000000000000e+04 8.000000000000000000e+03 3.156098281713032305e-02 3.341877332584588384e-02 -4.236406932702406480e-02
2.400000000000000000e+04 8.000000000000000000e+03 3.156098281713032305e-02 3.341877332584588384e-02 -4.236406932702406480e-02
2.800000000000000000e+04 8.000000000000000000e+03 2.883669202634394149e-02 3.474939740424340395e-02 -4.373997941086136404e-02
2.800000000000000000e+04 8.000000000000000000e+03 2.883669202634394149e-02 3.474939740424340395e-02 -4.373997941086136404e-02
2.800000000000000000e+04 8.000000000000000000e+03 2.883669202634394149e-02 3.474939740424340395e-02 -4.373997941086136404e-02
2.800000000000000000e+04 8.000000000000000000e+03 2.883669202634394149e-02 3.474939740424340395e-02 -4.373997941086136404e-02
2.800000000000000000e+04 8.000000000000000000e+03 2.883669202634394149e-02 3.474939740424340395e-02 -4.373997941086136404e-02
2.800000000000000000e+04 8.000000000000000000e+03 2.883669202634394149e-02 3.474939740424340395e-02 -4.373997941086136404e-02
2.800000000000000000e+04 8.000000000000000000e+03 2.883669202634394149e-02 3.474939740424340395e-02 -4.373997941086136404e-02
2.800000000000000000e+04 8.000000000000000000e+03 2.883669202634394149e-02 3.474939740424340395e-02 -4.373997941086136404e-02
2.800000000000000000e+04 8.000000000000000000e+03 2.883669202634394149e-02 3.474939740424340395e-02 -4.373997941086136404e-02
2.800000000000000000e+04 8.000000000000000000e+03 2.883669202634394149e-02 3.474939740424340395e-02 -4.373997941086136404e-02
2.800000000000000000e+04 8.000000000000000000e+03 2.883669202634394149e-02 3.474939740424340395e-02 -4.373997941086136404e-02
2.800000000000000000e+04 8.000000000000000000e+03 2.883669202634394149e-02 3.474939740424340395e-02 -4.373997941086136404e-02
2.800000000000000000e+04 8.000000000000000000e+03 2.883669202634394149e-02 3.474939740424340395e-02 -4.373997941086136404e-02
2.800000000000000000e+04 8.000000000000000000e+03 2.883669202634394149e-02 3.474939740424340395e-02 -4.373997941086136404e-02
2.800000000000000000e+04 8.000000000000000000e+03 2.883669202634394149e-02 3.474939740424340395e-02 -4.373997941086136404e-02
2.800000000000000000e+04 8.000000000000000000e+03 2.883669202634394149e-02 3.474939740424340395e-02 -4.373997941086136404e-02
2.400000000000000000e+04 8.000000000000000000e+03 3.156098281713032305e-02 3.341877332584588384e-02 -4.236406932702406480e-02
2.400000000000000000e+04 8.000000000000000000e+03 3.156098281713032305e-02 3.341877332584588384e-02 -4.236406932702406480e-02
2.400000000000000000e+04 8.000000000000000000e+03 3.156098281713032305e-02 3.341877332584588384e-02 -4.236406932702406480e-02
2.400000000000000000e+04 8.000000000000000000e+03 3.156098281713032305e-02 3.341877332584588384e-02 -4.236406932702406480e-02
2.400000000000000000e+04 8.000000000000000000e+03 3.156098281713032305e-02 3.341877332584588384e-02 -4.236406932702406480e-02
2.400000000000000000e+04 8.000000000000000000e+03 3.156098281713032305e-02 3.341877332584588384e-02 -4.236406932702406480e-02
2.400000000000000000e+04 8.000000000000000000e+03 3.156098281713032305e-02 3.341877332584588384e-02 -4.236406932702406480e-02
2.400000000000000000e+04 8.000000000000000000e+03 3.156098281713032305e-02 3.341877332584588384e-02 -4.236406932702406480e-02
2.000000000000000000e+04 8.000000000000000000e+03 2.704311351378978212e-02 2.953449617512216713e-02 -4.142243492120531445e-02
2.000000000000000000e+04 8.000000000000000000e+03 2.704311351378978212e-02 2.953449617512216713e-02 -4.142243492120531445e-02
2.000000000000000000e+04 8.000000000000000000e+03 2.704311351378978212e-02 2.953449617512216713e-02 -4.142243492120531445e-02
2.000000000000000000e+04 8.000000000000000000e+03 2.704311351378978212e-02 2.953449617512216713e-02 -4.142243492120531445e-02
2.000000000000000000e+04 8.000000000000000000e+03 2.704311351378978212e-02 2.953449617512216713e-02 -4.142243492120531445e-02
2.000000000000000000e+04 8.000000000000000000e+03 2.704311351378978212e-02 2.953449617512216713e-02 -4.142243492120531445e-02
2.000000000000000000e+04 8.000000000000000000e+03 2.704311351378978212e-02 2.953449617512216713e-02 -4.142243492120531445e-02
2.000000000000000000e+04 8.000000000000000000e+03 2.704311351378978212e-02 2.953449617512216713e-02 -4.142243492120531445e-02
1.600000000000000000e+04 8.000000000000000000e+03 2.703011872657155867e-02 2.656719081320674594e-02 -4.066910393611347652e-02
1.600000000000000000e+04 8.000000000000000000e+03 2.703011872657155867e-02 2.656719081320674594e-02 -4.066910393611347652e-02
1.600000000000000000e+04 8.000000000000000000e+03 2.703011872657155867e-02 2.656719081320674594e-02 -4.066910393611347652e-02
1.600000000000000000e+04 8.000000000000000000e+03 2.703011872657155867e-02 2.656719081320674594e-02 -4.066910393611347652e-02
1.600000000000000000e+04 8.000000000000000000e+03 2.703011872657155867e-02 2.656719081320674594e-02 -4.066910393611347652e-02
1.600000000000000000e+04 8.000000000000000000e+03 2.703011872657155867e-02 2.656719081320674594e-02 -4.066910393611347652e-02
1.600000000000000000e+04 8.000000000000000000e+03 2.703011872657155867e-02 2.656719081320674594e-02 -4.066910393611347652e-02
1.600000000000000000e+04 8.000000000000000000e+03 2.703011872657155867e-02 2.656719081320674594e-02 -4.066910393611347652e-02
1.200000000000000000e+04 8.000000000000000000e+03 2.501473016721801612e-02 3.193323906784660549e-02 -4.300933685392874239e-02
1.200000000000000000e+04 8.000000000000000000e+03 2.501473016721801612e-02 3.193323906784660549e-02 -4.300933685392874239e-02
1.200000000000000000e+04 8.000000000000000000e+03 2.501473016721801612e-02 3.193323906784660549e-02 -4.300933685392874239e-02
1.200000000000000000e+04 8.000000000000000000e+03 2.501473016721801612e-02 3.193323906784660549e-02 -4.300933685392874239e-02
1.200000000000000000e+04 8.000000000000000000e+03 2.501473016721801612e-02 3.193323906784660549e-02 -4.300933685392874239e-02
1.200000000000000000e+04 8.000000000000000000e+03 2.501473016721801612e-02 3.193323906784660549e-02 -4.300933685392874239e-02
1.200000000000000000e+04 8.000000000000000000e+03 2.501473016721801612e-02 3.193323906784660549e-02 -4.300933685392874239e-02
1.200000000000000000e+04 8.000000000000000000e+03 2.501473016721801612e-02 3.193323906784660549e-02 -4.300933685392874239e-02
8.000000000000000000e+03 8.000000000000000000e+03 2.622263733014570594e-02 3.590578476814609843e-02 -4.714228335547659965e-02
8.000000000000000000e+03 8.000000000000000000e+03 2.622263733014570594e-02 3.590578476814609843e-02 -4.714228335547659965e-02
8.000000000000000000e+03 8.000000000000000000e+03 2.622263733014570594e-02 3.590578476814609843e-02 -4.714228335547659965e-02
8.000000000000000000e+03 8.000000000000000000e+03 2.622263733014570594e-02 3.590578476814609843e-02 -4.714228335547659965e-02
8.000000000000000000e+03 8.000000000000000000e+03 2.622263733014570594e-02 3.590578476814609843e-02 -4.714228335547659965e-02
8.000000000000000000e+03 8.000000000000000000e+03 2.622263733014570594e-02 3.590578476814609843e-02 -4.714228335547659965e-02
8.000000000000000000e+03 8.000000000000000000e+03 2.622263733014570594e-02 3.590578476814609843e-02 -4.714228335547659965e-02
8.000000000000000000e+03 8.000000000000000000e+03 2.622263733014570594e-02 3.590578476814609843e-02 -4.714228335547659965e-02
4.000000000000000000e+03 8.000000000000000000e+03 2.744200423471891692e-02 3.568729769269077257e-02 -4.646860493957469251e-02
4.000000000000000000e+03 8.000000000000000000e+03 2.744200423471891692e-02 3.568729769269077257e-02 -4.646860493957469251e-02
4.000000000000000000e+03 8.000000000000000000e+03 2.744200423471891692e-02 3.568729769269077257e-02 -4.646860493957469251e-02
4.000000000000000000e+03 8.000000000000000000e+03 2.744200423471891692e-02 3.568729769269077257e-02 -4.646860493957469251e-02
4.000000000000000000e+03 8.000000000000000000e+03 2.744200423471891692e-02 3.568729769269077257e-02 -4.646860493957469251e-02
4.000000000000000000e+03 8.000000000000000000e+03 2.744200423471891692e-02 3.568729769269077257e-02 -4.646860493957469251e-02
4.000000000000000000e+03 8.000000000000000000e+03 2.744200423471891692e-02 3.568729769269077257e-02 -4.646860493957469251e-02
4.000000000000000000e+03 8.000000000000000000e+03 2.744200423471891692e-02 3.568729769269077257e-02 -4.646860493957469251e-02
0.000000000000000000e+00 8.000000000000000000e+03 3.109564086856113352e-02 3.148848723349461504e-02 -5.058916214126014249e-02
0.000000000000000000e+00 8.000000000000000000e+03 3.109564086856113352e-02 3.148848723349461504e-02 -5.058916214126014249e-02
0.000000000000000000e+00 8.000000000000000000e+03 3.109564086856113352e-02 3.148848723349461504e-02 -5.058916214126014249e-02
0.000000000000000000e+00 8.000000000000000000e+03 3.109564086856113352e-02 3.148848723349461504e-02 -5.058916214126014249e-02
0.000000000000000000e+00 8.000000000000000000e+03 3.109564086856113352e-02 3.148848723349461504e-02 -5.058916214126014249e-02
0.000000000000000000e+00 8.000000000000000000e+03 3.109564086856113352e-02 3.148848723349461504e-02 -5.058916214126014249e-02
0.000000000000000000e+00 8.000000000000000000e+03 3.109564086856113352e-02 3.148848723349461504e-02 -5.058916214126014249e-02
0.000000000000000000e+00 8.000000000000000000e+03 3.109564086856113352e-02 3.148848723349461504e-02 -5.058916214126014249e-02
0.000000000000000000e+00 8.000000000000000000e+03 3.109564086856113352e-02 3.148848723349461504e-02 -5.058916214126014249e-02
0.000000000000000000e+00 8.000000000000000000e+03 3.109564086856113352e-02 3.148848723349461504e-02 -5.058916214126014249e-02
0.000000000000000000e+00 8.000000000000000000e+03 3.109564086856113352e-02 3.148848723349461504e-02 -5.058916214126014249e-02
0.000000000000000000e+00 8.000000000000000000e+03 3.109564086856113352e-02 3.148848723349461504e-02 -5.058916214126014249e-02
0.000000000000000000e+00 8.000000000000000000e+03 3.109564086856113352e-02 3.148848723349461504e-02 -5.058916214126014249e-02
0.000000000000000000e+00 8.000000000000000000e+03 3.109564086856113352e-02 3.148848723349461504e-02 -5.058916214126014249e-02
0.000000000000000000e+00 8.000000000000000000e+03 3.109564086856113352e-02 3.148848723349461504e-02 -5.058916214126014249e-02
0.000000000000000000e+00 8.000000000000000000e+03 3.109564086856113352e-02 3.148848723349461504e-02 -5.058916214126014249e-02
4.000000000000000000e+03 8.000000000000000000e+03 2.744200423471891692e-02 3.568729769269077257e-02 -4.646860493957469251e-02
4.000000000000000000e+03 8.000000000000000000e+03 2.744200423471891692e-02 3.568729769269077257e-02 -4.646860493957469251e-02
4.000000000000000000e+03 8.000000000000000000e+03 2.744200423471891692e-02 3.568729769269077257e-02 -4.646860493957469251e-02
4.000000000000000000e+03 8.000000000000000000e+03 2.744200423471891692e-02 3.568729769269077257e-02 -4.646860493957469251e-02
4.000000000000000000e+03 8.000000000000000000e+03 2.744200423471891692e-02 3.568729769269077257e-02 -4.646860493957469251e-02
4.000000000000000000e+03 8.000000000000000000e+03 2.744200423471891692e-02 3.568729769269077257e-02 -4.646860493957469251e-02
4.000000000000000000e+03 8.000000000000000000e+03 2.744200423471891692e-02 3.568729769269077257e-02 -4.646860493957469251e-02
4.000000000000000000e+03 8.000000000000000000e+03 2.744200423471891692e-02 3.568729769269077257e-02 -4.646860493957469251e-02
8.000000000000000000e+03 8.000000000000000000e+03 2.622263733014570594e-02 3.590578476814609843e-02 -4.714228335547659965e-02
8.000000000000000000e+03 8.000000000000000000e+03 2.622263733014570594e-02 3.590578476814609843e-02 -4.714228335547659965e-02
8.000000000000000000e+03 8.000000000000000000e+03 2.622263733014570594e-02 3.590578476814609843e-02 -4.714228335547659965e-02
8.000000000000000000e+03 8.000000000000000000e+03 2.622263733014570594e-02 3.590578476814609843e-02 -4.714228335547659965e-02
8.000000000000000000e+03 8.000000000000000000e+03 2.622263733014570594e-02 3.590578476814609843e-02 -4.714228335547659965e-02
8.000000000000000000e+03 8.000000000000000000e+03 2.622263733014570594e-02 3.590578476814609843e-02 -4.714228335547659965e-02
8.000000000000000000e+03 8.000000000000000000e+03 2.622263733014570594e-02 3.590578476814609843e-02 -4.714228335547659965e-02
8.000000000000000000e+03 8.000000000000000000e+03 2.622263733014570594e-02 3.590578476814609843e-02 -4.714228335547659965e-02
1.200000000000000000e+04 8.000000000000000000e+03 2.501473016721801612e-02 3.193323906784660549e-02 -4.300933685392874239e-02
1.200000000000000000e+04 8.000000000000000000e+03 2.501473016721801612e-02 3.193323906784660549e-02 -4.300933685392874239e-02
1.200000000000000000e+04 8.000000000000000000e+03 2.501473016721801612e-02 3.193323906784660549e-02 -4.300933685392874239e-02
1.200000000000000000e+04 8.000000000000000000e+03 2.501473016721801612e-02 3.193323906784660549e-02 -4.300933685392874239e-02
1.200000000000000000e+04 8.000000000000000000e+03 2.501473016721801612e-02 3.193323906784660549e-02 -4.300933685392874239e-02
1.200000000000000000e+04 8.000000000000000000e+03 2.501473016721801612e-02 3.193323906784660549e-02 -4.300933685392874239e-02
1.200000000000000000e+04 8.000000000000000000e+03 2.501473016721801612e-02 3.193323906784660549e-02 -4.300933685392874239e-02
1.200000000000000000e+04 8.000000000000000000e+03 2.501473016721801612e-02 3.193323906784660549e-02 -4.300933685392874239e-02
1.600000000000000000e+04 8.000000000000000000e+03 2.703011872657155867e-02 2.656719081320674594e-02 -4.066910393611347652e-02
1.600000000000000000e+04 8.000000000000000000e+03 2.703011872657155867e-02 2.656719081320674594e-02 -4.066910393611347652e-02
1.600000000000000000e+04 8.000000000000000000e+03 2.703011872657155867e-02 2.656719081320674594e-02 -4.066910393611347652e-02
1.600000000000000000e+04 8.000000000000000000e+03 2.703011872657155867e-02 2.656719081320674594e-02 -4.066910393611347652e-02
1.600000000000000000e+04 8.000000000000000000e+03 2.703011872657155867e-02 2.656719081320674594e-02 -4.066910393611347652e-02
1.600000000000000000e+04 8.000000000000000000e+03 2.703011872657155867e-02 2.656719081320674594e-02 -4.066910393611347652e-02
1.600000000000000000e+04 8.000000000000000000e+03 2.703011872657155867e-02 2.656719081320674594e-02 -4.066910393611347652e-02
1.600000000000000000e+04 8.000000000000000000e+03 2.703011872657155867e-02 2.656719081320674594e-02 -4.066910393611347652e-02
2.000000000000000000e+04 8.000000000000000000e+03 2.704311351378978212e-02 2.953449617512216713e-02 -4.142243492120531445e-02
2.000000000000000000e+04 8.000000000000000000e+03 2.704311351378978212e-02 2.953449617512216713e-02 -4.142243492120531445e-02
2.000000000000000000e+04 8.000000000000000000e+03 2.704311351378978212e-02 2.953449617512216713e-02 -4.142243492120531445e-02
2.000000000000000000e+04 8.000000000000000000e+03 2.704311351378978212e-02 2.953449617512216713e-02 -4.142243492120531445e-02
2.000000000000000000e+04 8.000000000000000000e+03 2.704311351378978212e-02 2.953449617512216713e-02 -4.142243492120531445e-02
2.000000000000000000e+04 8.000000000000000000e+03 2.704311351378978212e-02 2.953449617512216713e-02 -4.142243492120531445e-02
2.000000000000000000e+04 8.000000000000000000e+03 2.704311351378978212e-02 2.953449617512216713e-02 -4.142243492120531445e-02
2.000000000000000000e+04 8.000000000000000000e+03 2.704311351378978212e-02 2.953449617512216713e-02 -4.142243492120531445e-02
2.400000000000000000e+04 8.000000000000000000e+03 3.156098281713032305e-02 3.341877332584588384e-02 -4.236406932702406480e-02
2.400000000000000000e+04 8.000000000000000000e+03 3.156098281713032305e-02 3.341877332584588384e-02 -4.236406932702406480e-02
2.400000000000000000e+04 8.000000000000000000e+03 3.156098281713032305e-02 3.341877332584588384e-02 -4.236406932702406480e-02
2.400000000000000000e+04 8.000000000000000000e+03 3.156098281713032305e-02 3.341877332584588384e-02 -4.236406932702406480e-02
2.400000000000000000e+04 8.000000000000000000e+03 3.156098281713032305e-02 3.341877332584588384e-02 -4.236406932702406480e-02
2.400000000000000000e+04 8.000000000000000000e+03 3.156098281713032305e-02 3.341877332584588384e-02 -4.236406932702406480e-02
2.400000000000000000e+04 8.000000000000000000e+03 3.156098281713032305e-02 3.341877332584588384e-02 -4.236406932702406480e-02
2.400000000000000000e+04 8.000000000000000000e+03 3.156098281713032305e-02 3.341877332584588384e-02 -4.236406932702406480e-02
2.800000000000000000e+04 8.000000000000000000e+03 2.883669202634394149e-02 3.474939740424340395e-02 -4.373997941086136404e-02
2.800000000000000000e+04 8.000000000000000000e+03 2.883669202634394149e-02 3.474939740424340395e-02 -4.373997941086136404e-02
2.800000000000000000e+04 8.000000000000000000e+03 2.883669202634394149e-02 3.474939740424340395e-02 -4.373997941086136404e-02
2.800000000000000000e+04 8.000000000000000000e+03 2.883669202634394149e-02 3.474939740424340395e-02 -4.373997941086136404e-02
2.800000000000000000e+04 8.000000000000000000e+03 2.883669202634394149e-02 3.474939740424340395e-02 -4.373997941086136404e-02
2.800000000000000000e+04 8.000000000000000000e+03 2.883669202634394149e-02 3.474939740424340395e-02 -4.373997941086136404e-02
2.800000000000000000e+04 8.000000000000000000e+03 2.883669202634394149e-02 3.474939740424340395e-02 -4.373997941086136404e-02
2.800000000000000000e+04 8.000000000000000000e+03 2.883669202634394149e-02 3.474939740424340395e-02 -4.373997941086136404e-02
0.000000000000000000e+00 -4.000000000000000000e+03 6.828412906083517961e-03 -9.488307092626761590e-04 4.068217858510841944e-02
0.000000000000000000e+00 -4.000000000000000000e+03 6.828412906083517961e-03 -9.488307092626761590e-04 4.068217858510841944e-02
0.000000000000000000e+00 -4.000000000000000000e+03 6.828412906083517961e-03 -9.488307092626761590e-04 4.068217858510841944e-02
0.000000000000000000e+00 -4.000000000000000000e+03 6.828412906083517961e-03 -9.488307092626761590e-04 4.068217858510841944e-02
0.000000000000000000e+00 -4.000000000000000000e+03 6.828412906083517961e-03 -9.488307092626761590e-04 4.068217858510841944e-02
0.000000000000000000e+00 -4.000000000000000000e+03 6.828412906083517961e-03 -9.488307092626761590e-04 4.068217858510841944e-02
0.000000000000000000e+00 -4.000000000000000000e+03 6.828412906083517961e-03 -9.488307092626761590e-04 4.068217858510841944e-02
0.000000000000000000e+00 -4.000000000000000000e+03 6.828412906083517961e-03 -9.488307092626761590e-04 4.068217858510841944e-02
4.000000000000000000e+03 -4.000000000000000000e+03 1.952551466270070063e-02 -1.151952146983677150e-02 4.311873220829358366e-02
4.000000000000000000e+03 -4.000000000000000000e+03 1.952551466270070063e-02 -1.151952146983677150e-02 4.311873220829358366e-02
4.000000000000000000e+03 -4.000000000000000000e+03 1.952551466270070063e-02 -1.151952146983677150e-02 4.311873220829358366e-02
4.000000000000000000e+03 -4.000000000000000000e+03 1.952551466270070063e-02 -1.151952146983677150e-02 4.311873220829358366e-02
4.000000000000000000e+03 -4.000000000000000000e+03 1.952551466270070063e-02 -1.151952146983677150e-02 4.311873220829358366e-02
4.000000000000000000e+03 -4.000000000000000000e+03 1.952551466270070063e-02 -1.151952146983677150e-02 4.311873220829358366e-02
4.000000000000000000e+03 -4.000000000000000000e+03 1.952551466270070063e-02 -1.151952146983677150e-02 4.311873220829358366e-02
4.000000000000000000e+03 -4.000000000000000000e+03 1.952551466270070063e-02 -1.151952146983677150e-02 4.311873220829358366e-02
8.000000000000000000e+03 -4.000000000000000000e+03 7.721393133643065371e-03 -1.019929081273680468e-02 4.609714736059089546e-02
8.000000000000000000e+03 -4.000000000000000000e+03 7.721393133643065371e-03 -1.019929081273680468e-02 4.609714736059089546e-02
8.000000000000000000e+03 -4.000000000000000000e+03 7.721393133643065371e-03 -1.019929081273680468e-02 4.609714736059089546e-02
8.000000000000000000e+03 -4.000000000000000000e+03 7.721393133643065371e-03 -1.019929081273680468e-02 4.609714736059089546e-02
8.000000000000000000e+03 -4.000000000000000000e+03 7.721393133643065371e-03 -1.019929081273680468e-02 4.609714736059089546e-02
8.000000000000000000e+03 -4.000000000000000000e+03 7.721393133643065371e-03 -1.019929081273680468e-02 4.609714736059089546e-02
8.000000000000000000e+03 -4.000000000000000000e+03 7.721393133643065371e-03 -1.019929081273680468e-02 4.609714736059089546e-02
8.000000000000000000e+03 -4.000000000000000000e+03 7.721393133643065371e-03 -1.019929081273680468e-02 4.609714736059089546e-02
1.200000000000000000e+04 -4.000000000000000000e+03 3.491811061655406521e-03 -7.105249100018983660e-03 4.945801366591200121e-02
1.200000000000000000e+04 -4.000000000000000000e+03 3.491811061655406521e-03 -7.105249100018983660e-03 4.945801366591200121e-02
1.200000000000000000e+04 -4.000000000000000000e+03 3.491811061655406521e-03 -7.105249100018983660e-03 4.945801366591200121e-02
1.200000000000000000e+04 -4.000000000000000000e+03 3.491811061655406521e-03 -7.105249100018983660e-03 4.945801366591200121e-02
1.200000000000000000e+04 -4.000000000000000000e+03 3.491811061655406521e-03 -7.105249100018983660e-03 4.945801366591200121e-02
1.200000000000000000e+04 -4.000000000000000000e+03 3.491811061655406521e-03 -7.105249100018983660e-03 4.945801366591200121e-02
1.200000000000000000e+04 -4.000000000000000000e+03 3.491811061655406521e-03 -7.105249100018983660e-03 4.945801366591200121e-02
1.200000000000000000e+04 -4.000000000000000000e+03 3.491811061655406521e-03 -7.105249100018983660e-03 4.945801366591200121e-02
1.600000000000000000e+04 -4.000000000000000000e+03 -2.452376034180420682e-03 -7.003687516691697867e-03 5.063377978362885307e-02
1.600000000000000000e+04 -4.000000000000000000e+03 -2.452376034180420682e-03 -7.003687516691697867e-03 5.063377978362885307e-02
1.600000000000000000e+04 -4.000000000000000000e+03 -2.452376034180420682e-03 -7.003687516691697867e-03 5.063377978362885307e-02
1.600000000000000000e+04 -4.000000000000000000e+03 -2.452376034180420682e-03 -7.003687516691697867e-03 5.063377978362885307e-02
1.600000000000000000e+04 -4.000000000000000000e+03 -2.452376034180420682e-03 -7.003687516691697867e-03 5.063377978362885307e-02
1.600000000000000000e+04 -4.000000000000000000e+03 -2.452376034180420682e-03 -7.003687516691697867e-03 5.063377978362885307e-02
1.600000000000000000e+04 -4.000000000000000000e+03 -2.452376034180420682e-03 -7.003687516691697867e-03 5.063377978362885307e-02
1.600000000000000000e+04 -4.000000000000000000e+03 -2.452376034180420682e-03 -7.003687516691697867e-03 5.063377978362885307e-02
2.000000000000000000e+04 -4.000000000000000000e+03 -1.748519280504998814e-03 -3.304217060474913190e-03 5.115640158530782022e-02
2.000000000000000000e+04 -4.000000000000000000e+03 -1.748519280504998814e-03 -3.304217060474913190e-03 5.115640158530782022e-02
2.000000000000000000e+04 -4.000000000000000000e+03 -1.748519280504998814e-03 -3.304217060474913190e-03 5.115640158530782022e-02
2.000000000000000000e+04 -4.000000000000000000e+03 -1.748519280504998814e-03 -3.304217060474913190e-03 5.115640158530782022e-02
2.000000000000000000e+04 -4.000000000000000000e+03 -1.748519280504998814e-03 -3.304217060474913190e-03 5.115640158530782022e-02
2.000000000000000000e+04 -4.000000000000000000e+03 -1.748519280504998814e-03 -3.304217060474913190e-03 5.115640158530782022e-02
2.000000000000000000e+04 -4.000000000000000000e+03 -1.748519280504998814e-03 -3.304217060474913190e-03 5.115640158530782022e-02
2.000000000000000000e+04 -4.000000000000000000e+03 -1.748519280504998814e-03 -3.304217060474913190e-03 5.115640158530782022e-02
2.400000000000000000e+04 -4.000000000000000000e+03 3.824520440431769270e-03 -2.917878384574169870e-03 4.755971873612230283e-02
2.400000000000000000e+04 -4.000000000000000000e+03 3.824520440431769270e-03 -2.917878384574169870e-03 4.755971873612230283e-02
2.400000000000000000e+04 -4.000000000000000000e+03 3.824520440431769270e-03 -2.917878384574169870e-03 4.755971873612230283e-02
2.400000000000000000e+04 -4.000000000000000000e+03 3.824520440431769270e-03 -2.917878384574169870e-03 4.755971873612230283e-02
2.400000000000000000e+04 -4.000000000000000000e+03 3.824520440431769270e-03 -2.917878384574169870e-03 4.755971873612230283e-02
2.400000000000000000e+04 -4.000000000000000000e+03 3.824520440431769270e-03 -2.917878384574169870e-03 4.755971873612230283e-02
2.400000000000000000e+04 -4.000000000000000000e+03 3.824520440431769270e-03 -2.917878384574169870e-03 4.755971873612230283e-02
2.400000000000000000e+04 -4.000000000000000000e+03 3.824520440431769270e-03 -2.917878384574169870e-03 4.755971873612230283e-02
2.800000000000000000e+04 -4.000000000000000000e+03 6.069983762861422619e-03 5.580493760885623343e-04 4.247885178898209990e-02
2.800000000000000000e+04 -4.000000000000000000e+03 6.069983762861422619e-03 5.580493760885623343e-04 4.247885178898209990e-02
2.800000000000000000e+04 -4.000000000000000000e+03 6.069983762861422619e-03 5.580493760885623343e-04 4.247885178898209990e-02
2.800000000000000000e+04 -4.000000000000000000e+03 6.069983762861422619e-03 5.580493760885623343e-04 4.247885178898209990e-02
2.800000000000000000e+04 -4.000000000000000000e+03 6.069983762861422619e-03 5.580493760885623343e-04 4.247885178898209990e-02
2.800000000000000000e+04 -4.000000000000000000e+03 6.069983762861422619e-03 5.580493760885623343e-04 4.247885178898209990e-02
2.800000000000000000e+04 -4.000000000000000000e+03 6.069983762861422619e-03 5.580493760885623343e-04 4.247885178898209990e-02
2.800000000000000000e+04 -4.000000000000000000e+03 6.069983762861422619e-03 5.580493760885623343e-04 4.247885178898209990e-02
2.800000000000000000e+04 -4.000000000000000000e+03 6.069983762861422619e-03 5.580493760885623343e-04 4.247885178898209990e-02
2.800000000000000000e+04 -4.000000000000000000e+03 6.069983762861422619e-03 5.580493760885623343e-04 4.247885178898209990e-02
2.800000000000000000e+04 -4.000000000000000000e+03 6.069983762861422619e-03 5.580493760885623343e-04 4.247885178898209990e-02
2.800000000000000000e+04 -4.000000000000000000e+03 6.069983762861422619e-03 5.580493760885623343e-04 4.247885178898209990e-02
2.800000000000000000e+04 -4.000000000000000000e+03 6.069983762861422619e-03 5.580493760885623343e-04 4.247885178898209990e-02
2.800000000000000000e+04 -4.000000000000000000e+03 6.069983762861422619e-03 5.580493760885623343e-04 4.247885178898209990e-02
2.800000000000000000e+04 -4.000000000000000000e+03 6.069983762861422619e-03 5.580493760885623343e-04 4.247885178898209990e-02
2.800000000000000000e+04 -4.000000000000000000e+03 6.069983762861422619e-03 5.580493760885623343e-04 4.247885178898209990e-02
2.400000000000000000e+04 -4.000000000000000000e+03 3.824520440431769270e-03 -2.917878384574169870e-03 4.755971873612230283e-02
2.400000000000000000e+04 -4.000000000000000000e+03 3.824520440431769270e-03 -2.917878384574169870e-03 4.755971873612230283e-02
2.400000000000000000e+04 -4.000000000000000000e+03 3.824520440431769270e-03 -2.917878384574169870e-03 4.755971873612230283e-02
2.400000000000000000e+04 -4.000000000000000000e+03 3.824520440431769270e-03 -2.917878384574169870e-03 4.755971873612230283e-02
2.400000000000000000e+04 -4.000000000000000000e+03 3.824520440431769270e-03 -2.917878384574169870e-03 4.755971873612230283e-02
2.400000000000000000e+04 -4.000000000000000000e+03 3.824520440431769270e-03 -2.917878384574169870e-03 4.755971873612230283e-02
2.400000000000000000e+04 -4.000000000000000000e+03 3.824520440431769270e-03 -2.917878384574169870e-03 4.755971873612230283e-02
2.400000000000000000e+04 -4.000000000000000000e+03 3.824520440431769270e-03 -2.917878384574169870e-03 4.755971873612230283e-02
2.000000000000000000e+04 -4.000000000000000000e+03 -1.748519280504998814e-03 -3.304217060474913190e-03 5.115640158530782022e-02
2.000000000000000000e+04 -4.000000000000000000e+03 -1.748519280504998814e-03 -3.304217060474913190e-03 5.115640158530782022e-02
2.000000000000000000e+04 -4.000000000000000000e+03 -1.748519280504998814e-03 -3.304217060474913190e-03 5.115640158530782022e-02
2.000000000000000000e+04 -4.000000000000000000e+03 -1.748519280504998814e-03 -3.304217060474913190e-03 5.115640158530782022e-02
2.000000000000000000e+04 -4.000000000000000000e+03 -1.748519280504998814e-03 -3.304217060474913190e-03 5.115640158530782022e-02
2.000000000000000000e+04 -4.000000000000000000e+03 -1.748519280504998814e-03 -3.304217060474913190e-03 5.115640158530782022e-02
2.000000000000000000e+04 -4.000000000000000000e+03 -1.748519280504998814e-03 -3.304217060474913190e-03 5.115640158530782022e-02
2.000000000000000000e+04 -4.000000000000000000e+03 -1.748519280504998814e-03 -3.304217060474913190e-03 5.115640158530782022e-02
1.600000000000000000e+04 -4.000000000000000000e+03 -2.452376034180420682e-03 -7.003687516691697867e-03 5.063377978362885307e-02
1.600000000000000000e+04 -4.000000000000000000e+03 -2.452376034180420682e-03 -7.003687516691697867e-03 5.063377978362885307e-02
1.600000000000000000e+04 -4.000000000000000000e+03 -2.452376034180420682e-03 -7.003687516691697867e-03 5.063377978362885307e-02
1.600000000000000000e+04 -4.000000000000000000e+03 -2.452376034180420682e-03 -7.003687516691697867e-03 5.063377978362885307e-02
1.600000000000000000e+04 -4.000000000000000000e+03 -2.452376034180420682e-03 -7.003687516691697867e-03 5.063377978362885307e-02
1.600000000000000000e+04 -4.000000000000000000e+03 -2.452376034180420682e-03 -7.003687516691697867e-03 5.063377978362885307e-02
1.600000000000000000e+04 -4.000000000000000000e+03 -2.452376034180420682e-03 -7.003687516691697867e-03 5.063377978362885307e-02
1.600000000000000000e+04 -4.000000000000000000e+03 -2.452376034180420682e-03 -7.003687516691697867e-03 5.063377978362885307e-02
1.200000000000000000e+04 -4.000000000000000000e+03 3.491811061655406521e-03 -7.105249100018983660e-03 4.945801366591200121e-02
1.200000000000000000e+04 -4.000000000000000000e+03 3.491811061655406521e-03 -7.105249100018983660e-03 4.945801366591200121e-02
1.200000000000000000e+04 -4.000000000000000000e+03 3.491811061655406521e-03 -7.105249100018983660e-03 4.945801366591200121e-02
1.200000000000000000e+04 -4.000000000000000000e+03 3.491811061655406521e-03 -7.105249100018983660e-03 4.945801366591200121e-02
1.200000000000000000e+04 -4.000000000000000000e+03 3.491811061655406521e-03 -7.105249100018983660e-03 4.945801366591200121e-02
1.200000000000000000e+04 -4.000000000000000000e+03 3.491811061655406521e-03 -7.105249100018983660e-03 4.945801366591200121e-02
1.200000000000000000e+04 -4.000000000000000000e+03 3.491811061655406521e-03 -7.105249100018983660e-03 4.945801366591200121e-02
1.200000000000000000e+04 -4.000000000000000000e+03 3.491811061655406521e-03 -7.105249100018983660e-03 4.945801366591200121e-02
8.000000000000000000e+03 -4.000000000000000000e+03 7.721393133643065371e-03 -1.019929081273680468e-02 4.609714736059089546e-02
8.000000000000000000e+03 -4.000000000000000000e+03 7.721393133643065371e-03 -1.019929081273680468e-02 4.609714736059089546e-02
8.000000000000000000e+03 -4.000000000000000000e+03 7.721393133643065371e-03 -1.019929081273680468e-02 4.609714736059089546e-02
8.000000000000000000e+03 -4.000000000000000000e+03 7.721393133643065371e-03 -1.019929081273680468e-02 4.609714736059089546e-02
8.000000000000000000e+03 -4.000000000000000000e+03 7.721393133643065371e-03 -1.019929081273680468e-02 4.609714736059089546e-02
8.000000000000000000e+03 -4.000000000000000000e+03 7.721393133643065371e-03 -1.019929081273680468e-02 4.609714736059089546e-02
8.000000000000000000e+03 -4.000000000000000000e+03 7.721393133643065371e-03 -1.019929081273680468e-02 4.609714736059089546e-02
8.000000000000000000e+03 -4.000000000000000000e+03 7.721393133643065371e-03 -1.019929081273680468e-02 4.609714736059089546e-02
4.000000000000000000e+03 -4.000000000000000000e+03 1.952551466270070063e-02 -1.151952146983677150e-02 4.311873220829358366e-02
4.000000000000000000e+03 -4.000000000000000000e+03 1.952551466270070063e-02 -1.151952146983677150e-02 4.311873220829358366e-02
4.000000000000000000e+03 -4.000000000000000000e+03 1.952551466270070063e-02 -1.151952146983677150e-02 4.311873220829358366e-02
4.000000000000000000e+03 -4.000000000000000000e+03 1.952551466270070063e-02 -1.151952146983677150e-02 4.311873220829358366e-02
4.000000000000000000e+03 -4.000000000000000000e+03 1.952551466270070063e-02 -1.151952146983677150e-02 4.311873220829358366e-02
4.000000000000000000e+03 -4.000000000000000000e+03 1.952551466270070063e-02 -1.151952146983677150e-02 4.311873220829358366e-02
4.000000000000000000e+03 -4.000000000000000000e+03 1.952551466270070063e-02 -1.151952146983677150e-02 4.311873220829358366e-02
4.000000000000000000e+03 -4.000000000000000000e+03 1.952551466270070063e-02 -1.151952146983677150e-02 4.311873220829358366e-02
0.000000000000000000e+00 -4.000000000000000000e+03 6.828412906083517961e-03 -9.488307092626761590e-04 4.068217858510841944e-02
0.000000000000000000e+00 -4.000000000000000000e+03 6.828412906083517961e-03 -9.488307092626761590e-04 4.068217858510841944e-02
0.000000000000000000e+00 -4.000000000000000000e+03 6.828412906083517961e-03 -9.488307092626761590e-04 4.068217858510841944e-02
0.000000000000000000e+00 -4.000000000000000000e+03 6.828412906083517961e-03 -9.488307092626761590e-04 4.068217858510841944e-02
0.000000000000000000e+00 -4.000000000000000000e+03 6.828412906083517961e-03 -9.488307092626761590e-04 4.068217858510841944e-02
0.000000000000000000e+00 -4.000000000000000000e+03 6.828412906083517961e-03 -9.488307092626761590e-04 4.068217858510841944e-02
0.000000000000000000e+00 -4.000000000000000000e+03 6.828412906083517961e-03 -9.488307092626761590e-04 4.068217858510841944e-02
0.000000000000000000e+00 -4.000000000000000000e+03 6.828412906083517961e-03 -9.488307092626761590e-04 4.068217858510841944e-02
0.000000000000000000e+00 -4.000000000000000000e+03 6.828412906083517961e-03 -9.488307092626761590e-04 4.068217858510841944e-02
0.000000000000000000e+00 -4.000000000000000000e+03 6.828412906083517961e-03 -9.488307092626761590e-04 4.068217858510841944e-02
0.000000000000000000e+00 -4.000000000000000000e+03 6.828412906083517961e-03 -9.488307092626761590e-04 4.068217858510841944e-02
0.000000000000000000e+00 -4.000000000000000000e+03 6.828412906083517961e-03 -9.488307092626761590e-04 4.068217858510841944e-02
0.000000000000000000e+00 -4.000000000000000000e+03 6.828412906083517961e-03 -9.488307092626761590e-04 4.068217858510841944e-02
0.000000000000000000e+00 -4.000000000000000000e+03 6.828412906083517961e-03 -9.488307092626761590e-04 4.068217858510841944e-02
0.000000000000000000e+00 -4.000000000000000000e+03 6.828412906083517961e-03 -9.488307092626761590e-04 4.068217858510841944e-02
0.000000000000000000e+00 -4.000000000000000000e+03 6.828412906083517961e-03 -9.488307092626761590e-04 4.068217858510841944e-02
4.000000000000000000e+03 -4.000000000000000000e+03 1.952551466270070063e-02 -1.151952146983677150e-02 4.311873220829358366e-02
4.000000000000000000e+03 -4.000000000000000000e+03 1.952551466270070063e-02 -1.151952146983677150e-02 4.311873220829358366e-02
4.000000000000000000e+03 -4.000000000000000000e+03 1.952551466270070063e-02 -1.151952146983677150e-02 4.311873220829358366e-02
4.000000000000000000e+03 -4.000000000000000000e+03 1.952551466270070063e-02 -1.151952146983677150e-02 4.311873220829358366e-02
4.000000000000000000e+03 -4.000000000000000000e+03 1.952551466270070063e-02 -1.151952146983677150e-02 4.311873220829358366e-02
4.000000000000000000e+03 -4.000000000000000000e+03 1.952551466270070063e-02 -1.151952146983677150e-02 4.311873220829358366e-02
4.000000000000000000e+03 -4.000000000000000000e+03 1.952551466270070063e-02 -1.151952146983677150e-02 4.311873220829358366e-02
4.000000000000000000e+03 -4.000000000000000000e+03 1.952551466270070063e-02 -1.151952146983677150e-02 4.311873220829358366e-02
8.000000000000000000e+03 -4.000000000000000000e+03 7.721393133643065371e-03 -1.019929081273680468e-02 4.609714736059089546e-02
8.000000000000000000e+03 -4.000000000000000000e+03 7.721393133643065371e-03 -1.019929081273680468e-02 4.609714736059089546e-02
8.000000000000000000e+03 -4.000000000000000000e+03 7.721393133643065371e-03 -1.019929081273680468e-02 4.609714736059089546e-02
8.000000000000000000e+03 -4.000000000000000000e+03 7.721393133643065371e-03 -1.019929081273680468e-02 4.609714736059089546e-02
8.000000000000000000e+03 -4.000000000000000000e+03 7.721393133643065371e-03 -1.019929081273680468e-02 4.609714736059089546e-02
8.000000000000000000e+03 -4.000000000000000000e+03 7.721393133643065371e-03 -1.019929081273680468e-02 4.609714736059089546e-02
8.000000000000000000e+03 -4.000000000000000000e+03 7.721393133643065371e-03 -1.019929081273680468e-02 4.609714736059089546e-02
8.000000000000000000e+03 -4.000000000000000000e+03 7.721393133643065371e-03 -1.019929081273680468e-02 4.609714736059089546e-02
1.200000000000000000e+04 -4.000000000000000000e+03 3.491811061655406521e-03 -7.105249100018983660e-03 4.945801366591200121e-02
1.200000000000000000e+04 -4.000000000000000000e+03 3.491811061655406521e-03 -7.105249100018983660e-03 4.945801366591200121e-02
1.200000000000000000e+04 -4.000000000000000000e+03 3.491811061655406521e-03 -7.105249100018983660e-03 4.945801366591200121e-02
1.200000000000000000e+04 -4.000000000000000000e+03 3.491811061655406521e-03 -7.105249100018983660e-03 4.945801366591200121e-02
1.200000000000000000e+04 -4.000000000000000000e+03 3.491811061655406521e-03 -7.105249100018983660e-03 4.945801366591200121e-02
1.200000000000000000e+04 -4.000000000000000000e+03 3.491811061655406521e-03 -7.105249100018983660e-03 4.945801366591200121e-02
1.200000000000000000e+04 -4.000000000000000000e+03 3.491811061655406521e-03 -7.105249100018983660e-03 4.945801366591200121e-02
1.200000000000000000e+04 -4.000000000000000000e+03 3.491811061655406521e-03 -7.105249100018983660e-03 4.945801366591200121e-02
1.600000000000000000e+04 -4.000000000000000000e+03 -2.452376034180420682e-03 -7.003687516691697867e-03 5.063377978362885307e-02
1.600000000000000000e+04 -4.000000000000000000e+03 -2.452376034180420682e-03 -7.003687516691697867e-03 5.063377978362885307e-02
1.600000000000000000e+04 -4.000000000000000000e+03 -2.452376034180420682e-03 -7.003687516691697867e-03 5.063377978362885307e-02
1.600000000000000000e+04 -4.000000000000000000e+03 -2.452376034180420682e-03 -7.003687516691697867e-03 5.063377978362885307e-02
1.600000000000000000e+04 -4.000000000000000000e+03 -2.452376034180420682e-03 -7.003687516691697867e-03 5.063377978362885307e-02
1.600000000000000000e+04 -4.000000000000000000e+03 -2.452376034180420682e-03 -7.003687516691697867e-03 5.063377978362885307e-02
1.600000000000000000e+04 -4.000000000000000000e+03 -2.452376034180420682e-03 -7.003687516691697867e-03 5.063377978362885307e-02
1.600000000000000000e+04 -4.000000000000000000e+03 -2.452376034180420682e-03 -7.003687516691697867e-03 5.063377978362885307e-02
2.000000000000000000e+04 -4.000000000000000000e+03 -1.748519280504998814e-03 -3.304217060474913190e-03 5.115640158530782022e-02
2.000000000000000000e+04 -4.000000000000000000e+03 -1.748519280504998814e-03 -3.304217060474913190e-03 5.115640158530782022e-02
2.000000000000000000e+04 -4.000000000000000000e+03 -1.748519280504998814e-03 -3.304217060474913190e-03 5.115640158530782022e-02
2.000000000000000000e+04 -4.000000000000000000e+03 -1.748519280504998814e-03 -3.304217060474913190e-03 5.115640158530782022e-02
2.000000000000000000e+04 -4.000000000000000000e+03 -1.748519280504998814e-03 -3.304217060474913190e-03 5.115640158530782022e-02
2.000000000000000000e+04 -4.000000000000000000e+03 -1.748519280504998814e-03 -3.304217060474913190e-03 5.115640158530782022e-02
2.000000000000000000e+04 -4.000000000000000000e+03 -1.748519280504998814e-03 -3.304217060474913190e-03 5.115640158530782022e-02
2.000000000000000000e+04 -4.000000000000000000e+03 -1.748519280504998814e-03 -3.304217060474913190e-03 5.115640158530782022e-02
2.400000000000000000e+04 -4.000000000000000000e+03 3.824520440431769270e-03 -2.917878384574169870e-03 4.755971873612230283e-02
2.400000000000000000e+04 -4.000000000000000000e+03 3.824520440431769270e-03 -2.917878384574169870e-03 4.755971873612230283e-02
2.400000000000000000e+04 -4.000000000000000000e+03 3.824520440431769270e-03 -2.917878384574169870e-03 4.755971873612230283e-02
2.400000000000000000e+04 -4.000000000000000000e+03 3.824520440431769270e-03 -2.917878384574169870e-03 4.755971873612230283e-02
2.400000000000000000e+04 -4.000000000000000000e+03 3.824520440431769270e-03 -2.917878384574169870e-03 4.755971873612230283e-02
2.400000000000000000e+04 -4.000000000000000000e+03 3.824520440431769270e-03 -2.917878384574169870e-03 4.755971873612230283e-02
2.400000000000000000e+04 -4.000000000000000000e+03 3.824520440431769270e-03 -2.917878384574169870e-03 4.755971873612230283e-02
2.400000000000000000e+04 -4.000000000000000000e+03 3.824520440431769270e-03 -2.917878384574169870e-03 4.755971873612230283e-02
2.800000000000000000e+04 -4.000000000000000000e+03 6.069983762861422619e-03 5.580493760885623343e-04 4.247885178898209990e-02
2.800000000000000000e+04 -4.000000000000000000e+03 6.069983762861422619e-03 5.580493760885623343e-04 4.247885178898209990e-02
2.800000000000000000e+04 -4.000000000000000000e+03 6.069983762861422619e-03 5.580493760885623343e-04 4.247885178898209990e-02
2.800000000000000000e+04 -4.000000000000000000e+03 6.069983762861422619e-03 5.580493760885623343e-04 4.247885178898209990e-02
2.800000000000000000e+04 -4.000000000000000000e+03 6.069983762861422619e-03 5.580493760885623343e-04 4.247885178898209990e-02
2.800000000000000000e+04 -4.000000000000000000e+03 6.069983762861422619e-03 5.580493760885623343e-04 4.247885178898209990e-02
2.800000000000000000e+04 -4.000000000000000000e+03 6.069983762861422619e-03 5.580493760885623343e-04 4.247885178898209990e-02
2.800000000000000000e+04 -4.000000000000000000e+03 6.069983762861422619e-03 5.580493760885623343e-04 4.247885178898209990e-02
0.000000000000000000e+00 0.000000000000000000e+00 3.218702646799637135e-02 1.294670182734030187e-02 1.307567652016535659e-02
0.000000000000000000e+00 0.000000000000000000e+00 3.218702646799637135e-02 1.294670182734030187e-02 1.307567652016535659e-02
0.000000000000000000e+00 0.000000000000000000e+00 3.218702646799637135e-02 1.294670182734030187e-02 1.307567652016535659e-02
0.000000000000000000e+00 0.000000000000000000e+00 3.218702646799637135e-02 1.294670182734030187e-02 1.307567652016535659e-02
0.000000000000000000e+00 0.000000000000000000e+00 3.218702646799637135e-02 1.294670182734030187e-02 1.307567652016535659e-02
0.000000000000000000e+00 0.000000000000000000e+00 3.218702646799637135e-02 1.294670182734030187e-02 1.307567652016535659e-02
0.000000000000000000e+00 0.000000000000000000e+00 3.218702646799637135e-02 1.294670182734030187e-02 1.307567652016535659e-02
0.000000000000000000e+00 0.000000000000000000e+00 3.218702646799637135e-02 1.294670182734030187e-02 1.307567652016535659e-02
4.000000000000000000e+03 0.000000000000000000e+00 2.233162665962314455e-02 1.366554819952192634e-02 1.778103785983895652e-02
4.000000000000000000e+03 0.000000000000000000e+00 2.233162665962314455e-02 1.366554819952192634e-02 1.778103785983895652e-02
4.000000000000000000e+03 0.000000000000000000e+00 2.233162665962314455e-02 1.366554819952192634e-02 1.778103785983895652e-02
4.000000000000000000e+03 0.000000000000000000e+00 2.233162665962314455e-02 1.366554819952192634e-02 1.778103785983895652e-02
4.000000000000000000e+03 0.000000000000000000e+00 2.233162665962314455e-02 1.366554819952192634e-02 1.778103785983895652e-02
4.000000000000000000e+03 0.000000000000000000e+00 2.233162665962314455e-02 1.366554819952192634e-02 1.778103785983895652e-02
4.000000000000000000e+03 0.000000000000000000e+00 2.233162665962314455e-02 1.366554819952192634e-02 1.778103785983895652e-02
4.000000000000000000e+03 0.000000000000000000e+00 2.233162665962314455e-02 1.366554819952192634e-02 1.778103785983895652e-02
8.000000000000000000e+03 0.000000000000000000e+00 2.673626776620963152e-02 9.135959653698122462e-03 1.973339413504555939e-02
8.000000000000000000e+03 0.000000000000000000e+00 2.673626776620963152e-02 9.135959653698122462e-03 1.973339413504555939e-02
8.000000000000000000e+03 0.000000000000000000e+00 2.673626776620963152e-02 9.135959653698122462e-03 1.973339413504555939e-02
8.000000000000000000e+03 0.000000000000000000e+00 2.673626776620963152e-02 9.135959653698122462e-03 1.973339413504555939e-02
8.000000000000000000e+03 0.000000000000000000e+00 2.673626776620963152e-02 9.135959653698122462e-03 1.973339413504555939e-02
8.000000000000000000e+03 0.000000000000000000e+00 2.673626776620963152e-02 9.135959653698122462e-03 1.973339413504555939e-02
8.000000000000000000e+03 0.000000000000000000e+00 2.673626776620963152e-02 9.135959653698122462e-03 1.973339413504555939e-02
8.000000000000000000e+03 0.000000000000000000e+00 2.673626776620963152e-02 9.135959653698122462e-03 1.973339413504555939e-02
1.200000000000000000e+04 0.000000000000000000e+00 2.437595457216307215e-02 1.434753914419573811e-02 2.399480249654838832e-02
1.200000000000000000e+04 0.000000000000000000e+00 2.437595457216307215e-02 1.434753914419573811e-02 2.399480249654838832e-02
1.200000000000000000e+04 0.000000000000000000e+00 2.437595457216307215e-02 1.434753914419573811e-02 2.399480249654838832e-02
1.200000000000000000e+04 0.000000000000000000e+00 2.437595457216307215e-02 1.434753914419573811e-02 2.399480249654838832e-02
1.200000000000000000e+04 0.000000000000000000e+00 2.437595457216307215e-02 1.434753914419573811e-02 2.399480249654838832e-02
1.200000000000000000e+04 0.000000000000000000e+00 2.437595457216307215e-02 1.434753914419573811e-02 2.399480249654838832e-02
1.200000000000000000e+04 0.000000000000000000e+00 2.437595457216307215e-02 1.434753914419573811e-02 2.399480249654838832e-02
1.200000000000000000e+04 0.000000000000000000e+00 2.437595457216307215e-02 1.434753914419573811e-02 2.399480249654838832e-02
1.600000000000000000e+04 0.000000000000000000e+00 2.793256229855109810e-02 1.123406463273941142e-02 2.614903499013410126e-02
1.600000000000000000e+04 0.000000000000000000e+00 2.793256229855109810e-02 1.123406463273941142e-02 2.614903499013410126e-02
1.600000000000000000e+04 0.000000000000000000e+00 2.793256229855109810e-02 1.123406463273941142e-02 2.614903499013410126e-02
1.600000000000000000e+04 0.000000000000000000e+00 2.793256229855109810e-02 1.123406463273941142e-02 2.614903499013410126e-02
1.600000000000000000e+04 0.000000000000000000e+00 2.793256229855109810e-02 1.123406463273941142e-02 2.614903499013410126e-02
1.600000000000000000e+04 0.000000000000000000e+00 2.793256229855109810e-02 1.123406463273941142e-02 2.614903499013410126e-02
1.600000000000000000e+04 0.000000000000000000e+00 2.793256229855109810e-02 1.123406463273941142e-02 2.614903499013410126e-02
1.600000000000000000e+04 0.000000000000000000e+00 2.793256229855109810e-02 1.123406463273941142e-02 2.614903499013410126e-02
2.000000000000000000e+04 0.000000000000000000e+00 2.720963586012372509e-02 1.088374280111593581e-02 2.561406915426748046e-02
2.000000000000000000e+04 0.000000000000000000e+00 2.720963586012372509e-02 1.088374280111593581e-02 2.561406915426748046e-02
2.000000000000000000e+04 0.000000000000000000e+00 2.720963586012372509e-02 1.088374280111593581e-02 2.561406915426748046e-02
2.000000000000000000e+04 0.000000000000000000e+00 2.720963586012372509e-02 1.088374280111593581e-02 2.561406915426748046e-02
2.000000000000000000e+04 0.000000000000000000e+00 2.720963586012372509e-02 1.088374280111593581e-02 2.561406915426748046e-02
2.000000000000000000e+04 0.000000000000000000e+00 2.720963586012372509e-02 1.088374280111593581e-02 2.561406915426748046e-02
2.000000000000000000e+04 0.000000000000000000e+00 2.720963586012372509e-02 1.088374280111593581e-02 2.561406915426748046e-02
2.000000000000000000e+04 0.000000000000000000e+00 2.720963586012372509e-02 1.088374280111593581e-02 2.561406915426748046e-02
2.400000000000000000e+04 0.000000000000000000e+00 3.011777625550230569e-02 1.523676034446772021e-02 2.344304200240149294e-02
2.400000000000000000e+04 0.000000000000000000e+00 3.011777625550230569e-02 1.523676034446772021e-02 2.344304200240149294e-02
2.400000000000000000e+04 0.000000000000000000e+00 3.011777625550230569e-02 1.523676034446772021e-02 2.344304200240149294e-02
2.400000000000000000e+04 0.000000000000000000e+00 3.011777625550230569e-02 1.523676034446772021e-02 2.344304200240149294e-02
2.400000000000000000e+04 0.000000000000000000e+00 3.011777625550230569e-02 1.523676034446772021e-02 2.344304200240149294e-02
2.400000000000000000e+04 0.000000000000000000e+00 3.011777625550230569e-02 1.523676034446772021e-02 2.344304200240149294e-02
2.400000000000000000e+04 0.000000000000000000e+00 3.011777625550230569e-02 1.523676034446772021e-02 2.344304200240149294e-02
2.400000000000000000e+04 0.000000000000000000e+00 3.011777625550230569e-02 1.523676034446772021e-02 2.344304200240149294e-02
2.800000000000000000e+04 0.000000000000000000e+00 3.072620702893746197e-02 6.639365602842365807e-03 1.984950330710114758e-02
2.800000000000000000e+04 0.000000000000000000e+00 3.072620702893746197e-02 6.639365602842365807e-03 1.984950330710114758e-02
2.800000000000000000e+04 0.000000000000000000e+00 3.072620702893746197e-02 6.639365602842365807e-03 1.984950330710114758e-02
2.800000000000000000e+04 0.000000000000000000e+00 3.072620702893746197e-02 6.639365602842365807e-03 1.984950330710114758e-02
2.800000000000000000e+04 0.000000000000000000e+00 3.072620702893746197e-02 6.639365602842365807e-03 1.984950330710114758e-02
2.800000000000000000e+04 0.000000000000000000e+00 3.072620702893746197e-02 6.639365602842365807e-03 1.984950330710114758e-02
2.800000000000000000e+04 0.000000000000000000e+00 3.072620702893746197e-02 6.639365602842365807e-03 1.984950330710114758e-02
2.800000000000000000e+04 0.000000000000000000e+00 3.072620702893746197e-02 6.639365602842365807e-03 1.984950330710114758e-02
2.800000000000000000e+04 0.000000000000000000e+00 3.072620702893746197e-02 6.639365602842365807e-03 1.984950330710114758e-02
2.800000000000000000e+04 0.000000000000000000e+00 3.072620702893746197e-02 6.639365602842365807e-03 1.984950330710114758e-02
2.800000000000000000e+04 0.000000000000000000e+00 3.072620702893746197e-02 6.639365602842365807e-03 1.984950330710114758e-02
2.800000000000000000e+04 0.000000000000000000e+00 3.072620702893746197e-02 6.639365602842365807e-03 1.984950330710114758e-02
2.800000000000000000e+04 0.000000000000000000e+00 3.072620702893746197e-02 6.639365602842365807e-03 1.984950330710114758e-02
2.800000000000000000e+04 0.000000000000000000e+00 3.072620702893746197e-02 6.639365602842365807e-03 1.984950330710114758e-02
2.800000000000000000e+04 0.000000000000000000e+00 3.072620702893746197e-02 6.639365602842365807e-03 1.984950330710114758e-02
2.800000000000000000e+04 0.000000000000000000e+00 3.072620702893746197e-02 6.639365602842365807e-03 1.984950330710114758e-02
2.400000000000000000e+04 0.000000000000000000e+00 3.011777625550230569e-02 1.523676034446772021e-02 2.344304200240149294e-02
2.400000000000000000e+04 0.000000000000000000e+00 3.011777625550230569e-02 1.523676034446772021e-02 2.344304200240149294e-02
2.400000000000000000e+04 0.000000000000000000e+00 3.011777625550230569e-02 1.523676034446772021e-02 2.344304200240149294e-02
2.400000000000000000e+04 0.000000000000000000e+00 3.011777625550230569e-02 1.523676034446772021e-02 2.344304200240149294e-02
2.400000000000000000e+04 0.000000000000000000e+00 3.011777625550230569e-02 1.523676034446772021e-02 2.344304200240149294e-02
2.400000000000000000e+04 0.000000000000000000e+00 3.011777625550230569e-02 1.523676034446772021e-02 2.344304200240149294e-02
2.400000000000000000e+04 0.000000000000000000e+00 3.011777625550230569e-02 1.523676034446772021e-02 2.344304200240149294e-02
2.400000000000000000e+04 0.000000000000000000e+00 3.011777625550230569e-02 1.523676034446772021e-02 2.344304200240149294e-02
2.000000000000000000e+04 0.000000000000000000e+00 2.720963586012372509e-02 1.088374280111593581e-02 2.561406915426748046e-02
2.000000000000000000e+04 0.000000000000000000e+00 2.720963586012372509e-02 1.088374280111593581e-02 2.561406915426748046e-02
2.000000000000000000e+04 0.000000000000000000e+00 2.720963586012372509e-02 1.088374280111593581e-02 2.561406915426748046e-02
2.000000000000000000e+04 0.000000000000000000e+00 2.720963586012372509e-02 1.088374280111593581e-02 2.561406915426748046e-02
2.000000000000000000e+04 0.000000000000000000e+00 2.720963586012372509e-02 1.088374280111593581e-02 2.561406915426748046e-02
2.000000000000000000e+04 0.000000000000000000e+00 2.720963586012372509e-02 1.088374280111593581e-02 2.561406915426748046e-02
2.000000000000000000e+04 0.000000000000000000e+00 2.720963586012372509e-02 1.088374280111593581e-02 2.561406915426748046e-02
2.000000000000000000e+04 0.000000000000000000e+00 2.720963586012372509e-02 1.088374280111593581e-02 2.561406915426748046e-02
1.600000000000000000e+04 0.000000000000000000e+00 2.793256229855109810e-02 1.123406463273941142e-02 2.614903499013410126e-02
1.600000000000000000e+04 0.000000000000000000e+00 2.793256229855109810e-02 1.123406463273941142e-02 2.614903499013410126e-02
1.600000000000000000e+04 0.000000000000000000e+00 2.793256229855109810e-02 1.123406463273941142e-02 2.614903499013410126e-02
1.600000000000000000e+04 0.000000000000000000e+00 2.793256229855109810e-02 1.123406463273941142e-02 2.614903499013410126e-02
1.600000000000000000e+04 0.000000000000000000e+00 2.793256229855109810e-02 1.123406463273941142e-02 2.614903499013410126e-02
1.600000000000000000e+04 0.000000000000000000e+00 2.793256229855109810e-02 1.123406463273941142e-02 2.614903499013410126e-02
1.600000000000000000e+04 0.000000000000000000e+00 2.793256229855109810e-02 1.123406463273941142e-02 2.614903499013410126e-02
1.600000000000000000e+04 0.000000000000000000e+00 2.793256229855109810e-02 1.123406463273941142e-02 2.614903499013410126e-02
1.200000000000000000e+04 0.000000000000000000e+00 2.437595457216307215e-02 1.434753914419573811e-02 2.399480249654838832e-02
1.200000000000000000e+04 0.000000000000000000e+00 2.437595457216307215e-02 1.434753914419573811e-02 2.399480249654838832e-02
1.200000000000000000e+04 0.000000000000000000e+00 2.437595457216307215e-02 1.434753914419573811e-02 2.399480249654838832e-02
1.200000000000000000e+04 0.000000000000000000e+00 2.437595457216307215e-02 1.434753914419573811e-02 2.399480249654838832e-02
1.200000000000000000e+04 0.000000000000000000e+00 2.437595457216307215e-02 1.434753914419573811e-02 2.399480249654838832e-02
1.200000000000000000e+04 0.000000000000000000e+00 2.437595457216307215e-02 1.434753914419573811e-02 2.399480249654838832e-02
1.200000000000000000e+04 0.000000000000000000e+00 2.437595457216307215e-02 1.434753914419573811e-02 2.399480249654838832e-02
1.200000000000000000e+04 0.000000000000000000e+00 2.437595457216307215e-02 1.434753914419573811e-02 2.399480249654838832e-02
8.000000000000000000e+03 0.000000000000000000e+00 2.673626776620963152e-02 9.135959653698122462e-03 1.973339413504555939e-02
8.000000000000000000e+03 0.000000000000000000e+00 2.673626776620963152e-02 9.135959653698122462e-03 1.973339413504555939e-02
8.000000000000000000e+03 0.000000000000000000e+00 2.673626776620963152e-02 9.135959653698122462e-03 1.973339413504555939e-02
8.000000000000000000e+03 0.000000000000000000e+00 2.673626776620963152e-02 9.135959653698122462e-03 1.973339413504555939e-02
8.000000000000000000e+03 0.000000000000000000e+00 2.673626776620963152e-02 9.135959653698122462e-03 1.973339413504555939e-02
8.000000000000000000e+03 0.000000000000000000e+00 2.673626776620963152e-02 9.135959653698122462e-03 1.973339413504555939e-02
8.000000000000000000e+03 0.000000000000000000e+00 2.673626776620963152e-02 9.135959653698122462e-03 1.973339413504555939e-02
8.000000000000000000e+03 0.000000000000000000e+00 2.673626776620963152e-02 9.135959653698122462e-03 1.973339413504555939e-02
4.000000000000000000e+03 0.000000000000000000e+00 2.233162665962314455e-02 1.366554819952192634e-02 1.778103785983895652e-02
4.000000000000000000e+03 0.000000000000000000e+00 2.233162665962314455e-02 1.366554819952192634e-02 1.778103785983895652e-02
4.000000000000000000e+03 0.000000000000000000e+00 2.233162665962314455e-02 1.366554819952192634e-02 1.778103785983895652e-02
4.000000000000000000e+03 0.000000000000000000e+00 2.233162665962314455e-02 1.366554819952192634e-02 1.778103785983895652e-02
4.000000000000000000e+03 0.000000000000000000e+00 2.233162665962314455e-02 1.366554819952192634e-02 1.778103785983895652e-02
4.000000000000000000e+03 0.000000000000000000e+00 2.233162665962314455e-02 1.366554819952192634e-02 1.778103785983895652e-02
4.000000000000000000e+03 0.000000000000000000e+00 2.233162665962314455e-02 1.366554819952192634e-02 1.778103785983895652e-02
4.000000000000000000e+03 0.000000000000000000e+00 2.233162665962314455e-02 1.366554819952192634e-02 1.778103785983895652e-02
0.000000000000000000e+00 0.000000000000000000e+00 3.218702646799637135e-02 1.294670182734030187e-02 1.307567652016535659e-02
0.000000000000000000e+00 0.000000000000000000e+00 3.218702646799637135e-02 1.294670182734030187e-02 1.307567652016535659e-02
0.000000000000000000e+00 0.000000000000000000e+00 3.218702646799637135e-02 1.294670182734030187e-02 1.307567652016535659e-02
0.000000000000000000e+00 0.000000000000000000e+00 3.218702646799637135e-02 1.294670182734030187e-02 1.307567652016535659e-02
0.000000000000000000e+00 0.000000000000000000e+00 3.218702646799637135e-02 1.294670182734030187e-02 1.307567652016535659e-02
0.000000000000000000e+00 0.000000000000000000e+00 3.218702646799637135e-02 1.294670182734030187e-02 1.307567652016535659e-02
0.000000000000000000e+00 0.000000000000000000e+00 3.218702646799637135e-02 1.294670182734030187e-02 1.307567652016535659e-02
0.000000000000000000e+00 0.000000000000000000e+00 3.218702646799637135e-02 1.294670182734030187e-02 1.307567652016535659e-02
0.000000000000000000e+00 0.000000000000000000e+00 3.218702646799637135e-02 1.294670182734030187e-02 1.307567652016535659e-02
0.000000000000000000e+00 0.000000000000000000e+00 3.218702646799637135e-02 1.294670182734030187e-02 1.307567652016535659e-02
0.000000000000000000e+00 0.000000000000000000e+00 3.218702646799637135e-02 1.294670182734030187e-02 1.307567652016535659e-02
0.000000000000000000e+00 0.000000000000000000e+00 3.218702646799637135e-02 1.294670182734030187e-02 1.307567652016535659e-02
0.000000000000000000e+00 0.000000000000000000e+00 3.218702646799637135e-02 1.294670182734030187e-02 1.307567652016535659e-02
0.000000000000000000e+00 0.000000000000000000e+00 3.218702646799637135e-02 1.294670182734030187e-02 1.307567652016535659e-02
0.000000000000000000e+00 0.000000000000000000e+00 3.218702646799637135e-02 1.294670182734030187e-02 1.307567652016535659e-02
0.000000000000000000e+00 0.000000000000000000e+00 3.218702646799637135e-02 1.294670182734030187e-02 1.307567652016535659e-02
4.000000000000000000e+03 0.000000000000000000e+00 2.233162665962314455e-02 1.366554819952192634e-02 1.778103785983895652e-02
4.000000000000000000e+03 0.000000000000000000e+00 2.233162665962314455e-02 1.366554819952192634e-02 1.778103785983895652e-02
4.000000000000000000e+03 0.000000000000000000e+00 2.233162665962314455e-02 1.366554819952192634e-02 1.778103785983895652e-02
4.000000000000000000e+03 0.000000000000000000e+00 2.233162665962314455e-02 1.366554819952192634e-02 1.778103785983895652e-02
4.000000000000000000e+03 0.000000000000000000e+00 2.233162665962314455e-02 1.366554819952192634e-02 1.778103785983895652e-02
4.000000000000000000e+03 0.000000000000000000e+00 2.233162665962314455e-02 1.366554819952192634e-02 1.778103785983895652e-02
4.000000000000000000e+03 0.000000000000000000e+00 2.233162665962314455e-02 1.366554819952192634e-02 1.778103785983895652e-02
4.000000000000000000e+03 0.000000000000000000e+00 2.233162665962314455e-02 1.366554819952192634e-02 1.778103785983895652e-02
8.000000000000000000e+03 0.000000000000000000e+00 2.673626776620963152e-02 9.135959653698122462e-03 1.973339413504555939e-02
8.000000000000000000e+03 0.000000000000000000e+00 2.673626776620963152e-02 9.135959653698122462e-03 1.973339413504555939e-02
8.000000000000000000e+03 0.000000000000000000e+00 2.673626776620963152e-02 9.135959653698122462e-03 1.973339413504555939e-02
8.000000000000000000e+03 0.000000000000000000e+00 2.673626776620963152e-02 9.135959653698122462e-03 1.973339413504555939e-02
8.000000000000000000e+03 0.000000000000000000e+00 2.673626776620963152e-02 9.135959653698122462e-03 1.973339413504555939e-02
8.000000000000000000e+03 0.000000000000000000e+00 2.673626776620963152e-02 9.135959653698122462e-03 1.973339413504555939e-02
8.000000000000000000e+03 0.000000000000000000e+00 2.673626776620963152e-02 9.135959653698122462e-03 1.973339413504555939e-02
8.000000000000000000e+03 0.000000000000000000e+00 2.673626776620963152e-02 9.135959653698122462e-03 1.973339413504555939e-02
1.200000000000000000e+04 0.000000000000000000e+00 2.437595457216307215e-02 1.434753914419573811e-02 2.399480249654838832e-02
1.200000000000000000e+04 0.000000000000000000e+00 2.437595457216307215e-02 1.434753914419573811e-02 2.399480249654838832e-02
1.200000000000000000e+04 0.000000000000000000e+00 2.437595457216307215e-02 1.434753914419573811e-02 2.399480249654838832e-02
1.200000000000000000e+04 0.000000000000000000e+00 2.437595457216307215e-02 1.434753914419573811e-02 2.399480249654838832e-02
1.200000000000000000e+04 0.000000000000000000e+00 2.437595457216307215e-02 1.434753914419573811e-02 2.399480249654838832e-02
1.200000000000000000e+04 0.000000000000000000e+00 2.437595457216307215e-02 1.434753914419573811e-02 2.399480249654838832e-02
1.200000000000000000e+04 0.000000000000000000e+00 2.437595457216307215e-02 1.434753914419573811e-02 2.399480249654838832e-02
1.200000000000000000e+04 0.000000000000000000e+00 2.437595457216307215e-02 1.434753914419573811e-02 2.399480249654838832e-02
1.600000000000000000e+04 0.000000000000000000e+00 2.793256229855109810e-02 1.123406463273941142e-02 2.614903499013410126e-02
1.600000000000000000e+04 0.000000000000000000e+00 2.793256229855109810e-02 1.123406463273941142e-02 2.614903499013410126e-02
1.600000000000000000e+04 0.000000000000000000e+00 2.793256229855109810e-02 1.123406463273941142e-02 2.614903499013410126e-02
1.600000000000000000e+04 0.000000000000000000e+00 2.793256229855109810e-02 1.123406463273941142e-02 2.614903499013410126e-02
1.600000000000000000e+04 0.000000000000000000e+00 2.793256229855109810e-02 1.123406463273941142e-02 2.614903499013410126e-02
1.600000000000000000e+04 0.000000000000000000e+00 2.793256229855109810e-02 1.123406463273941142e-02 2.614903499013410126e-02
1.600000000000000000e+04 0.000000000000000000e+00 2.793256229855109810e-02 1.123406463273941142e-02 2.614903499013410126e-02
1.600000000000000000e+04 0.000000000000000000e+00 2.793256229855109810e-02 1.123406463273941142e-02 2.614903499013410126e-02
2.000000000000000000e+04 0.000000000000000000e+00 2.720963586012372509e-02 1.088374280111593581e-02 2.561406915426748046e-02
2.000000000000000000e+04 0.000000000000000000e+00 2.720963586012372509e-02 1.088374280111593581e-02 2.561406915426748046e-02
2.000000000000000000e+04 0.000000000000000000e+00 2.720963586012372509e-02 1.088374280111593581e-02 2.561406915426748046e-02
2.000000000000000000e+04 0.000000000000000000e+00 2.720963586012372509e-02 1.088374280111593581e-02 2.561406915426748046e-02
2.000000000000000000e+04 0.000000000000000000e+00 2.720963586012372509e-02 1.088374280111593581e-02 2.561406915426748046e-02
2.000000000000000000e+04 0.000000000000000000e+00 2.720963586012372509e-02 1.088374280111593581e-02 2.561406915426748046e-02
2.000000000000000000e+04 0.000000000000000000e+00 2.720963586012372509e-02 1.088374280111593581e-02 2.561406915426748046e-02
2.000000000000000000e+04 0.000000000000000000e+00 2.720963586012372509e-02 1.088374280111593581e-02 2.561406915426748046e-02
2.400000000000000000e+04 0.000000000000000000e+00 3.011777625550230569e-02 1.523676034446772021e-02 2.344304200240149294e-02
2.400000000000000000e+04 0.000000000000000000e+00 3.011777625550230569e-02 1.523676034446772021e-02 2.344304200240149294e-02
2.400000000000000000e+04 0.000000000000000000e+00 3.011777625550230569e-02 1.523676034446772021e-02 2.344304200240149294e-02
2.400000000000000000e+04 0.000000000000000000e+00 3.011777625550230569e-02 1.523676034446772021e-02 2.344304200240149294e-02
2.400000000000000000e+04 0.000000000000000000e+00 3.011777625550230569e-02 1.523676034446772021e-02 2.344304200240149294e-02
2.400000000000000000e+04 0.000000000000000000e+00 3.011777625550230569e-02 1.523676034446772021e-02 2.344304200240149294e-02
2.400000000000000000e+04 0.000000000000000000e+00 3.011777625550230569e-02 1.523676034446772021e-02 2.344304200240149294e-02
2.400000000000000000e+04 0.000000000000000000e+00 3.011777625550230569e-02 1.523676034446772021e-02 2.344304200240149294e-02
2.800000000000000000e+04 0.000000000000000000e+00 3.072620702893746197e-02 6.639365602842365807e-03 1.984950330710114758e-02
2.800000000000000000e+04 0.000000000000000000e+00 3.072620702893746197e-02 6.639365602842365807e-03 1.984950330710114758e-02
2.800000000000000000e+04 0.000000000000000000e+00 3.072620702893746197e-02 6.639365602842365807e-03 1.984950330710114758e-02
2.800000000000000000e+04 0.000000000000000000e+00 3.072620702893746197e-02 6.639365602842365807e-03 1.984950330710114758e-02
2.800000000000000000e+04 0.000000000000000000e+00 3.072620702893746197e-02 6.639365602842365807e-03 1.984950330710114758e-02
2.800000000000000000e+04 0.000000000000000000e+00 3.072620702893746197e-02 6.639365602842365807e-03 1.984950330710114758e-02
2.800000000000000000e+04 0.000000000000000000e+00 3.072620702893746197e-02 6.639365602842365807e-03 1.984950330710114758e-02
2.800000000000000000e+04 0.000000000000000000e+00 3.072620702893746197e-02 6.639365602842365807e-03 1.984950330710114758e-02
