4.525000000000000000e+03 4.010000000000000000e+03 -7.200000000000000000e+04 -6.723649759742354348e+00 6.053642316719784477e-02 3.681255318988765790e+00 1.004825240278539762e-02 2.392520313041815427e+01 1.083186884945855008e-02 1.000000000000000000e+00 9.066134999999999167e+00 1.057499999999999933e-02 7.353420999999999985e+00
4.525000000000000000e+03 4.010000000000000000e+03 -7.200000000000000000e+04 -6.803432669319619208e+00 5.091839222055117437e-02 2.869827677625561790e+00 1.079297129996817546e-02 -1.005539769789493576e+01 1.143489104417603520e-02 0.000000000000000000e+00 -2.377055599999999913e+01 1.433899999999999932e-02 1.786102199999999840e+01
4.525000000000000000e+03 4.010000000000000000e+03 -6.540000000000000000e+04 -6.821540129678570707e+00 4.603504522806462634e-02 2.891368679129187047e+00 7.040314345409330252e-03 2.364461737304601741e+01 8.265800249695627253e-03 1.000000000000000000e+00 9.049797999999999121e+00 1.461600000000000052e-02 3.519801300000000310e+01
4.525000000000000000e+03 4.010000000000000000e+03 -6.540000000000000000e+04 -6.763237641415931201e+00 3.784147872676268259e-02 2.975423674797263551e+00 6.507934231488949478e-03 -1.034996445193743675e+01 8.336711210698228083e-03 0.000000000000000000e+00 -2.375879899999999978e+01 1.197400000000000027e-02 4.553860499999999689e+01
4.525000000000000000e+03 4.010000000000000000e+03 -5.880000000000000000e+04 -6.836755968446968978e+00 4.799064285939462493e-02 2.756227094771696695e+00 1.141551578003515734e-02 2.326705522477514521e+01 9.235437749116422526e-03 1.000000000000000000e+00 9.032368999999999204e+00 1.232499999999999915e-02 6.288459699999999941e+01
4.525000000000000000e+03 4.010000000000000000e+03 -5.880000000000000000e+04 -6.739538596737040699e+00 5.619809824636238377e-02 2.827250668830881608e+00 1.008456215455374831e-02 -1.073288733254030092e+01 1.353646488722752214e-02 0.000000000000000000e+00 -2.379476999999999975e+01 1.272700000000000047e-02 7.323118800000000306e+01
4.525000000000000000e+03 4.010000000000000000e+03 -5.220000000000000000e+04 -6.847076236843813390e+00 5.152666726122410307e-02 2.622672472287188139e+00 8.889996921736812580e-03 2.286973924376854228e+01 7.605252506170067511e-03 1.000000000000000000e+00 9.036331999999999809e+00 1.141299999999999953e-02 9.051017699999999877e+01
4.525000000000000000e+03 4.010000000000000000e+03 -5.220000000000000000e+04 -6.778708512290804400e+00 2.861216720630943566e-02 2.678347347347779461e+00 7.385234082348241143e-03 -1.111762952716523678e+01 6.787112737174239713e-03 0.000000000000000000e+00 -2.378328600000000037e+01 1.514199999999999921e-02 1.008627690000000001e+02
4.525000000000000000e+03 4.010000000000000000e+03 -4.560000000000000000e+04 -6.888558629950615853e+00 4.909479644465106901e-02 2.457285611786169444e+00 1.076842092330937764e-02 2.246435067863904322e+01 1.002414035599619689e-02 1.000000000000000000e+00 9.050290000000000390e+00 1.056499999999999974e-02 1.182067610000000002e+02
4.525000000000000000e+03 4.010000000000000000e+03 -4.560000000000000000e+04 -6.781956756692795629e+00 5.725663150779994326e-02 2.503918326966634744e+00 1.372369779715235279e-02 -1.152303616217529658e+01 8.761140801998719765e-03 0.000000000000000000e+00 -2.378127999999999886e+01 1.497799999999999999e-02 1.285523530000000108e+02
4.525000000000000000e+03 4.010000000000000000e+03 -3.900000000000000000e+04 -6.897340148943927218e+00 4.871962168558072181e-02 2.348997494142673670e+00 9.489966289951556541e-03 2.202091331529852170e+01 8.819127203384518818e-03 1.000000000000000000e+00 9.064470999999999279e+00 1.139500000000000061e-02 1.458963449999999966e+02
4.525000000000000000e+03 4.010000000000000000e+03 -3.900000000000000000e+04 -6.849155894154469237e+00 3.720485275614575371e-02 2.388045420918158523e+00 7.636406519539104543e-03 -1.194921503211875802e+01 7.900955439809462591e-03 0.000000000000000000e+00 -2.377619800000000083e+01 9.667000000000000245e-03 1.562419370000000072e+02
4.525000000000000000e+03 4.010000000000000000e+03 -3.240000000000000000e+04 -6.927254799280512465e+00 5.298413256717353359e-02 2.216112706950629452e+00 1.166872732550061111e-02 2.156359999967544994e+01 1.083015824941153428e-02 1.000000000000000000e+00 9.026348999999999734e+00 1.676199999999999912e-02 1.735869280000000003e+02
4.525000000000000000e+03 4.010000000000000000e+03 -3.240000000000000000e+04 -6.916198113268374748e+00 5.665267015580519039e-02 2.250529311274303446e+00 1.240375851073293421e-02 -1.239336758640242309e+01 8.921746747412266990e-03 0.000000000000000000e+00 -2.378703700000000154e+01 1.206899999999999987e-02 1.839325200000000109e+02
4.525000000000000000e+03 4.010000000000000000e+03 -2.580000000000000000e+04 -6.993238985846358169e+00 4.965191273677087291e-02 2.046227874406016944e+00 8.430811818688953296e-03 2.107770850660675066e+01 7.268227820999108475e-03 1.000000000000000000e+00 9.039948000000000761e+00 1.026400000000000055e-02 2.012785120000000063e+02
4.525000000000000000e+03 4.010000000000000000e+03 -2.580000000000000000e+04 -6.953075369418757923e+00 3.775262803216999918e-02 2.129849988436631314e+00 6.583933605699216624e-03 -1.284448535256028379e+01 7.895787227398979452e-03 0.000000000000000000e+00 -2.376967700000000150e+01 1.641400000000000151e-02 2.116301049999999861e+02
4.525000000000000000e+03 4.010000000000000000e+03 -1.920000000000000000e+04 -7.037112339297855179e+00 6.645203977029899567e-02 1.932244798001861552e+00 1.300405557486919959e-02 2.057760777072210345e+01 8.263094939083901261e-03 1.000000000000000000e+00 9.033167999999999864e+00 1.794799999999999868e-02 2.289760970000000100e+02
4.525000000000000000e+03 4.010000000000000000e+03 -1.920000000000000000e+04 -7.029481737153524534e+00 6.447034763402292867e-02 1.980171313318420223e+00 1.240009060344623125e-02 -1.332801228399062232e+01 1.203407005025974863e-02 0.000000000000000000e+00 -2.381138999999999939e+01 9.468999999999999986e-03 2.393246880000000090e+02
4.525000000000000000e+03 4.010000000000000000e+03 -1.260000000000000000e+04 -7.105620253049221624e+00 4.414231895160568991e-02 1.749186525667623338e+00 8.835760552217323746e-03 2.005915702799677902e+01 9.923818521042883367e-03 1.000000000000000000e+00 9.050781999999999883e+00 8.867999999999999147e-03 2.566686809999999923e+02
4.525000000000000000e+03 4.010000000000000000e+03 -1.260000000000000000e+04 -7.111095210319367865e+00 5.208640561124124740e-02 1.841011169397280378e+00 1.180800289064411895e-02 -1.381684396334012632e+01 8.021839018317277609e-03 0.000000000000000000e+00 -2.377437600000000018e+01 1.718799999999999842e-02 2.670132719999999722e+02
4.525000000000000000e+03 4.010000000000000000e+03 -6.000000000000000000e+03 -7.188353429476353362e+00 6.567366428540795387e-02 1.580028303884206009e+00 1.415089359946862350e-02 1.949591783580633120e+01 1.147753682913072067e-02 1.000000000000000000e+00 9.053910999999999376e+00 2.175099999999999950e-02 2.843522639999999910e+02
4.525000000000000000e+03 4.010000000000000000e+03 -6.000000000000000000e+03 -7.179706077610268800e+00 6.561362456605164539e-02 1.758401895624500888e+00 1.192644166450611797e-02 -1.433777517246693733e+01 8.537730467071341992e-03 0.000000000000000000e+00 -2.377051099999999906e+01 1.303900000000000024e-02 2.946958559999999920e+02
4.525000000000000000e+03 4.010000000000000000e+03 -6.000000000000000000e+03 -7.220248113605323148e+00 7.029704006711985642e-02 1.600304070582023730e+00 1.078086480659093578e-02 1.950613881903343838e+01 9.192313953719988967e-03 1.000000000000000000e+00 9.027281999999999584e+00 1.382199999999999922e-02 3.050424479999999789e+02
4.525000000000000000e+03 4.010000000000000000e+03 -6.000000000000000000e+03 -7.183996166952330675e+00 7.511715041706613916e-02 1.718353085245106104e+00 1.401333268641731696e-02 -1.434248319483651635e+01 1.232832629514844965e-02 0.000000000000000000e+00 -2.382161199999999823e+01 1.363800000000000082e-02 3.153880389999999920e+02
4.525000000000000000e+03 4.010000000000000000e+03 -1.260000000000000000e+04 -7.138554649805618268e+00 4.605339325171053239e-02 1.730634737214822971e+00 1.165427378247330635e-02 2.002430218584400379e+01 7.015105245572549920e-03 1.000000000000000000e+00 9.043604000000000198e+00 9.235000000000000153e-03 3.327360320000000229e+02
4.525000000000000000e+03 4.010000000000000000e+03 -1.260000000000000000e+04 -7.130183876978274604e+00 7.210132690628349994e-02 1.824184093544738205e+00 1.232085708530484755e-02 -1.384471207446086538e+01 6.815388179460854512e-03 0.000000000000000000e+00 -2.377210099999999926e+01 9.934000000000000122e-03 3.430816229999999791e+02
4.525000000000000000e+03 4.010000000000000000e+03 -1.920000000000000000e+04 -7.060802466608151029e+00 8.172477238961198265e-02 1.899910346209690903e+00 1.666423720432688022e-02 2.055187601920142271e+01 9.678704575719029521e-03 1.000000000000000000e+00 9.036312999999999818e+00 1.184100000000000083e-02 3.604266150000000266e+02
4.525000000000000000e+03 4.010000000000000000e+03 -1.920000000000000000e+04 -7.067922355364489206e+00 9.794773225738416522e-02 1.966953470956889660e+00 1.184573275006827603e-02 -1.335546603930505150e+01 1.075021535829610506e-02 0.000000000000000000e+00 -2.378244199999999964e+01 1.637699999999999920e-02 3.707692069999999944e+02
4.525000000000000000e+03 4.010000000000000000e+03 -2.580000000000000000e+04 -7.019279291102164642e+00 5.492670313433055396e-02 2.038236482617415302e+00 9.956687770889200220e-03 2.104679710960716932e+01 1.003898861569974856e-02 1.000000000000000000e+00 9.068941000000000585e+00 1.149299999999999974e-02 3.881181990000000042e+02
4.525000000000000000e+03 4.010000000000000000e+03 -2.580000000000000000e+04 -6.971213955524417472e+00 6.348268296424566803e-02 2.109537831148150300e+00 1.247433392452803116e-02 -1.287829740482535179e+01 6.974375298221691805e-03 0.000000000000000000e+00 -2.378875499999999832e+01 1.339599999999999992e-02 3.984637910000000147e+02
4.525000000000000000e+03 4.010000000000000000e+03 -3.240000000000000000e+04 -6.949121807823217090e+00 5.656618023204348228e-02 2.191070305896577253e+00 1.747912109352863647e-02 2.152754800498942345e+01 1.018077319036905966e-02 1.000000000000000000e+00 9.035458000000000212e+00 1.271699999999999914e-02 4.158087830000000054e+02
4.525000000000000000e+03 4.010000000000000000e+03 -3.240000000000000000e+04 -6.894496599885415300e+00 8.168859596895296227e-02 2.243610264305563096e+00 1.409706363326392042e-02 -1.242289840068062290e+01 1.004287705495145872e-02 0.000000000000000000e+00 -2.377762900000000101e+01 1.592999999999999972e-02 4.261523740000000089e+02
4.525000000000000000e+03 4.010000000000000000e+03 -3.900000000000000000e+04 -6.926218513959831569e+00 5.305968081151210547e-02 2.315324151748598513e+00 8.917550995629954999e-03 2.198856231318081456e+01 7.733231563893181414e-03 1.000000000000000000e+00 9.055341000000000307e+00 1.765900000000000108e-02 4.434963670000000207e+02
4.525000000000000000e+03 4.010000000000000000e+03 -3.900000000000000000e+04 -6.839251977533137961e+00 5.912798680236991400e-02 2.342875426153118390e+00 1.161918988206353184e-02 -1.198790337250037652e+01 8.716608754746425769e-03 0.000000000000000000e+00 -2.375037000000000020e+01 1.119299999999999982e-02 4.538439579999999864e+02
4.525000000000000000e+03 4.010000000000000000e+03 -4.560000000000000000e+04 -6.895163754826262981e+00 6.973388377401125438e-02 2.467562900447605401e+00 1.106690163715087771e-02 2.243193608032059672e+01 1.067107693470149138e-02 1.000000000000000000e+00 9.042495999999999867e+00 1.728000000000000022e-02 4.711889509999999746e+02
4.525000000000000000e+03 4.010000000000000000e+03 -4.560000000000000000e+04 -6.807746557214528593e+00 6.237281665816033632e-02 2.519058876133530855e+00 1.373827311874940837e-02 -1.155486661358544964e+01 9.766857367759833319e-03 0.000000000000000000e+00 -2.377596000000000132e+01 1.261499999999999948e-02 4.815335420000000113e+02
4.525000000000000000e+03 4.010000000000000000e+03 -5.220000000000000000e+04 -6.854923223228917450e+00 5.160133839977529974e-02 2.606231545223541612e+00 8.343096944418593175e-03 2.284590133050081207e+01 1.002172833037842832e-02 1.000000000000000000e+00 9.056414000000000186e+00 1.605600000000000083e-02 4.988775340000000256e+02
4.525000000000000000e+03 4.010000000000000000e+03 -5.220000000000000000e+04 -6.752941695780156905e+00 6.210963572142639416e-02 2.632108895611040555e+00 8.038152631360971981e-03 -1.114378065016016350e+01 7.611083945579659969e-03 0.000000000000000000e+00 -2.375147700000000128e+01 1.151199999999999966e-02 5.092241260000000125e+02
4.525000000000000000e+03 4.010000000000000000e+03 -5.880000000000000000e+04 -6.811489424895563083e+00 6.649559198958031325e-02 2.743016617165816573e+00 1.219023390436156651e-02 2.324995201301858572e+01 9.045664227253736797e-03 1.000000000000000000e+00 9.043609000000000009e+00 1.277000000000000010e-02 5.265701179999999795e+02
4.525000000000000000e+03 4.010000000000000000e+03 -5.880000000000000000e+04 -6.804512337694454516e+00 8.770040297734586765e-02 2.810964818955468125e+00 1.316787921338859191e-02 -1.074225642138790171e+01 1.368591541084317013e-02 0.000000000000000000e+00 -2.377846299999999857e+01 1.597499999999999962e-02 5.369167099999999664e+02
4.525000000000000000e+03 4.010000000000000000e+03 -6.540000000000000000e+04 -6.729849233480379667e+00 5.532029616127551175e-02 2.893919180647217537e+00 1.532655407783711614e-02 2.365248884834479526e+01 8.771611124981549754e-03 1.000000000000000000e+00 9.039823999999999415e+00 1.056200000000000021e-02 5.542637019999999666e+02
4.525000000000000000e+03 4.010000000000000000e+03 -6.540000000000000000e+04 -6.819872045956071993e+00 5.541513378747539575e-02 2.957025041232324902e+00 1.010808714735345060e-02 -1.033265513588143136e+01 8.217380393879295322e-03 0.000000000000000000e+00 -2.376415799999999834e+01 1.565700000000000078e-02 5.646062940000000481e+02
4.525000000000000000e+03 4.010000000000000000e+03 -7.200000000000000000e+04 -6.628932158221433113e+00 7.634599708371753168e-02 3.603673596941668666e+00 1.279086789208739097e-02 2.395045122421413097e+01 1.010155027013986788e-02 1.000000000000000000e+00 9.029139999999999944e+00 1.373899999999999948e-02 5.819502850000000080e+02
4.525000000000000000e+03 4.010000000000000000e+03 -7.200000000000000000e+04 -6.838914351748982767e+00 5.822825608582207768e-02 2.905293856156667243e+00 1.663968006617003517e-02 -1.002470551476337235e+01 1.530925009592004268e-02 0.000000000000000000e+00 -2.378173200000000165e+01 1.556699999999999924e-02 5.922928769999999759e+02
4.525000000000000000e+03 4.010000000000000000e+03 -7.200000000000000000e+04 -6.626136646138801822e+00 6.379569922500491486e-02 3.598099085723347912e+00 8.741615139396944831e-03 2.396757570723910646e+01 8.539041816701377352e-03 1.000000000000000000e+00 9.044518000000000058e+00 9.298000000000000709e-03 6.026374690000000101e+02
4.525000000000000000e+03 4.010000000000000000e+03 -7.200000000000000000e+04 -6.872864121360749756e+00 7.204564394225104751e-02 2.911734501159398469e+00 1.043205169783032252e-02 -1.002350144904395002e+01 1.105189758911029850e-02 0.000000000000000000e+00 -2.378697199999999867e+01 1.596500000000000002e-02 6.129820600000000468e+02
4.525000000000000000e+03 4.010000000000000000e+03 -6.540000000000000000e+04 -6.766286982195031108e+00 5.999417810227236636e-02 2.893714812789292434e+00 1.016266071693023437e-02 2.366110844162908222e+01 9.130199011269553300e-03 1.000000000000000000e+00 9.035999999999999588e+00 1.129900000000000002e-02 6.303260530000000017e+02
4.525000000000000000e+03 4.010000000000000000e+03 -6.540000000000000000e+04 -6.771514773674089938e+00 6.471018099156607140e-02 2.972896540421054112e+00 1.049884772016938979e-02 -1.032461218362816169e+01 7.088761639909720545e-03 0.000000000000000000e+00 -2.377303900000000070e+01 1.025500000000000023e-02 6.406716440000000148e+02
4.525000000000000000e+03 4.010000000000000000e+03 -5.880000000000000000e+04 -6.805215607245893139e+00 8.105836836083506192e-02 2.755897671495867840e+00 1.146887817905737315e-02 2.328450809573126534e+01 1.445552690126224865e-02 1.000000000000000000e+00 9.045118999999999687e+00 1.304899999999999984e-02 6.580186360000000150e+02
4.525000000000000000e+03 4.010000000000000000e+03 -5.880000000000000000e+04 -6.790448461977187655e+00 7.568371306836979562e-02 2.788455476561229496e+00 9.749909760415882351e-03 -1.070864799420381352e+01 8.478251461735511821e-03 0.000000000000000000e+00 -2.377440999999999960e+01 1.533099999999999914e-02 6.683612279999999828e+02
4.525000000000000000e+03 4.010000000000000000e+03 -5.220000000000000000e+04 -6.800992379266434185e+00 5.785880850325199332e-02 2.609477517524927848e+00 7.105773325157322198e-03 2.288957064635660288e+01 7.093007474654098275e-03 1.000000000000000000e+00 9.036402000000000712e+00 1.238799999999999971e-02 6.857052200000000539e+02
4.525000000000000000e+03 4.010000000000000000e+03 -5.220000000000000000e+04 -6.787171607703596621e+00 5.988775787558641567e-02 2.678020745886530829e+00 8.766111197629815333e-03 -1.110615313066984378e+01 8.713014008133370542e-03 0.000000000000000000e+00 -2.377615899999999982e+01 1.217599999999999932e-02 6.960468120000000454e+02
4.525000000000000000e+03 4.010000000000000000e+03 -4.560000000000000000e+04 -6.855941445889466301e+00 8.909644041319381147e-02 2.475832468208530646e+00 1.525925615756834261e-02 2.247319908695745738e+01 9.660298143221078548e-03 1.000000000000000000e+00 9.046604000000000312e+00 1.241800000000000022e-02 7.133858030000000099e+02
4.525000000000000000e+03 4.010000000000000000e+03 -4.560000000000000000e+04 -6.848343694735048004e+00 5.773545695850910986e-02 2.548613605998332865e+00 1.280690294864849678e-02 -1.150908881243949189e+01 7.842171424805855634e-03 0.000000000000000000e+00 -2.379058300000000159e+01 1.325100000000000063e-02 7.237323949999999968e+02
4.525000000000000000e+03 4.010000000000000000e+03 -3.900000000000000000e+04 -6.875645189615632979e+00 5.329499292292755319e-02 2.306095753210865240e+00 7.967031647471246175e-03 2.203831004035709284e+01 9.102813305417916181e-03 1.000000000000000000e+00 9.065827000000000524e+00 1.376499999999999946e-02 7.410733870000000252e+02
4.525000000000000000e+03 4.010000000000000000e+03 -3.900000000000000000e+04 -6.853949841277088062e+00 5.596512336227073975e-02 2.397605578122733228e+00 9.451099010255353122e-03 -1.193771402041502938e+01 8.201244268046723601e-03 0.000000000000000000e+00 -2.376755599999999902e+01 1.032199999999999958e-02 7.514119779999999764e+02
4.525000000000000000e+03 4.010000000000000000e+03 -3.240000000000000000e+04 -6.913858071306810515e+00 8.710160969653010787e-02 2.197412023393867653e+00 1.158629305671845210e-02 2.157885356437713398e+01 1.184096205876753946e-02 1.000000000000000000e+00 9.045595999999999748e+00 9.809000000000000011e-03 7.687549699999999575e+02
4.525000000000000000e+03 4.010000000000000000e+03 -3.240000000000000000e+04 -6.923417865382722525e+00 7.794450723947976556e-02 2.257755723008267879e+00 1.414098587208186680e-02 -1.237524251973058220e+01 8.162466279273122155e-03 0.000000000000000000e+00 -2.378039100000000161e+01 1.594200000000000131e-02 7.791015619999999444e+02
4.525000000000000000e+03 4.010000000000000000e+03 -2.580000000000000000e+04 -6.926906388845877061e+00 7.022972129500830440e-02 2.063039970312909421e+00 1.221330501335059909e-02 2.109803180543812218e+01 8.061938568131369470e-03 1.000000000000000000e+00 9.053240000000000620e+00 1.525899999999999999e-02 7.964465539999999919e+02
4.525000000000000000e+03 4.010000000000000000e+03 -2.580000000000000000e+04 -6.978430995164882411e+00 4.189373663680003718e-02 2.128052009716445703e+00 1.122543215013652521e-02 -1.283362619013659334e+01 1.089206209352115533e-02 0.000000000000000000e+00 -2.377146000000000114e+01 1.506700000000000053e-02 8.067931459999999788e+02
4.525000000000000000e+03 4.010000000000000000e+03 -1.920000000000000000e+04 -7.024430983889894620e+00 5.745545281567290830e-02 1.922339106506133932e+00 1.541772666771695603e-02 2.059449585545686290e+01 1.408825096119295343e-02 1.000000000000000000e+00 9.072556999999999761e+00 1.341099999999999931e-02 8.241411379999999554e+02
4.525000000000000000e+03 4.010000000000000000e+03 -1.920000000000000000e+04 -7.052317316180869433e+00 7.897302774052331054e-02 1.977707520300890032e+00 1.593659938587772135e-02 -1.331465441573057618e+01 1.227675618836583313e-02 0.000000000000000000e+00 -2.379389099999999857e+01 2.510799999999999838e-02 8.344867299999999659e+02
4.525000000000000000e+03 4.010000000000000000e+03 -1.260000000000000000e+04 -7.104932709373103172e+00 5.667229176594142104e-02 1.747176475327473444e+00 1.175114960806958840e-02 2.006993024234178336e+01 1.047424512243125445e-02 1.000000000000000000e+00 9.052837999999999496e+00 9.504000000000000295e-03 8.518337219999999661e+02
4.525000000000000000e+03 4.010000000000000000e+03 -1.260000000000000000e+04 -7.135273081847544496e+00 5.833367886788487500e-02 1.853449131919863602e+00 8.524039248147116318e-03 -1.380147906302630112e+01 1.094261936807313339e-02 0.000000000000000000e+00 -2.377018800000000098e+01 1.421000000000000041e-02 8.621803139999999530e+02
4.525000000000000000e+03 4.010000000000000000e+03 -6.000000000000000000e+03 -7.211100996923048179e+00 6.467978785259664853e-02 1.582662318171190519e+00 1.853462673132308391e-02 1.950715262289795149e+01 1.280925389215211048e-02 1.000000000000000000e+00 9.043922000000000239e+00 1.463700000000000070e-02 8.795253060000000005e+02
4.525000000000000000e+03 4.010000000000000000e+03 -6.000000000000000000e+03 -7.219637720081681032e+00 7.154729123491193610e-02 1.738890295309382106e+00 1.489962248712963823e-02 -1.433278032555451809e+01 1.494799503905839405e-02 0.000000000000000000e+00 -2.378164200000000150e+01 1.350400000000000038e-02 8.898718979999999874e+02
4.525000000000000000e+03 4.010000000000000000e+03 -6.000000000000000000e+03 -7.176653974658342428e+00 6.692281806976012326e-02 1.570928681391771109e+00 1.719918352837466677e-02 1.952212037216174068e+01 1.111838664371208110e-02 1.000000000000000000e+00 9.031748000000000332e+00 1.378799999999999991e-02 9.002194899999999507e+02
4.525000000000000000e+03 4.010000000000000000e+03 -6.000000000000000000e+03 -7.183691566650199256e+00 7.630324243407955731e-02 1.722589738057819675e+00 1.323008818913097746e-02 -1.432819128199741243e+01 1.007465778842646549e-02 0.000000000000000000e+00 -2.378519899999999865e+01 2.154999999999999971e-02 9.105660820000000513e+02
4.525000000000000000e+03 4.010000000000000000e+03 -1.260000000000000000e+04 -7.113241245303599136e+00 3.970021169986390208e-02 1.742989179796756272e+00 1.048317960614768285e-02 2.002819534381752931e+01 1.231869807776937373e-02 1.000000000000000000e+00 9.057501999999999498e+00 1.464099999999999950e-02 9.279090730000000349e+02
4.525000000000000000e+03 4.010000000000000000e+03 -1.260000000000000000e+04 -7.129339105221678352e+00 6.368444990925853366e-02 1.819589997370241852e+00 1.034201530507033139e-02 -1.383815973022244528e+01 1.103488419444588128e-02 0.000000000000000000e+00 -2.377032200000000017e+01 1.100100000000000036e-02 9.382566649999999981e+02
4.525000000000000000e+03 4.010000000000000000e+03 -1.920000000000000000e+04 -7.032892135000751388e+00 6.510077080076639988e-02 1.886808798259687947e+00 1.291015596254205602e-02 2.055390936518249134e+01 1.294499730277766901e-02 1.000000000000000000e+00 9.030500999999999223e+00 1.213999999999999975e-02 9.556006569999999556e+02
4.525000000000000000e+03 4.010000000000000000e+03 -1.920000000000000000e+04 -7.037981126186677372e+00 6.576698431927167909e-02 1.961941280891742689e+00 1.309033871724919057e-02 -1.334941897621023799e+01 1.143532088821123255e-02 0.000000000000000000e+00 -2.375438799999999873e+01 1.514099999999999994e-02 9.659492490000000089e+02
4.525000000000000000e+03 4.010000000000000000e+03 -2.580000000000000000e+04 -6.955962002838615099e+00 4.943122617516981093e-02 2.054788210845286400e+00 1.225384640784745946e-02 2.106438223552714817e+01 7.258202327855808531e-03 1.000000000000000000e+00 9.063904000000000849e+00 1.189800000000000059e-02 9.832932409999999663e+02
4.525000000000000000e+03 4.010000000000000000e+03 -2.580000000000000000e+04 -6.953957402730162940e+00 4.855307617793521574e-02 2.106797708206352038e+00 1.172305328361458211e-02 -1.286797650656391667e+01 8.561671470522218275e-03 0.000000000000000000e+00 -2.376296100000000067e+01 1.269699999999999995e-02 9.936408330000000433e+02
4.525000000000000000e+03 4.010000000000000000e+03 -3.240000000000000000e+04 -6.904012335383236554e+00 6.623603066457527111e-02 2.171765513800049785e+00 1.435608488369616818e-02 2.154292325078571579e+01 1.451997412578806199e-02 1.000000000000000000e+00 9.034513999999999712e+00 1.607199999999999948e-02 1.010984825000000001e+03
4.525000000000000000e+03 4.010000000000000000e+03 -3.240000000000000000e+04 -6.908515529197231331e+00 5.604236769107331928e-02 2.233367843848913736e+00 1.220058345534331609e-02 -1.241498460524862502e+01 1.025038452584804693e-02 0.000000000000000000e+00 -2.377794700000000105e+01 1.231299999999999929e-02 1.021329417000000035e+03
4.525000000000000000e+03 4.010000000000000000e+03 -3.900000000000000000e+04 -6.909167358508553569e+00 6.646583347769084715e-02 2.313266264020276353e+00 1.261861983520168318e-02 2.199236571230186499e+01 8.213003261324522755e-03 1.000000000000000000e+00 9.061858000000000857e+00 7.387999999999999602e-03 1.038674408999999969e+03
4.525000000000000000e+03 4.010000000000000000e+03 -3.900000000000000000e+04 -6.846010817347146116e+00 5.327294359918625932e-02 2.369666890205014198e+00 1.011262541525609522e-02 -1.197785161268805965e+01 8.229378378020853202e-03 0.000000000000000000e+00 -2.378047000000000111e+01 1.119999999999999989e-02 1.049018000000000029e+03
4.525000000000000000e+03 4.010000000000000000e+03 -4.560000000000000000e+04 -6.886553255555417863e+00 6.021435351273237563e-02 2.451249490623176541e+00 1.636845494537637891e-02 2.243170643666836028e+01 1.204891247145893282e-02 1.000000000000000000e+00 9.051681000000000310e+00 1.342400000000000017e-02 1.066360991999999897e+03
4.525000000000000000e+03 4.010000000000000000e+03 -4.560000000000000000e+04 -6.798542994036851361e+00 5.019055194392326585e-02 2.502229842388809633e+00 9.197704829000556692e-03 -1.154894250706601788e+01 8.265179153709974538e-03 0.000000000000000000e+00 -2.378221800000000030e+01 1.092300000000000042e-02 1.076707583999999997e+03
4.525000000000000000e+03 4.010000000000000000e+03 -5.220000000000000000e+04 -6.835837450293650086e+00 5.658455676041436455e-02 2.600825524763365149e+00 1.203086251096009696e-02 2.286157336930396511e+01 7.555040269238868025e-03 1.000000000000000000e+00 9.051467000000000596e+00 9.419999999999999554e-03 1.094053576000000021e+03
4.525000000000000000e+03 4.010000000000000000e+03 -5.220000000000000000e+04 -6.795252070392081123e+00 5.564394593934085531e-02 2.645579343100170622e+00 1.228924793398645902e-02 -1.113698943328531676e+01 9.905480075025237252e-03 0.000000000000000000e+00 -2.376925900000000169e+01 1.141799999999999933e-02 1.104398167999999941e+03
4.525000000000000000e+03 4.010000000000000000e+03 -5.880000000000000000e+04 -6.755307017998940289e+00 9.200059757755772727e-02 2.737058887476138125e+00 1.735505765227966790e-02 2.326471814583145559e+01 1.256002668222998275e-02 1.000000000000000000e+00 9.046509999999999607e+00 1.359600000000000045e-02 1.121748160000000098e+03
4.525000000000000000e+03 4.010000000000000000e+03 -5.880000000000000000e+04 -6.774990792225111136e+00 6.909489475301254513e-02 2.790325436472219867e+00 1.367190153594582611e-02 -1.073499905679656408e+01 1.234425390461183804e-02 0.000000000000000000e+00 -2.377130599999999916e+01 1.479699999999999939e-02 1.132093751999999995e+03
4.525000000000000000e+03 4.010000000000000000e+03 -6.540000000000000000e+04 -6.710396923985987527e+00 6.732659173832729327e-02 2.878828725101494346e+00 1.237947066245469706e-02 2.366321213831368198e+01 9.899503119754151509e-03 1.000000000000000000e+00 9.053805999999999798e+00 1.324700000000000009e-02 1.149438744000000042e+03
4.525000000000000000e+03 4.010000000000000000e+03 -6.540000000000000000e+04 -6.799813591515609268e+00 4.443197812332263380e-02 2.942316553682216451e+00 1.223402691162213222e-02 -1.033113847459814849e+01 9.062667464620173877e-03 0.000000000000000000e+00 -2.377426600000000079e+01 1.258399999999999970e-02 1.159780334999999923e+03
4.525000000000000000e+03 4.010000000000000000e+03 -7.200000000000000000e+04 -6.611046811777519849e+00 8.955419902578454217e-02 3.541971128951894698e+00 1.606216754048454820e-02 2.396085462089753193e+01 1.280666181140008991e-02 1.000000000000000000e+00 9.044449000000000183e+00 1.271000000000000081e-02 1.177126328000000058e+03
4.525000000000000000e+03 4.010000000000000000e+03 -7.200000000000000000e+04 -6.825535060397045051e+00 6.419356898457652394e-02 2.893390445572241010e+00 1.728081820819973510e-02 -1.002242831442555016e+01 1.159726696586612510e-02 0.000000000000000000e+00 -2.378098200000000162e+01 1.370500000000000017e-02 1.187472919000000047e+03
