2.525000000000000000e+03 4.010000000000000000e+03 3.800921187604012347e-02 -5.100536918507836762e-03 -1.387058189297250875e-03
2.525000000000000000e+03 4.010000000000000000e+03 3.800921187604012347e-02 -5.100536918507836762e-03 -1.387058189297250875e-03
4.525000000000000000e+03 4.010000000000000000e+03 3.911227344396039918e-02 -1.085941012223061788e-02 -1.357095896321783074e-03
4.525000000000000000e+03 4.010000000000000000e+03 3.911227344396039918e-02 -1.085941012223061788e-02 -1.357095896321783074e-03
6.525000000000000000e+03 4.010000000000000000e+03 3.835579420151177810e-02 -1.036751420823086439e-02 -7.415014120313674541e-04
6.525000000000000000e+03 4.010000000000000000e+03 3.835579420151177810e-02 -1.036751420823086439e-02 -7.415014120313674541e-04
8.525000000000000000e+03 4.010000000000000000e+03 3.825511815987737985e-02 -8.407065066299124201e-03 1.275893975319549194e-04
8.525000000000000000e+03 4.010000000000000000e+03 3.825511815987737985e-02 -8.407065066299124201e-03 1.275893975319549194e-04
1.052500000000000000e+04 4.010000000000000000e+03 4.367381457289339075e-02 -7.848402656761312851e-03 2.081120144124416066e-03
1.052500000000000000e+04 4.010000000000000000e+03 4.367381457289339075e-02 -7.848402656761312851e-03 2.081120144124416066e-03
1.252500000000000000e+04 4.010000000000000000e+03 3.959586503638683891e-02 -6.102762688614524200e-03 6.189538734874832498e-03
1.252500000000000000e+04 4.010000000000000000e+03 3.959586503638683891e-02 -6.102762688614524200e-03 6.189538734874832498e-03
1.452500000000000000e+04 4.010000000000000000e+03 3.839750084003111519e-02 -4.994325720515783301e-03 8.896994495603247760e-03
1.452500000000000000e+04 4.010000000000000000e+03 3.839750084003111519e-02 -4.994325720515783301e-03 8.896994495603247760e-03
1.652500000000000000e+04 4.010000000000000000e+03 3.870233878014286977e-02 -4.442702090254342824e-03 8.290944851563503484e-03
1.652500000000000000e+04 4.010000000000000000e+03 3.870233878014286977e-02 -4.442702090254342824e-03 8.290944851563503484e-03
1.852500000000000000e+04 4.010000000000000000e+03 3.792791595749600564e-02 -1.758481026248622956e-03 1.192283566144990842e-02
1.852500000000000000e+04 4.010000000000000000e+03 3.792791595749600564e-02 -1.758481026248622956e-03 1.192283566144990842e-02
2.052500000000000000e+04 4.010000000000000000e+03 3.763587535949065865e-02 -6.954375316152227931e-04 1.001580341534633045e-02
2.052500000000000000e+04 4.010000000000000000e+03 3.763587535949065865e-02 -6.954375316152227931e-04 1.001580341534633045e-02
2.252500000000000000e+04 4.010000000000000000e+03 3.470836146811283329e-02 2.971776248630198110e-04 1.135803710945593181e-02
2.252500000000000000e+04 4.010000000000000000e+03 3.470836146811283329e-02 2.971776248630198110e-04 1.135803710945593181e-02
2.452500000000000000e+04 4.010000000000000000e+03 3.313661723091868017e-02 1.259015608946607379e-03 1.171025276709682442e-02
2.452500000000000000e+04 4.010000000000000000e+03 3.313661723091868017e-02 1.259015608946607379e-03 1.171025276709682442e-02
2.652500000000000000e+04 4.010000000000000000e+03 2.838277020561823932e-02 2.344909101752687061e-03 7.287669792783734585e-03
2.652500000000000000e+04 4.010000000000000000e+03 2.838277020561823932e-02 2.344909101752687061e-03 7.287669792783734585e-03
2.852500000000000000e+04 4.010000000000000000e+03 2.873177586780330250e-02 3.221696478214386948e-03 5.246639677314673955e-03
2.852500000000000000e+04 4.010000000000000000e+03 2.873177586780330250e-02 3.221696478214386948e-03 5.246639677314673955e-03
3.052500000000000000e+04 4.010000000000000000e+03 3.226104463301544822e-02 5.062574993209865287e-03 2.280836395350528852e-03
3.052500000000000000e+04 4.010000000000000000e+03 3.226104463301544822e-02 5.062574993209865287e-03 2.280836395350528852e-03
3.052500000000000000e+04 4.010000000000000000e+03 3.226104463301544822e-02 5.062574993209865287e-03 2.280836395350528852e-03
3.052500000000000000e+04 4.010000000000000000e+03 3.226104463301544822e-02 5.062574993209865287e-03 2.280836395350528852e-03
2.852500000000000000e+04 4.010000000000000000e+03 2.873177586780330250e-02 3.221696478214386948e-03 5.246639677314673955e-03
2.852500000000000000e+04 4.010000000000000000e+03 2.873177586780330250e-02 3.221696478214386948e-03 5.246639677314673955e-03
2.652500000000000000e+04 4.010000000000000000e+03 2.838277020561823932e-02 2.344909101752687061e-03 7.287669792783734585e-03
2.652500000000000000e+04 4.010000000000000000e+03 2.838277020561823932e-02 2.344909101752687061e-03 7.287669792783734585e-03
2.452500000000000000e+04 4.010000000000000000e+03 3.313661723091868017e-02 1.259015608946607379e-03 1.171025276709682442e-02
2.452500000000000000e+04 4.010000000000000000e+03 3.313661723091868017e-02 1.259015608946607379e-03 1.171025276709682442e-02
2.252500000000000000e+04 4.010000000000000000e+03 3.470836146811283329e-02 2.971776248630198110e-04 1.135803710945593181e-02
2.252500000000000000e+04 4.010000000000000000e+03 3.470836146811283329e-02 2.971776248630198110e-04 1.135803710945593181e-02
2.052500000000000000e+04 4.010000000000000000e+03 3.763587535949065865e-02 -6.954375316152227931e-04 1.001580341534633045e-02
2.052500000000000000e+04 4.010000000000000000e+03 3.763587535949065865e-02 -6.954375316152227931e-04 1.001580341534633045e-02
1.852500000000000000e+04 4.010000000000000000e+03 3.792791595749600564e-02 -1.758481026248622956e-03 1.192283566144990842e-02
1.852500000000000000e+04 4.010000000000000000e+03 3.792791595749600564e-02 -1.758481026248622956e-03 1.192283566144990842e-02
1.652500000000000000e+04 4.010000000000000000e+03 3.870233878014286977e-02 -4.442702090254342824e-03 8.290944851563503484e-03
1.652500000000000000e+04 4.010000000000000000e+03 3.870233878014286977e-02 -4.442702090254342824e-03 8.290944851563503484e-03
1.452500000000000000e+04 4.010000000000000000e+03 3.839750084003111519e-02 -4.994325720515783301e-03 8.896994495603247760e-03
1.452500000000000000e+04 4.010000000000000000e+03 3.839750084003111519e-02 -4.994325720515783301e-03 8.896994495603247760e-03
1.252500000000000000e+04 4.010000000000000000e+03 3.959586503638683891e-02 -6.102762688614524200e-03 6.189538734874832498e-03
1.252500000000000000e+04 4.010000000000000000e+03 3.959586503638683891e-02 -6.102762688614524200e-03 6.189538734874832498e-03
1.052500000000000000e+04 4.010000000000000000e+03 4.367381457289339075e-02 -7.848402656761312851e-03 2.081120144124416066e-03
1.052500000000000000e+04 4.010000000000000000e+03 4.367381457289339075e-02 -7.848402656761312851e-03 2.081120144124416066e-03
8.525000000000000000e+03 4.010000000000000000e+03 3.825511815987737985e-02 -8.407065066299124201e-03 1.275893975319549194e-04
8.525000000000000000e+03 4.010000000000000000e+03 3.825511815987737985e-02 -8.407065066299124201e-03 1.275893975319549194e-04
6.525000000000000000e+03 4.010000000000000000e+03 3.835579420151177810e-02 -1.036751420823086439e-02 -7.415014120313674541e-04
6.525000000000000000e+03 4.010000000000000000e+03 3.835579420151177810e-02 -1.036751420823086439e-02 -7.415014120313674541e-04
4.525000000000000000e+03 4.010000000000000000e+03 3.911227344396039918e-02 -1.085941012223061788e-02 -1.357095896321783074e-03
4.525000000000000000e+03 4.010000000000000000e+03 3.911227344396039918e-02 -1.085941012223061788e-02 -1.357095896321783074e-03
2.525000000000000000e+03 4.010000000000000000e+03 3.800921187604012347e-02 -5.100536918507836762e-03 -1.387058189297250875e-03
2.525000000000000000e+03 4.010000000000000000e+03 3.800921187604012347e-02 -5.100536918507836762e-03 -1.387058189297250875e-03
2.525000000000000000e+03 4.010000000000000000e+03 3.800921187604012347e-02 -5.100536918507836762e-03 -1.387058189297250875e-03
2.525000000000000000e+03 4.010000000000000000e+03 3.800921187604012347e-02 -5.100536918507836762e-03 -1.387058189297250875e-03
4.525000000000000000e+03 4.010000000000000000e+03 3.911227344396039918e-02 -1.085941012223061788e-02 -1.357095896321783074e-03
4.525000000000000000e+03 4.010000000000000000e+03 3.911227344396039918e-02 -1.085941012223061788e-02 -1.357095896321783074e-03
6.525000000000000000e+03 4.010000000000000000e+03 3.835579420151177810e-02 -1.036751420823086439e-02 -7.415014120313674541e-04
6.525000000000000000e+03 4.010000000000000000e+03 3.835579420151177810e-02 -1.036751420823086439e-02 -7.415014120313674541e-04
8.525000000000000000e+03 4.010000000000000000e+03 3.825511815987737985e-02 -8.407065066299124201e-03 1.275893975319549194e-04
8.525000000000000000e+03 4.010000000000000000e+03 3.825511815987737985e-02 -8.407065066299124201e-03 1.275893975319549194e-04
1.052500000000000000e+04 4.010000000000000000e+03 4.367381457289339075e-02 -7.848402656761312851e-03 2.081120144124416066e-03
1.052500000000000000e+04 4.010000000000000000e+03 4.367381457289339075e-02 -7.848402656761312851e-03 2.081120144124416066e-03
1.252500000000000000e+04 4.010000000000000000e+03 3.959586503638683891e-02 -6.102762688614524200e-03 6.189538734874832498e-03
1.252500000000000000e+04 4.010000000000000000e+03 3.959586503638683891e-02 -6.102762688614524200e-03 6.189538734874832498e-03
1.452500000000000000e+04 4.010000000000000000e+03 3.839750084003111519e-02 -4.994325720515783301e-03 8.896994495603247760e-03
1.452500000000000000e+04 4.010000000000000000e+03 3.839750084003111519e-02 -4.994325720515783301e-03 8.896994495603247760e-03
1.652500000000000000e+04 4.010000000000000000e+03 3.870233878014286977e-02 -4.442702090254342824e-03 8.290944851563503484e-03
1.652500000000000000e+04 4.010000000000000000e+03 3.870233878014286977e-02 -4.442702090254342824e-03 8.290944851563503484e-03
1.852500000000000000e+04 4.010000000000000000e+03 3.792791595749600564e-02 -1.758481026248622956e-03 1.192283566144990842e-02
1.852500000000000000e+04 4.010000000000000000e+03 3.792791595749600564e-02 -1.758481026248622956e-03 1.192283566144990842e-02
2.052500000000000000e+04 4.010000000000000000e+03 3.763587535949065865e-02 -6.954375316152227931e-04 1.001580341534633045e-02
2.052500000000000000e+04 4.010000000000000000e+03 3.763587535949065865e-02 -6.954375316152227931e-04 1.001580341534633045e-02
2.252500000000000000e+04 4.010000000000000000e+03 3.470836146811283329e-02 2.971776248630198110e-04 1.135803710945593181e-02
2.252500000000000000e+04 4.010000000000000000e+03 3.470836146811283329e-02 2.971776248630198110e-04 1.135803710945593181e-02
2.452500000000000000e+04 4.010000000000000000e+03 3.313661723091868017e-02 1.259015608946607379e-03 1.171025276709682442e-02
2.452500000000000000e+04 4.010000000000000000e+03 3.313661723091868017e-02 1.259015608946607379e-03 1.171025276709682442e-02
2.652500000000000000e+04 4.010000000000000000e+03 2.838277020561823932e-02 2.344909101752687061e-03 7.287669792783734585e-03
2.652500000000000000e+04 4.010000000000000000e+03 2.838277020561823932e-02 2.344909101752687061e-03 7.287669792783734585e-03
2.852500000000000000e+04 4.010000000000000000e+03 2.873177586780330250e-02 3.221696478214386948e-03 5.246639677314673955e-03
2.852500000000000000e+04 4.010000000000000000e+03 2.873177586780330250e-02 3.221696478214386948e-03 5.246639677314673955e-03
3.052500000000000000e+04 4.010000000000000000e+03 3.226104463301544822e-02 5.062574993209865287e-03 2.280836395350528852e-03
3.052500000000000000e+04 4.010000000000000000e+03 3.226104463301544822e-02 5.062574993209865287e-03 2.280836395350528852e-03
3.052500000000000000e+04 4.010000000000000000e+03 3.226104463301544822e-02 5.062574993209865287e-03 2.280836395350528852e-03
3.052500000000000000e+04 4.010000000000000000e+03 3.226104463301544822e-02 5.062574993209865287e-03 2.280836395350528852e-03
2.852500000000000000e+04 4.010000000000000000e+03 2.873177586780330250e-02 3.221696478214386948e-03 5.246639677314673955e-03
2.852500000000000000e+04 4.010000000000000000e+03 2.873177586780330250e-02 3.221696478214386948e-03 5.246639677314673955e-03
2.652500000000000000e+04 4.010000000000000000e+03 2.838277020561823932e-02 2.344909101752687061e-03 7.287669792783734585e-03
2.652500000000000000e+04 4.010000000000000000e+03 2.838277020561823932e-02 2.344909101752687061e-03 7.287669792783734585e-03
2.452500000000000000e+04 4.010000000000000000e+03 3.313661723091868017e-02 1.259015608946607379e-03 1.171025276709682442e-02
2.452500000000000000e+04 4.010000000000000000e+03 3.313661723091868017e-02 1.259015608946607379e-03 1.171025276709682442e-02
2.252500000000000000e+04 4.010000000000000000e+03 3.470836146811283329e-02 2.971776248630198110e-04 1.135803710945593181e-02
2.252500000000000000e+04 4.010000000000000000e+03 3.470836146811283329e-02 2.971776248630198110e-04 1.135803710945593181e-02
2.052500000000000000e+04 4.010000000000000000e+03 3.763587535949065865e-02 -6.954375316152227931e-04 1.001580341534633045e-02
2.052500000000000000e+04 4.010000000000000000e+03 3.763587535949065865e-02 -6.954375316152227931e-04 1.001580341534633045e-02
1.852500000000000000e+04 4.010000000000000000e+03 3.792791595749600564e-02 -1.758481026248622956e-03 1.192283566144990842e-02
1.852500000000000000e+04 4.010000000000000000e+03 3.792791595749600564e-02 -1.758481026248622956e-03 1.192283566144990842e-02
1.652500000000000000e+04 4.010000000000000000e+03 3.870233878014286977e-02 -4.442702090254342824e-03 8.290944851563503484e-03
1.652500000000000000e+04 4.010000000000000000e+03 3.870233878014286977e-02 -4.442702090254342824e-03 8.290944851563503484e-03
1.452500000000000000e+04 4.010000000000000000e+03 3.839750084003111519e-02 -4.994325720515783301e-03 8.896994495603247760e-03
1.452500000000000000e+04 4.010000000000000000e+03 3.839750084003111519e-02 -4.994325720515783301e-03 8.896994495603247760e-03
1.252500000000000000e+04 4.010000000000000000e+03 3.959586503638683891e-02 -6.102762688614524200e-03 6.189538734874832498e-03
1.252500000000000000e+04 4.010000000000000000e+03 3.959586503638683891e-02 -6.102762688614524200e-03 6.189538734874832498e-03
1.052500000000000000e+04 4.010000000000000000e+03 4.367381457289339075e-02 -7.848402656761312851e-03 2.081120144124416066e-03
1.052500000000000000e+04 4.010000000000000000e+03 4.367381457289339075e-02 -7.848402656761312851e-03 2.081120144124416066e-03
8.525000000000000000e+03 4.010000000000000000e+03 3.825511815987737985e-02 -8.407065066299124201e-03 1.275893975319549194e-04
8.525000000000000000e+03 4.010000000000000000e+03 3.825511815987737985e-02 -8.407065066299124201e-03 1.275893975319549194e-04
6.525000000000000000e+03 4.010000000000000000e+03 3.835579420151177810e-02 -1.036751420823086439e-02 -7.415014120313674541e-04
6.525000000000000000e+03 4.010000000000000000e+03 3.835579420151177810e-02 -1.036751420823086439e-02 -7.415014120313674541e-04
4.525000000000000000e+03 4.010000000000000000e+03 3.911227344396039918e-02 -1.085941012223061788e-02 -1.357095896321783074e-03
4.525000000000000000e+03 4.010000000000000000e+03 3.911227344396039918e-02 -1.085941012223061788e-02 -1.357095896321783074e-03
2.525000000000000000e+03 4.010000000000000000e+03 3.800921187604012347e-02 -5.100536918507836762e-03 -1.387058189297250875e-03
2.525000000000000000e+03 4.010000000000000000e+03 3.800921187604012347e-02 -5.100536918507836762e-03 -1.387058189297250875e-03
2.525000000000000000e+03 8.010000000000000000e+03 3.122604392318949207e-02 3.567330386132076814e-02 -3.576786153676222990e-02
2.525000000000000000e+03 8.010000000000000000e+03 3.122604392318949207e-02 3.567330386132076814e-02 -3.576786153676222990e-02
4.525000000000000000e+03 8.010000000000000000e+03 2.706194702966940868e-02 3.080763972716425714e-02 -3.630909278334162882e-02
4.525000000000000000e+03 8.010000000000000000e+03 2.706194702966940868e-02 3.080763972716425714e-02 -3.630909278334162882e-02
6.525000000000000000e+03 8.010000000000000000e+03 2.620787566623683507e-02 2.874498166925282608e-02 -3.545876772176198566e-02
6.525000000000000000e+03 8.010000000000000000e+03 2.620787566623683507e-02 2.874498166925282608e-02 -3.545876772176198566e-02
8.525000000000000000e+03 8.010000000000000000e+03 2.534606265870063130e-02 3.468641689699307473e-02 -3.500984032520255279e-02
8.525000000000000000e+03 8.010000000000000000e+03 2.534606265870063130e-02 3.468641689699307473e-02 -3.500984032520255279e-02
1.052500000000000000e+04 8.010000000000000000e+03 2.573621577822762102e-02 3.641768982680418376e-02 -3.373256958291295793e-02
1.052500000000000000e+04 8.010000000000000000e+03 2.573621577822762102e-02 3.641768982680418376e-02 -3.373256958291295793e-02
1.252500000000000000e+04 8.010000000000000000e+03 2.459688837268848155e-02 2.922020339373913173e-02 -3.026937772404957039e-02
1.252500000000000000e+04 8.010000000000000000e+03 2.459688837268848155e-02 2.922020339373913173e-02 -3.026937772404957039e-02
1.452500000000000000e+04 8.010000000000000000e+03 2.527733405869933558e-02 2.751936222197589113e-02 -2.803596419532114817e-02
1.452500000000000000e+04 8.010000000000000000e+03 2.527733405869933558e-02 2.751936222197589113e-02 -2.803596419532114817e-02
1.652500000000000000e+04 8.010000000000000000e+03 2.590528406984844018e-02 3.391766365602796873e-02 -2.785102899877172147e-02
1.652500000000000000e+04 8.010000000000000000e+03 2.590528406984844018e-02 3.391766365602796873e-02 -2.785102899877172147e-02
1.852500000000000000e+04 8.010000000000000000e+03 2.540759443402584167e-02 2.428111777971488777e-02 -2.563260105344344550e-02
1.852500000000000000e+04 8.010000000000000000e+03 2.540759443402584167e-02 2.428111777971488777e-02 -2.563260105344344550e-02
2.052500000000000000e+04 8.010000000000000000e+03 2.734956310044504152e-02 3.106249166926433602e-02 -2.617915996090980010e-02
2.052500000000000000e+04 8.010000000000000000e+03 2.734956310044504152e-02 3.106249166926433602e-02 -2.617915996090980010e-02
2.252500000000000000e+04 8.010000000000000000e+03 2.549962919558154684e-02 2.885874836687109604e-02 -2.645506781011187220e-02
2.252500000000000000e+04 8.010000000000000000e+03 2.549962919558154684e-02 2.885874836687109604e-02 -2.645506781011187220e-02
2.452500000000000000e+04 8.010000000000000000e+03 2.584547284008840290e-02 3.347826822384576684e-02 -2.683686893457269684e-02
2.452500000000000000e+04 8.010000000000000000e+03 2.584547284008840290e-02 3.347826822384576684e-02 -2.683686893457269684e-02
2.652500000000000000e+04 8.010000000000000000e+03 2.834699266444689475e-02 3.425195969632317816e-02 -2.893314701350938739e-02
2.652500000000000000e+04 8.010000000000000000e+03 2.834699266444689475e-02 3.425195969632317816e-02 -2.893314701350938739e-02
2.852500000000000000e+04 8.010000000000000000e+03 2.772751453809436939e-02 4.092230517773258469e-02 -3.077668952971172184e-02
2.852500000000000000e+04 8.010000000000000000e+03 2.772751453809436939e-02 4.092230517773258469e-02 -3.077668952971172184e-02
3.052500000000000000e+04 8.010000000000000000e+03 2.986054447684391433e-02 2.361673006449722251e-02 -3.421215765444736434e-02
3.052500000000000000e+04 8.010000000000000000e+03 2.986054447684391433e-02 2.361673006449722251e-02 -3.421215765444736434e-02
3.052500000000000000e+04 8.010000000000000000e+03 2.986054447684391433e-02 2.361673006449722251e-02 -3.421215765444736434e-02
3.052500000000000000e+04 8.010000000000000000e+03 2.986054447684391433e-02 2.361673006449722251e-02 -3.421215765444736434e-02
2.852500000000000000e+04 8.010000000000000000e+03 2.772751453809436939e-02 4.092230517773258469e-02 -3.077668952971172184e-02
2.852500000000000000e+04 8.010000000000000000e+03 2.772751453809436939e-02 4.092230517773258469e-02 -3.077668952971172184e-02
2.652500000000000000e+04 8.010000000000000000e+03 2.834699266444689475e-02 3.425195969632317816e-02 -2.893314701350938739e-02
2.652500000000000000e+04 8.010000000000000000e+03 2.834699266444689475e-02 3.425195969632317816e-02 -2.893314701350938739e-02
2.452500000000000000e+04 8.010000000000000000e+03 2.584547284008840290e-02 3.347826822384576684e-02 -2.683686893457269684e-02
2.452500000000000000e+04 8.010000000000000000e+03 2.584547284008840290e-02 3.347826822384576684e-02 -2.683686893457269684e-02
2.252500000000000000e+04 8.010000000000000000e+03 2.549962919558154684e-02 2.885874836687109604e-02 -2.645506781011187220e-02
2.252500000000000000e+04 8.010000000000000000e+03 2.549962919558154684e-02 2.885874836687109604e-02 -2.645506781011187220e-02
2.052500000000000000e+04 8.010000000000000000e+03 2.734956310044504152e-02 3.106249166926433602e-02 -2.617915996090980010e-02
2.052500000000000000e+04 8.010000000000000000e+03 2.734956310044504152e-02 3.106249166926433602e-02 -2.617915996090980010e-02
1.852500000000000000e+04 8.010000000000000000e+03 2.540759443402584167e-02 2.428111777971488777e-02 -2.563260105344344550e-02
1.852500000000000000e+04 8.010000000000000000e+03 2.540759443402584167e-02 2.428111777971488777e-02 -2.563260105344344550e-02
1.652500000000000000e+04 8.010000000000000000e+03 2.590528406984844018e-02 3.391766365602796873e-02 -2.785102899877172147e-02
1.652500000000000000e+04 8.010000000000000000e+03 2.590528406984844018e-02 3.391766365602796873e-02 -2.785102899877172147e-02
1.452500000000000000e+04 8.010000000000000000e+03 2.527733405869933558e-02 2.751936222197589113e-02 -2.803596419532114817e-02
1.452500000000000000e+04 8.010000000000000000e+03 2.527733405869933558e-02 2.751936222197589113e-02 -2.803596419532114817e-02
1.252500000000000000e+04 8.010000000000000000e+03 2.459688837268848155e-02 2.922020339373913173e-02 -3.026937772404957039e-02
1.252500000000000000e+04 8.010000000000000000e+03 2.459688837268848155e-02 2.922020339373913173e-02 -3.026937772404957039e-02
1.052500000000000000e+04 8.010000000000000000e+03 2.573621577822762102e-02 3.641768982680418376e-02 -3.373256958291295793e-02
1.052500000000000000e+04 8.010000000000000000e+03 2.573621577822762102e-02 3.641768982680418376e-02 -3.373256958291295793e-02
8.525000000000000000e+03 8.010000000000000000e+03 2.534606265870063130e-02 3.468641689699307473e-02 -3.500984032520255279e-02
8.525000000000000000e+03 8.010000000000000000e+03 2.534606265870063130e-02 3.468641689699307473e-02 -3.500984032520255279e-02
6.525000000000000000e+03 8.010000000000000000e+03 2.620787566623683507e-02 2.874498166925282608e-02 -3.545876772176198566e-02
6.525000000000000000e+03 8.010000000000000000e+03 2.620787566623683507e-02 2.874498166925282608e-02 -3.545876772176198566e-02
4.525000000000000000e+03 8.010000000000000000e+03 2.706194702966940868e-02 3.080763972716425714e-02 -3.630909278334162882e-02
4.525000000000000000e+03 8.010000000000000000e+03 2.706194702966940868e-02 3.080763972716425714e-02 -3.630909278334162882e-02
2.525000000000000000e+03 8.010000000000000000e+03 3.122604392318949207e-02 3.567330386132076814e-02 -3.576786153676222990e-02
2.525000000000000000e+03 8.010000000000000000e+03 3.122604392318949207e-02 3.567330386132076814e-02 -3.576786153676222990e-02
2.525000000000000000e+03 8.010000000000000000e+03 3.122604392318949207e-02 3.567330386132076814e-02 -3.576786153676222990e-02
2.525000000000000000e+03 8.010000000000000000e+03 3.122604392318949207e-02 3.567330386132076814e-02 -3.576786153676222990e-02
4.525000000000000000e+03 8.010000000000000000e+03 2.706194702966940868e-02 3.080763972716425714e-02 -3.630909278334162882e-02
4.525000000000000000e+03 8.010000000000000000e+03 2.706194702966940868e-02 3.080763972716425714e-02 -3.630909278334162882e-02
6.525000000000000000e+03 8.010000000000000000e+03 2.620787566623683507e-02 2.874498166925282608e-02 -3.545876772176198566e-02
6.525000000000000000e+03 8.010000000000000000e+03 2.620787566623683507e-02 2.874498166925282608e-02 -3.545876772176198566e-02
8.525000000000000000e+03 8.010000000000000000e+03 2.534606265870063130e-02 3.468641689699307473e-02 -3.500984032520255279e-02
8.525000000000000000e+03 8.010000000000000000e+03 2.534606265870063130e-02 3.468641689699307473e-02 -3.500984032520255279e-02
1.052500000000000000e+04 8.010000000000000000e+03 2.573621577822762102e-02 3.641768982680418376e-02 -3.373256958291295793e-02
1.052500000000000000e+04 8.010000000000000000e+03 2.573621577822762102e-02 3.641768982680418376e-02 -3.373256958291295793e-02
1.252500000000000000e+04 8.010000000000000000e+03 2.459688837268848155e-02 2.922020339373913173e-02 -3.026937772404957039e-02
1.252500000000000000e+04 8.010000000000000000e+03 2.459688837268848155e-02 2.922020339373913173e-02 -3.026937772404957039e-02
1.452500000000000000e+04 8.010000000000000000e+03 2.527733405869933558e-02 2.751936222197589113e-02 -2.803596419532114817e-02
1.452500000000000000e+04 8.010000000000000000e+03 2.527733405869933558e-02 2.751936222197589113e-02 -2.803596419532114817e-02
1.652500000000000000e+04 8.010000000000000000e+03 2.590528406984844018e-02 3.391766365602796873e-02 -2.785102899877172147e-02
1.652500000000000000e+04 8.010000000000000000e+03 2.590528406984844018e-02 3.391766365602796873e-02 -2.785102899877172147e-02
1.852500000000000000e+04 8.010000000000000000e+03 2.540759443402584167e-02 2.428111777971488777e-02 -2.563260105344344550e-02
1.852500000000000000e+04 8.010000000000000000e+03 2.540759443402584167e-02 2.428111777971488777e-02 -2.563260105344344550e-02
2.052500000000000000e+04 8.010000000000000000e+03 2.734956310044504152e-02 3.106249166926433602e-02 -2.617915996090980010e-02
2.052500000000000000e+04 8.010000000000000000e+03 2.734956310044504152e-02 3.106249166926433602e-02 -2.617915996090980010e-02
2.252500000000000000e+04 8.010000000000000000e+03 2.549962919558154684e-02 2.885874836687109604e-02 -2.645506781011187220e-02
2.252500000000000000e+04 8.010000000000000000e+03 2.549962919558154684e-02 2.885874836687109604e-02 -2.645506781011187220e-02
2.452500000000000000e+04 8.010000000000000000e+03 2.584547284008840290e-02 3.347826822384576684e-02 -2.683686893457269684e-02
2.452500000000000000e+04 8.010000000000000000e+03 2.584547284008840290e-02 3.347826822384576684e-02 -2.683686893457269684e-02
2.652500000000000000e+04 8.010000000000000000e+03 2.834699266444689475e-02 3.425195969632317816e-02 -2.893314701350938739e-02
2.652500000000000000e+04 8.010000000000000000e+03 2.834699266444689475e-02 3.425195969632317816e-02 -2.893314701350938739e-02
2.852500000000000000e+04 8.010000000000000000e+03 2.772751453809436939e-02 4.092230517773258469e-02 -3.077668952971172184e-02
2.852500000000000000e+04 8.010000000000000000e+03 2.772751453809436939e-02 4.092230517773258469e-02 -3.077668952971172184e-02
3.052500000000000000e+04 8.010000000000000000e+03 2.986054447684391433e-02 2.361673006449722251e-02 -3.421215765444736434e-02
3.052500000000000000e+04 8.010000000000000000e+03 2.986054447684391433e-02 2.361673006449722251e-02 -3.421215765444736434e-02
3.052500000000000000e+04 8.010000000000000000e+03 2.986054447684391433e-02 2.361673006449722251e-02 -3.421215765444736434e-02
3.052500000000000000e+04 8.010000000000000000e+03 2.986054447684391433e-02 2.361673006449722251e-02 -3.421215765444736434e-02
2.852500000000000000e+04 8.010000000000000000e+03 2.772751453809436939e-02 4.092230517773258469e-02 -3.077668952971172184e-02
2.852500000000000000e+04 8.010000000000000000e+03 2.772751453809436939e-02 4.092230517773258469e-02 -3.077668952971172184e-02
2.652500000000000000e+04 8.010000000000000000e+03 2.834699266444689475e-02 3.425195969632317816e-02 -2.893314701350938739e-02
2.652500000000000000e+04 8.010000000000000000e+03 2.834699266444689475e-02 3.425195969632317816e-02 -2.893314701350938739e-02
2.452500000000000000e+04 8.010000000000000000e+03 2.584547284008840290e-02 3.347826822384576684e-02 -2.683686893457269684e-02
2.452500000000000000e+04 8.010000000000000000e+03 2.584547284008840290e-02 3.347826822384576684e-02 -2.683686893457269684e-02
2.252500000000000000e+04 8.010000000000000000e+03 2.549962919558154684e-02 2.885874836687109604e-02 -2.645506781011187220e-02
2.252500000000000000e+04 8.010000000000000000e+03 2.549962919558154684e-02 2.885874836687109604e-02 -2.645506781011187220e-02
2.052500000000000000e+04 8.010000000000000000e+03 2.734956310044504152e-02 3.106249166926433602e-02 -2.617915996090980010e-02
2.052500000000000000e+04 8.010000000000000000e+03 2.734956310044504152e-02 3.106249166926433602e-02 -2.617915996090980010e-02
1.852500000000000000e+04 8.010000000000000000e+03 2.540759443402584167e-02 2.428111777971488777e-02 -2.563260105344344550e-02
1.852500000000000000e+04 8.010000000000000000e+03 2.540759443402584167e-02 2.428111777971488777e-02 -2.563260105344344550e-02
1.652500000000000000e+04 8.010000000000000000e+03 2.590528406984844018e-02 3.391766365602796873e-02 -2.785102899877172147e-02
1.652500000000000000e+04 8.010000000000000000e+03 2.590528406984844018e-02 3.391766365602796873e-02 -2.785102899877172147e-02
1.452500000000000000e+04 8.010000000000000000e+03 2.527733405869933558e-02 2.751936222197589113e-02 -2.803596419532114817e-02
1.452500000000000000e+04 8.010000000000000000e+03 2.527733405869933558e-02 2.751936222197589113e-02 -2.803596419532114817e-02
1.252500000000000000e+04 8.010000000000000000e+03 2.459688837268848155e-02 2.922020339373913173e-02 -3.026937772404957039e-02
1.252500000000000000e+04 8.010000000000000000e+03 2.459688837268848155e-02 2.922020339373913173e-02 -3.026937772404957039e-02
1.052500000000000000e+04 8.010000000000000000e+03 2.573621577822762102e-02 3.641768982680418376e-02 -3.373256958291295793e-02
1.052500000000000000e+04 8.010000000000000000e+03 2.573621577822762102e-02 3.641768982680418376e-02 -3.373256958291295793e-02
8.525000000000000000e+03 8.010000000000000000e+03 2.534606265870063130e-02 3.468641689699307473e-02 -3.500984032520255279e-02
8.525000000000000000e+03 8.010000000000000000e+03 2.534606265870063130e-02 3.468641689699307473e-02 -3.500984032520255279e-02
6.525000000000000000e+03 8.010000000000000000e+03 2.620787566623683507e-02 2.874498166925282608e-02 -3.545876772176198566e-02
6.525000000000000000e+03 8.010000000000000000e+03 2.620787566623683507e-02 2.874498166925282608e-02 -3.545876772176198566e-02
4.525000000000000000e+03 8.010000000000000000e+03 2.706194702966940868e-02 3.080763972716425714e-02 -3.630909278334162882e-02
4.525000000000000000e+03 8.010000000000000000e+03 2.706194702966940868e-02 3.080763972716425714e-02 -3.630909278334162882e-02
2.525000000000000000e+03 8.010000000000000000e+03 3.122604392318949207e-02 3.567330386132076814e-02 -3.576786153676222990e-02
2.525000000000000000e+03 8.010000000000000000e+03 3.122604392318949207e-02 3.567330386132076814e-02 -3.576786153676222990e-02
2.525000000000000000e+03 -3.990000000000000000e+03 1.432716534352414771e-02 -4.567113732715771986e-03 3.503247489078595289e-02
2.525000000000000000e+03 -3.990000000000000000e+03 1.432716534352414771e-02 -4.567113732715771986e-03 3.503247489078595289e-02
4.525000000000000000e+03 -3.990000000000000000e+03 1.940644057303285083e-02 -9.023666286824889859e-03 3.399527160997579955e-02
4.525000000000000000e+03 -3.990000000000000000e+03 1.940644057303285083e-02 -9.023666286824889859e-03 3.399527160997579955e-02
6.525000000000000000e+03 -3.990000000000000000e+03 1.875108564363471911e-02 -9.845413093095452262e-03 3.444572805287798162e-02
6.525000000000000000e+03 -3.990000000000000000e+03 1.875108564363471911e-02 -9.845413093095452262e-03 3.444572805287798162e-02
8.525000000000000000e+03 -3.990000000000000000e+03 1.433322691472200400e-02 -8.125085457732382152e-03 3.645294921390172804e-02
8.525000000000000000e+03 -3.990000000000000000e+03 1.433322691472200400e-02 -8.125085457732382152e-03 3.645294921390172804e-02
1.052500000000000000e+04 -3.990000000000000000e+03 1.247356394006107413e-02 -6.376722043155085007e-03 3.812252403829508030e-02
1.052500000000000000e+04 -3.990000000000000000e+03 1.247356394006107413e-02 -6.376722043155085007e-03 3.812252403829508030e-02
1.252500000000000000e+04 -3.990000000000000000e+03 -5.131186985127536224e-03 -6.520622246155237042e-03 4.119507202492746212e-02
1.252500000000000000e+04 -3.990000000000000000e+03 -5.131186985127536224e-03 -6.520622246155237042e-03 4.119507202492746212e-02
1.452500000000000000e+04 -3.990000000000000000e+03 -1.482587226381077079e-04 -5.196264879255013333e-03 4.383020376502394511e-02
1.452500000000000000e+04 -3.990000000000000000e+03 -1.482587226381077079e-04 -5.196264879255013333e-03 4.383020376502394511e-02
1.652500000000000000e+04 -3.990000000000000000e+03 2.358024493894270331e-03 -3.873939394625653190e-03 4.501818326179243823e-02
1.652500000000000000e+04 -3.990000000000000000e+03 2.358024493894270331e-03 -3.873939394625653190e-03 4.501818326179243823e-02
1.852500000000000000e+04 -3.990000000000000000e+03 2.580360836848467551e-03 -2.362673841113640573e-03 4.784401421385404279e-02
1.852500000000000000e+04 -3.990000000000000000e+03 2.580360836848467551e-03 -2.362673841113640573e-03 4.784401421385404279e-02
2.052500000000000000e+04 -3.990000000000000000e+03 -2.592096967944392070e-03 -1.594511188580181047e-03 4.735019161941303456e-02
2.052500000000000000e+04 -3.990000000000000000e+03 -2.592096967944392070e-03 -1.594511188580181047e-03 4.735019161941303456e-02
2.252500000000000000e+04 -3.990000000000000000e+03 2.142189076740388855e-03 -3.237965673045660638e-04 4.586219737768161553e-02
2.252500000000000000e+04 -3.990000000000000000e+03 2.142189076740388855e-03 -3.237965673045660638e-04 4.586219737768161553e-02
2.452500000000000000e+04 -3.990000000000000000e+03 7.820236417897873799e-03 9.742656209200104868e-04 4.537100442177959686e-02
2.452500000000000000e+04 -3.990000000000000000e+03 7.820236417897873799e-03 9.742656209200104868e-04 4.537100442177959686e-02
2.652500000000000000e+04 -3.990000000000000000e+03 -8.026726222342098378e-04 1.968851990483414232e-03 4.261134644366086632e-02
2.652500000000000000e+04 -3.990000000000000000e+03 -8.026726222342098378e-04 1.968851990483414232e-03 4.261134644366086632e-02
2.852500000000000000e+04 -3.990000000000000000e+03 1.218271207188532761e-02 3.391594018245677918e-03 4.028974531965180683e-02
2.852500000000000000e+04 -3.990000000000000000e+03 1.218271207188532761e-02 3.391594018245677918e-03 4.028974531965180683e-02
3.052500000000000000e+04 -3.990000000000000000e+03 7.222069419686410856e-03 5.031923486020598545e-03 3.691702740611377265e-02
3.052500000000000000e+04 -3.990000000000000000e+03 7.222069419686410856e-03 5.031923486020598545e-03 3.691702740611377265e-02
3.052500000000000000e+04 -3.990000000000000000e+03 7.222069419686410856e-03 5.031923486020598545e-03 3.691702740611377265e-02
3.052500000000000000e+04 -3.990000000000000000e+03 7.222069419686410856e-03 5.031923486020598545e-03 3.691702740611377265e-02
2.852500000000000000e+04 -3.990000000000000000e+03 1.218271207188532761e-02 3.391594018245677918e-03 4.028974531965180683e-02
2.852500000000000000e+04 -3.990000000000000000e+03 1.218271207188532761e-02 3.391594018245677918e-03 4.028974531965180683e-02
2.652500000000000000e+04 -3.990000000000000000e+03 -8.026726222342098378e-04 1.968851990483414232e-03 4.261134644366086632e-02
2.652500000000000000e+04 -3.990000000000000000e+03 -8.026726222342098378e-04 1.968851990483414232e-03 4.261134644366086632e-02
2.452500000000000000e+04 -3.990000000000000000e+03 7.820236417897873799e-03 9.742656209200104868e-04 4.537100442177959686e-02
2.452500000000000000e+04 -3.990000000000000000e+03 7.820236417897873799e-03 9.742656209200104868e-04 4.537100442177959686e-02
2.252500000000000000e+04 -3.990000000000000000e+03 2.142189076740388855e-03 -3.237965673045660638e-04 4.586219737768161553e-02
2.252500000000000000e+04 -3.990000000000000000e+03 2.142189076740388855e-03 -3.237965673045660638e-04 4.586219737768161553e-02
2.052500000000000000e+04 -3.990000000000000000e+03 -2.592096967944392070e-03 -1.594511188580181047e-03 4.735019161941303456e-02
2.052500000000000000e+04 -3.990000000000000000e+03 -2.592096967944392070e-03 -1.594511188580181047e-03 4.735019161941303456e-02
1.852500000000000000e+04 -3.990000000000000000e+03 2.580360836848467551e-03 -2.362673841113640573e-03 4.784401421385404279e-02
1.852500000000000000e+04 -3.990000000000000000e+03 2.580360836848467551e-03 -2.362673841113640573e-03 4.784401421385404279e-02
1.652500000000000000e+04 -3.990000000000000000e+03 2.358024493894270331e-03 -3.873939394625653190e-03 4.501818326179243823e-02
1.652500000000000000e+04 -3.990000000000000000e+03 2.358024493894270331e-03 -3.873939394625653190e-03 4.501818326179243823e-02
1.452500000000000000e+04 -3.990000000000000000e+03 -1.482587226381077079e-04 -5.196264879255013333e-03 4.383020376502394511e-02
1.452500000000000000e+04 -3.990000000000000000e+03 -1.482587226381077079e-04 -5.196264879255013333e-03 4.383020376502394511e-02
1.252500000000000000e+04 -3.990000000000000000e+03 -5.131186985127536224e-03 -6.520622246155237042e-03 4.119507202492746212e-02
1.252500000000000000e+04 -3.990000000000000000e+03 -5.131186985127536224e-03 -6.520622246155237042e-03 4.119507202492746212e-02
1.052500000000000000e+04 -3.990000000000000000e+03 1.247356394006107413e-02 -6.376722043155085007e-03 3.812252403829508030e-02
1.052500000000000000e+04 -3.990000000000000000e+03 1.247356394006107413e-02 -6.376722043155085007e-03 3.812252403829508030e-02
8.525000000000000000e+03 -3.990000000000000000e+03 1.433322691472200400e-02 -8.125085457732382152e-03 3.645294921390172804e-02
8.525000000000000000e+03 -3.990000000000000000e+03 1.433322691472200400e-02 -8.125085457732382152e-03 3.645294921390172804e-02
6.525000000000000000e+03 -3.990000000000000000e+03 1.875108564363471911e-02 -9.845413093095452262e-03 3.444572805287798162e-02
6.525000000000000000e+03 -3.990000000000000000e+03 1.875108564363471911e-02 -9.845413093095452262e-03 3.444572805287798162e-02
4.525000000000000000e+03 -3.990000000000000000e+03 1.940644057303285083e-02 -9.023666286824889859e-03 3.399527160997579955e-02
4.525000000000000000e+03 -3.990000000000000000e+03 1.940644057303285083e-02 -9.023666286824889859e-03 3.399527160997579955e-02
2.525000000000000000e+03 -3.990000000000000000e+03 1.432716534352414771e-02 -4.567113732715771986e-03 3.503247489078595289e-02
2.525000000000000000e+03 -3.990000000000000000e+03 1.432716534352414771e-02 -4.567113732715771986e-03 3.503247489078595289e-02
2.525000000000000000e+03 -3.990000000000000000e+03 1.432716534352414771e-02 -4.567113732715771986e-03 3.503247489078595289e-02
2.525000000000000000e+03 -3.990000000000000000e+03 1.432716534352414771e-02 -4.567113732715771986e-03 3.503247489078595289e-02
4.525000000000000000e+03 -3.990000000000000000e+03 1.940644057303285083e-02 -9.023666286824889859e-03 3.399527160997579955e-02
4.525000000000000000e+03 -3.990000000000000000e+03 1.940644057303285083e-02 -9.023666286824889859e-03 3.399527160997579955e-02
6.525000000000000000e+03 -3.990000000000000000e+03 1.875108564363471911e-02 -9.845413093095452262e-03 3.444572805287798162e-02
6.525000000000000000e+03 -3.990000000000000000e+03 1.875108564363471911e-02 -9.845413093095452262e-03 3.444572805287798162e-02
8.525000000000000000e+03 -3.990000000000000000e+03 1.433322691472200400e-02 -8.125085457732382152e-03 3.645294921390172804e-02
8.525000000000000000e+03 -3.990000000000000000e+03 1.433322691472200400e-02 -8.125085457732382152e-03 3.645294921390172804e-02
1.052500000000000000e+04 -3.990000000000000000e+03 1.247356394006107413e-02 -6.376722043155085007e-03 3.812252403829508030e-02
1.052500000000000000e+04 -3.990000000000000000e+03 1.247356394006107413e-02 -6.376722043155085007e-03 3.812252403829508030e-02
1.252500000000000000e+04 -3.990000000000000000e+03 -5.131186985127536224e-03 -6.520622246155237042e-03 4.119507202492746212e-02
1.252500000000000000e+04 -3.990000000000000000e+03 -5.131186985127536224e-03 -6.520622246155237042e-03 4.119507202492746212e-02
1.452500000000000000e+04 -3.990000000000000000e+03 -1.482587226381077079e-04 -5.196264879255013333e-03 4.383020376502394511e-02
1.452500000000000000e+04 -3.990000000000000000e+03 -1.482587226381077079e-04 -5.196264879255013333e-03 4.383020376502394511e-02
1.652500000000000000e+04 -3.990000000000000000e+03 2.358024493894270331e-03 -3.873939394625653190e-03 4.501818326179243823e-02
1.652500000000000000e+04 -3.990000000000000000e+03 2.358024493894270331e-03 -3.873939394625653190e-03 4.501818326179243823e-02
1.852500000000000000e+04 -3.990000000000000000e+03 2.580360836848467551e-03 -2.362673841113640573e-03 4.784401421385404279e-02
1.852500000000000000e+04 -3.990000000000000000e+03 2.580360836848467551e-03 -2.362673841113640573e-03 4.784401421385404279e-02
2.052500000000000000e+04 -3.990000000000000000e+03 -2.592096967944392070e-03 -1.594511188580181047e-03 4.735019161941303456e-02
2.052500000000000000e+04 -3.990000000000000000e+03 -2.592096967944392070e-03 -1.594511188580181047e-03 4.735019161941303456e-02
2.252500000000000000e+04 -3.990000000000000000e+03 2.142189076740388855e-03 -3.237965673045660638e-04 4.586219737768161553e-02
2.252500000000000000e+04 -3.990000000000000000e+03 2.142189076740388855e-03 -3.237965673045660638e-04 4.586219737768161553e-02
2.452500000000000000e+04 -3.990000000000000000e+03 7.820236417897873799e-03 9.742656209200104868e-04 4.537100442177959686e-02
2.452500000000000000e+04 -3.990000000000000000e+03 7.820236417897873799e-03 9.742656209200104868e-04 4.537100442177959686e-02
2.652500000000000000e+04 -3.990000000000000000e+03 -8.026726222342098378e-04 1.968851990483414232e-03 4.261134644366086632e-02
2.652500000000000000e+04 -3.990000000000000000e+03 -8.026726222342098378e-04 1.968851990483414232e-03 4.261134644366086632e-02
2.852500000000000000e+04 -3.990000000000000000e+03 1.218271207188532761e-02 3.391594018245677918e-03 4.028974531965180683e-02
2.852500000000000000e+04 -3.990000000000000000e+03 1.218271207188532761e-02 3.391594018245677918e-03 4.028974531965180683e-02
3.052500000000000000e+04 -3.990000000000000000e+03 7.222069419686410856e-03 5.031923486020598545e-03 3.691702740611377265e-02
3.052500000000000000e+04 -3.990000000000000000e+03 7.222069419686410856e-03 5.031923486020598545e-03 3.691702740611377265e-02
3.052500000000000000e+04 -3.990000000000000000e+03 7.222069419686410856e-03 5.031923486020598545e-03 3.691702740611377265e-02
3.052500000000000000e+04 -3.990000000000000000e+03 7.222069419686410856e-03 5.031923486020598545e-03 3.691702740611377265e-02
2.852500000000000000e+04 -3.990000000000000000e+03 1.218271207188532761e-02 3.391594018245677918e-03 4.028974531965180683e-02
2.852500000000000000e+04 -3.990000000000000000e+03 1.218271207188532761e-02 3.391594018245677918e-03 4.028974531965180683e-02
2.652500000000000000e+04 -3.990000000000000000e+03 -8.026726222342098378e-04 1.968851990483414232e-03 4.261134644366086632e-02
2.652500000000000000e+04 -3.990000000000000000e+03 -8.026726222342098378e-04 1.968851990483414232e-03 4.261134644366086632e-02
2.452500000000000000e+04 -3.990000000000000000e+03 7.820236417897873799e-03 9.742656209200104868e-04 4.537100442177959686e-02
2.452500000000000000e+04 -3.990000000000000000e+03 7.820236417897873799e-03 9.742656209200104868e-04 4.537100442177959686e-02
2.252500000000000000e+04 -3.990000000000000000e+03 2.142189076740388855e-03 -3.237965673045660638e-04 4.586219737768161553e-02
2.252500000000000000e+04 -3.990000000000000000e+03 2.142189076740388855e-03 -3.237965673045660638e-04 4.586219737768161553e-02
2.052500000000000000e+04 -3.990000000000000000e+03 -2.592096967944392070e-03 -1.594511188580181047e-03 4.735019161941303456e-02
2.052500000000000000e+04 -3.990000000000000000e+03 -2.592096967944392070e-03 -1.594511188580181047e-03 4.735019161941303456e-02
1.852500000000000000e+04 -3.990000000000000000e+03 2.580360836848467551e-03 -2.362673841113640573e-03 4.784401421385404279e-02
1.852500000000000000e+04 -3.990000000000000000e+03 2.580360836848467551e-03 -2.362673841113640573e-03 4.784401421385404279e-02
1.652500000000000000e+04 -3.990000000000000000e+03 2.358024493894270331e-03 -3.873939394625653190e-03 4.501818326179243823e-02
1.652500000000000000e+04 -3.990000000000000000e+03 2.358024493894270331e-03 -3.873939394625653190e-03 4.501818326179243823e-02
1.452500000000000000e+04 -3.990000000000000000e+03 -1.482587226381077079e-04 -5.196264879255013333e-03 4.383020376502394511e-02
1.452500000000000000e+04 -3.990000000000000000e+03 -1.482587226381077079e-04 -5.196264879255013333e-03 4.383020376502394511e-02
1.252500000000000000e+04 -3.990000000000000000e+03 -5.131186985127536224e-03 -6.520622246155237042e-03 4.119507202492746212e-02
1.252500000000000000e+04 -3.990000000000000000e+03 -5.131186985127536224e-03 -6.520622246155237042e-03 4.119507202492746212e-02
1.052500000000000000e+04 -3.990000000000000000e+03 1.247356394006107413e-02 -6.376722043155085007e-03 3.812252403829508030e-02
1.052500000000000000e+04 -3.990000000000000000e+03 1.247356394006107413e-02 -6.376722043155085007e-03 3.812252403829508030e-02
8.525000000000000000e+03 -3.990000000000000000e+03 1.433322691472200400e-02 -8.125085457732382152e-03 3.645294921390172804e-02
8.525000000000000000e+03 -3.990000000000000000e+03 1.433322691472200400e-02 -8.125085457732382152e-03 3.645294921390172804e-02
6.525000000000000000e+03 -3.990000000000000000e+03 1.875108564363471911e-02 -9.845413093095452262e-03 3.444572805287798162e-02
6.525000000000000000e+03 -3.990000000000000000e+03 1.875108564363471911e-02 -9.845413093095452262e-03 3.444572805287798162e-02
4.525000000000000000e+03 -3.990000000000000000e+03 1.940644057303285083e-02 -9.023666286824889859e-03 3.399527160997579955e-02
4.525000000000000000e+03 -3.990000000000000000e+03 1.940644057303285083e-02 -9.023666286824889859e-03 3.399527160997579955e-02
2.525000000000000000e+03 -3.990000000000000000e+03 1.432716534352414771e-02 -4.567113732715771986e-03 3.503247489078595289e-02
2.525000000000000000e+03 -3.990000000000000000e+03 1.432716534352414771e-02 -4.567113732715771986e-03 3.503247489078595289e-02
2.525000000000000000e+03 1.000000000000000000e+01 3.289286464616661410e-02 1.307972107618625771e-02 3.107401745183595472e-03
2.525000000000000000e+03 1.000000000000000000e+01 3.289286464616661410e-02 1.307972107618625771e-02 3.107401745183595472e-03
4.525000000000000000e+03 1.000000000000000000e+01 2.779364490244435812e-02 1.552616032078484205e-02 6.942514923822497991e-03
4.525000000000000000e+03 1.000000000000000000e+01 2.779364490244435812e-02 1.552616032078484205e-02 6.942514923822497991e-03
6.525000000000000000e+03 1.000000000000000000e+01 2.690573102976569209e-02 1.609802034982306743e-02 8.700509642129185262e-03
6.525000000000000000e+03 1.000000000000000000e+01 2.690573102976569209e-02 1.609802034982306743e-02 8.700509642129185262e-03
8.525000000000000000e+03 1.000000000000000000e+01 2.720753768445161036e-02 1.766785163137762210e-02 9.409188251427651889e-03
8.525000000000000000e+03 1.000000000000000000e+01 2.720753768445161036e-02 1.766785163137762210e-02 9.409188251427651889e-03
1.052500000000000000e+04 1.000000000000000000e+01 2.654522996109549143e-02 1.505001396289970886e-02 1.100762119560684885e-02
1.052500000000000000e+04 1.000000000000000000e+01 2.654522996109549143e-02 1.505001396289970886e-02 1.100762119560684885e-02
1.252500000000000000e+04 1.000000000000000000e+01 2.561477663879457162e-02 1.893033663931793092e-02 1.370070491513738706e-02
1.252500000000000000e+04 1.000000000000000000e+01 2.561477663879457162e-02 1.893033663931793092e-02 1.370070491513738706e-02
1.452500000000000000e+04 1.000000000000000000e+01 2.696243770233176795e-02 1.272356305819211802e-02 1.750962388867396621e-02
1.452500000000000000e+04 1.000000000000000000e+01 2.696243770233176795e-02 1.272356305819211802e-02 1.750962388867396621e-02
1.652500000000000000e+04 1.000000000000000000e+01 2.675490670264513149e-02 1.291120856537352271e-02 1.749754267421695791e-02
1.652500000000000000e+04 1.000000000000000000e+01 2.675490670264513149e-02 1.291120856537352271e-02 1.749754267421695791e-02
1.852500000000000000e+04 1.000000000000000000e+01 2.753419990173646553e-02 8.417725036634437705e-03 1.995053962680227305e-02
1.852500000000000000e+04 1.000000000000000000e+01 2.753419990173646553e-02 8.417725036634437705e-03 1.995053962680227305e-02
2.052500000000000000e+04 1.000000000000000000e+01 2.913239464065474696e-02 7.831910573466233788e-03 1.999143478420048470e-02
2.052500000000000000e+04 1.000000000000000000e+01 2.913239464065474696e-02 7.831910573466233788e-03 1.999143478420048470e-02
2.252500000000000000e+04 1.000000000000000000e+01 2.857766545594347951e-02 8.571839246780833116e-03 1.926575987614667640e-02
2.252500000000000000e+04 1.000000000000000000e+01 2.857766545594347951e-02 8.571839246780833116e-03 1.926575987614667640e-02
2.452500000000000000e+04 1.000000000000000000e+01 3.018162551914115033e-02 8.424312251609257507e-03 1.879424056861465214e-02
2.452500000000000000e+04 1.000000000000000000e+01 3.018162551914115033e-02 8.424312251609257507e-03 1.879424056861465214e-02
2.652500000000000000e+04 1.000000000000000000e+01 2.992067404348309340e-02 1.725569312506645969e-02 1.706300813830408450e-02
2.652500000000000000e+04 1.000000000000000000e+01 2.992067404348309340e-02 1.725569312506645969e-02 1.706300813830408450e-02
2.852500000000000000e+04 1.000000000000000000e+01 2.931704735972913423e-02 1.887646612067873236e-02 1.410167272177957967e-02
2.852500000000000000e+04 1.000000000000000000e+01 2.931704735972913423e-02 1.887646612067873236e-02 1.410167272177957967e-02
3.052500000000000000e+04 1.000000000000000000e+01 3.185627680425374975e-02 2.082395689233084227e-02 9.908939839033565136e-03
3.052500000000000000e+04 1.000000000000000000e+01 3.185627680425374975e-02 2.082395689233084227e-02 9.908939839033565136e-03
3.052500000000000000e+04 1.000000000000000000e+01 3.185627680425374975e-02 2.082395689233084227e-02 9.908939839033565136e-03
3.052500000000000000e+04 1.000000000000000000e+01 3.185627680425374975e-02 2.082395689233084227e-02 9.908939839033565136e-03
2.852500000000000000e+04 1.000000000000000000e+01 2.931704735972913423e-02 1.887646612067873236e-02 1.410167272177957967e-02
2.852500000000000000e+04 1.000000000000000000e+01 2.931704735972913423e-02 1.887646612067873236e-02 1.410167272177957967e-02
2.652500000000000000e+04 1.000000000000000000e+01 2.992067404348309340e-02 1.725569312506645969e-02 1.706300813830408450e-02
2.652500000000000000e+04 1.000000000000000000e+01 2.992067404348309340e-02 1.725569312506645969e-02 1.706300813830408450e-02
2.452500000000000000e+04 1.000000000000000000e+01 3.018162551914115033e-02 8.424312251609257507e-03 1.879424056861465214e-02
2.452500000000000000e+04 1.000000000000000000e+01 3.018162551914115033e-02 8.424312251609257507e-03 1.879424056861465214e-02
2.252500000000000000e+04 1.000000000000000000e+01 2.857766545594347951e-02 8.571839246780833116e-03 1.926575987614667640e-02
2.252500000000000000e+04 1.000000000000000000e+01 2.857766545594347951e-02 8.571839246780833116e-03 1.926575987614667640e-02
2.052500000000000000e+04 1.000000000000000000e+01 2.913239464065474696e-02 7.831910573466233788e-03 1.999143478420048470e-02
2.052500000000000000e+04 1.000000000000000000e+01 2.913239464065474696e-02 7.831910573466233788e-03 1.999143478420048470e-02
1.852500000000000000e+04 1.000000000000000000e+01 2.753419990173646553e-02 8.417725036634437705e-03 1.995053962680227305e-02
1.852500000000000000e+04 1.000000000000000000e+01 2.753419990173646553e-02 8.417725036634437705e-03 1.995053962680227305e-02
1.652500000000000000e+04 1.000000000000000000e+01 2.675490670264513149e-02 1.291120856537352271e-02 1.749754267421695791e-02
1.652500000000000000e+04 1.000000000000000000e+01 2.675490670264513149e-02 1.291120856537352271e-02 1.749754267421695791e-02
1.452500000000000000e+04 1.000000000000000000e+01 2.696243770233176795e-02 1.272356305819211802e-02 1.750962388867396621e-02
1.452500000000000000e+04 1.000000000000000000e+01 2.696243770233176795e-02 1.272356305819211802e-02 1.750962388867396621e-02
1.252500000000000000e+04 1.000000000000000000e+01 2.561477663879457162e-02 1.893033663931793092e-02 1.370070491513738706e-02
1.252500000000000000e+04 1.000000000000000000e+01 2.561477663879457162e-02 1.893033663931793092e-02 1.370070491513738706e-02
1.052500000000000000e+04 1.000000000000000000e+01 2.654522996109549143e-02 1.505001396289970886e-02 1.100762119560684885e-02
1.052500000000000000e+04 1.000000000000000000e+01 2.654522996109549143e-02 1.505001396289970886e-02 1.100762119560684885e-02
8.525000000000000000e+03 1.000000000000000000e+01 2.720753768445161036e-02 1.766785163137762210e-02 9.409188251427651889e-03
8.525000000000000000e+03 1.000000000000000000e+01 2.720753768445161036e-02 1.766785163137762210e-02 9.409188251427651889e-03
6.525000000000000000e+03 1.000000000000000000e+01 2.690573102976569209e-02 1.609802034982306743e-02 8.700509642129185262e-03
6.525000000000000000e+03 1.000000000000000000e+01 2.690573102976569209e-02 1.609802034982306743e-02 8.700509642129185262e-03
4.525000000000000000e+03 1.000000000000000000e+01 2.779364490244435812e-02 1.552616032078484205e-02 6.942514923822497991e-03
4.525000000000000000e+03 1.000000000000000000e+01 2.779364490244435812e-02 1.552616032078484205e-02 6.942514923822497991e-03
2.525000000000000000e+03 1.000000000000000000e+01 3.289286464616661410e-02 1.307972107618625771e-02 3.107401745183595472e-03
2.525000000000000000e+03 1.000000000000000000e+01 3.289286464616661410e-02 1.307972107618625771e-02 3.107401745183595472e-03
2.525000000000000000e+03 1.000000000000000000e+01 3.289286464616661410e-02 1.307972107618625771e-02 3.107401745183595472e-03
2.525000000000000000e+03 1.000000000000000000e+01 3.289286464616661410e-02 1.307972107618625771e-02 3.107401745183595472e-03
4.525000000000000000e+03 1.000000000000000000e+01 2.779364490244435812e-02 1.552616032078484205e-02 6.942514923822497991e-03
4.525000000000000000e+03 1.000000000000000000e+01 2.779364490244435812e-02 1.552616032078484205e-02 6.942514923822497991e-03
6.525000000000000000e+03 1.000000000000000000e+01 2.690573102976569209e-02 1.609802034982306743e-02 8.700509642129185262e-03
6.525000000000000000e+03 1.000000000000000000e+01 2.690573102976569209e-02 1.609802034982306743e-02 8.700509642129185262e-03
8.525000000000000000e+03 1.000000000000000000e+01 2.720753768445161036e-02 1.766785163137762210e-02 9.409188251427651889e-03
8.525000000000000000e+03 1.000000000000000000e+01 2.720753768445161036e-02 1.766785163137762210e-02 9.409188251427651889e-03
1.052500000000000000e+04 1.000000000000000000e+01 2.654522996109549143e-02 1.505001396289970886e-02 1.100762119560684885e-02
1.052500000000000000e+04 1.000000000000000000e+01 2.654522996109549143e-02 1.505001396289970886e-02 1.100762119560684885e-02
1.252500000000000000e+04 1.000000000000000000e+01 2.561477663879457162e-02 1.893033663931793092e-02 1.370070491513738706e-02
1.252500000000000000e+04 1.000000000000000000e+01 2.561477663879457162e-02 1.893033663931793092e-02 1.370070491513738706e-02
1.452500000000000000e+04 1.000000000000000000e+01 2.696243770233176795e-02 1.272356305819211802e-02 1.750962388867396621e-02
1.452500000000000000e+04 1.000000000000000000e+01 2.696243770233176795e-02 1.272356305819211802e-02 1.750962388867396621e-02
1.652500000000000000e+04 1.000000000000000000e+01 2.675490670264513149e-02 1.291120856537352271e-02 1.749754267421695791e-02
1.652500000000000000e+04 1.000000000000000000e+01 2.675490670264513149e-02 1.291120856537352271e-02 1.749754267421695791e-02
1.852500000000000000e+04 1.000000000000000000e+01 2.753419990173646553e-02 8.417725036634437705e-03 1.995053962680227305e-02
1.852500000000000000e+04 1.000000000000000000e+01 2.753419990173646553e-02 8.417725036634437705e-03 1.995053962680227305e-02
2.052500000000000000e+04 1.000000000000000000e+01 2.913239464065474696e-02 7.831910573466233788e-03 1.999143478420048470e-02
2.052500000000000000e+04 1.000000000000000000e+01 2.913239464065474696e-02 7.831910573466233788e-03 1.999143478420048470e-02
2.252500000000000000e+04 1.000000000000000000e+01 2.857766545594347951e-02 8.571839246780833116e-03 1.926575987614667640e-02
2.252500000000000000e+04 1.000000000000000000e+01 2.857766545594347951e-02 8.571839246780833116e-03 1.926575987614667640e-02
2.452500000000000000e+04 1.000000000000000000e+01 3.018162551914115033e-02 8.424312251609257507e-03 1.879424056861465214e-02
2.452500000000000000e+04 1.000000000000000000e+01 3.018162551914115033e-02 8.424312251609257507e-03 1.879424056861465214e-02
2.652500000000000000e+04 1.000000000000000000e+01 2.992067404348309340e-02 1.725569312506645969e-02 1.706300813830408450e-02
2.652500000000000000e+04 1.000000000000000000e+01 2.992067404348309340e-02 1.725569312506645969e-02 1.706300813830408450e-02
2.852500000000000000e+04 1.000000000000000000e+01 2.931704735972913423e-02 1.887646612067873236e-02 1.410167272177957967e-02
2.852500000000000000e+04 1.000000000000000000e+01 2.931704735972913423e-02 1.887646612067873236e-02 1.410167272177957967e-02
3.052500000000000000e+04 1.000000000000000000e+01 3.185627680425374975e-02 2.082395689233084227e-02 9.908939839033565136e-03
3.052500000000000000e+04 1.000000000000000000e+01 3.185627680425374975e-02 2.082395689233084227e-02 9.908939839033565136e-03
3.052500000000000000e+04 1.000000000000000000e+01 3.185627680425374975e-02 2.082395689233084227e-02 9.908939839033565136e-03
3.052500000000000000e+04 1.000000000000000000e+01 3.185627680425374975e-02 2.082395689233084227e-02 9.908939839033565136e-03
2.852500000000000000e+04 1.000000000000000000e+01 2.931704735972913423e-02 1.887646612067873236e-02 1.410167272177957967e-02
2.852500000000000000e+04 1.000000000000000000e+01 2.931704735972913423e-02 1.887646612067873236e-02 1.410167272177957967e-02
2.652500000000000000e+04 1.000000000000000000e+01 2.992067404348309340e-02 1.725569312506645969e-02 1.706300813830408450e-02
2.652500000000000000e+04 1.000000000000000000e+01 2.992067404348309340e-02 1.725569312506645969e-02 1.706300813830408450e-02
2.452500000000000000e+04 1.000000000000000000e+01 3.018162551914115033e-02 8.424312251609257507e-03 1.879424056861465214e-02
2.452500000000000000e+04 1.000000000000000000e+01 3.018162551914115033e-02 8.424312251609257507e-03 1.879424056861465214e-02
2.252500000000000000e+04 1.000000000000000000e+01 2.857766545594347951e-02 8.571839246780833116e-03 1.926575987614667640e-02
2.252500000000000000e+04 1.000000000000000000e+01 2.857766545594347951e-02 8.571839246780833116e-03 1.926575987614667640e-02
2.052500000000000000e+04 1.000000000000000000e+01 2.913239464065474696e-02 7.831910573466233788e-03 1.999143478420048470e-02
2.052500000000000000e+04 1.000000000000000000e+01 2.913239464065474696e-02 7.831910573466233788e-03 1.999143478420048470e-02
1.852500000000000000e+04 1.000000000000000000e+01 2.753419990173646553e-02 8.417725036634437705e-03 1.995053962680227305e-02
1.852500000000000000e+04 1.000000000000000000e+01 2.753419990173646553e-02 8.417725036634437705e-03 1.995053962680227305e-02
1.652500000000000000e+04 1.000000000000000000e+01 2.675490670264513149e-02 1.291120856537352271e-02 1.749754267421695791e-02
1.652500000000000000e+04 1.000000000000000000e+01 2.675490670264513149e-02 1.291120856537352271e-02 1.749754267421695791e-02
1.452500000000000000e+04 1.000000000000000000e+01 2.696243770233176795e-02 1.272356305819211802e-02 1.750962388867396621e-02
1.452500000000000000e+04 1.000000000000000000e+01 2.696243770233176795e-02 1.272356305819211802e-02 1.750962388867396621e-02
1.252500000000000000e+04 1.000000000000000000e+01 2.561477663879457162e-02 1.893033663931793092e-02 1.370070491513738706e-02
1.252500000000000000e+04 1.000000000000000000e+01 2.561477663879457162e-02 1.893033663931793092e-02 1.370070491513738706e-02
1.052500000000000000e+04 1.000000000000000000e+01 2.654522996109549143e-02 1.505001396289970886e-02 1.100762119560684885e-02
1.052500000000000000e+04 1.000000000000000000e+01 2.654522996109549143e-02 1.505001396289970886e-02 1.100762119560684885e-02
8.525000000000000000e+03 1.000000000000000000e+01 2.720753768445161036e-02 1.766785163137762210e-02 9.409188251427651889e-03
8.525000000000000000e+03 1.000000000000000000e+01 2.720753768445161036e-02 1.766785163137762210e-02 9.409188251427651889e-03
6.525000000000000000e+03 1.000000000000000000e+01 2.690573102976569209e-02 1.609802034982306743e-02 8.700509642129185262e-03
6.525000000000000000e+03 1.000000000000000000e+01 2.690573102976569209e-02 1.609802034982306743e-02 8.700509642129185262e-03
4.525000000000000000e+03 1.000000000000000000e+01 2.779364490244435812e-02 1.552616032078484205e-02 6.942514923822497991e-03
4.525000000000000000e+03 1.000000000000000000e+01 2.779364490244435812e-02 1.552616032078484205e-02 6.942514923822497991e-03
2.525000000000000000e+03 1.000000000000000000e+01 3.289286464616661410e-02 1.307972107618625771e-02 3.107401745183595472e-03
2.525000000000000000e+03 1.000000000000000000e+01 3.289286464616661410e-02 1.307972107618625771e-02 3.107401745183595472e-03
