2.525000000000000000e+03 4.050000000000000000e+03 3.469698114109764919e-02 5.948709737318865192e-04 9.901169684721568970e-03
2.525000000000000000e+03 4.050000000000000000e+03 3.469698114109764919e-02 5.948709737318865192e-04 9.901169684721568970e-03
4.525000000000000000e+03 4.050000000000000000e+03 3.619237485179694486e-02 -3.338087863656177823e-03 9.676206051829632296e-03
4.525000000000000000e+03 4.050000000000000000e+03 3.619237485179694486e-02 -3.338087863656177823e-03 9.676206051829632296e-03
6.525000000000000000e+03 4.050000000000000000e+03 3.602525107883700062e-02 -2.844115522655365526e-03 1.021867377125680772e-02
6.525000000000000000e+03 4.050000000000000000e+03 3.602525107883700062e-02 -2.844115522655365526e-03 1.021867377125680772e-02
8.525000000000000000e+03 4.050000000000000000e+03 3.814013381084283005e-02 -1.737503386651527469e-03 1.272667614706532967e-02
8.525000000000000000e+03 4.050000000000000000e+03 3.814013381084283005e-02 -1.737503386651527469e-03 1.272667614706532967e-02
1.052500000000000000e+04 4.050000000000000000e+03 3.618486741273330143e-02 2.554477344463027206e-04 1.257059159607138571e-02
1.052500000000000000e+04 4.050000000000000000e+03 3.618486741273330143e-02 2.554477344463027206e-04 1.257059159607138571e-02
1.252500000000000000e+04 4.050000000000000000e+03 3.038505781521720281e-02 1.127704323857870415e-03 1.652861982743954183e-02
1.252500000000000000e+04 4.050000000000000000e+03 3.038505781521720281e-02 1.127704323857870415e-03 1.652861982743954183e-02
1.452500000000000000e+04 4.050000000000000000e+03 2.507822017503996345e-02 1.834858454905641777e-03 2.003814521380395050e-02
1.452500000000000000e+04 4.050000000000000000e+03 2.507822017503996345e-02 1.834858454905641777e-03 2.003814521380395050e-02
1.652500000000000000e+04 4.050000000000000000e+03 2.418331514254649928e-02 2.673038524703946935e-03 2.077391488841795822e-02
1.652500000000000000e+04 4.050000000000000000e+03 2.418331514254649928e-02 2.673038524703946935e-03 2.077391488841795822e-02
1.852500000000000000e+04 4.050000000000000000e+03 2.058702066727291155e-02 4.301099629485519334e-03 2.220914739906133112e-02
1.852500000000000000e+04 4.050000000000000000e+03 2.058702066727291155e-02 4.301099629485519334e-03 2.220914739906133112e-02
2.052500000000000000e+04 4.050000000000000000e+03 2.105454149686992668e-02 5.788653082683061293e-03 2.114160453970640591e-02
2.052500000000000000e+04 4.050000000000000000e+03 2.105454149686992668e-02 5.788653082683061293e-03 2.114160453970640591e-02
2.252500000000000000e+04 4.050000000000000000e+03 2.159043454208749852e-02 6.642940591322038166e-03 2.016661754143988031e-02
2.252500000000000000e+04 4.050000000000000000e+03 2.159043454208749852e-02 6.642940591322038166e-03 2.016661754143988031e-02
2.452500000000000000e+04 4.050000000000000000e+03 1.898318589059105194e-02 7.467256129377802115e-03 2.127031798871270585e-02
2.452500000000000000e+04 4.050000000000000000e+03 1.898318589059105194e-02 7.467256129377802115e-03 2.127031798871270585e-02
2.652500000000000000e+04 4.050000000000000000e+03 2.245299648307106863e-02 8.835302471086627779e-03 1.845353330958786689e-02
2.652500000000000000e+04 4.050000000000000000e+03 2.245299648307106863e-02 8.835302471086627779e-03 1.845353330958786689e-02
2.852500000000000000e+04 4.050000000000000000e+03 2.345122879867820448e-02 9.458961949379637510e-03 1.680023779610573947e-02
2.852500000000000000e+04 4.050000000000000000e+03 2.345122879867820448e-02 9.458961949379637510e-03 1.680023779610573947e-02
3.052500000000000000e+04 4.050000000000000000e+03 2.296075898077926808e-02 1.175145316494018502e-02 1.315689897359919279e-02
3.052500000000000000e+04 4.050000000000000000e+03 2.296075898077926808e-02 1.175145316494018502e-02 1.315689897359919279e-02
3.052500000000000000e+04 4.050000000000000000e+03 2.296075898077926808e-02 1.175145316494018502e-02 1.315689897359919279e-02
3.052500000000000000e+04 4.050000000000000000e+03 2.296075898077926808e-02 1.175145316494018502e-02 1.315689897359919279e-02
2.852500000000000000e+04 4.050000000000000000e+03 2.345122879867820448e-02 9.458961949379637510e-03 1.680023779610573947e-02
2.852500000000000000e+04 4.050000000000000000e+03 2.345122879867820448e-02 9.458961949379637510e-03 1.680023779610573947e-02
2.652500000000000000e+04 4.050000000000000000e+03 2.245299648307106863e-02 8.835302471086627779e-03 1.845353330958786689e-02
2.652500000000000000e+04 4.050000000000000000e+03 2.245299648307106863e-02 8.835302471086627779e-03 1.845353330958786689e-02
2.452500000000000000e+04 4.050000000000000000e+03 1.898318589059105194e-02 7.467256129377802115e-03 2.127031798871270585e-02
2.452500000000000000e+04 4.050000000000000000e+03 1.898318589059105194e-02 7.467256129377802115e-03 2.127031798871270585e-02
2.252500000000000000e+04 4.050000000000000000e+03 2.159043454208749852e-02 6.642940591322038166e-03 2.016661754143988031e-02
2.252500000000000000e+04 4.050000000000000000e+03 2.159043454208749852e-02 6.642940591322038166e-03 2.016661754143988031e-02
2.052500000000000000e+04 4.050000000000000000e+03 2.105454149686992668e-02 5.788653082683061293e-03 2.114160453970640591e-02
2.052500000000000000e+04 4.050000000000000000e+03 2.105454149686992668e-02 5.788653082683061293e-03 2.114160453970640591e-02
1.852500000000000000e+04 4.050000000000000000e+03 2.058702066727291155e-02 4.301099629485519334e-03 2.220914739906133112e-02
1.852500000000000000e+04 4.050000000000000000e+03 2.058702066727291155e-02 4.301099629485519334e-03 2.220914739906133112e-02
1.652500000000000000e+04 4.050000000000000000e+03 2.418331514254649928e-02 2.673038524703946935e-03 2.077391488841795822e-02
1.652500000000000000e+04 4.050000000000000000e+03 2.418331514254649928e-02 2.673038524703946935e-03 2.077391488841795822e-02
1.452500000000000000e+04 4.050000000000000000e+03 2.507822017503996345e-02 1.834858454905641777e-03 2.003814521380395050e-02
1.452500000000000000e+04 4.050000000000000000e+03 2.507822017503996345e-02 1.834858454905641777e-03 2.003814521380395050e-02
1.252500000000000000e+04 4.050000000000000000e+03 3.038505781521720281e-02 1.127704323857870415e-03 1.652861982743954183e-02
1.252500000000000000e+04 4.050000000000000000e+03 3.038505781521720281e-02 1.127704323857870415e-03 1.652861982743954183e-02
1.052500000000000000e+04 4.050000000000000000e+03 3.618486741273330143e-02 2.554477344463027206e-04 1.257059159607138571e-02
1.052500000000000000e+04 4.050000000000000000e+03 3.618486741273330143e-02 2.554477344463027206e-04 1.257059159607138571e-02
8.525000000000000000e+03 4.050000000000000000e+03 3.814013381084283005e-02 -1.737503386651527469e-03 1.272667614706532967e-02
8.525000000000000000e+03 4.050000000000000000e+03 3.814013381084283005e-02 -1.737503386651527469e-03 1.272667614706532967e-02
6.525000000000000000e+03 4.050000000000000000e+03 3.602525107883700062e-02 -2.844115522655365526e-03 1.021867377125680772e-02
6.525000000000000000e+03 4.050000000000000000e+03 3.602525107883700062e-02 -2.844115522655365526e-03 1.021867377125680772e-02
4.525000000000000000e+03 4.050000000000000000e+03 3.619237485179694486e-02 -3.338087863656177823e-03 9.676206051829632296e-03
4.525000000000000000e+03 4.050000000000000000e+03 3.619237485179694486e-02 -3.338087863656177823e-03 9.676206051829632296e-03
2.525000000000000000e+03 4.050000000000000000e+03 3.469698114109764919e-02 5.948709737318865192e-04 9.901169684721568970e-03
2.525000000000000000e+03 4.050000000000000000e+03 3.469698114109764919e-02 5.948709737318865192e-04 9.901169684721568970e-03
2.525000000000000000e+03 4.050000000000000000e+03 3.469698114109764919e-02 5.948709737318865192e-04 9.901169684721568970e-03
2.525000000000000000e+03 4.050000000000000000e+03 3.469698114109764919e-02 5.948709737318865192e-04 9.901169684721568970e-03
4.525000000000000000e+03 4.050000000000000000e+03 3.619237485179694486e-02 -3.338087863656177823e-03 9.676206051829632296e-03
4.525000000000000000e+03 4.050000000000000000e+03 3.619237485179694486e-02 -3.338087863656177823e-03 9.676206051829632296e-03
6.525000000000000000e+03 4.050000000000000000e+03 3.602525107883700062e-02 -2.844115522655365526e-03 1.021867377125680772e-02
6.525000000000000000e+03 4.050000000000000000e+03 3.602525107883700062e-02 -2.844115522655365526e-03 1.021867377125680772e-02
8.525000000000000000e+03 4.050000000000000000e+03 3.814013381084283005e-02 -1.737503386651527469e-03 1.272667614706532967e-02
8.525000000000000000e+03 4.050000000000000000e+03 3.814013381084283005e-02 -1.737503386651527469e-03 1.272667614706532967e-02
1.052500000000000000e+04 4.050000000000000000e+03 3.618486741273330143e-02 2.554477344463027206e-04 1.257059159607138571e-02
1.052500000000000000e+04 4.050000000000000000e+03 3.618486741273330143e-02 2.554477344463027206e-04 1.257059159607138571e-02
1.252500000000000000e+04 4.050000000000000000e+03 3.038505781521720281e-02 1.127704323857870415e-03 1.652861982743954183e-02
1.252500000000000000e+04 4.050000000000000000e+03 3.038505781521720281e-02 1.127704323857870415e-03 1.652861982743954183e-02
1.452500000000000000e+04 4.050000000000000000e+03 2.507822017503996345e-02 1.834858454905641777e-03 2.003814521380395050e-02
1.452500000000000000e+04 4.050000000000000000e+03 2.507822017503996345e-02 1.834858454905641777e-03 2.003814521380395050e-02
1.652500000000000000e+04 4.050000000000000000e+03 2.418331514254649928e-02 2.673038524703946935e-03 2.077391488841795822e-02
1.652500000000000000e+04 4.050000000000000000e+03 2.418331514254649928e-02 2.673038524703946935e-03 2.077391488841795822e-02
1.852500000000000000e+04 4.050000000000000000e+03 2.058702066727291155e-02 4.301099629485519334e-03 2.220914739906133112e-02
1.852500000000000000e+04 4.050000000000000000e+03 2.058702066727291155e-02 4.301099629485519334e-03 2.220914739906133112e-02
2.052500000000000000e+04 4.050000000000000000e+03 2.105454149686992668e-02 5.788653082683061293e-03 2.114160453970640591e-02
2.052500000000000000e+04 4.050000000000000000e+03 2.105454149686992668e-02 5.788653082683061293e-03 2.114160453970640591e-02
2.252500000000000000e+04 4.050000000000000000e+03 2.159043454208749852e-02 6.642940591322038166e-03 2.016661754143988031e-02
2.252500000000000000e+04 4.050000000000000000e+03 2.159043454208749852e-02 6.642940591322038166e-03 2.016661754143988031e-02
2.452500000000000000e+04 4.050000000000000000e+03 1.898318589059105194e-02 7.467256129377802115e-03 2.127031798871270585e-02
2.452500000000000000e+04 4.050000000000000000e+03 1.898318589059105194e-02 7.467256129377802115e-03 2.127031798871270585e-02
2.652500000000000000e+04 4.050000000000000000e+03 2.245299648307106863e-02 8.835302471086627779e-03 1.845353330958786689e-02
2.652500000000000000e+04 4.050000000000000000e+03 2.245299648307106863e-02 8.835302471086627779e-03 1.845353330958786689e-02
2.852500000000000000e+04 4.050000000000000000e+03 2.345122879867820448e-02 9.458961949379637510e-03 1.680023779610573947e-02
2.852500000000000000e+04 4.050000000000000000e+03 2.345122879867820448e-02 9.458961949379637510e-03 1.680023779610573947e-02
3.052500000000000000e+04 4.050000000000000000e+03 2.296075898077926808e-02 1.175145316494018502e-02 1.315689897359919279e-02
3.052500000000000000e+04 4.050000000000000000e+03 2.296075898077926808e-02 1.175145316494018502e-02 1.315689897359919279e-02
3.052500000000000000e+04 4.050000000000000000e+03 2.296075898077926808e-02 1.175145316494018502e-02 1.315689897359919279e-02
3.052500000000000000e+04 4.050000000000000000e+03 2.296075898077926808e-02 1.175145316494018502e-02 1.315689897359919279e-02
2.852500000000000000e+04 4.050000000000000000e+03 2.345122879867820448e-02 9.458961949379637510e-03 1.680023779610573947e-02
2.852500000000000000e+04 4.050000000000000000e+03 2.345122879867820448e-02 9.458961949379637510e-03 1.680023779610573947e-02
2.652500000000000000e+04 4.050000000000000000e+03 2.245299648307106863e-02 8.835302471086627779e-03 1.845353330958786689e-02
2.652500000000000000e+04 4.050000000000000000e+03 2.245299648307106863e-02 8.835302471086627779e-03 1.845353330958786689e-02
2.452500000000000000e+04 4.050000000000000000e+03 1.898318589059105194e-02 7.467256129377802115e-03 2.127031798871270585e-02
2.452500000000000000e+04 4.050000000000000000e+03 1.898318589059105194e-02 7.467256129377802115e-03 2.127031798871270585e-02
2.252500000000000000e+04 4.050000000000000000e+03 2.159043454208749852e-02 6.642940591322038166e-03 2.016661754143988031e-02
2.252500000000000000e+04 4.050000000000000000e+03 2.159043454208749852e-02 6.642940591322038166e-03 2.016661754143988031e-02
2.052500000000000000e+04 4.050000000000000000e+03 2.105454149686992668e-02 5.788653082683061293e-03 2.114160453970640591e-02
2.052500000000000000e+04 4.050000000000000000e+03 2.105454149686992668e-02 5.788653082683061293e-03 2.114160453970640591e-02
1.852500000000000000e+04 4.050000000000000000e+03 2.058702066727291155e-02 4.301099629485519334e-03 2.220914739906133112e-02
1.852500000000000000e+04 4.050000000000000000e+03 2.058702066727291155e-02 4.301099629485519334e-03 2.220914739906133112e-02
1.652500000000000000e+04 4.050000000000000000e+03 2.418331514254649928e-02 2.673038524703946935e-03 2.077391488841795822e-02
1.652500000000000000e+04 4.050000000000000000e+03 2.418331514254649928e-02 2.673038524703946935e-03 2.077391488841795822e-02
1.452500000000000000e+04 4.050000000000000000e+03 2.507822017503996345e-02 1.834858454905641777e-03 2.003814521380395050e-02
1.452500000000000000e+04 4.050000000000000000e+03 2.507822017503996345e-02 1.834858454905641777e-03 2.003814521380395050e-02
1.252500000000000000e+04 4.050000000000000000e+03 3.038505781521720281e-02 1.127704323857870415e-03 1.652861982743954183e-02
1.252500000000000000e+04 4.050000000000000000e+03 3.038505781521720281e-02 1.127704323857870415e-03 1.652861982743954183e-02
1.052500000000000000e+04 4.050000000000000000e+03 3.618486741273330143e-02 2.554477344463027206e-04 1.257059159607138571e-02
1.052500000000000000e+04 4.050000000000000000e+03 3.618486741273330143e-02 2.554477344463027206e-04 1.257059159607138571e-02
8.525000000000000000e+03 4.050000000000000000e+03 3.814013381084283005e-02 -1.737503386651527469e-03 1.272667614706532967e-02
8.525000000000000000e+03 4.050000000000000000e+03 3.814013381084283005e-02 -1.737503386651527469e-03 1.272667614706532967e-02
6.525000000000000000e+03 4.050000000000000000e+03 3.602525107883700062e-02 -2.844115522655365526e-03 1.021867377125680772e-02
6.525000000000000000e+03 4.050000000000000000e+03 3.602525107883700062e-02 -2.844115522655365526e-03 1.021867377125680772e-02
4.525000000000000000e+03 4.050000000000000000e+03 3.619237485179694486e-02 -3.338087863656177823e-03 9.676206051829632296e-03
4.525000000000000000e+03 4.050000000000000000e+03 3.619237485179694486e-02 -3.338087863656177823e-03 9.676206051829632296e-03
2.525000000000000000e+03 4.050000000000000000e+03 3.469698114109764919e-02 5.948709737318865192e-04 9.901169684721568970e-03
2.525000000000000000e+03 4.050000000000000000e+03 3.469698114109764919e-02 5.948709737318865192e-04 9.901169684721568970e-03
2.525000000000000000e+03 8.050000000000000000e+03 3.039503394333644554e-02 3.123157945763440843e-02 -2.679744722655219569e-02
2.525000000000000000e+03 8.050000000000000000e+03 3.039503394333644554e-02 3.123157945763440843e-02 -2.679744722655219569e-02
4.525000000000000000e+03 8.050000000000000000e+03 2.640675500593526667e-02 1.208749089703679488e-02 -2.669543491563100557e-02
4.525000000000000000e+03 8.050000000000000000e+03 2.640675500593526667e-02 1.208749089703679488e-02 -2.669543491563100557e-02
6.525000000000000000e+03 8.050000000000000000e+03 2.654627090605839179e-02 3.068399567351747306e-02 -2.664448762972361842e-02
6.525000000000000000e+03 8.050000000000000000e+03 2.654627090605839179e-02 3.068399567351747306e-02 -2.664448762972361842e-02
8.525000000000000000e+03 8.050000000000000000e+03 2.459803794069000127e-02 1.635880423702786024e-02 -2.549197870186133141e-02
8.525000000000000000e+03 8.050000000000000000e+03 2.459803794069000127e-02 1.635880423702786024e-02 -2.549197870186133141e-02
1.052500000000000000e+04 8.050000000000000000e+03 2.556709946979160777e-02 1.689838711489258932e-02 -2.484009911262192311e-02
1.052500000000000000e+04 8.050000000000000000e+03 2.556709946979160777e-02 1.689838711489258932e-02 -2.484009911262192311e-02
1.252500000000000000e+04 8.050000000000000000e+03 2.435325865974062587e-02 3.495895534430566720e-02 -2.233747785247011675e-02
1.252500000000000000e+04 8.050000000000000000e+03 2.435325865974062587e-02 3.495895534430566720e-02 -2.233747785247011675e-02
1.452500000000000000e+04 8.050000000000000000e+03 2.513303945062586586e-02 3.140869748691647867e-02 -1.854701123682094693e-02
1.452500000000000000e+04 8.050000000000000000e+03 2.513303945062586586e-02 3.140869748691647867e-02 -1.854701123682094693e-02
1.652500000000000000e+04 8.050000000000000000e+03 2.586957455689010976e-02 3.053938760438056760e-02 -1.762566734097822940e-02
1.652500000000000000e+04 8.050000000000000000e+03 2.586957455689010976e-02 3.053938760438056760e-02 -1.762566734097822940e-02
1.852500000000000000e+04 8.050000000000000000e+03 2.522856956504468742e-02 3.674335830420214638e-02 -1.499870426365805358e-02
1.852500000000000000e+04 8.050000000000000000e+03 2.522856956504468742e-02 3.674335830420214638e-02 -1.499870426365805358e-02
2.052500000000000000e+04 8.050000000000000000e+03 2.720301707844080541e-02 2.737038147980554170e-02 -1.505024633457851743e-02
2.052500000000000000e+04 8.050000000000000000e+03 2.720301707844080541e-02 2.737038147980554170e-02 -1.505024633457851743e-02
2.252500000000000000e+04 8.050000000000000000e+03 2.711498476109892863e-02 2.109220317045991736e-02 -1.530658904181947735e-02
2.252500000000000000e+04 8.050000000000000000e+03 2.711498476109892863e-02 2.109220317045991736e-02 -1.530658904181947735e-02
2.452500000000000000e+04 8.050000000000000000e+03 2.783365915282740369e-02 2.730833342825499804e-02 -1.605168715676066199e-02
2.452500000000000000e+04 8.050000000000000000e+03 2.783365915282740369e-02 2.730833342825499804e-02 -1.605168715676066199e-02
2.652500000000000000e+04 8.050000000000000000e+03 2.843031442579232668e-02 2.499895919555331081e-02 -1.763900424153595770e-02
2.652500000000000000e+04 8.050000000000000000e+03 2.843031442579232668e-02 2.499895919555331081e-02 -1.763900424153595770e-02
2.852500000000000000e+04 8.050000000000000000e+03 2.630938395792901952e-02 2.816464470439434403e-02 -1.939029006851579126e-02
2.852500000000000000e+04 8.050000000000000000e+03 2.630938395792901952e-02 2.816464470439434403e-02 -1.939029006851579126e-02
3.052500000000000000e+04 8.050000000000000000e+03 2.982032411441458766e-02 2.979728066143642190e-02 -2.272710870448367212e-02
3.052500000000000000e+04 8.050000000000000000e+03 2.982032411441458766e-02 2.979728066143642190e-02 -2.272710870448367212e-02
3.052500000000000000e+04 8.050000000000000000e+03 2.982032411441458766e-02 2.979728066143642190e-02 -2.272710870448367212e-02
3.052500000000000000e+04 8.050000000000000000e+03 2.982032411441458766e-02 2.979728066143642190e-02 -2.272710870448367212e-02
2.852500000000000000e+04 8.050000000000000000e+03 2.630938395792901952e-02 2.816464470439434403e-02 -1.939029006851579126e-02
2.852500000000000000e+04 8.050000000000000000e+03 2.630938395792901952e-02 2.816464470439434403e-02 -1.939029006851579126e-02
2.652500000000000000e+04 8.050000000000000000e+03 2.843031442579232668e-02 2.499895919555331081e-02 -1.763900424153595770e-02
2.652500000000000000e+04 8.050000000000000000e+03 2.843031442579232668e-02 2.499895919555331081e-02 -1.763900424153595770e-02
2.452500000000000000e+04 8.050000000000000000e+03 2.783365915282740369e-02 2.730833342825499804e-02 -1.605168715676066199e-02
2.452500000000000000e+04 8.050000000000000000e+03 2.783365915282740369e-02 2.730833342825499804e-02 -1.605168715676066199e-02
2.252500000000000000e+04 8.050000000000000000e+03 2.711498476109892863e-02 2.109220317045991736e-02 -1.530658904181947735e-02
2.252500000000000000e+04 8.050000000000000000e+03 2.711498476109892863e-02 2.109220317045991736e-02 -1.530658904181947735e-02
2.052500000000000000e+04 8.050000000000000000e+03 2.720301707844080541e-02 2.737038147980554170e-02 -1.505024633457851743e-02
2.052500000000000000e+04 8.050000000000000000e+03 2.720301707844080541e-02 2.737038147980554170e-02 -1.505024633457851743e-02
1.852500000000000000e+04 8.050000000000000000e+03 2.522856956504468742e-02 3.674335830420214638e-02 -1.499870426365805358e-02
1.852500000000000000e+04 8.050000000000000000e+03 2.522856956504468742e-02 3.674335830420214638e-02 -1.499870426365805358e-02
1.652500000000000000e+04 8.050000000000000000e+03 2.586957455689010976e-02 3.053938760438056760e-02 -1.762566734097822940e-02
1.652500000000000000e+04 8.050000000000000000e+03 2.586957455689010976e-02 3.053938760438056760e-02 -1.762566734097822940e-02
1.452500000000000000e+04 8.050000000000000000e+03 2.513303945062586586e-02 3.140869748691647867e-02 -1.854701123682094693e-02
1.452500000000000000e+04 8.050000000000000000e+03 2.513303945062586586e-02 3.140869748691647867e-02 -1.854701123682094693e-02
1.252500000000000000e+04 8.050000000000000000e+03 2.435325865974062587e-02 3.495895534430566720e-02 -2.233747785247011675e-02
1.252500000000000000e+04 8.050000000000000000e+03 2.435325865974062587e-02 3.495895534430566720e-02 -2.233747785247011675e-02
1.052500000000000000e+04 8.050000000000000000e+03 2.556709946979160777e-02 1.689838711489258932e-02 -2.484009911262192311e-02
1.052500000000000000e+04 8.050000000000000000e+03 2.556709946979160777e-02 1.689838711489258932e-02 -2.484009911262192311e-02
8.525000000000000000e+03 8.050000000000000000e+03 2.459803794069000127e-02 1.635880423702786024e-02 -2.549197870186133141e-02
8.525000000000000000e+03 8.050000000000000000e+03 2.459803794069000127e-02 1.635880423702786024e-02 -2.549197870186133141e-02
6.525000000000000000e+03 8.050000000000000000e+03 2.654627090605839179e-02 3.068399567351747306e-02 -2.664448762972361842e-02
6.525000000000000000e+03 8.050000000000000000e+03 2.654627090605839179e-02 3.068399567351747306e-02 -2.664448762972361842e-02
4.525000000000000000e+03 8.050000000000000000e+03 2.640675500593526667e-02 1.208749089703679488e-02 -2.669543491563100557e-02
4.525000000000000000e+03 8.050000000000000000e+03 2.640675500593526667e-02 1.208749089703679488e-02 -2.669543491563100557e-02
2.525000000000000000e+03 8.050000000000000000e+03 3.039503394333644554e-02 3.123157945763440843e-02 -2.679744722655219569e-02
2.525000000000000000e+03 8.050000000000000000e+03 3.039503394333644554e-02 3.123157945763440843e-02 -2.679744722655219569e-02
2.525000000000000000e+03 8.050000000000000000e+03 3.039503394333644554e-02 3.123157945763440843e-02 -2.679744722655219569e-02
2.525000000000000000e+03 8.050000000000000000e+03 3.039503394333644554e-02 3.123157945763440843e-02 -2.679744722655219569e-02
4.525000000000000000e+03 8.050000000000000000e+03 2.640675500593526667e-02 1.208749089703679488e-02 -2.669543491563100557e-02
4.525000000000000000e+03 8.050000000000000000e+03 2.640675500593526667e-02 1.208749089703679488e-02 -2.669543491563100557e-02
6.525000000000000000e+03 8.050000000000000000e+03 2.654627090605839179e-02 3.068399567351747306e-02 -2.664448762972361842e-02
6.525000000000000000e+03 8.050000000000000000e+03 2.654627090605839179e-02 3.068399567351747306e-02 -2.664448762972361842e-02
8.525000000000000000e+03 8.050000000000000000e+03 2.459803794069000127e-02 1.635880423702786024e-02 -2.549197870186133141e-02
8.525000000000000000e+03 8.050000000000000000e+03 2.459803794069000127e-02 1.635880423702786024e-02 -2.549197870186133141e-02
1.052500000000000000e+04 8.050000000000000000e+03 2.556709946979160777e-02 1.689838711489258932e-02 -2.484009911262192311e-02
1.052500000000000000e+04 8.050000000000000000e+03 2.556709946979160777e-02 1.689838711489258932e-02 -2.484009911262192311e-02
1.252500000000000000e+04 8.050000000000000000e+03 2.435325865974062587e-02 3.495895534430566720e-02 -2.233747785247011675e-02
1.252500000000000000e+04 8.050000000000000000e+03 2.435325865974062587e-02 3.495895534430566720e-02 -2.233747785247011675e-02
1.452500000000000000e+04 8.050000000000000000e+03 2.513303945062586586e-02 3.140869748691647867e-02 -1.854701123682094693e-02
1.452500000000000000e+04 8.050000000000000000e+03 2.513303945062586586e-02 3.140869748691647867e-02 -1.854701123682094693e-02
1.652500000000000000e+04 8.050000000000000000e+03 2.586957455689010976e-02 3.053938760438056760e-02 -1.762566734097822940e-02
1.652500000000000000e+04 8.050000000000000000e+03 2.586957455689010976e-02 3.053938760438056760e-02 -1.762566734097822940e-02
1.852500000000000000e+04 8.050000000000000000e+03 2.522856956504468742e-02 3.674335830420214638e-02 -1.499870426365805358e-02
1.852500000000000000e+04 8.050000000000000000e+03 2.522856956504468742e-02 3.674335830420214638e-02 -1.499870426365805358e-02
2.052500000000000000e+04 8.050000000000000000e+03 2.720301707844080541e-02 2.737038147980554170e-02 -1.505024633457851743e-02
2.052500000000000000e+04 8.050000000000000000e+03 2.720301707844080541e-02 2.737038147980554170e-02 -1.505024633457851743e-02
2.252500000000000000e+04 8.050000000000000000e+03 2.711498476109892863e-02 2.109220317045991736e-02 -1.530658904181947735e-02
2.252500000000000000e+04 8.050000000000000000e+03 2.711498476109892863e-02 2.109220317045991736e-02 -1.530658904181947735e-02
2.452500000000000000e+04 8.050000000000000000e+03 2.783365915282740369e-02 2.730833342825499804e-02 -1.605168715676066199e-02
2.452500000000000000e+04 8.050000000000000000e+03 2.783365915282740369e-02 2.730833342825499804e-02 -1.605168715676066199e-02
2.652500000000000000e+04 8.050000000000000000e+03 2.843031442579232668e-02 2.499895919555331081e-02 -1.763900424153595770e-02
2.652500000000000000e+04 8.050000000000000000e+03 2.843031442579232668e-02 2.499895919555331081e-02 -1.763900424153595770e-02
2.852500000000000000e+04 8.050000000000000000e+03 2.630938395792901952e-02 2.816464470439434403e-02 -1.939029006851579126e-02
2.852500000000000000e+04 8.050000000000000000e+03 2.630938395792901952e-02 2.816464470439434403e-02 -1.939029006851579126e-02
3.052500000000000000e+04 8.050000000000000000e+03 2.982032411441458766e-02 2.979728066143642190e-02 -2.272710870448367212e-02
3.052500000000000000e+04 8.050000000000000000e+03 2.982032411441458766e-02 2.979728066143642190e-02 -2.272710870448367212e-02
3.052500000000000000e+04 8.050000000000000000e+03 2.982032411441458766e-02 2.979728066143642190e-02 -2.272710870448367212e-02
3.052500000000000000e+04 8.050000000000000000e+03 2.982032411441458766e-02 2.979728066143642190e-02 -2.272710870448367212e-02
2.852500000000000000e+04 8.050000000000000000e+03 2.630938395792901952e-02 2.816464470439434403e-02 -1.939029006851579126e-02
2.852500000000000000e+04 8.050000000000000000e+03 2.630938395792901952e-02 2.816464470439434403e-02 -1.939029006851579126e-02
2.652500000000000000e+04 8.050000000000000000e+03 2.843031442579232668e-02 2.499895919555331081e-02 -1.763900424153595770e-02
2.652500000000000000e+04 8.050000000000000000e+03 2.843031442579232668e-02 2.499895919555331081e-02 -1.763900424153595770e-02
2.452500000000000000e+04 8.050000000000000000e+03 2.783365915282740369e-02 2.730833342825499804e-02 -1.605168715676066199e-02
2.452500000000000000e+04 8.050000000000000000e+03 2.783365915282740369e-02 2.730833342825499804e-02 -1.605168715676066199e-02
2.252500000000000000e+04 8.050000000000000000e+03 2.711498476109892863e-02 2.109220317045991736e-02 -1.530658904181947735e-02
2.252500000000000000e+04 8.050000000000000000e+03 2.711498476109892863e-02 2.109220317045991736e-02 -1.530658904181947735e-02
2.052500000000000000e+04 8.050000000000000000e+03 2.720301707844080541e-02 2.737038147980554170e-02 -1.505024633457851743e-02
2.052500000000000000e+04 8.050000000000000000e+03 2.720301707844080541e-02 2.737038147980554170e-02 -1.505024633457851743e-02
1.852500000000000000e+04 8.050000000000000000e+03 2.522856956504468742e-02 3.674335830420214638e-02 -1.499870426365805358e-02
1.852500000000000000e+04 8.050000000000000000e+03 2.522856956504468742e-02 3.674335830420214638e-02 -1.499870426365805358e-02
1.652500000000000000e+04 8.050000000000000000e+03 2.586957455689010976e-02 3.053938760438056760e-02 -1.762566734097822940e-02
1.652500000000000000e+04 8.050000000000000000e+03 2.586957455689010976e-02 3.053938760438056760e-02 -1.762566734097822940e-02
1.452500000000000000e+04 8.050000000000000000e+03 2.513303945062586586e-02 3.140869748691647867e-02 -1.854701123682094693e-02
1.452500000000000000e+04 8.050000000000000000e+03 2.513303945062586586e-02 3.140869748691647867e-02 -1.854701123682094693e-02
1.252500000000000000e+04 8.050000000000000000e+03 2.435325865974062587e-02 3.495895534430566720e-02 -2.233747785247011675e-02
1.252500000000000000e+04 8.050000000000000000e+03 2.435325865974062587e-02 3.495895534430566720e-02 -2.233747785247011675e-02
1.052500000000000000e+04 8.050000000000000000e+03 2.556709946979160777e-02 1.689838711489258932e-02 -2.484009911262192311e-02
1.052500000000000000e+04 8.050000000000000000e+03 2.556709946979160777e-02 1.689838711489258932e-02 -2.484009911262192311e-02
8.525000000000000000e+03 8.050000000000000000e+03 2.459803794069000127e-02 1.635880423702786024e-02 -2.549197870186133141e-02
8.525000000000000000e+03 8.050000000000000000e+03 2.459803794069000127e-02 1.635880423702786024e-02 -2.549197870186133141e-02
6.525000000000000000e+03 8.050000000000000000e+03 2.654627090605839179e-02 3.068399567351747306e-02 -2.664448762972361842e-02
6.525000000000000000e+03 8.050000000000000000e+03 2.654627090605839179e-02 3.068399567351747306e-02 -2.664448762972361842e-02
4.525000000000000000e+03 8.050000000000000000e+03 2.640675500593526667e-02 1.208749089703679488e-02 -2.669543491563100557e-02
4.525000000000000000e+03 8.050000000000000000e+03 2.640675500593526667e-02 1.208749089703679488e-02 -2.669543491563100557e-02
2.525000000000000000e+03 8.050000000000000000e+03 3.039503394333644554e-02 3.123157945763440843e-02 -2.679744722655219569e-02
2.525000000000000000e+03 8.050000000000000000e+03 3.039503394333644554e-02 3.123157945763440843e-02 -2.679744722655219569e-02
2.525000000000000000e+03 -3.950000000000000000e+03 6.703498894975574995e-03 1.702113260579237114e-03 4.980248126024684752e-02
2.525000000000000000e+03 -3.950000000000000000e+03 6.703498894975574995e-03 1.702113260579237114e-03 4.980248126024684752e-02
4.525000000000000000e+03 -3.950000000000000000e+03 3.130654797182994172e-03 -2.533096021128450857e-03 4.791398779384722917e-02
4.525000000000000000e+03 -3.950000000000000000e+03 3.130654797182994172e-03 -2.533096021128450857e-03 4.791398779384722917e-02
6.525000000000000000e+03 -3.950000000000000000e+03 -9.214516996616583383e-03 -3.615540170650790794e-03 4.922845076114414076e-02
6.525000000000000000e+03 -3.950000000000000000e+03 -9.214516996616583383e-03 -3.615540170650790794e-03 4.922845076114414076e-02
8.525000000000000000e+03 -3.950000000000000000e+03 9.815708952286131272e-03 -1.224506888398537233e-03 5.143793059779712407e-02
8.525000000000000000e+03 -3.950000000000000000e+03 9.815708952286131272e-03 -1.224506888398537233e-03 5.143793059779712407e-02
1.052500000000000000e+04 -3.950000000000000000e+03 8.214308349489796504e-03 -3.140108118056203230e-04 5.225542527686910521e-02
1.052500000000000000e+04 -3.950000000000000000e+03 8.214308349489796504e-03 -3.140108118056203230e-04 5.225542527686910521e-02
1.252500000000000000e+04 -3.950000000000000000e+03 1.618125655434081434e-02 1.552370014495242645e-03 5.643785498544437451e-02
1.252500000000000000e+04 -3.950000000000000000e+03 1.618125655434081434e-02 1.552370014495242645e-03 5.643785498544437451e-02
1.452500000000000000e+04 -3.950000000000000000e+03 1.712304239376929299e-02 1.661037369284878475e-03 5.899214998911559565e-02
1.452500000000000000e+04 -3.950000000000000000e+03 1.712304239376929299e-02 1.661037369284878475e-03 5.899214998911559565e-02
1.652500000000000000e+04 -3.950000000000000000e+03 1.260376130701342315e-02 2.847827936768687184e-03 6.004471449008949580e-02
1.652500000000000000e+04 -3.950000000000000000e+03 1.260376130701342315e-02 2.847827936768687184e-03 6.004471449008949580e-02
1.852500000000000000e+04 -3.950000000000000000e+03 1.488733366966315912e-02 4.107937213453218515e-03 6.273153113794879832e-02
1.852500000000000000e+04 -3.950000000000000000e+03 1.488733366966315912e-02 4.107937213453218515e-03 6.273153113794879832e-02
2.052500000000000000e+04 -3.950000000000000000e+03 2.871269527712695321e-02 7.258485812056202080e-03 6.171718895387132142e-02
2.052500000000000000e+04 -3.950000000000000000e+03 2.871269527712695321e-02 7.258485812056202080e-03 6.171718895387132142e-02
2.252500000000000000e+04 -3.950000000000000000e+03 2.698007680074854947e-02 7.749081944888070242e-03 6.170255059292585609e-02
2.252500000000000000e+04 -3.950000000000000000e+03 2.698007680074854947e-02 7.749081944888070242e-03 6.170255059292585609e-02
2.452500000000000000e+04 -3.950000000000000000e+03 3.390188769581951693e-03 7.371541834196367049e-03 5.962089398115835714e-02
2.452500000000000000e+04 -3.950000000000000000e+03 3.390188769581951693e-03 7.371541834196367049e-03 5.962089398115835714e-02
2.652500000000000000e+04 -3.950000000000000000e+03 -6.645430158479523688e-03 8.118104968747357625e-03 5.767326388245253010e-02
2.652500000000000000e+04 -3.950000000000000000e+03 -6.645430158479523688e-03 8.118104968747357625e-03 5.767326388245253010e-02
2.852500000000000000e+04 -3.950000000000000000e+03 8.230985231798496754e-03 1.019669814666625783e-02 5.590673108794663726e-02
2.852500000000000000e+04 -3.950000000000000000e+03 8.230985231798496754e-03 1.019669814666625783e-02 5.590673108794663726e-02
3.052500000000000000e+04 -3.950000000000000000e+03 1.778980617019631019e-02 1.230732029537055447e-02 5.070779540628028020e-02
3.052500000000000000e+04 -3.950000000000000000e+03 1.778980617019631019e-02 1.230732029537055447e-02 5.070779540628028020e-02
3.052500000000000000e+04 -3.950000000000000000e+03 1.778980617019631019e-02 1.230732029537055447e-02 5.070779540628028020e-02
3.052500000000000000e+04 -3.950000000000000000e+03 1.778980617019631019e-02 1.230732029537055447e-02 5.070779540628028020e-02
2.852500000000000000e+04 -3.950000000000000000e+03 8.230985231798496754e-03 1.019669814666625783e-02 5.590673108794663726e-02
2.852500000000000000e+04 -3.950000000000000000e+03 8.230985231798496754e-03 1.019669814666625783e-02 5.590673108794663726e-02
2.652500000000000000e+04 -3.950000000000000000e+03 -6.645430158479523688e-03 8.118104968747357625e-03 5.767326388245253010e-02
2.652500000000000000e+04 -3.950000000000000000e+03 -6.645430158479523688e-03 8.118104968747357625e-03 5.767326388245253010e-02
2.452500000000000000e+04 -3.950000000000000000e+03 3.390188769581951693e-03 7.371541834196367049e-03 5.962089398115835714e-02
2.452500000000000000e+04 -3.950000000000000000e+03 3.390188769581951693e-03 7.371541834196367049e-03 5.962089398115835714e-02
2.252500000000000000e+04 -3.950000000000000000e+03 2.698007680074854947e-02 7.749081944888070242e-03 6.170255059292585609e-02
2.252500000000000000e+04 -3.950000000000000000e+03 2.698007680074854947e-02 7.749081944888070242e-03 6.170255059292585609e-02
2.052500000000000000e+04 -3.950000000000000000e+03 2.871269527712695321e-02 7.258485812056202080e-03 6.171718895387132142e-02
2.052500000000000000e+04 -3.950000000000000000e+03 2.871269527712695321e-02 7.258485812056202080e-03 6.171718895387132142e-02
1.852500000000000000e+04 -3.950000000000000000e+03 1.488733366966315912e-02 4.107937213453218515e-03 6.273153113794879832e-02
1.852500000000000000e+04 -3.950000000000000000e+03 1.488733366966315912e-02 4.107937213453218515e-03 6.273153113794879832e-02
1.652500000000000000e+04 -3.950000000000000000e+03 1.260376130701342315e-02 2.847827936768687184e-03 6.004471449008949580e-02
1.652500000000000000e+04 -3.950000000000000000e+03 1.260376130701342315e-02 2.847827936768687184e-03 6.004471449008949580e-02
1.452500000000000000e+04 -3.950000000000000000e+03 1.712304239376929299e-02 1.661037369284878475e-03 5.899214998911559565e-02
1.452500000000000000e+04 -3.950000000000000000e+03 1.712304239376929299e-02 1.661037369284878475e-03 5.899214998911559565e-02
1.252500000000000000e+04 -3.950000000000000000e+03 1.618125655434081434e-02 1.552370014495242645e-03 5.643785498544437451e-02
1.252500000000000000e+04 -3.950000000000000000e+03 1.618125655434081434e-02 1.552370014495242645e-03 5.643785498544437451e-02
1.052500000000000000e+04 -3.950000000000000000e+03 8.214308349489796504e-03 -3.140108118056203230e-04 5.225542527686910521e-02
1.052500000000000000e+04 -3.950000000000000000e+03 8.214308349489796504e-03 -3.140108118056203230e-04 5.225542527686910521e-02
8.525000000000000000e+03 -3.950000000000000000e+03 9.815708952286131272e-03 -1.224506888398537233e-03 5.143793059779712407e-02
8.525000000000000000e+03 -3.950000000000000000e+03 9.815708952286131272e-03 -1.224506888398537233e-03 5.143793059779712407e-02
6.525000000000000000e+03 -3.950000000000000000e+03 -9.214516996616583383e-03 -3.615540170650790794e-03 4.922845076114414076e-02
6.525000000000000000e+03 -3.950000000000000000e+03 -9.214516996616583383e-03 -3.615540170650790794e-03 4.922845076114414076e-02
4.525000000000000000e+03 -3.950000000000000000e+03 3.130654797182994172e-03 -2.533096021128450857e-03 4.791398779384722917e-02
4.525000000000000000e+03 -3.950000000000000000e+03 3.130654797182994172e-03 -2.533096021128450857e-03 4.791398779384722917e-02
2.525000000000000000e+03 -3.950000000000000000e+03 6.703498894975574995e-03 1.702113260579237114e-03 4.980248126024684752e-02
2.525000000000000000e+03 -3.950000000000000000e+03 6.703498894975574995e-03 1.702113260579237114e-03 4.980248126024684752e-02
2.525000000000000000e+03 -3.950000000000000000e+03 6.703498894975574995e-03 1.702113260579237114e-03 4.980248126024684752e-02
2.525000000000000000e+03 -3.950000000000000000e+03 6.703498894975574995e-03 1.702113260579237114e-03 4.980248126024684752e-02
4.525000000000000000e+03 -3.950000000000000000e+03 3.130654797182994172e-03 -2.533096021128450857e-03 4.791398779384722917e-02
4.525000000000000000e+03 -3.950000000000000000e+03 3.130654797182994172e-03 -2.533096021128450857e-03 4.791398779384722917e-02
6.525000000000000000e+03 -3.950000000000000000e+03 -9.214516996616583383e-03 -3.615540170650790794e-03 4.922845076114414076e-02
6.525000000000000000e+03 -3.950000000000000000e+03 -9.214516996616583383e-03 -3.615540170650790794e-03 4.922845076114414076e-02
8.525000000000000000e+03 -3.950000000000000000e+03 9.815708952286131272e-03 -1.224506888398537233e-03 5.143793059779712407e-02
8.525000000000000000e+03 -3.950000000000000000e+03 9.815708952286131272e-03 -1.224506888398537233e-03 5.143793059779712407e-02
1.052500000000000000e+04 -3.950000000000000000e+03 8.214308349489796504e-03 -3.140108118056203230e-04 5.225542527686910521e-02
1.052500000000000000e+04 -3.950000000000000000e+03 8.214308349489796504e-03 -3.140108118056203230e-04 5.225542527686910521e-02
1.252500000000000000e+04 -3.950000000000000000e+03 1.618125655434081434e-02 1.552370014495242645e-03 5.643785498544437451e-02
1.252500000000000000e+04 -3.950000000000000000e+03 1.618125655434081434e-02 1.552370014495242645e-03 5.643785498544437451e-02
1.452500000000000000e+04 -3.950000000000000000e+03 1.712304239376929299e-02 1.661037369284878475e-03 5.899214998911559565e-02
1.452500000000000000e+04 -3.950000000000000000e+03 1.712304239376929299e-02 1.661037369284878475e-03 5.899214998911559565e-02
1.652500000000000000e+04 -3.950000000000000000e+03 1.260376130701342315e-02 2.847827936768687184e-03 6.004471449008949580e-02
1.652500000000000000e+04 -3.950000000000000000e+03 1.260376130701342315e-02 2.847827936768687184e-03 6.004471449008949580e-02
1.852500000000000000e+04 -3.950000000000000000e+03 1.488733366966315912e-02 4.107937213453218515e-03 6.273153113794879832e-02
1.852500000000000000e+04 -3.950000000000000000e+03 1.488733366966315912e-02 4.107937213453218515e-03 6.273153113794879832e-02
2.052500000000000000e+04 -3.950000000000000000e+03 2.871269527712695321e-02 7.258485812056202080e-03 6.171718895387132142e-02
2.052500000000000000e+04 -3.950000000000000000e+03 2.871269527712695321e-02 7.258485812056202080e-03 6.171718895387132142e-02
2.252500000000000000e+04 -3.950000000000000000e+03 2.698007680074854947e-02 7.749081944888070242e-03 6.170255059292585609e-02
2.252500000000000000e+04 -3.950000000000000000e+03 2.698007680074854947e-02 7.749081944888070242e-03 6.170255059292585609e-02
2.452500000000000000e+04 -3.950000000000000000e+03 3.390188769581951693e-03 7.371541834196367049e-03 5.962089398115835714e-02
2.452500000000000000e+04 -3.950000000000000000e+03 3.390188769581951693e-03 7.371541834196367049e-03 5.962089398115835714e-02
2.652500000000000000e+04 -3.950000000000000000e+03 -6.645430158479523688e-03 8.118104968747357625e-03 5.767326388245253010e-02
2.652500000000000000e+04 -3.950000000000000000e+03 -6.645430158479523688e-03 8.118104968747357625e-03 5.767326388245253010e-02
2.852500000000000000e+04 -3.950000000000000000e+03 8.230985231798496754e-03 1.019669814666625783e-02 5.590673108794663726e-02
2.852500000000000000e+04 -3.950000000000000000e+03 8.230985231798496754e-03 1.019669814666625783e-02 5.590673108794663726e-02
3.052500000000000000e+04 -3.950000000000000000e+03 1.778980617019631019e-02 1.230732029537055447e-02 5.070779540628028020e-02
3.052500000000000000e+04 -3.950000000000000000e+03 1.778980617019631019e-02 1.230732029537055447e-02 5.070779540628028020e-02
3.052500000000000000e+04 -3.950000000000000000e+03 1.778980617019631019e-02 1.230732029537055447e-02 5.070779540628028020e-02
3.052500000000000000e+04 -3.950000000000000000e+03 1.778980617019631019e-02 1.230732029537055447e-02 5.070779540628028020e-02
2.852500000000000000e+04 -3.950000000000000000e+03 8.230985231798496754e-03 1.019669814666625783e-02 5.590673108794663726e-02
2.852500000000000000e+04 -3.950000000000000000e+03 8.230985231798496754e-03 1.019669814666625783e-02 5.590673108794663726e-02
2.652500000000000000e+04 -3.950000000000000000e+03 -6.645430158479523688e-03 8.118104968747357625e-03 5.767326388245253010e-02
2.652500000000000000e+04 -3.950000000000000000e+03 -6.645430158479523688e-03 8.118104968747357625e-03 5.767326388245253010e-02
2.452500000000000000e+04 -3.950000000000000000e+03 3.390188769581951693e-03 7.371541834196367049e-03 5.962089398115835714e-02
2.452500000000000000e+04 -3.950000000000000000e+03 3.390188769581951693e-03 7.371541834196367049e-03 5.962089398115835714e-02
2.252500000000000000e+04 -3.950000000000000000e+03 2.698007680074854947e-02 7.749081944888070242e-03 6.170255059292585609e-02
2.252500000000000000e+04 -3.950000000000000000e+03 2.698007680074854947e-02 7.749081944888070242e-03 6.170255059292585609e-02
2.052500000000000000e+04 -3.950000000000000000e+03 2.871269527712695321e-02 7.258485812056202080e-03 6.171718895387132142e-02
2.052500000000000000e+04 -3.950000000000000000e+03 2.871269527712695321e-02 7.258485812056202080e-03 6.171718895387132142e-02
1.852500000000000000e+04 -3.950000000000000000e+03 1.488733366966315912e-02 4.107937213453218515e-03 6.273153113794879832e-02
1.852500000000000000e+04 -3.950000000000000000e+03 1.488733366966315912e-02 4.107937213453218515e-03 6.273153113794879832e-02
1.652500000000000000e+04 -3.950000000000000000e+03 1.260376130701342315e-02 2.847827936768687184e-03 6.004471449008949580e-02
1.652500000000000000e+04 -3.950000000000000000e+03 1.260376130701342315e-02 2.847827936768687184e-03 6.004471449008949580e-02
1.452500000000000000e+04 -3.950000000000000000e+03 1.712304239376929299e-02 1.661037369284878475e-03 5.899214998911559565e-02
1.452500000000000000e+04 -3.950000000000000000e+03 1.712304239376929299e-02 1.661037369284878475e-03 5.899214998911559565e-02
1.252500000000000000e+04 -3.950000000000000000e+03 1.618125655434081434e-02 1.552370014495242645e-03 5.643785498544437451e-02
1.252500000000000000e+04 -3.950000000000000000e+03 1.618125655434081434e-02 1.552370014495242645e-03 5.643785498544437451e-02
1.052500000000000000e+04 -3.950000000000000000e+03 8.214308349489796504e-03 -3.140108118056203230e-04 5.225542527686910521e-02
1.052500000000000000e+04 -3.950000000000000000e+03 8.214308349489796504e-03 -3.140108118056203230e-04 5.225542527686910521e-02
8.525000000000000000e+03 -3.950000000000000000e+03 9.815708952286131272e-03 -1.224506888398537233e-03 5.143793059779712407e-02
8.525000000000000000e+03 -3.950000000000000000e+03 9.815708952286131272e-03 -1.224506888398537233e-03 5.143793059779712407e-02
6.525000000000000000e+03 -3.950000000000000000e+03 -9.214516996616583383e-03 -3.615540170650790794e-03 4.922845076114414076e-02
6.525000000000000000e+03 -3.950000000000000000e+03 -9.214516996616583383e-03 -3.615540170650790794e-03 4.922845076114414076e-02
4.525000000000000000e+03 -3.950000000000000000e+03 3.130654797182994172e-03 -2.533096021128450857e-03 4.791398779384722917e-02
4.525000000000000000e+03 -3.950000000000000000e+03 3.130654797182994172e-03 -2.533096021128450857e-03 4.791398779384722917e-02
2.525000000000000000e+03 -3.950000000000000000e+03 6.703498894975574995e-03 1.702113260579237114e-03 4.980248126024684752e-02
2.525000000000000000e+03 -3.950000000000000000e+03 6.703498894975574995e-03 1.702113260579237114e-03 4.980248126024684752e-02
2.525000000000000000e+03 5.000000000000000000e+01 3.216122352235399606e-02 1.392525390325909107e-02 1.344061752355412385e-02
2.525000000000000000e+03 5.000000000000000000e+01 3.216122352235399606e-02 1.392525390325909107e-02 1.344061752355412385e-02
4.525000000000000000e+03 5.000000000000000000e+01 2.871478960643283895e-02 1.314305443069996131e-02 1.547676617009007688e-02
4.525000000000000000e+03 5.000000000000000000e+01 2.871478960643283895e-02 1.314305443069996131e-02 1.547676617009007688e-02
6.525000000000000000e+03 5.000000000000000000e+01 2.589994849839017538e-02 1.533609658886402743e-02 1.630455606373401589e-02
6.525000000000000000e+03 5.000000000000000000e+01 2.589994849839017538e-02 1.533609658886402743e-02 1.630455606373401589e-02
8.525000000000000000e+03 5.000000000000000000e+01 2.762222091211950087e-02 1.045525289904254869e-02 1.828841019463326931e-02
8.525000000000000000e+03 5.000000000000000000e+01 2.762222091211950087e-02 1.045525289904254869e-02 1.828841019463326931e-02
1.052500000000000000e+04 5.000000000000000000e+01 2.692620374384156745e-02 8.990528648673681844e-03 1.972310691555306458e-02
1.052500000000000000e+04 5.000000000000000000e+01 2.692620374384156745e-02 8.990528648673681844e-03 1.972310691555306458e-02
1.252500000000000000e+04 5.000000000000000000e+01 2.680681189856579105e-02 1.175598409621790921e-02 2.427415769796716777e-02
1.252500000000000000e+04 5.000000000000000000e+01 2.680681189856579105e-02 1.175598409621790921e-02 2.427415769796716777e-02
1.452500000000000000e+04 5.000000000000000000e+01 2.785898425860864475e-02 1.603239221771027290e-02 2.654513481103101813e-02
1.452500000000000000e+04 5.000000000000000000e+01 2.785898425860864475e-02 1.603239221771027290e-02 2.654513481103101813e-02
1.652500000000000000e+04 5.000000000000000000e+01 2.614379019893963568e-02 1.171847531982465711e-02 2.696998987928964781e-02
1.652500000000000000e+04 5.000000000000000000e+01 2.614379019893963568e-02 1.171847531982465711e-02 2.696998987928964781e-02
1.852500000000000000e+04 5.000000000000000000e+01 2.712875061750488412e-02 1.345569435660057787e-02 2.846353011802926075e-02
1.852500000000000000e+04 5.000000000000000000e+01 2.712875061750488412e-02 1.345569435660057787e-02 2.846353011802926075e-02
2.052500000000000000e+04 5.000000000000000000e+01 2.804416101714135925e-02 1.270434798126137202e-02 2.855598910330046231e-02
2.052500000000000000e+04 5.000000000000000000e+01 2.804416101714135925e-02 1.270434798126137202e-02 2.855598910330046231e-02
2.252500000000000000e+04 5.000000000000000000e+01 2.809033481980636321e-02 1.159813964889058052e-02 2.782529305596981306e-02
2.252500000000000000e+04 5.000000000000000000e+01 2.809033481980636321e-02 1.159813964889058052e-02 2.782529305596981306e-02
2.452500000000000000e+04 5.000000000000000000e+01 2.981185738675332791e-02 1.390555171287823424e-02 2.683170446750588953e-02
2.452500000000000000e+04 5.000000000000000000e+01 2.981185738675332791e-02 1.390555171287823424e-02 2.683170446750588953e-02
2.652500000000000000e+04 5.000000000000000000e+01 3.062382295644570582e-02 1.470157374568270905e-02 2.477608371194551032e-02
2.652500000000000000e+04 5.000000000000000000e+01 3.062382295644570582e-02 1.470157374568270905e-02 2.477608371194551032e-02
2.852500000000000000e+04 5.000000000000000000e+01 3.057838355850587414e-02 5.781018499954380593e-03 2.262225343568136093e-02
2.852500000000000000e+04 5.000000000000000000e+01 3.057838355850587414e-02 5.781018499954380593e-03 2.262225343568136093e-02
3.052500000000000000e+04 5.000000000000000000e+01 3.379952910336279925e-02 5.577766781814520736e-03 1.849082877402641670e-02
3.052500000000000000e+04 5.000000000000000000e+01 3.379952910336279925e-02 5.577766781814520736e-03 1.849082877402641670e-02
3.052500000000000000e+04 5.000000000000000000e+01 3.379952910336279925e-02 5.577766781814520736e-03 1.849082877402641670e-02
3.052500000000000000e+04 5.000000000000000000e+01 3.379952910336279925e-02 5.577766781814520736e-03 1.849082877402641670e-02
2.852500000000000000e+04 5.000000000000000000e+01 3.057838355850587414e-02 5.781018499954380593e-03 2.262225343568136093e-02
2.852500000000000000e+04 5.000000000000000000e+01 3.057838355850587414e-02 5.781018499954380593e-03 2.262225343568136093e-02
2.652500000000000000e+04 5.000000000000000000e+01 3.062382295644570582e-02 1.470157374568270905e-02 2.477608371194551032e-02
2.652500000000000000e+04 5.000000000000000000e+01 3.062382295644570582e-02 1.470157374568270905e-02 2.477608371194551032e-02
2.452500000000000000e+04 5.000000000000000000e+01 2.981185738675332791e-02 1.390555171287823424e-02 2.683170446750588953e-02
2.452500000000000000e+04 5.000000000000000000e+01 2.981185738675332791e-02 1.390555171287823424e-02 2.683170446750588953e-02
2.252500000000000000e+04 5.000000000000000000e+01 2.809033481980636321e-02 1.159813964889058052e-02 2.782529305596981306e-02
2.252500000000000000e+04 5.000000000000000000e+01 2.809033481980636321e-02 1.159813964889058052e-02 2.782529305596981306e-02
2.052500000000000000e+04 5.000000000000000000e+01 2.804416101714135925e-02 1.270434798126137202e-02 2.855598910330046231e-02
2.052500000000000000e+04 5.000000000000000000e+01 2.804416101714135925e-02 1.270434798126137202e-02 2.855598910330046231e-02
1.852500000000000000e+04 5.000000000000000000e+01 2.712875061750488412e-02 1.345569435660057787e-02 2.846353011802926075e-02
1.852500000000000000e+04 5.000000000000000000e+01 2.712875061750488412e-02 1.345569435660057787e-02 2.846353011802926075e-02
1.652500000000000000e+04 5.000000000000000000e+01 2.614379019893963568e-02 1.171847531982465711e-02 2.696998987928964781e-02
1.652500000000000000e+04 5.000000000000000000e+01 2.614379019893963568e-02 1.171847531982465711e-02 2.696998987928964781e-02
1.452500000000000000e+04 5.000000000000000000e+01 2.785898425860864475e-02 1.603239221771027290e-02 2.654513481103101813e-02
1.452500000000000000e+04 5.000000000000000000e+01 2.785898425860864475e-02 1.603239221771027290e-02 2.654513481103101813e-02
1.252500000000000000e+04 5.000000000000000000e+01 2.680681189856579105e-02 1.175598409621790921e-02 2.427415769796716777e-02
1.252500000000000000e+04 5.000000000000000000e+01 2.680681189856579105e-02 1.175598409621790921e-02 2.427415769796716777e-02
1.052500000000000000e+04 5.000000000000000000e+01 2.692620374384156745e-02 8.990528648673681844e-03 1.972310691555306458e-02
1.052500000000000000e+04 5.000000000000000000e+01 2.692620374384156745e-02 8.990528648673681844e-03 1.972310691555306458e-02
8.525000000000000000e+03 5.000000000000000000e+01 2.762222091211950087e-02 1.045525289904254869e-02 1.828841019463326931e-02
8.525000000000000000e+03 5.000000000000000000e+01 2.762222091211950087e-02 1.045525289904254869e-02 1.828841019463326931e-02
6.525000000000000000e+03 5.000000000000000000e+01 2.589994849839017538e-02 1.533609658886402743e-02 1.630455606373401589e-02
6.525000000000000000e+03 5.000000000000000000e+01 2.589994849839017538e-02 1.533609658886402743e-02 1.630455606373401589e-02
4.525000000000000000e+03 5.000000000000000000e+01 2.871478960643283895e-02 1.314305443069996131e-02 1.547676617009007688e-02
4.525000000000000000e+03 5.000000000000000000e+01 2.871478960643283895e-02 1.314305443069996131e-02 1.547676617009007688e-02
2.525000000000000000e+03 5.000000000000000000e+01 3.216122352235399606e-02 1.392525390325909107e-02 1.344061752355412385e-02
2.525000000000000000e+03 5.000000000000000000e+01 3.216122352235399606e-02 1.392525390325909107e-02 1.344061752355412385e-02
2.525000000000000000e+03 5.000000000000000000e+01 3.216122352235399606e-02 1.392525390325909107e-02 1.344061752355412385e-02
2.525000000000000000e+03 5.000000000000000000e+01 3.216122352235399606e-02 1.392525390325909107e-02 1.344061752355412385e-02
4.525000000000000000e+03 5.000000000000000000e+01 2.871478960643283895e-02 1.314305443069996131e-02 1.547676617009007688e-02
4.525000000000000000e+03 5.000000000000000000e+01 2.871478960643283895e-02 1.314305443069996131e-02 1.547676617009007688e-02
6.525000000000000000e+03 5.000000000000000000e+01 2.589994849839017538e-02 1.533609658886402743e-02 1.630455606373401589e-02
6.525000000000000000e+03 5.000000000000000000e+01 2.589994849839017538e-02 1.533609658886402743e-02 1.630455606373401589e-02
8.525000000000000000e+03 5.000000000000000000e+01 2.762222091211950087e-02 1.045525289904254869e-02 1.828841019463326931e-02
8.525000000000000000e+03 5.000000000000000000e+01 2.762222091211950087e-02 1.045525289904254869e-02 1.828841019463326931e-02
1.052500000000000000e+04 5.000000000000000000e+01 2.692620374384156745e-02 8.990528648673681844e-03 1.972310691555306458e-02
1.052500000000000000e+04 5.000000000000000000e+01 2.692620374384156745e-02 8.990528648673681844e-03 1.972310691555306458e-02
1.252500000000000000e+04 5.000000000000000000e+01 2.680681189856579105e-02 1.175598409621790921e-02 2.427415769796716777e-02
1.252500000000000000e+04 5.000000000000000000e+01 2.680681189856579105e-02 1.175598409621790921e-02 2.427415769796716777e-02
1.452500000000000000e+04 5.000000000000000000e+01 2.785898425860864475e-02 1.603239221771027290e-02 2.654513481103101813e-02
1.452500000000000000e+04 5.000000000000000000e+01 2.785898425860864475e-02 1.603239221771027290e-02 2.654513481103101813e-02
1.652500000000000000e+04 5.000000000000000000e+01 2.614379019893963568e-02 1.171847531982465711e-02 2.696998987928964781e-02
1.652500000000000000e+04 5.000000000000000000e+01 2.614379019893963568e-02 1.171847531982465711e-02 2.696998987928964781e-02
1.852500000000000000e+04 5.000000000000000000e+01 2.712875061750488412e-02 1.345569435660057787e-02 2.846353011802926075e-02
1.852500000000000000e+04 5.000000000000000000e+01 2.712875061750488412e-02 1.345569435660057787e-02 2.846353011802926075e-02
2.052500000000000000e+04 5.000000000000000000e+01 2.804416101714135925e-02 1.270434798126137202e-02 2.855598910330046231e-02
2.052500000000000000e+04 5.000000000000000000e+01 2.804416101714135925e-02 1.270434798126137202e-02 2.855598910330046231e-02
2.252500000000000000e+04 5.000000000000000000e+01 2.809033481980636321e-02 1.159813964889058052e-02 2.782529305596981306e-02
2.252500000000000000e+04 5.000000000000000000e+01 2.809033481980636321e-02 1.159813964889058052e-02 2.782529305596981306e-02
2.452500000000000000e+04 5.000000000000000000e+01 2.981185738675332791e-02 1.390555171287823424e-02 2.683170446750588953e-02
2.452500000000000000e+04 5.000000000000000000e+01 2.981185738675332791e-02 1.390555171287823424e-02 2.683170446750588953e-02
2.652500000000000000e+04 5.000000000000000000e+01 3.062382295644570582e-02 1.470157374568270905e-02 2.477608371194551032e-02
2.652500000000000000e+04 5.000000000000000000e+01 3.062382295644570582e-02 1.470157374568270905e-02 2.477608371194551032e-02
2.852500000000000000e+04 5.000000000000000000e+01 3.057838355850587414e-02 5.781018499954380593e-03 2.262225343568136093e-02
2.852500000000000000e+04 5.000000000000000000e+01 3.057838355850587414e-02 5.781018499954380593e-03 2.262225343568136093e-02
3.052500000000000000e+04 5.000000000000000000e+01 3.379952910336279925e-02 5.577766781814520736e-03 1.849082877402641670e-02
3.052500000000000000e+04 5.000000000000000000e+01 3.379952910336279925e-02 5.577766781814520736e-03 1.849082877402641670e-02
3.052500000000000000e+04 5.000000000000000000e+01 3.379952910336279925e-02 5.577766781814520736e-03 1.849082877402641670e-02
3.052500000000000000e+04 5.000000000000000000e+01 3.379952910336279925e-02 5.577766781814520736e-03 1.849082877402641670e-02
2.852500000000000000e+04 5.000000000000000000e+01 3.057838355850587414e-02 5.781018499954380593e-03 2.262225343568136093e-02
2.852500000000000000e+04 5.000000000000000000e+01 3.057838355850587414e-02 5.781018499954380593e-03 2.262225343568136093e-02
2.652500000000000000e+04 5.000000000000000000e+01 3.062382295644570582e-02 1.470157374568270905e-02 2.477608371194551032e-02
2.652500000000000000e+04 5.000000000000000000e+01 3.062382295644570582e-02 1.470157374568270905e-02 2.477608371194551032e-02
2.452500000000000000e+04 5.000000000000000000e+01 2.981185738675332791e-02 1.390555171287823424e-02 2.683170446750588953e-02
2.452500000000000000e+04 5.000000000000000000e+01 2.981185738675332791e-02 1.390555171287823424e-02 2.683170446750588953e-02
2.252500000000000000e+04 5.000000000000000000e+01 2.809033481980636321e-02 1.159813964889058052e-02 2.782529305596981306e-02
2.252500000000000000e+04 5.000000000000000000e+01 2.809033481980636321e-02 1.159813964889058052e-02 2.782529305596981306e-02
2.052500000000000000e+04 5.000000000000000000e+01 2.804416101714135925e-02 1.270434798126137202e-02 2.855598910330046231e-02
2.052500000000000000e+04 5.000000000000000000e+01 2.804416101714135925e-02 1.270434798126137202e-02 2.855598910330046231e-02
1.852500000000000000e+04 5.000000000000000000e+01 2.712875061750488412e-02 1.345569435660057787e-02 2.846353011802926075e-02
1.852500000000000000e+04 5.000000000000000000e+01 2.712875061750488412e-02 1.345569435660057787e-02 2.846353011802926075e-02
1.652500000000000000e+04 5.000000000000000000e+01 2.614379019893963568e-02 1.171847531982465711e-02 2.696998987928964781e-02
1.652500000000000000e+04 5.000000000000000000e+01 2.614379019893963568e-02 1.171847531982465711e-02 2.696998987928964781e-02
1.452500000000000000e+04 5.000000000000000000e+01 2.785898425860864475e-02 1.603239221771027290e-02 2.654513481103101813e-02
1.452500000000000000e+04 5.000000000000000000e+01 2.785898425860864475e-02 1.603239221771027290e-02 2.654513481103101813e-02
1.252500000000000000e+04 5.000000000000000000e+01 2.680681189856579105e-02 1.175598409621790921e-02 2.427415769796716777e-02
1.252500000000000000e+04 5.000000000000000000e+01 2.680681189856579105e-02 1.175598409621790921e-02 2.427415769796716777e-02
1.052500000000000000e+04 5.000000000000000000e+01 2.692620374384156745e-02 8.990528648673681844e-03 1.972310691555306458e-02
1.052500000000000000e+04 5.000000000000000000e+01 2.692620374384156745e-02 8.990528648673681844e-03 1.972310691555306458e-02
8.525000000000000000e+03 5.000000000000000000e+01 2.762222091211950087e-02 1.045525289904254869e-02 1.828841019463326931e-02
8.525000000000000000e+03 5.000000000000000000e+01 2.762222091211950087e-02 1.045525289904254869e-02 1.828841019463326931e-02
6.525000000000000000e+03 5.000000000000000000e+01 2.589994849839017538e-02 1.533609658886402743e-02 1.630455606373401589e-02
6.525000000000000000e+03 5.000000000000000000e+01 2.589994849839017538e-02 1.533609658886402743e-02 1.630455606373401589e-02
4.525000000000000000e+03 5.000000000000000000e+01 2.871478960643283895e-02 1.314305443069996131e-02 1.547676617009007688e-02
4.525000000000000000e+03 5.000000000000000000e+01 2.871478960643283895e-02 1.314305443069996131e-02 1.547676617009007688e-02
2.525000000000000000e+03 5.000000000000000000e+01 3.216122352235399606e-02 1.392525390325909107e-02 1.344061752355412385e-02
2.525000000000000000e+03 5.000000000000000000e+01 3.216122352235399606e-02 1.392525390325909107e-02 1.344061752355412385e-02
