4.525000000000000000e+03 4.050000000000000000e+03 4.125679177408290293e-02 -6.101223050292507374e-03 8.915972897567840671e-03
4.525000000000000000e+03 4.050000000000000000e+03 4.125679177408290293e-02 -6.101223050292507374e-03 8.915972897567840671e-03
4.525000000000000000e+03 4.050000000000000000e+03 4.125679177408290293e-02 -6.101223050292507374e-03 8.915972897567840671e-03
4.525000000000000000e+03 4.050000000000000000e+03 4.125679177408290293e-02 -6.101223050292507374e-03 8.915972897567840671e-03
4.525000000000000000e+03 4.050000000000000000e+03 4.125679177408290293e-02 -6.101223050292507374e-03 8.915972897567840671e-03
4.525000000000000000e+03 4.050000000000000000e+03 4.125679177408290293e-02 -6.101223050292507374e-03 8.915972897567840671e-03
4.525000000000000000e+03 4.050000000000000000e+03 4.125679177408290293e-02 -6.101223050292507374e-03 8.915972897567840671e-03
4.525000000000000000e+03 4.050000000000000000e+03 4.125679177408290293e-02 -6.101223050292507374e-03 8.915972897567840671e-03
4.525000000000000000e+03 4.050000000000000000e+03 4.125679177408290293e-02 -6.101223050292507374e-03 8.915972897567840671e-03
4.525000000000000000e+03 4.050000000000000000e+03 4.125679177408290293e-02 -6.101223050292507374e-03 8.915972897567840671e-03
4.525000000000000000e+03 4.050000000000000000e+03 4.125679177408290293e-02 -6.101223050292507374e-03 8.915972897567840671e-03
4.525000000000000000e+03 4.050000000000000000e+03 4.125679177408290293e-02 -6.101223050292507374e-03 8.915972897567840671e-03
4.525000000000000000e+03 4.050000000000000000e+03 4.125679177408290293e-02 -6.101223050292507374e-03 8.915972897567840671e-03
4.525000000000000000e+03 4.050000000000000000e+03 4.125679177408290293e-02 -6.101223050292507374e-03 8.915972897567840671e-03
4.525000000000000000e+03 4.050000000000000000e+03 4.125679177408290293e-02 -6.101223050292507374e-03 8.915972897567840671e-03
4.525000000000000000e+03 4.050000000000000000e+03 4.125679177408290293e-02 -6.101223050292507374e-03 8.915972897567840671e-03
4.525000000000000000e+03 4.050000000000000000e+03 4.125679177408290293e-02 -6.101223050292507374e-03 8.915972897567840671e-03
4.525000000000000000e+03 4.050000000000000000e+03 4.125679177408290293e-02 -6.101223050292507374e-03 8.915972897567840671e-03
4.525000000000000000e+03 4.050000000000000000e+03 4.125679177408290293e-02 -6.101223050292507374e-03 8.915972897567840671e-03
4.525000000000000000e+03 4.050000000000000000e+03 4.125679177408290293e-02 -6.101223050292507374e-03 8.915972897567840671e-03
4.525000000000000000e+03 4.050000000000000000e+03 4.125679177408290293e-02 -6.101223050292507374e-03 8.915972897567840671e-03
4.525000000000000000e+03 4.050000000000000000e+03 4.125679177408290293e-02 -6.101223050292507374e-03 8.915972897567840671e-03
4.525000000000000000e+03 4.050000000000000000e+03 4.125679177408290293e-02 -6.101223050292507374e-03 8.915972897567840671e-03
4.525000000000000000e+03 4.050000000000000000e+03 4.125679177408290293e-02 -6.101223050292507374e-03 8.915972897567840671e-03
4.525000000000000000e+03 4.050000000000000000e+03 4.125679177408290293e-02 -6.101223050292507374e-03 8.915972897567840671e-03
4.525000000000000000e+03 4.050000000000000000e+03 4.125679177408290293e-02 -6.101223050292507374e-03 8.915972897567840671e-03
4.525000000000000000e+03 4.050000000000000000e+03 4.125679177408290293e-02 -6.101223050292507374e-03 8.915972897567840671e-03
4.525000000000000000e+03 4.050000000000000000e+03 4.125679177408290293e-02 -6.101223050292507374e-03 8.915972897567840671e-03
4.525000000000000000e+03 4.050000000000000000e+03 4.125679177408290293e-02 -6.101223050292507374e-03 8.915972897567840671e-03
4.525000000000000000e+03 4.050000000000000000e+03 4.125679177408290293e-02 -6.101223050292507374e-03 8.915972897567840671e-03
4.525000000000000000e+03 4.050000000000000000e+03 4.125679177408290293e-02 -6.101223050292507374e-03 8.915972897567840671e-03
4.525000000000000000e+03 4.050000000000000000e+03 4.125679177408290293e-02 -6.101223050292507374e-03 8.915972897567840671e-03
4.525000000000000000e+03 4.050000000000000000e+03 4.125679177408290293e-02 -6.101223050292507374e-03 8.915972897567840671e-03
4.525000000000000000e+03 4.050000000000000000e+03 4.125679177408290293e-02 -6.101223050292507374e-03 8.915972897567840671e-03
4.525000000000000000e+03 4.050000000000000000e+03 4.125679177408290293e-02 -6.101223050292507374e-03 8.915972897567840671e-03
4.525000000000000000e+03 4.050000000000000000e+03 4.125679177408290293e-02 -6.101223050292507374e-03 8.915972897567840671e-03
4.525000000000000000e+03 4.050000000000000000e+03 4.125679177408290293e-02 -6.101223050292507374e-03 8.915972897567840671e-03
4.525000000000000000e+03 4.050000000000000000e+03 4.125679177408290293e-02 -6.101223050292507374e-03 8.915972897567840671e-03
4.525000000000000000e+03 4.050000000000000000e+03 4.125679177408290293e-02 -6.101223050292507374e-03 8.915972897567840671e-03
4.525000000000000000e+03 4.050000000000000000e+03 4.125679177408290293e-02 -6.101223050292507374e-03 8.915972897567840671e-03
4.525000000000000000e+03 4.050000000000000000e+03 4.125679177408290293e-02 -6.101223050292507374e-03 8.915972897567840671e-03
4.525000000000000000e+03 4.050000000000000000e+03 4.125679177408290293e-02 -6.101223050292507374e-03 8.915972897567840671e-03
4.525000000000000000e+03 4.050000000000000000e+03 4.125679177408290293e-02 -6.101223050292507374e-03 8.915972897567840671e-03
4.525000000000000000e+03 4.050000000000000000e+03 4.125679177408290293e-02 -6.101223050292507374e-03 8.915972897567840671e-03
4.525000000000000000e+03 4.050000000000000000e+03 4.125679177408290293e-02 -6.101223050292507374e-03 8.915972897567840671e-03
4.525000000000000000e+03 4.050000000000000000e+03 4.125679177408290293e-02 -6.101223050292507374e-03 8.915972897567840671e-03
4.525000000000000000e+03 4.050000000000000000e+03 4.125679177408290293e-02 -6.101223050292507374e-03 8.915972897567840671e-03
4.525000000000000000e+03 4.050000000000000000e+03 4.125679177408290293e-02 -6.101223050292507374e-03 8.915972897567840671e-03
4.525000000000000000e+03 4.050000000000000000e+03 4.125679177408290293e-02 -6.101223050292507374e-03 8.915972897567840671e-03
4.525000000000000000e+03 4.050000000000000000e+03 4.125679177408290293e-02 -6.101223050292507374e-03 8.915972897567840671e-03
4.525000000000000000e+03 4.050000000000000000e+03 4.125679177408290293e-02 -6.101223050292507374e-03 8.915972897567840671e-03
4.525000000000000000e+03 4.050000000000000000e+03 4.125679177408290293e-02 -6.101223050292507374e-03 8.915972897567840671e-03
4.525000000000000000e+03 4.050000000000000000e+03 4.125679177408290293e-02 -6.101223050292507374e-03 8.915972897567840671e-03
4.525000000000000000e+03 4.050000000000000000e+03 4.125679177408290293e-02 -6.101223050292507374e-03 8.915972897567840671e-03
4.525000000000000000e+03 4.050000000000000000e+03 4.125679177408290293e-02 -6.101223050292507374e-03 8.915972897567840671e-03
4.525000000000000000e+03 4.050000000000000000e+03 4.125679177408290293e-02 -6.101223050292507374e-03 8.915972897567840671e-03
4.525000000000000000e+03 4.050000000000000000e+03 4.125679177408290293e-02 -6.101223050292507374e-03 8.915972897567840671e-03
4.525000000000000000e+03 4.050000000000000000e+03 4.125679177408290293e-02 -6.101223050292507374e-03 8.915972897567840671e-03
4.525000000000000000e+03 4.050000000000000000e+03 4.125679177408290293e-02 -6.101223050292507374e-03 8.915972897567840671e-03
4.525000000000000000e+03 4.050000000000000000e+03 4.125679177408290293e-02 -6.101223050292507374e-03 8.915972897567840671e-03
4.525000000000000000e+03 4.050000000000000000e+03 4.125679177408290293e-02 -6.101223050292507374e-03 8.915972897567840671e-03
4.525000000000000000e+03 4.050000000000000000e+03 4.125679177408290293e-02 -6.101223050292507374e-03 8.915972897567840671e-03
4.525000000000000000e+03 4.050000000000000000e+03 4.125679177408290293e-02 -6.101223050292507374e-03 8.915972897567840671e-03
4.525000000000000000e+03 4.050000000000000000e+03 4.125679177408290293e-02 -6.101223050292507374e-03 8.915972897567840671e-03
4.525000000000000000e+03 4.050000000000000000e+03 4.125679177408290293e-02 -6.101223050292507374e-03 8.915972897567840671e-03
4.525000000000000000e+03 4.050000000000000000e+03 4.125679177408290293e-02 -6.101223050292507374e-03 8.915972897567840671e-03
4.525000000000000000e+03 4.050000000000000000e+03 4.125679177408290293e-02 -6.101223050292507374e-03 8.915972897567840671e-03
4.525000000000000000e+03 4.050000000000000000e+03 4.125679177408290293e-02 -6.101223050292507374e-03 8.915972897567840671e-03
4.525000000000000000e+03 4.050000000000000000e+03 4.125679177408290293e-02 -6.101223050292507374e-03 8.915972897567840671e-03
4.525000000000000000e+03 4.050000000000000000e+03 4.125679177408290293e-02 -6.101223050292507374e-03 8.915972897567840671e-03
4.525000000000000000e+03 4.050000000000000000e+03 4.125679177408290293e-02 -6.101223050292507374e-03 8.915972897567840671e-03
4.525000000000000000e+03 4.050000000000000000e+03 4.125679177408290293e-02 -6.101223050292507374e-03 8.915972897567840671e-03
4.525000000000000000e+03 4.050000000000000000e+03 4.125679177408290293e-02 -6.101223050292507374e-03 8.915972897567840671e-03
4.525000000000000000e+03 4.050000000000000000e+03 4.125679177408290293e-02 -6.101223050292507374e-03 8.915972897567840671e-03
4.525000000000000000e+03 4.050000000000000000e+03 4.125679177408290293e-02 -6.101223050292507374e-03 8.915972897567840671e-03
4.525000000000000000e+03 4.050000000000000000e+03 4.125679177408290293e-02 -6.101223050292507374e-03 8.915972897567840671e-03
4.525000000000000000e+03 4.050000000000000000e+03 4.125679177408290293e-02 -6.101223050292507374e-03 8.915972897567840671e-03
4.525000000000000000e+03 4.050000000000000000e+03 4.125679177408290293e-02 -6.101223050292507374e-03 8.915972897567840671e-03
4.525000000000000000e+03 4.050000000000000000e+03 4.125679177408290293e-02 -6.101223050292507374e-03 8.915972897567840671e-03
4.525000000000000000e+03 4.050000000000000000e+03 4.125679177408290293e-02 -6.101223050292507374e-03 8.915972897567840671e-03
4.525000000000000000e+03 4.050000000000000000e+03 4.125679177408290293e-02 -6.101223050292507374e-03 8.915972897567840671e-03
4.525000000000000000e+03 4.050000000000000000e+03 4.125679177408290293e-02 -6.101223050292507374e-03 8.915972897567840671e-03
4.525000000000000000e+03 4.050000000000000000e+03 4.125679177408290293e-02 -6.101223050292507374e-03 8.915972897567840671e-03
4.525000000000000000e+03 4.050000000000000000e+03 4.125679177408290293e-02 -6.101223050292507374e-03 8.915972897567840671e-03
4.525000000000000000e+03 4.050000000000000000e+03 4.125679177408290293e-02 -6.101223050292507374e-03 8.915972897567840671e-03
4.525000000000000000e+03 4.050000000000000000e+03 4.125679177408290293e-02 -6.101223050292507374e-03 8.915972897567840671e-03
4.525000000000000000e+03 4.050000000000000000e+03 4.125679177408290293e-02 -6.101223050292507374e-03 8.915972897567840671e-03
4.525000000000000000e+03 4.050000000000000000e+03 4.125679177408290293e-02 -6.101223050292507374e-03 8.915972897567840671e-03
