2.525000000000000000e+03 4.000000000000000000e+03 -5.203200000000000000e+04 -5.578948527924479706e+00 7.939804319492221873e-02 -4.971965867675088191e+00 1.550013447884734941e-02 2.483233042660098988e+01 1.290120943768111733e-02 1.000000000000000000e+00 1.761943099999999873e+01 1.173199999999999937e-02 8.433462369999999737e+02
2.525000000000000000e+03 4.000000000000000000e+03 -5.203200000000000000e+04 -5.562454500036299265e+00 8.701317984324376253e-02 -4.996083896374528877e+00 1.507737707121590762e-02 -9.136922930653078367e+00 1.770929699959013920e-02 0.000000000000000000e+00 -1.614631200000000177e+01 3.472299999999999692e-02 8.536868279999999913e+02
4.525000000000000000e+03 4.000000000000000000e+03 -5.203200000000000000e+04 -5.677774798269039636e+00 6.752854438298015738e-02 -5.178319854270696965e+00 1.490319045768888004e-02 2.488518384078459533e+01 9.603256827646084598e-03 1.000000000000000000e+00 1.762442800000000176e+01 1.273499999999999979e-02 8.664275569999999789e+02
4.525000000000000000e+03 4.000000000000000000e+03 -5.203200000000000000e+04 -5.649461929401213389e+00 7.600765238348093644e-02 -5.201684609644453339e+00 1.400926749147750165e-02 -9.099537499210184066e+00 1.538983165938336527e-02 0.000000000000000000e+00 -1.614375400000000127e+01 3.521400000000000224e-02 8.768331520000000410e+02
8.525000000000000000e+03 4.000000000000000000e+03 -5.203200000000000000e+04 -5.697953640973513423e+00 5.785435259763529320e-02 -5.839734975710318743e+00 1.591271665541945865e-02 2.497939840592411898e+01 1.117264996108021172e-02 1.000000000000000000e+00 1.761840300000000070e+01 1.261699999999999974e-02 8.915799960000000510e+02
8.525000000000000000e+03 4.000000000000000000e+03 -5.203200000000000000e+04 -5.671850990437405926e+00 5.873560779452029201e-02 -5.830371102424015461e+00 1.241565053392509714e-02 -8.992382181104307648e+00 1.693341846254714511e-02 0.000000000000000000e+00 -1.615225799999999978e+01 2.687900000000000011e-02 9.019655900000000202e+02
1.252500000000000000e+04 4.000000000000000000e+03 -5.203200000000000000e+04 -5.703327646813156626e+00 6.884765283321515883e-02 -6.456316106537284050e+00 1.492854808681201746e-02 2.511961022767252061e+01 1.053210479328903909e-02 1.000000000000000000e+00 1.762012100000000103e+01 1.176499999999999942e-02 9.167114330000000564e+02
1.252500000000000000e+04 4.000000000000000000e+03 -5.203200000000000000e+04 -5.679715267891973340e+00 8.133336390213269373e-02 -6.462298574916640170e+00 1.444398098150157309e-02 -8.866400687405636916e+00 1.797794089347487523e-02 0.000000000000000000e+00 -1.615141799999999961e+01 3.214399999999999896e-02 9.270580250000000433e+02
1.652500000000000000e+04 4.000000000000000000e+03 -5.203200000000000000e+04 -5.745544392619149399e+00 7.352048264656663168e-02 -7.067340594964086620e+00 1.192804072445354316e-02 2.529465173068554762e+01 1.252437950126367681e-02 1.000000000000000000e+00 1.761580000000000013e+01 1.100800000000000042e-02 9.418018680000000131e+02
1.652500000000000000e+04 4.000000000000000000e+03 -5.203200000000000000e+04 -5.647328209834260981e+00 8.276812895774950107e-02 -7.134066471845396329e+00 1.650472446068954394e-02 -8.712625698806503394e+00 1.999449264947881708e-02 0.000000000000000000e+00 -1.614501599999999826e+01 2.586099999999999857e-02 9.521434600000000046e+02
2.052500000000000000e+04 4.000000000000000000e+03 -5.203200000000000000e+04 -5.759370073784501720e+00 7.187788694124200295e-02 -7.676553868946326631e+00 1.629323109177637299e-02 2.549378044137523602e+01 9.584309336201720167e-03 1.000000000000000000e+00 1.761961499999999958e+01 1.450500000000000053e-02 9.668843030000000454e+02
2.052500000000000000e+04 4.000000000000000000e+03 -5.203200000000000000e+04 -5.632617992027586062e+00 8.596512019395756432e-02 -7.710930293424137716e+00 9.361475864857865190e-03 -8.554963866665834971e+00 1.986308678604890507e-02 0.000000000000000000e+00 -1.616090499999999963e+01 1.845700000000000118e-02 9.773288999999999760e+02
2.452500000000000000e+04 4.000000000000000000e+03 -5.203200000000000000e+04 -5.710562100966186883e+00 7.360793441940044479e-02 -8.331467533021143623e+00 1.265495596386682388e-02 2.573503384906200253e+01 1.395277811268542251e-02 1.000000000000000000e+00 1.761424500000000037e+01 1.445300000000000057e-02 9.920707439999999906e+02
2.452500000000000000e+04 4.000000000000000000e+03 -5.203200000000000000e+04 -5.599774443768002818e+00 7.621623037402429357e-02 -8.374653949330651770e+00 1.314856887253831701e-02 -8.347246005116012668e+00 1.500068792348438658e-02 0.000000000000000000e+00 -1.614833399999999841e+01 2.050199999999999939e-02 1.002414335000000051e+03
2.852500000000000000e+04 4.000000000000000000e+03 -5.203200000000000000e+04 -5.648445288357695659e+00 6.282018382447067395e-02 -8.937863965777360420e+00 1.086722002188383537e-02 2.599528778727609080e+01 1.602133141332760455e-02 1.000000000000000000e+00 1.762314100000000039e+01 1.276399999999999930e-02 1.017157178000000044e+03
2.852500000000000000e+04 4.000000000000000000e+03 -5.203200000000000000e+04 -5.557055785730047326e+00 8.018142193280121399e-02 -8.977298310491734767e+00 1.741545395622170686e-02 -8.134251178576578312e+00 1.524547930807110263e-02 0.000000000000000000e+00 -1.615609699999999904e+01 3.533499999999999835e-02 1.027503770000000031e+03
3.252500000000000000e+04 4.000000000000000000e+03 -5.203200000000000000e+04 -5.583797308136146498e+00 7.196778325327175818e-02 -9.512382694721365439e+00 1.367039902375136347e-02 2.628769504726898276e+01 1.533141106165753810e-02 1.000000000000000000e+00 1.763488800000000012e+01 1.466399999999999995e-02 1.042250614000000041e+03
3.252500000000000000e+04 4.000000000000000000e+03 -5.203200000000000000e+04 -5.620505895405844221e+00 7.201649848566993306e-02 -9.498249020496553285e+00 1.094566514834652803e-02 -7.895246878343796126e+00 1.431006391752930908e-02 0.000000000000000000e+00 -1.613090899999999905e+01 2.278499999999999970e-02 1.052593204999999898e+03
3.252500000000000000e+04 4.000000000000000000e+03 -5.203200000000000000e+04 -5.622053382730103799e+00 8.573990361550831718e-02 -9.502069713047193389e+00 1.621065223170952904e-02 2.628424077634017308e+01 1.582434084649075520e-02 1.000000000000000000e+00 1.759288700000000105e+01 2.456600000000000103e-02 1.062936797000000070e+03
3.252500000000000000e+04 4.000000000000000000e+03 -5.203200000000000000e+04 -5.585747631519391021e+00 6.383126281289414061e-02 -9.484289803259860818e+00 1.373534532466209358e-02 -7.896313242136582033e+00 1.781649714516075900e-02 0.000000000000000000e+00 -1.615012700000000123e+01 3.314500000000000085e-02 1.073279387999999926e+03
2.852500000000000000e+04 4.000000000000000000e+03 -5.203200000000000000e+04 -5.491608471568547145e+00 6.287625512826135188e-02 -8.975387569615778105e+00 1.227169722904257812e-02 2.600030115225625948e+01 1.263943531826064101e-02 1.000000000000000000e+00 1.760879699999999914e+01 1.322699999999999917e-02 1.088025231999999960e+03
2.852500000000000000e+04 4.000000000000000000e+03 -5.203200000000000000e+04 -5.630136393056497823e+00 6.906721671982228583e-02 -8.926803572606601733e+00 1.375177091185889218e-02 -8.126499020379734262e+00 1.440246678055026770e-02 0.000000000000000000e+00 -1.616413899999999870e+01 2.652600000000000097e-02 1.098364822999999888e+03
2.452500000000000000e+04 4.000000000000000000e+03 -5.203200000000000000e+04 -5.486082299874351698e+00 7.225584313339124265e-02 -8.398125739852781990e+00 1.748363538138734963e-02 2.574795453409652168e+01 8.533645700019321448e-03 1.000000000000000000e+00 1.761353000000000080e+01 1.426499999999999990e-02 1.113105665999999928e+03
2.452500000000000000e+04 4.000000000000000000e+03 -5.203200000000000000e+04 -5.713608090257801919e+00 6.757268229255936065e-02 -8.333800255713871508e+00 1.235694165981122104e-02 -8.337495648676286564e+00 1.818246082368538130e-02 0.000000000000000000e+00 -1.614871600000000029e+01 2.400199999999999903e-02 1.123446257999999943e+03
2.052500000000000000e+04 4.000000000000000000e+03 -5.203200000000000000e+04 -5.478978416207870517e+00 8.762212975053004782e-02 -7.816885969966254954e+00 1.592374073658454209e-02 2.551249307803506028e+01 1.569937291535283483e-02 1.000000000000000000e+00 1.761924199999999985e+01 1.572499999999999939e-02 1.138190100999999913e+03
2.052500000000000000e+04 4.000000000000000000e+03 -5.203200000000000000e+04 -5.718279995447048236e+00 8.169527040019032571e-02 -7.717908543590345616e+00 1.312871291303858816e-02 -8.531057517283670677e+00 1.600256440345733736e-02 0.000000000000000000e+00 -1.614774299999999840e+01 1.991499999999999868e-02 1.148532691999999997e+03
1.652500000000000000e+04 4.000000000000000000e+03 -5.203200000000000000e+04 -5.553634788217936880e+00 8.637928775852622698e-02 -7.174078999706220650e+00 1.500120299222941142e-02 2.530809798777346842e+01 1.610058983750747852e-02 1.000000000000000000e+00 1.763134200000000007e+01 1.626100000000000115e-02 1.163270535000000109e+03
1.652500000000000000e+04 4.000000000000000000e+03 -5.203200000000000000e+04 -5.737725294944636012e+00 7.264943006080776255e-02 -7.108069158663313125e+00 1.540361991765449787e-02 -8.704353774250495945e+00 1.818910584037146741e-02 0.000000000000000000e+00 -1.613670600000000022e+01 2.832799999999999901e-02 1.173611126999999897e+03
1.252500000000000000e+04 4.000000000000000000e+03 -5.203200000000000000e+04 -5.656963185120150506e+00 8.342682475904911188e-02 -6.507220946056690103e+00 1.252373951705663783e-02 2.512911458001348208e+01 1.348098531754349239e-02 1.000000000000000000e+00 1.761590400000000045e+01 1.783799999999999969e-02 1.188355970000000070e+03
1.252500000000000000e+04 4.000000000000000000e+03 -5.203200000000000000e+04 -5.721955775397445265e+00 7.123353332111008462e-02 -6.454807641521989048e+00 1.962673921134826596e-02 -8.869358212816704778e+00 1.385213624391648177e-02 0.000000000000000000e+00 -1.615384200000000092e+01 2.404500000000000040e-02 1.198700561999999991e+03
8.525000000000000000e+03 4.000000000000000000e+03 -5.203200000000000000e+04 -5.673134424003408505e+00 7.766656947785549603e-02 -5.852509426077206811e+00 1.246626374923781588e-02 2.498024310220967692e+01 1.130017454183267385e-02 1.000000000000000000e+00 1.762036499999999961e+01 1.703800000000000106e-02 1.213445404999999937e+03
8.525000000000000000e+03 4.000000000000000000e+03 -5.203200000000000000e+04 -5.689338501393526926e+00 8.310922830292356844e-02 -5.854741932659445425e+00 1.420128103820705000e-02 -8.997456178265858640e+00 1.638390984369689912e-02 0.000000000000000000e+00 -1.615310699999999855e+01 2.722600000000000020e-02 1.223791997000000038e+03
4.525000000000000000e+03 4.000000000000000000e+03 -5.203200000000000000e+04 -5.639512478787899852e+00 7.456985406874346023e-02 -5.226066922273010285e+00 1.434718157622631371e-02 2.487591070996994702e+01 1.238986283156901826e-02 1.000000000000000000e+00 1.763686500000000024e+01 2.284500000000000072e-02 1.238538841000000048e+03
4.525000000000000000e+03 4.000000000000000000e+03 -5.203200000000000000e+04 -5.678370561015094964e+00 7.424520383173419114e-02 -5.214835466694269783e+00 1.457489916795418582e-02 -9.091965959600027958e+00 1.791588614130520257e-02 0.000000000000000000e+00 -1.615240199999999859e+01 3.468299999999999855e-02 1.248880431999999928e+03
2.525000000000000000e+03 4.000000000000000000e+03 -5.203200000000000000e+04 -5.577922991656230955e+00 9.246837855811160245e-02 -4.996231718697237589e+00 1.462125273366091972e-02 2.484513625506045642e+01 1.265318917633728203e-02 1.000000000000000000e+00 1.763266300000000086e+01 1.870099999999999887e-02 1.261628161000000091e+03
2.525000000000000000e+03 4.000000000000000000e+03 -5.203200000000000000e+04 -5.600152686357756870e+00 6.343483906794640526e-02 -4.966232073964997440e+00 1.412870464665781992e-02 -9.141530562680753036e+00 1.512665096547321196e-02 0.000000000000000000e+00 -1.615078700000000111e+01 2.893099999999999838e-02 1.272072758999999905e+03
2.525000000000000000e+03 4.000000000000000000e+03 -5.203200000000000000e+04 -5.572194263551208948e+00 8.250629026820305301e-02 -4.983572869358768642e+00 1.433263550966982353e-02 2.483407153248261423e+01 1.436292391980033799e-02 1.000000000000000000e+00 1.758157699999999934e+01 1.678100000000000078e-02 1.282417349999999942e+03
2.525000000000000000e+03 4.000000000000000000e+03 -5.203200000000000000e+04 -5.566460122511720954e+00 7.005744483554122992e-02 -4.989458209380393860e+00 1.386595477082723689e-02 -9.140150768077756283e+00 1.588406743905572752e-02 0.000000000000000000e+00 -1.613711299999999937e+01 2.179499999999999840e-02 1.292758941999999934e+03
4.525000000000000000e+03 4.000000000000000000e+03 -5.203200000000000000e+04 -5.662063068030438906e+00 7.045236261479646822e-02 -5.200273354943569792e+00 1.525546051727683095e-02 2.487726368825350676e+01 1.258613015978447998e-02 1.000000000000000000e+00 1.761594900000000052e+01 1.656200000000000033e-02 1.305500669999999900e+03
4.525000000000000000e+03 4.000000000000000000e+03 -5.203200000000000000e+04 -5.651521705173565557e+00 7.414011851399318620e-02 -5.188139602413641249e+00 1.400619746493768532e-02 -9.106583111453621981e+00 1.707208974625600700e-02 0.000000000000000000e+00 -1.615711100000000044e+01 2.875399999999999831e-02 1.315839261999999962e+03
8.525000000000000000e+03 4.000000000000000000e+03 -5.203200000000000000e+04 -5.687443273518002940e+00 7.526312344649713215e-02 -5.825065135258339133e+00 1.204833184826448016e-02 2.498669774952909961e+01 1.126110530771420523e-02 1.000000000000000000e+00 1.763600599999999829e+01 1.615700000000000122e-02 1.330521101000000044e+03
8.525000000000000000e+03 4.000000000000000000e+03 -5.203200000000000000e+04 -5.697381554505809298e+00 6.248575488533666955e-02 -5.832177062377136068e+00 1.145010439227020678e-02 -8.994211029921689970e+00 1.386560088188529792e-02 0.000000000000000000e+00 -1.614748399999999862e+01 3.427499999999999991e-02 1.340864692999999988e+03
1.252500000000000000e+04 4.000000000000000000e+03 -5.203200000000000000e+04 -5.727036656278579052e+00 8.473442962957988822e-02 -6.427449994364586416e+00 1.448020762439311375e-02 2.512268310437062624e+01 1.284603672360621132e-02 1.000000000000000000e+00 1.761020699999999906e+01 1.591300000000000006e-02 1.355607535999999982e+03
1.252500000000000000e+04 4.000000000000000000e+03 -5.203200000000000000e+04 -5.685659226649965703e+00 9.772992392453368204e-02 -6.473882528353986032e+00 1.370205562202219535e-02 -8.868478583708320429e+00 1.418599486944314460e-02 0.000000000000000000e+00 -1.615239199999999897e+01 3.226600000000000301e-02 1.365948127999999997e+03
1.652500000000000000e+04 4.000000000000000000e+03 -5.203200000000000000e+04 -5.748785510374589514e+00 7.999228727941366801e-02 -7.083796989035166192e+00 1.617840643512323193e-02 2.528803933876789145e+01 1.475046223098505985e-02 1.000000000000000000e+00 1.761307299999999998e+01 2.024600000000000011e-02 1.380722972999999911e+03
1.652500000000000000e+04 4.000000000000000000e+03 -5.203200000000000000e+04 -5.662914169083648197e+00 5.999761588117490108e-02 -7.083066940211802276e+00 1.278234535114189559e-02 -8.726128727038371835e+00 2.033202749110697011e-02 0.000000000000000000e+00 -1.615416000000000096e+01 2.935799999999999868e-02 1.391065565000000106e+03
2.052500000000000000e+04 4.000000000000000000e+03 -5.203200000000000000e+04 -5.754235676918456832e+00 5.162269461186477781e-02 -7.691358877534070437e+00 1.575764410241312433e-02 2.549067843016655743e+01 1.238474147295097645e-02 1.000000000000000000e+00 1.762830699999999950e+01 1.958999999999999977e-02 1.405811408000000029e+03
2.052500000000000000e+04 4.000000000000000000e+03 -5.203200000000000000e+04 -5.641679740918846164e+00 9.686679699371630869e-02 -7.755953441897330158e+00 1.248347038707332650e-02 -8.550292383647283501e+00 1.224651816939078056e-02 0.000000000000000000e+00 -1.614184699999999850e+01 2.773799999999999877e-02 1.416155999999999949e+03
2.452500000000000000e+04 4.000000000000000000e+03 -5.203200000000000000e+04 -5.715097952920316970e+00 8.716414545823422677e-02 -8.333903013149454253e+00 1.416036511264483731e-02 2.572134467916040634e+01 1.194952013314245880e-02 1.000000000000000000e+00 1.762948400000000149e+01 1.554099999999999926e-02 1.430902843000000075e+03
2.452500000000000000e+04 4.000000000000000000e+03 -5.203200000000000000e+04 -5.598353908053730343e+00 8.255522144093967174e-02 -8.355037605108776688e+00 1.063148983999161537e-02 -8.353069726920262283e+00 1.805200334089179098e-02 0.000000000000000000e+00 -1.614945600000000070e+01 2.747300000000000089e-02 1.440408386999999948e+03
2.852500000000000000e+04 4.000000000000000000e+03 -5.203200000000000000e+04 -5.644841037775848669e+00 8.721683243803704522e-02 -8.930788309922183643e+00 1.268579293466295943e-02 2.598559065527934209e+01 1.287186226209032121e-02 1.000000000000000000e+00 1.761254699999999929e+01 1.096699999999999932e-02 1.455161231000000043e+03
2.852500000000000000e+04 4.000000000000000000e+03 -5.203200000000000000e+04 -5.597700701435837090e+00 8.585322776090649477e-02 -8.939938093391264218e+00 1.527965725443607842e-02 -8.138156400782150968e+00 1.411677648122514929e-02 0.000000000000000000e+00 -1.614133999999999958e+01 2.848799999999999943e-02 1.465604827999999998e+03
3.252500000000000000e+04 4.000000000000000000e+03 -5.203200000000000000e+04 -5.612470681727058874e+00 6.970650188105406708e-02 -9.483978646636959553e+00 1.401069936238092013e-02 2.627563270863443279e+01 1.131204225078683186e-02 1.000000000000000000e+00 1.762390100000000004e+01 1.597900000000000015e-02 1.480285667000000103e+03
3.252500000000000000e+04 4.000000000000000000e+03 -5.203200000000000000e+04 -5.612075258477323025e+00 6.085119781922253973e-02 -9.515847049963346294e+00 1.388464814348577825e-02 -7.904727132869142636e+00 2.048978418376933702e-02 0.000000000000000000e+00 -1.615231700000000004e+01 3.921000000000000180e-02 1.490627259000000095e+03
2.525000000000000000e+03 8.000000000000000000e+03 -5.203200000000000000e+04 2.478846739494264995e+01 7.187172528367449797e-02 -4.832257513317229858e+00 1.306157023363857181e-02 5.676858505171535008e+00 1.445948608283677619e-02 1.000000000000000000e+00 1.761438400000000115e+01 1.828600000000000017e-02 1.537279927999999927e+03
2.525000000000000000e+03 8.000000000000000000e+03 -5.203200000000000000e+04 -9.191666227603096928e+00 7.279241613689969859e-02 -4.828366772305713539e+00 1.272956718304973402e-02 5.661076083506895174e+00 1.190503701315736088e-02 0.000000000000000000e+00 -1.615896299999999997e+01 2.374899999999999928e-02 1.547723525000000109e+03
4.525000000000000000e+03 8.000000000000000000e+03 -5.203200000000000000e+04 2.478440586887800379e+01 5.732677736377676803e-02 -4.788765900592802716e+00 1.230288597503299136e-02 5.744538187412987718e+00 1.284004823858959053e-02 1.000000000000000000e+00 1.762788499999999914e+01 1.048100000000000073e-02 1.560469254000000092e+03
4.525000000000000000e+03 8.000000000000000000e+03 -5.203200000000000000e+04 -9.196349990847826561e+00 7.329735507130753780e-02 -4.792853849314354875e+00 1.222581999764768557e-02 5.696598999344411496e+00 1.357611693142708915e-02 0.000000000000000000e+00 -1.613689499999999910e+01 2.151399999999999840e-02 1.570815845999999965e+03
8.525000000000000000e+03 8.000000000000000000e+03 -5.203200000000000000e+04 2.481571502365833837e+01 6.013761146942451369e-02 -4.755218434471777833e+00 1.901712253533743152e-02 5.773028113103086945e+00 1.351995755276258829e-02 1.000000000000000000e+00 1.763004600000000011e+01 1.317300000000000068e-02 1.585555689000000029e+03
8.525000000000000000e+03 8.000000000000000000e+03 -5.203200000000000000e+04 -9.166424708885156036e+00 7.277550360931726858e-02 -4.772734252836228208e+00 1.417764389987493691e-02 5.744267731871091520e+00 1.281830417249432523e-02 0.000000000000000000e+00 -1.614910400000000124e+01 3.079199999999999993e-02 1.595897279999999910e+03
1.252500000000000000e+04 8.000000000000000000e+03 -5.203200000000000000e+04 2.487013119712244347e+01 7.569081283889654566e-02 -4.785787776455243225e+00 1.331418769902876879e-02 5.769520880797167628e+00 1.200993221055656965e-02 1.000000000000000000e+00 1.762309199999999976e+01 1.683600000000000027e-02 1.610642123999999967e+03
1.252500000000000000e+04 8.000000000000000000e+03 -5.203200000000000000e+04 -9.131232155779313686e+00 6.319739444828087471e-02 -4.799768351390397925e+00 1.391210297340031779e-02 5.717791962988065357e+00 1.173023357848862122e-02 0.000000000000000000e+00 -1.615534200000000098e+01 3.996000000000000246e-02 1.621145723999999973e+03
1.652500000000000000e+04 8.000000000000000000e+03 -5.203200000000000000e+04 2.489327271162899891e+01 8.966353164647765384e-02 -4.814291589357639900e+00 1.387125872799232357e-02 5.738650237257218123e+00 1.239599862787185876e-02 1.000000000000000000e+00 1.761862100000000098e+01 1.675099999999999853e-02 1.635887568000000101e+03
1.652500000000000000e+04 8.000000000000000000e+03 -5.203200000000000000e+04 -9.072678835436965628e+00 6.147725393157967705e-02 -4.806380448794550730e+00 1.224599431759865360e-02 5.688470131852384704e+00 1.282116146085890591e-02 0.000000000000000000e+00 -1.615481600000000029e+01 2.783199999999999910e-02 1.646226159000000052e+03
2.052500000000000000e+04 8.000000000000000000e+03 -5.203200000000000000e+04 2.494323325492311838e+01 5.911628784116134544e-02 -4.825298115516341468e+00 1.226750134909196377e-02 5.738142950123683583e+00 1.197922403709798453e-02 1.000000000000000000e+00 1.763334400000000102e+01 1.696800000000000044e-02 1.660973001999999951e+03
2.052500000000000000e+04 8.000000000000000000e+03 -5.203200000000000000e+04 -9.052760786414872030e+00 7.070869944219117242e-02 -4.831414443866871800e+00 1.272245508047198208e-02 5.651565364232882693e+00 1.302611242540329707e-02 0.000000000000000000e+00 -1.613883200000000073e+01 1.793499999999999955e-02 1.671317594000000099e+03
2.452500000000000000e+04 8.000000000000000000e+03 -5.203200000000000000e+04 2.501449155619009801e+01 5.918431668756506808e-02 -4.822192286760466295e+00 1.448341527155279883e-02 5.705423157821321922e+00 1.579146852885307539e-02 1.000000000000000000e+00 1.761927700000000030e+01 9.707000000000000350e-03 1.686059436999999889e+03
2.452500000000000000e+04 8.000000000000000000e+03 -5.203200000000000000e+04 -8.965157998692953711e+00 5.773405848410915336e-02 -4.872044601061312541e+00 1.533677777538261511e-02 5.569048884883669892e+00 1.253844952224928214e-02 0.000000000000000000e+00 -1.614940700000000007e+01 3.032899999999999832e-02 1.696402029000000084e+03
2.852500000000000000e+04 8.000000000000000000e+03 -5.203200000000000000e+04 2.509118705181450792e+01 6.138609708360605322e-02 -4.772319652148311775e+00 1.276506008464438000e-02 5.645847391414051231e+00 1.273597844209506044e-02 1.000000000000000000e+00 1.762488499999999902e+01 1.258399999999999970e-02 1.711326882000000069e+03
2.852500000000000000e+04 8.000000000000000000e+03 -5.203200000000000000e+04 -8.915159203621000117e+00 8.845689038088679068e-02 -4.770149870206468634e+00 1.589078140265767075e-02 5.596012330769736920e+00 1.136186628845466118e-02 0.000000000000000000e+00 -1.614555199999999857e+01 2.672799999999999829e-02 1.721769479999999930e+03
3.252500000000000000e+04 8.000000000000000000e+03 -5.203200000000000000e+04 2.517108510857092085e+01 5.984944273042142743e-02 -4.813320034706062955e+00 1.211263525759884857e-02 5.496262700013735625e+00 1.347059627389888062e-02 1.000000000000000000e+00 1.762482500000000130e+01 1.450000000000000074e-02 1.736511322999999948e+03
3.252500000000000000e+04 8.000000000000000000e+03 -5.203200000000000000e+04 -8.824410905268830874e+00 6.743129907697421876e-02 -4.798431756367037337e+00 1.655718340036470282e-02 5.500369046124984784e+00 1.015447214966615566e-02 0.000000000000000000e+00 -1.613618400000000008e+01 2.939500000000000099e-02 1.746854914999999892e+03
3.252500000000000000e+04 8.000000000000000000e+03 -5.203200000000000000e+04 2.517243888636200921e+01 7.222856139949378196e-02 -4.797476672551982624e+00 1.584067710580619459e-02 5.501228550529709160e+00 1.482570352425613067e-02 1.000000000000000000e+00 1.758802400000000077e+01 2.371099999999999944e-02 1.757196505999999999e+03
3.252500000000000000e+04 8.000000000000000000e+03 -5.203200000000000000e+04 -8.845515358946631324e+00 7.442815330150387432e-02 -4.792490864148768459e+00 1.701384714632715039e-02 5.504324967207679720e+00 1.079063290123670991e-02 0.000000000000000000e+00 -1.615011200000000002e+01 2.823799999999999921e-02 1.767536098000000038e+03
2.852500000000000000e+04 8.000000000000000000e+03 -5.203200000000000000e+04 2.510892814072979107e+01 7.300142505370028900e-02 -4.818614577606164850e+00 1.277219179325528135e-02 5.480909418096951313e+00 1.309349002081896737e-02 1.000000000000000000e+00 1.762541600000000130e+01 1.549599999999999936e-02 1.782277941000000055e+03
2.852500000000000000e+04 8.000000000000000000e+03 -5.203200000000000000e+04 -8.902646548155470185e+00 9.779990477886643663e-02 -4.764134493965348938e+00 1.538419148284032867e-02 5.630528961324858805e+00 1.203247084617121467e-02 0.000000000000000000e+00 -1.613475899999999896e+01 3.038300000000000028e-02 1.792624532000000045e+03
2.452500000000000000e+04 8.000000000000000000e+03 -5.203200000000000000e+04 2.502180143210716423e+01 6.781793266458208125e-02 -4.879140722021761967e+00 1.438812130115546713e-02 5.431741057892649494e+00 1.411911897129015415e-02 1.000000000000000000e+00 1.762808899999999923e+01 1.909100000000000033e-02 1.807366375000000062e+03
2.452500000000000000e+04 8.000000000000000000e+03 -5.203200000000000000e+04 -8.923899361490759574e+00 9.440894894124250702e-02 -4.831053391840465672e+00 1.334594059910776398e-02 5.648667265028145756e+00 1.104310818270610312e-02 0.000000000000000000e+00 -1.616096500000000091e+01 3.316899999999999710e-02 1.817713966999999911e+03
2.052500000000000000e+04 8.000000000000000000e+03 -5.203200000000000000e+04 2.494746900044236781e+01 6.499419170805385837e-02 -4.842605855907862633e+00 1.512472473112937317e-02 5.509903992492792391e+00 8.630397269205350441e-03 1.000000000000000000e+00 1.762490499999999827e+01 1.318199999999999927e-02 1.832459810999999945e+03
2.052500000000000000e+04 8.000000000000000000e+03 -5.203200000000000000e+04 -8.981830559384833990e+00 5.919372518380758980e-02 -4.819683145254093581e+00 1.580439751717364893e-02 5.699749615605348652e+00 1.173492867396383824e-02 0.000000000000000000e+00 -1.613898100000000113e+01 3.698300000000000198e-02 1.842804401999999982e+03
1.652500000000000000e+04 8.000000000000000000e+03 -5.203200000000000000e+04 2.494045205597235793e+01 6.592635655997375332e-02 -4.835209556122226360e+00 1.198612177452619380e-02 5.601080697406397135e+00 1.622124938262883495e-02 1.000000000000000000e+00 1.763324400000000125e+01 1.652100000000000096e-02 1.857550246000000016e+03
1.652500000000000000e+04 8.000000000000000000e+03 -5.203200000000000000e+04 -9.043886877888116516e+00 5.894714277845547468e-02 -4.817757905485446912e+00 1.282528329048955758e-02 5.718456618954947501e+00 1.072521243496254127e-02 0.000000000000000000e+00 -1.616476000000000113e+01 3.488999999999999740e-02 1.867896837999999889e+03
1.252500000000000000e+04 8.000000000000000000e+03 -5.203200000000000000e+04 2.485944030287731721e+01 8.059523664067144710e-02 -4.825338457158114380e+00 1.585952827011187505e-02 5.659431781894602942e+00 1.401456777370209753e-02 1.000000000000000000e+00 1.763972599999999957e+01 1.351399999999999997e-02 1.882635680999999977e+03
1.252500000000000000e+04 8.000000000000000000e+03 -5.203200000000000000e+04 -9.102771700820545320e+00 7.805676043873605030e-02 -4.783642503109035715e+00 1.414905859237679947e-02 5.735908226917101338e+00 1.069450699000472176e-02 0.000000000000000000e+00 -1.614752400000000065e+01 2.880299999999999874e-02 1.892978272000000061e+03
8.525000000000000000e+03 8.000000000000000000e+03 -5.203200000000000000e+04 2.484562405688169306e+01 5.985251829369811483e-02 -4.752586483382059690e+00 1.410123942612834941e-02 5.713949502353466769e+00 1.244979612481805775e-02 1.000000000000000000e+00 1.763185899999999862e+01 2.035199999999999856e-02 1.907719115000000102e+03
8.525000000000000000e+03 8.000000000000000000e+03 -5.203200000000000000e+04 -9.143768499355049428e+00 7.090238402786887273e-02 -4.758113910395356250e+00 1.202348216925909659e-02 5.746970615634684698e+00 1.275206656546744137e-02 0.000000000000000000e+00 -1.615293799999999891e+01 2.536400000000000113e-02 1.918065706999999975e+03
4.525000000000000000e+03 8.000000000000000000e+03 -5.203200000000000000e+04 2.478436855795333216e+01 7.824059577178758829e-02 -4.849333343864418389e+00 1.446343377243213511e-02 5.648869069049562874e+00 1.239021189432211803e-02 1.000000000000000000e+00 1.762716500000000153e+01 1.862600000000000020e-02 1.932809551000000056e+03
4.525000000000000000e+03 8.000000000000000000e+03 -5.203200000000000000e+04 -9.181658515026123624e+00 6.795751165931315785e-02 -4.830102027965128997e+00 1.509616365310736258e-02 5.714843913248848217e+00 1.261523880205663722e-02 0.000000000000000000e+00 -1.615527300000000110e+01 2.936400000000000121e-02 1.943158143000000109e+03
2.525000000000000000e+03 8.000000000000000000e+03 -5.203200000000000000e+04 2.479463114180124705e+01 5.024915110123660128e-02 -4.843619203878779977e+00 1.536802334288218073e-02 5.648668663486157371e+00 1.295193538193114766e-02 1.000000000000000000e+00 1.762047899999999956e+01 1.680900000000000102e-02 1.955906872000000021e+03
2.525000000000000000e+03 8.000000000000000000e+03 -5.203200000000000000e+04 -9.170194900060579357e+00 5.661685320677046357e-02 -4.857377543041557999e+00 1.209565304655308739e-02 5.655424515859398760e+00 1.416697424789136080e-02 0.000000000000000000e+00 -1.613852899999999835e+01 3.243200000000000249e-02 1.966347469000000046e+03
2.525000000000000000e+03 8.000000000000000000e+03 -5.203200000000000000e+04 2.477514191030185131e+01 6.285824901213572791e-02 -4.843240776658723767e+00 1.755422275593550643e-02 5.654590190519114934e+00 8.741243879639398751e-03 1.000000000000000000e+00 1.758842699999999937e+01 4.193899999999999711e-02 1.976694060999999920e+03
2.525000000000000000e+03 8.000000000000000000e+03 -5.203200000000000000e+04 -9.162984752748359440e+00 7.245621154754752768e-02 -4.833373765475640127e+00 1.739471403334103342e-02 5.663620302356251912e+00 1.222300952610816914e-02 0.000000000000000000e+00 -1.614612299999999934e+01 3.691400000000000237e-02 1.987040651999999909e+03
4.525000000000000000e+03 8.000000000000000000e+03 -5.203200000000000000e+04 2.481992410098821367e+01 6.564690958899196960e-02 -4.817199895829999967e+00 1.690852928994590956e-02 5.704121803017342174e+00 1.190510678934688683e-02 1.000000000000000000e+00 1.763346800000000059e+01 1.406999999999999917e-02 1.999780381000000034e+03
4.525000000000000000e+03 8.000000000000000000e+03 -5.203200000000000000e+04 -9.174450500316257973e+00 6.035706801840254321e-02 -4.832358530536891017e+00 1.432151494196678282e-02 5.686094937369940538e+00 1.549922639969333882e-02 0.000000000000000000e+00 -1.614406699999999972e+01 3.372499999999999803e-02 2.010121973000000025e+03
8.525000000000000000e+03 8.000000000000000000e+03 -5.203200000000000000e+04 2.483128726624178384e+01 7.732678263643127936e-02 -4.785656815619863558e+00 1.229358382026279027e-02 5.745147934122202926e+00 1.345039144234401983e-02 1.000000000000000000e+00 1.763371100000000169e+01 1.275899999999999951e-02 2.024865815999999995e+03
8.525000000000000000e+03 8.000000000000000000e+03 -5.203200000000000000e+04 -9.114454122314510798e+00 7.396173057566886311e-02 -4.762618368036579675e+00 1.493553477343589203e-02 5.740885196989797379e+00 1.072723157593107914e-02 0.000000000000000000e+00 -1.614627199999999974e+01 3.644700000000000023e-02 2.035207407000000103e+03
1.252500000000000000e+04 8.000000000000000000e+03 -5.203200000000000000e+04 2.486170178537265585e+01 6.049568775757587641e-02 -4.757377464426092217e+00 9.975706774795799550e-03 5.735978054232329981e+00 1.283413721608023597e-02 1.000000000000000000e+00 1.762710999999999828e+01 2.358000000000000027e-02 2.050023255000000063e+03
1.252500000000000000e+04 8.000000000000000000e+03 -5.203200000000000000e+04 -9.122925731314706965e+00 6.669772760035906634e-02 -4.785114837487606465e+00 1.605474498127957075e-02 5.711243025370830395e+00 1.293998220765299988e-02 0.000000000000000000e+00 -1.614373399999999847e+01 4.780199999999999727e-02 2.060364845999999943e+03
1.652500000000000000e+04 8.000000000000000000e+03 -5.203200000000000000e+04 2.487227201873054483e+01 4.898586729637739723e-02 -4.807570734654756706e+00 1.530504824571632567e-02 5.734644645309995070e+00 1.265234790139756378e-02 1.000000000000000000e+00 1.761000900000000158e+01 1.822299999999999962e-02 2.075116689999999835e+03
1.652500000000000000e+04 8.000000000000000000e+03 -5.203200000000000000e+04 -9.092628835243473873e+00 8.065712877822307780e-02 -4.832929562726879347e+00 1.245500741964146625e-02 5.667447422081079544e+00 1.284589749413470386e-02 0.000000000000000000e+00 -1.616138700000000128e+01 2.759700000000000000e-02 2.085462281999999959e+03
2.052500000000000000e+04 8.000000000000000000e+03 -5.203200000000000000e+04 2.493607840706361856e+01 6.958511311343411332e-02 -4.803749079590424742e+00 1.507448451503505885e-02 5.739920753479239579e+00 1.179082285493878411e-02 1.000000000000000000e+00 1.761490099999999970e+01 2.089699999999999891e-02 2.100207124999999905e+03
2.052500000000000000e+04 8.000000000000000000e+03 -5.203200000000000000e+04 -9.039704959377521831e+00 7.316684226285843917e-02 -4.820551510783278815e+00 1.102910699781481894e-02 5.636645081253257139e+00 1.136239557103806315e-02 0.000000000000000000e+00 -1.612682600000000122e+01 4.041299999999999754e-02 2.110650723000000198e+03
2.452500000000000000e+04 8.000000000000000000e+03 -5.203200000000000000e+04 2.501028123933327763e+01 7.215038732881327854e-02 -4.815915376035260209e+00 1.329357718090927280e-02 5.667510487673824038e+00 8.318240741733000723e-03 1.000000000000000000e+00 1.762218299999999971e+01 1.967500000000000152e-02 2.125573575999999775e+03
2.452500000000000000e+04 8.000000000000000000e+03 -5.203200000000000000e+04 -8.986687228897427104e+00 9.481852956607898786e-02 -4.814159972180235947e+00 1.077079249157422702e-02 5.586968750064605693e+00 1.270749503364245088e-02 0.000000000000000000e+00 -1.614026199999999989e+01 2.414600000000000080e-02 2.135917167999999947e+03
2.852500000000000000e+04 8.000000000000000000e+03 -5.203200000000000000e+04 2.507916645587812354e+01 8.273550872396763511e-02 -4.763736989759184581e+00 1.187503071676965921e-02 5.655907619873103087e+00 1.309693348314991054e-02 1.000000000000000000e+00 1.762817799999999835e+01 1.617800000000000141e-02 2.150659011000000191e+03
2.852500000000000000e+04 8.000000000000000000e+03 -5.203200000000000000e+04 -8.930044429001140927e+00 4.866081264527525457e-02 -4.820394656251198562e+00 1.448757053681460488e-02 5.556123182236563096e+00 1.170354367882829073e-02 0.000000000000000000e+00 -1.615618200000000115e+01 3.099000000000000019e-02 2.161001603000000159e+03
3.252500000000000000e+04 8.000000000000000000e+03 -5.203200000000000000e+04 2.517010978862164450e+01 6.927144780838294380e-02 -4.822080913586541229e+00 1.364639735421316162e-02 5.464918453520349217e+00 1.279553307921948296e-02 1.000000000000000000e+00 1.762089100000000030e+01 1.886699999999999836e-02 2.175743445999999949e+03
3.252500000000000000e+04 8.000000000000000000e+03 -5.203200000000000000e+04 -8.876234905183640223e+00 6.963785325341056986e-02 -4.841952231344566648e+00 1.795953468225231983e-02 5.457732313504387811e+00 1.055291794971558936e-02 0.000000000000000000e+00 -1.617086400000000168e+01 3.909599999999999881e-02 2.186092037999999775e+03
2.525000000000000000e+03 -4.000000000000000000e+03 -5.203200000000000000e+04 5.483796306426403255e+00 8.214869427153427550e-02 -5.157005561373669167e+00 1.463097814717766176e-02 -2.501572914259088876e+01 1.569710750230123367e-02 1.000000000000000000e+00 1.762273899999999927e+01 1.839400000000000063e-02 2.263856484999999793e+03
2.525000000000000000e+03 -4.000000000000000000e+03 -5.203200000000000000e+04 5.523538121545263024e+00 7.153497640862563345e-02 -5.116249204254788019e+00 1.536091993071127607e-02 8.983115649573729655e+00 1.756957910991767402e-02 0.000000000000000000e+00 -1.615229700000000079e+01 2.817000000000000060e-02 2.274311083000000053e+03
4.525000000000000000e+03 -4.000000000000000000e+03 -5.203200000000000000e+04 5.504590822112851889e+00 7.511249691351408464e-02 -4.853570480262336950e+00 1.615444679791123647e-02 -2.495828631591404090e+01 1.622578740988531165e-02 1.000000000000000000e+00 1.764040699999999973e+01 1.820099999999999843e-02 2.287049812000000202e+03
4.525000000000000000e+03 -4.000000000000000000e+03 -5.203200000000000000e+04 5.492894954147052644e+00 6.569194615294525474e-02 -4.853072763499238995e+00 1.247251147706233618e-02 9.039805535256206781e+00 1.634435150420756461e-02 0.000000000000000000e+00 -1.616305099999999939e+01 3.285600000000000326e-02 2.297390402999999878e+03
8.525000000000000000e+03 -4.000000000000000000e+03 -5.203200000000000000e+04 5.462196098296873359e+00 6.328348085423589342e-02 -4.208834429672986488e+00 1.169410845304617343e-02 -2.485101871555189845e+01 1.380783069348521727e-02 1.000000000000000000e+00 1.762076199999999915e+01 2.078400000000000039e-02 2.312136246999999912e+03
8.525000000000000000e+03 -4.000000000000000000e+03 -5.203200000000000000e+04 5.469928083909506356e+00 7.451368686967396737e-02 -4.200993881608968472e+00 1.409630985187075580e-02 9.119908106485288712e+00 1.773735824885513956e-02 0.000000000000000000e+00 -1.615617699999999957e+01 3.471799999999999886e-02 2.322483838999999989e+03
1.252500000000000000e+04 -4.000000000000000000e+03 -5.203200000000000000e+04 5.459315687565926112e+00 6.442510205299040171e-02 -3.579208899960293344e+00 1.750383691226867558e-02 -2.479393633078885628e+01 1.350416653520212368e-02 1.000000000000000000e+00 1.762140300000000082e+01 2.179199999999999887e-02 2.337231682000000092e+03
1.252500000000000000e+04 -4.000000000000000000e+03 -5.203200000000000000e+04 5.410754043243353628e+00 7.917058670755859617e-02 -3.554744017800687494e+00 1.602527681548260308e-02 9.183243248602421360e+00 1.523890423777586253e-02 0.000000000000000000e+00 -1.615848099999999832e+01 3.276099999999999846e-02 2.347575273999999808e+03
1.652500000000000000e+04 -4.000000000000000000e+03 -5.203200000000000000e+04 5.447994453399491732e+00 6.237057080741321285e-02 -2.973698879546735174e+00 1.395243323718355424e-02 -2.475836762354957798e+01 1.329488390018467026e-02 1.000000000000000000e+00 1.760889600000000144e+01 1.187399999999999914e-02 2.362321116999999958e+03
1.652500000000000000e+04 -4.000000000000000000e+03 -5.203200000000000000e+04 5.349269084380043893e+00 5.422641910695940454e-02 -2.945790238805495065e+00 1.380564514883288706e-02 9.240349370290074305e+00 1.329005018278315263e-02 0.000000000000000000e+00 -1.610974999999999824e+01 1.689099999999999976e-02 2.372767714999999953e+03
2.052500000000000000e+04 -4.000000000000000000e+03 -5.203200000000000000e+04 5.477099033512884851e+00 6.967367248183253814e-02 -2.280797291517699499e+00 1.710465412347362407e-02 -2.476563391300579298e+01 1.154205563193435105e-02 1.000000000000000000e+00 1.762076199999999915e+01 1.184499999999999963e-02 2.387509558000000197e+03
2.052500000000000000e+04 -4.000000000000000000e+03 -5.203200000000000000e+04 5.352450320591153776e+00 7.407526251910327708e-02 -2.267268195461778379e+00 1.158670125899212422e-02 9.257010193538198095e+00 2.106968836173911050e-02 0.000000000000000000e+00 -1.613499699999999848e+01 3.634300000000000030e-02 2.397853149000000030e+03
2.452500000000000000e+04 -4.000000000000000000e+03 -5.203200000000000000e+04 5.409557316439219221e+00 7.005106867178167995e-02 -1.629149623834253102e+00 1.204093148901077930e-02 -2.480517152265606384e+01 1.283065371749524987e-02 1.000000000000000000e+00 1.763012499999999960e+01 1.404399999999999919e-02 2.412593992999999955e+03
2.452500000000000000e+04 -4.000000000000000000e+03 -5.203200000000000000e+04 5.301449235312095887e+00 8.126862867423670367e-02 -1.592728282142902962e+00 1.493629598037558674e-02 9.243148958939690019e+00 1.712193916575011424e-02 0.000000000000000000e+00 -1.615060899999999933e+01 3.371999999999999997e-02 2.422936584000000039e+03
2.852500000000000000e+04 -4.000000000000000000e+03 -5.203200000000000000e+04 5.292541105001819624e+00 7.930525857801110079e-02 -1.010694925868192762e+00 1.766826531202850964e-02 -2.488134739992399247e+01 1.463357990167028777e-02 1.000000000000000000e+00 1.765185100000000062e+01 1.474699999999999969e-02 2.437680428000000120e+03
2.852500000000000000e+04 -4.000000000000000000e+03 -5.203200000000000000e+04 5.269249594721876484e+00 7.819481461232821728e-02 -1.014337241216854979e+00 1.360971772591696230e-02 9.222416510489207297e+00 1.375748295163341760e-02 0.000000000000000000e+00 -1.615236200000000011e+01 1.590099999999999847e-02 2.447058963999999833e+03
3.252500000000000000e+04 -4.000000000000000000e+03 -5.203200000000000000e+04 5.248370560457687795e+00 6.285516292080865763e-02 -3.670016732301196183e-01 1.134245983633532483e-02 -2.497961131174438876e+01 1.645414814141767101e-02 1.000000000000000000e+00 1.761514899999999884e+01 1.562299999999999973e-02 2.461804806999999983e+03
3.252500000000000000e+04 -4.000000000000000000e+03 -5.203200000000000000e+04 5.221171415150508643e+00 5.332265346007234591e-02 -3.577135211037797413e-01 9.467567306780489550e-03 9.158019386841939280e+00 1.509766158279537453e-02 0.000000000000000000e+00 -1.616432800000000114e+01 3.451900000000000107e-02 2.472250404999999773e+03
3.252500000000000000e+04 -4.000000000000000000e+03 -5.203200000000000000e+04 5.205897828608661904e+00 6.097790997411921959e-02 -3.840360418275005072e-01 1.495576976809256595e-02 -2.498016499556149839e+01 1.893756264232594744e-02 1.000000000000000000e+00 1.759249499999999955e+01 2.292100000000000040e-02 2.482596997000000101e+03
3.252500000000000000e+04 -4.000000000000000000e+03 -5.203200000000000000e+04 5.246243450214003623e+00 6.190134568885382466e-02 -3.717276864318905805e-01 1.183652724622206998e-02 9.155069095850979721e+00 1.440880292246583469e-02 0.000000000000000000e+00 -1.615575000000000117e+01 2.492499999999999924e-02 2.492941588000000138e+03
2.852500000000000000e+04 -4.000000000000000000e+03 -5.203200000000000000e+04 5.194701524486279531e+00 8.295248559301250657e-02 -1.014830919431645162e+00 1.478948190387825885e-02 -2.489543663105227722e+01 1.716729958251765956e-02 1.000000000000000000e+00 1.761164300000000082e+01 1.516499999999999966e-02 2.507640429000000040e+03
2.852500000000000000e+04 -4.000000000000000000e+03 -5.203200000000000000e+04 5.277929848313974048e+00 7.354573797464859786e-02 -1.051655249342833720e+00 1.091257082401366624e-02 9.196162853675607707e+00 1.610407531574586243e-02 0.000000000000000000e+00 -1.615314199999999900e+01 3.357799999999999674e-02 2.517987020999999913e+03
2.452500000000000000e+04 -4.000000000000000000e+03 -5.203200000000000000e+04 5.193203410363190109e+00 7.665152422219284611e-02 -1.528559887712124699e+00 1.602619400654468895e-02 -2.485202359176219034e+01 1.153492228318757362e-02 1.000000000000000000e+00 1.761070399999999836e+01 1.565799999999999831e-02 2.532733863999999812e+03
2.452500000000000000e+04 -4.000000000000000000e+03 -5.203200000000000000e+04 5.403640663270378397e+00 6.101906258917146747e-02 -1.601450059858368968e+00 1.086910384908202493e-02 9.202552675435793361e+00 1.708787600190981096e-02 0.000000000000000000e+00 -1.615483599999999953e+01 2.817599999999999966e-02 2.543084456000000046e+03
2.052500000000000000e+04 -4.000000000000000000e+03 -5.203200000000000000e+04 5.220351398106396701e+00 5.064959810885692748e-02 -2.173898597064336080e+00 1.291886558539181475e-02 -2.481535970935279778e+01 9.599705328699253623e-03 1.000000000000000000e+00 1.760936299999999832e+01 1.218799999999999918e-02 2.557832300000000032e+03
2.052500000000000000e+04 -4.000000000000000000e+03 -5.203200000000000000e+04 5.420107322752533818e+00 7.646827117827084686e-02 -2.235008417863626473e+00 2.030082296229676272e-02 9.202026448623424670e+00 1.863835867397976159e-02 0.000000000000000000e+00 -1.616276799999999980e+01 3.948000000000000120e-02 2.568179892000000109e+03
1.652500000000000000e+04 -4.000000000000000000e+03 -5.203200000000000000e+04 5.223244473421786438e+00 7.646604961561757896e-02 -2.899598597168680847e+00 1.254370100542792979e-02 -2.480893058996288048e+01 1.431837009817588796e-02 1.000000000000000000e+00 1.761635100000000165e+01 1.536900000000000072e-02 2.582922735000000102e+03
1.652500000000000000e+04 -4.000000000000000000e+03 -5.203200000000000000e+04 5.447735949013281065e+00 7.730882278796180618e-02 -2.962128865772144515e+00 1.040554087171887375e-02 9.192693915920774117e+00 1.869095763481648173e-02 0.000000000000000000e+00 -1.615013199999999927e+01 2.975799999999999973e-02 2.593264326999999867e+03
1.252500000000000000e+04 -4.000000000000000000e+03 -5.203200000000000000e+04 5.336835009778397421e+00 5.939279536707939983e-02 -3.508913119722768315e+00 1.210409419985832014e-02 -2.483937786476939991e+01 1.476126221178893604e-02 1.000000000000000000e+00 1.762522799999999989e+01 1.442900000000000085e-02 2.608009169999999813e+03
1.252500000000000000e+04 -4.000000000000000000e+03 -5.203200000000000000e+04 5.480513234862084637e+00 7.123705228624178931e-02 -3.560386375640652190e+00 1.726279937642242676e-02 9.148031395261437382e+00 1.651339993025791736e-02 0.000000000000000000e+00 -1.614472800000000063e+01 3.017200000000000090e-02 2.618349760999999944e+03
8.525000000000000000e+03 -4.000000000000000000e+03 -5.203200000000000000e+04 5.427303693210947522e+00 6.769603328280089649e-02 -4.209146195035622817e+00 1.495292190230803481e-02 -2.486320792326521101e+01 9.208592800064033940e-03 1.000000000000000000e+00 1.761438000000000059e+01 1.728599999999999928e-02 2.633094603999999890e+03
8.525000000000000000e+03 -4.000000000000000000e+03 -5.203200000000000000e+04 5.467758050159241989e+00 7.320684834516616446e-02 -4.232707824247038175e+00 1.801264243788993843e-02 9.111316412014936361e+00 1.397774580440527999e-02 0.000000000000000000e+00 -1.614476200000000006e+01 2.520500000000000171e-02 2.643433195999999953e+03
4.525000000000000000e+03 -4.000000000000000000e+03 -5.203200000000000000e+04 5.457209658635911786e+00 7.689740287318279355e-02 -4.860687677285784325e+00 1.422752263520460012e-02 -2.495518564339007384e+01 1.250953384519817337e-02 1.000000000000000000e+00 1.760032800000000108e+01 2.301999999999999880e-02 2.658188040000000001e+03
4.525000000000000000e+03 -4.000000000000000000e+03 -5.203200000000000000e+04 5.468551138310532522e+00 5.264773600214791432e-02 -4.867380694968758803e+00 1.809994743609414508e-02 9.031131957875381033e+00 1.377046904280199678e-02 0.000000000000000000e+00 -1.614938199999999924e+01 3.996399999999999952e-02 2.668531630999999834e+03
2.525000000000000000e+03 -4.000000000000000000e+03 -5.203200000000000000e+04 5.532574565026065372e+00 6.720841614962409782e-02 -5.086975488566157999e+00 1.322973455192468298e-02 -2.500455462584254462e+01 1.525914818541836832e-02 1.000000000000000000e+00 1.762460199999999944e+01 1.539399999999999970e-02 2.681274359999999888e+03
2.525000000000000000e+03 -4.000000000000000000e+03 -5.203200000000000000e+04 5.503966493283047434e+00 6.181043021132123783e-02 -5.099496244494182484e+00 1.505367476852634973e-02 8.991720255748633761e+00 1.517351953420241310e-02 0.000000000000000000e+00 -1.613944800000000157e+01 3.156199999999999978e-02 2.691749959000000217e+03
2.525000000000000000e+03 -4.000000000000000000e+03 -5.203200000000000000e+04 5.547480303895770959e+00 6.798965784538993362e-02 -5.058051693444865826e+00 1.637991292083136249e-02 -2.499096157649629291e+01 2.049452458030658758e-02 1.000000000000000000e+00 1.757834400000000130e+01 3.237000000000000294e-02 2.702094551000000138e+03
2.525000000000000000e+03 -4.000000000000000000e+03 -5.203200000000000000e+04 5.536346251213575265e+00 5.895792566121892120e-02 -5.086288565760691327e+00 1.416015586244571273e-02 8.991859495948512304e+00 1.641459767028811273e-02 0.000000000000000000e+00 -1.614426599999999823e+01 2.410899999999999849e-02 2.712438142999999855e+03
4.525000000000000000e+03 -4.000000000000000000e+03 -5.203200000000000000e+04 5.483099047621776023e+00 7.111555154386263455e-02 -4.851464356954816814e+00 1.449358915324545569e-02 -2.494802596699997821e+01 1.342805023334156522e-02 1.000000000000000000e+00 1.760039199999999937e+01 2.100700000000000137e-02 2.725177870999999868e+03
4.525000000000000000e+03 -4.000000000000000000e+03 -5.203200000000000000e+04 5.483485826938288454e+00 6.384569771535805738e-02 -4.845257325968880480e+00 1.133106789974368429e-02 9.040289083990444396e+00 1.799717848693300343e-02 0.000000000000000000e+00 -1.616013500000000036e+01 2.138999999999999929e-02 2.735523462999999992e+03
8.525000000000000000e+03 -4.000000000000000000e+03 -5.203200000000000000e+04 5.472369146098808201e+00 7.677038658182266939e-02 -4.229328690720764783e+00 1.865652157607065875e-02 -2.484570149630448554e+01 1.099181171414038115e-02 1.000000000000000000e+00 1.761066399999999987e+01 2.209900000000000059e-02 2.750266305999999986e+03
8.525000000000000000e+03 -4.000000000000000000e+03 -5.203200000000000000e+04 5.424186556848732188e+00 6.648113031245261872e-02 -4.213618519262855244e+00 1.722538155403082957e-02 9.123057036185437951e+00 1.368218066306504076e-02 0.000000000000000000e+00 -1.613065599999999833e+01 2.171700000000000019e-02 2.760607898000000205e+03
1.252500000000000000e+04 -4.000000000000000000e+03 -5.203200000000000000e+04 5.463714727650637926e+00 7.492189623048542413e-02 -3.595675338171443247e+00 1.757291776215600537e-02 -2.477638573000223232e+01 1.358411769504656169e-02 1.000000000000000000e+00 1.762225700000000117e+01 3.173499999999999932e-02 2.775349740999999995e+03
1.252500000000000000e+04 -4.000000000000000000e+03 -5.203200000000000000e+04 5.368613597019740169e+00 5.721387112783921092e-02 -3.568667310930366821e+00 1.582753414469070460e-02 9.196109576419628340e+00 2.100658435980624905e-02 0.000000000000000000e+00 -1.613272200000000112e+01 1.622200000000000031e-02 2.785692332999999962e+03
1.652500000000000000e+04 -4.000000000000000000e+03 -5.203200000000000000e+04 5.467841102408862675e+00 6.714966781558520670e-02 -2.976926953551032540e+00 1.021751093867350607e-02 -2.475040096356425678e+01 1.567382918991552451e-02 1.000000000000000000e+00 1.757742999999999967e+01 2.232599999999999862e-02 2.800438176000000112e+03
1.652500000000000000e+04 -4.000000000000000000e+03 -5.203200000000000000e+04 5.342050505685021378e+00 6.547973665374468011e-02 -2.942313536300701138e+00 1.623792366091607667e-02 9.241514803821830881e+00 1.704951004980810592e-02 0.000000000000000000e+00 -1.614754900000000148e+01 1.664300000000000154e-02 2.810782768000000033e+03
2.052500000000000000e+04 -4.000000000000000000e+03 -5.203200000000000000e+04 5.432840303784423064e+00 6.868959602253407737e-02 -2.280158606967861878e+00 1.345380464639274465e-02 -2.476808590461848425e+01 1.602876473087591278e-02 1.000000000000000000e+00 1.761129499999999837e+01 2.218200000000000033e-02 2.825528611000000183e+03
2.052500000000000000e+04 -4.000000000000000000e+03 -5.203200000000000000e+04 5.357733337709372101e+00 7.726114232300429485e-02 -2.232578002432382025e+00 1.691759963985029619e-02 9.261798366332889998e+00 1.601150371983252330e-02 0.000000000000000000e+00 -1.616257399999999933e+01 2.661000000000000171e-02 2.835973207999999886e+03
2.452500000000000000e+04 -4.000000000000000000e+03 -5.203200000000000000e+04 5.409280070173370980e+00 6.527864608305396221e-02 -1.606131014759803355e+00 1.325327450525031099e-02 -2.480677486441181401e+01 1.376150127899803191e-02 1.000000000000000000e+00 1.762642999999999915e+01 1.806100000000000066e-02 2.850720052000000123e+03
2.452500000000000000e+04 -4.000000000000000000e+03 -5.203200000000000000e+04 5.306955172883387029e+00 6.190988920770181675e-02 -1.569657842656470015e+00 1.823754941268721647e-02 9.255175173571229763e+00 1.998846193957599243e-02 0.000000000000000000e+00 -1.615028600000000125e+01 3.608299999999999702e-02 2.861058642999999847e+03
2.852500000000000000e+04 -4.000000000000000000e+03 -5.203200000000000000e+04 5.303857841740091672e+00 6.032626061351783336e-02 -1.074669252057942614e+00 1.735473008070604131e-02 -2.487937730064626507e+01 1.078823665923972150e-02 1.000000000000000000e+00 1.764188199999999895e+01 1.410100000000000069e-02 2.875800486999999976e+03
2.852500000000000000e+04 -4.000000000000000000e+03 -5.203200000000000000e+04 5.243911495696597314e+00 8.625155425993129288e-02 -1.034215209778174271e+00 1.427496359586159259e-02 9.209412823871158338e+00 1.988755837409298191e-02 0.000000000000000000e+00 -1.615376799999999946e+01 2.738300000000000109e-02 2.886175079999999980e+03
3.252500000000000000e+04 -4.000000000000000000e+03 -5.203200000000000000e+04 5.227841891905752547e+00 5.380282970821088223e-02 -3.604748436043526683e-01 1.383622434807867639e-02 -2.498554992669410169e+01 1.296227700594670268e-02 1.000000000000000000e+00 1.763953300000000013e+01 2.084499999999999895e-02 2.900914922999999817e+03
3.252500000000000000e+04 -4.000000000000000000e+03 -5.203200000000000000e+04 5.214694130875335176e+00 6.617681985124827804e-02 -3.820705611568571136e-01 1.134164009421663108e-02 9.154805015010401448e+00 1.461132466098437506e-02 0.000000000000000000e+00 -1.616565900000000156e+01 3.277700000000000058e-02 2.911259515000000192e+03
2.525000000000000000e+03 0.000000000000000000e+00 -5.203200000000000000e+04 -2.502653725307051147e+01 8.726911698020205221e-02 -5.123396297447712300e+00 1.214021053943410353e-02 -5.614721827200853888e+00 1.512546315171941526e-02 1.000000000000000000e+00 1.760968099999999836e+01 2.510400000000000131e-02 2.957968186000000060e+03
2.525000000000000000e+03 0.000000000000000000e+00 -5.203200000000000000e+04 8.935172093009365213e+00 8.823290963836215306e-02 -5.150095625568178903e+00 1.414780302666837457e-02 -5.409527083008196513e+00 1.017431237318817093e-02 0.000000000000000000e+00 -1.616376100000000093e+01 2.768100000000000074e-02 2.968413783999999850e+03
4.525000000000000000e+03 0.000000000000000000e+00 -5.203200000000000000e+04 -2.507029048294713292e+01 9.142069044796723165e-02 -5.166058128264428895e+00 1.360172030556763834e-02 -5.527827804495045072e+00 1.278229982225672322e-02 1.000000000000000000e+00 1.760979499999999831e+01 2.045100000000000043e-02 2.981161513000000014e+03
4.525000000000000000e+03 0.000000000000000000e+00 -5.203200000000000000e+04 8.947667952461205942e+00 7.123628122733258183e-02 -5.180997551890728303e+00 1.424227139886777641e-02 -5.353739816277866659e+00 9.833769587567972592e-03 0.000000000000000000e+00 -1.615667300000000139e+01 2.981100000000000069e-02 2.991509105000000091e+03
8.525000000000000000e+03 0.000000000000000000e+00 -5.203200000000000000e+04 -2.502509852760510967e+01 6.984318630791619409e-02 -5.182206555859573349e+00 1.347733048225422184e-02 -5.473109941269266976e+00 8.140355055512592947e-03 1.000000000000000000e+00 1.761936100000000138e+01 1.993800000000000086e-02 3.006252947999999833e+03
8.525000000000000000e+03 0.000000000000000000e+00 -5.203200000000000000e+04 8.910208543396345604e+00 7.273587367297117134e-02 -5.200209210290579698e+00 1.212684120453024969e-02 -5.332738392753089585e+00 9.791003851990139409e-03 0.000000000000000000e+00 -1.614887999999999835e+01 3.684199999999999975e-02 3.016782549999999901e+03
1.252500000000000000e+04 0.000000000000000000e+00 -5.203200000000000000e+04 -2.500983465981162013e+01 5.721841632189038351e-02 -5.277725188833782610e+00 1.308222812207302833e-02 -5.409713377088992026e+00 1.272732442333698866e-02 1.000000000000000000e+00 1.763194299999999970e+01 1.979699999999999863e-02 3.031525392999999895e+03
1.252500000000000000e+04 0.000000000000000000e+00 -5.203200000000000000e+04 8.930804036328094497e+00 7.181884858207251976e-02 -5.254816731402749852e+00 1.449302120937667401e-02 -5.285187599925808222e+00 1.394258823066571798e-02 0.000000000000000000e+00 -1.616182900000000089e+01 3.108299999999999952e-02 3.041869984999999815e+03
1.652500000000000000e+04 0.000000000000000000e+00 -5.203200000000000000e+04 -2.502372409438966372e+01 7.484026594884059247e-02 -5.334883303905809449e+00 1.345096131395274487e-02 -5.335923997615991787e+00 1.004201565610007667e-02 1.000000000000000000e+00 1.762315600000000160e+01 1.550900000000000022e-02 3.056613828999999896e+03
1.652500000000000000e+04 0.000000000000000000e+00 -5.203200000000000000e+04 8.966362602605901344e+00 7.180135498888826073e-02 -5.322950773793952983e+00 1.024974471965068613e-02 -5.200001407027476041e+00 1.212487888358663307e-02 0.000000000000000000e+00 -1.615378300000000067e+01 2.780300000000000132e-02 3.066958419999999933e+03
2.052500000000000000e+04 0.000000000000000000e+00 -5.203200000000000000e+04 -2.503475886714916498e+01 9.715619217769357052e-02 -5.347818593184604730e+00 1.294518147459452172e-02 -5.263509007468719858e+00 1.004653662317953229e-02 1.000000000000000000e+00 1.761879499999999865e+01 1.777499999999999913e-02 3.081701262999999926e+03
2.052500000000000000e+04 0.000000000000000000e+00 -5.203200000000000000e+04 8.951758096426601696e+00 1.002338859401138565e-01 -5.345314263324289605e+00 1.579027572306322680e-02 -5.117308846864500715e+00 9.975178040209963307e-03 0.000000000000000000e+00 -1.617414300000000082e+01 3.522999999999999743e-02 3.092043854999999894e+03
2.452500000000000000e+04 0.000000000000000000e+00 -5.203200000000000000e+04 -2.506275616722677313e+01 8.437498074224795974e-02 -5.382545362572135339e+00 1.269428140693847767e-02 -5.166177119560506625e+00 1.358826792886940783e-02 1.000000000000000000e+00 1.760940799999999840e+01 2.122500000000000081e-02 3.106787698000000091e+03
2.452500000000000000e+04 0.000000000000000000e+00 -5.203200000000000000e+04 8.945202075226884375e+00 7.226392902223310877e-02 -5.362542061434751872e+00 1.327205106471976252e-02 -5.024826523718583182e+00 1.116604038167177092e-02 0.000000000000000000e+00 -1.614314299999999847e+01 2.423099999999999907e-02 3.117131289999999808e+03
2.852500000000000000e+04 0.000000000000000000e+00 -5.203200000000000000e+04 -2.507162727117193768e+01 7.711954765880699170e-02 -5.482955112272968279e+00 1.711597026570789437e-02 -4.979608880495582923e+00 1.144987466151481392e-02 1.000000000000000000e+00 1.760913400000000095e+01 1.441500000000000073e-02 3.131876133000000209e+03
2.852500000000000000e+04 0.000000000000000000e+00 -5.203200000000000000e+04 8.919395411817955477e+00 7.833602846174826662e-02 -5.413835206882575690e+00 1.315582310487715088e-02 -4.900429783130099359e+00 9.032812423234871935e-03 0.000000000000000000e+00 -1.616315000000000168e+01 3.260300000000000004e-02 3.142318729999999960e+03
3.252500000000000000e+04 0.000000000000000000e+00 -5.203200000000000000e+04 -2.514198028118675055e+01 6.824231727693190475e-02 -5.400688328949320827e+00 2.116617523346598848e-02 -4.847832812765752841e+00 1.316275927230962581e-02 1.000000000000000000e+00 1.760860299999999867e+01 1.885999999999999829e-02 3.157059573999999884e+03
3.252500000000000000e+04 0.000000000000000000e+00 -5.203200000000000000e+04 8.858680731151288512e+00 6.666153479442164798e-02 -5.418730823681339182e+00 1.021668493104762286e-02 -4.827663206946460228e+00 1.107685324773304697e-02 0.000000000000000000e+00 -1.615670799999999829e+01 3.064499999999999863e-02 3.167405166000000008e+03
3.252500000000000000e+04 0.000000000000000000e+00 -5.203200000000000000e+04 -2.515542034314030673e+01 7.341982711867940659e-02 -5.401894484987987077e+00 1.130700247552832854e-02 -4.855727693340839757e+00 1.009643723704679516e-02 1.000000000000000000e+00 1.758307200000000137e+01 2.626600000000000115e-02 3.177750756999999794e+03
3.252500000000000000e+04 0.000000000000000000e+00 -5.203200000000000000e+04 8.858658329073922033e+00 6.694301278129737021e-02 -5.415140266123004587e+00 1.343974072933039506e-02 -4.831854700542689507e+00 1.421412100312346126e-02 0.000000000000000000e+00 -1.617259800000000070e+01 3.624600000000000044e-02 3.188135350999999901e+03
2.852500000000000000e+04 0.000000000000000000e+00 -5.203200000000000000e+04 -2.512787743356232539e+01 7.364563879714175476e-02 -5.387872747693526421e+00 1.250698522198509001e-02 -4.870066887844196835e+00 9.370462785688551954e-03 1.000000000000000000e+00 1.761854200000000148e+01 1.430099999999999948e-02 3.202879194000000098e+03
2.852500000000000000e+04 0.000000000000000000e+00 -5.203200000000000000e+04 8.903588786383402010e+00 7.815875039708433669e-02 -5.458107365872617578e+00 1.589968748201786228e-02 -4.955149676484637666e+00 1.463930583533368766e-02 0.000000000000000000e+00 -1.614564700000000030e+01 3.275700000000000139e-02 3.213220785999999862e+03
2.452500000000000000e+04 0.000000000000000000e+00 -5.203200000000000000e+04 -2.506282905885883849e+01 8.455020387280881566e-02 -5.370980259626146669e+00 1.466050758535748615e-02 -4.949690557588040107e+00 1.462844295904872950e-02 1.000000000000000000e+00 1.761870100000000150e+01 1.236199999999999972e-02 3.227961628999999903e+03
2.452500000000000000e+04 0.000000000000000000e+00 -5.203200000000000000e+04 8.937103925728582254e+00 8.047079165219717112e-02 -5.390680298685985861e+00 1.678902583876293667e-02 -5.132812415978157183e+00 1.075722893007420577e-02 0.000000000000000000e+00 -1.614775300000000158e+01 3.110900000000000123e-02 3.238302220000000034e+03
2.052500000000000000e+04 0.000000000000000000e+00 -5.203200000000000000e+04 -2.506674732707482889e+01 7.519034299869667426e-02 -5.332088971089240736e+00 1.505370848021884631e-02 -5.021637000311378607e+00 1.399959519882388974e-02 1.000000000000000000e+00 1.759691499999999920e+01 2.453599999999999878e-02 3.253049063999999817e+03
2.052500000000000000e+04 0.000000000000000000e+00 -5.203200000000000000e+04 8.911992507904999528e+00 8.863768953884913759e-02 -5.348689041266821320e+00 1.110275391201366937e-02 -5.234699664863053492e+00 1.515241432194415136e-02 0.000000000000000000e+00 -1.616530600000000106e+01 3.392799999999999983e-02 3.263394655999999941e+03
1.652500000000000000e+04 0.000000000000000000e+00 -5.203200000000000000e+04 -2.505432592590848628e+01 7.225246308129547324e-02 -5.262080167423142996e+00 1.292049040223666734e-02 -5.144036664279525439e+00 1.236533814546723897e-02 1.000000000000000000e+00 1.761801499999999976e+01 1.433399999999999952e-02 3.278138499000000138e+03
1.652500000000000000e+04 0.000000000000000000e+00 -5.203200000000000000e+04 8.902461705981183471e+00 7.408556667069404744e-02 -5.270230482802392480e+00 1.107744501743288500e-02 -5.308358685667733390e+00 1.709490886105863305e-02 0.000000000000000000e+00 -1.617490300000000047e+01 3.890699999999999714e-02 3.288483091000000059e+03
1.252500000000000000e+04 0.000000000000000000e+00 -5.203200000000000000e+04 -2.506136938734793773e+01 6.583916144819761118e-02 -5.232922134298002348e+00 1.422330717707309677e-02 -5.274318104619744929e+00 1.289558787899141960e-02 1.000000000000000000e+00 1.761110100000000145e+01 2.105100000000000027e-02 3.303227934000000005e+03
1.252500000000000000e+04 0.000000000000000000e+00 -5.203200000000000000e+04 8.911894398068008982e+00 7.676114650089597979e-02 -5.243042195636984815e+00 1.675097336255387467e-02 -5.367226888454983857e+00 7.200143698218481290e-03 0.000000000000000000e+00 -1.615457200000000171e+01 2.868899999999999922e-02 3.313567524999999932e+03
8.525000000000000000e+03 0.000000000000000000e+00 -5.203200000000000000e+04 -2.507257123230458262e+01 8.580674841148623611e-02 -5.201255017724984775e+00 1.208417352750904700e-02 -5.330959596366137809e+00 1.119282016316497548e-02 1.000000000000000000e+00 1.762489499999999865e+01 1.761599999999999971e-02 3.328308368999999857e+03
8.525000000000000000e+03 0.000000000000000000e+00 -5.203200000000000000e+04 8.925690931901122838e+00 8.665240348790922975e-02 -5.190117862078842847e+00 1.191908820719427345e-02 -5.437021669209368469e+00 1.163939534845772998e-02 0.000000000000000000e+00 -1.615651899999999941e+01 3.167999999999999983e-02 3.338653960000000097e+03
4.525000000000000000e+03 0.000000000000000000e+00 -5.203200000000000000e+04 -2.508563776117571109e+01 6.719821523898356075e-02 -5.165541304945477918e+00 1.671769237234185801e-02 -5.344696650671804328e+00 1.451732952160908301e-02 1.000000000000000000e+00 1.760521999999999920e+01 1.690300000000000136e-02 3.353397804000000178e+03
4.525000000000000000e+03 0.000000000000000000e+00 -5.203200000000000000e+04 8.909584302865154015e+00 8.253431873411855302e-02 -5.193378694178387711e+00 1.620652615247132264e-02 -5.452019302184632821e+00 1.115520767015070087e-02 0.000000000000000000e+00 -1.614074400000000153e+01 3.083599999999999883e-02 3.363744395000000168e+03
2.525000000000000000e+03 0.000000000000000000e+00 -5.203200000000000000e+04 -2.507872340691895019e+01 7.219079537019697235e-02 -5.120551384527246341e+00 1.421777593549281016e-02 -5.398615737786458091e+00 1.053793301679547927e-02 1.000000000000000000e+00 1.762235700000000094e+01 1.122699999999999913e-02 3.376549128000000110e+03
2.525000000000000000e+03 0.000000000000000000e+00 -5.203200000000000000e+04 8.890622836919611416e+00 6.152105248552577899e-02 -5.105160248685633562e+00 1.529433389454777983e-02 -5.502093913834759320e+00 1.028549881120349903e-02 0.000000000000000000e+00 -1.616171500000000094e+01 2.319999999999999840e-02 3.386986725000000206e+03
2.525000000000000000e+03 0.000000000000000000e+00 -5.203200000000000000e+04 -2.510107085805985605e+01 6.468037991603572956e-02 -5.113486281040541037e+00 1.129657887234174728e-02 -5.401552914190292931e+00 1.302369132382381195e-02 1.000000000000000000e+00 1.757894500000000093e+01 2.859899999999999942e-02 3.397417320999999902e+03
2.525000000000000000e+03 0.000000000000000000e+00 -5.203200000000000000e+04 8.885334892910851323e+00 6.749389570627972734e-02 -5.102173343357768509e+00 1.619635225784333415e-02 -5.503280065057230885e+00 1.236486125800398406e-02 0.000000000000000000e+00 -1.616907600000000045e+01 5.037300000000000111e-02 3.407762913000000026e+03
4.525000000000000000e+03 0.000000000000000000e+00 -5.203200000000000000e+04 -2.505945065767766522e+01 6.875945741920998222e-02 -5.203152679652201407e+00 1.579457593332781601e-02 -5.372389039897962348e+00 9.760643447139701404e-03 1.000000000000000000e+00 1.763512700000000066e+01 1.674600000000000047e-02 3.420524643000000196e+03
4.525000000000000000e+03 0.000000000000000000e+00 -5.203200000000000000e+04 8.897148881136827114e+00 7.791849380279158854e-02 -5.160427604928941037e+00 1.188897013501521126e-02 -5.439146095019605553e+00 9.059225056981617952e-03 0.000000000000000000e+00 -1.616272299999999973e+01 2.956699999999999953e-02 3.430868234999999913e+03
8.525000000000000000e+03 0.000000000000000000e+00 -5.203200000000000000e+04 -2.503857885524192284e+01 6.521107110902851778e-02 -5.226611973836386760e+00 1.367285950015670500e-02 -5.368134371205997013e+00 1.010208972946696759e-02 1.000000000000000000e+00 1.762216799999999850e+01 1.915499999999999842e-02 3.445615077999999812e+03
8.525000000000000000e+03 0.000000000000000000e+00 -5.203200000000000000e+04 8.927537352809865823e+00 8.177838825486481722e-02 -5.219746658452001142e+00 1.259512232998949259e-02 -5.402452001214061106e+00 1.249419344852584733e-02 0.000000000000000000e+00 -1.616781900000000149e+01 3.341999999999999832e-02 3.455960669999999936e+03
1.252500000000000000e+04 0.000000000000000000e+00 -5.203200000000000000e+04 -2.503214008879644581e+01 5.164686432579503744e-02 -5.260174937037780829e+00 1.447215403484581817e-02 -5.312934127486094837e+00 1.025086400771252175e-02 1.000000000000000000e+00 1.760938300000000112e+01 2.228499999999999925e-02 3.470635509000000184e+03
1.252500000000000000e+04 0.000000000000000000e+00 -5.203200000000000000e+04 8.938513003348177222e+00 5.930226104558766753e-02 -5.272959440524630281e+00 1.099490303009145048e-02 -5.344522944958949751e+00 1.031866634986621650e-02 0.000000000000000000e+00 -1.614273599999999931e+01 2.586300000000000057e-02 3.480980101000000104e+03
1.652500000000000000e+04 0.000000000000000000e+00 -5.203200000000000000e+04 -2.502950813796201857e+01 7.313429397237598828e-02 -5.324214423068625024e+00 1.477972168557448521e-02 -5.272216715499776996e+00 1.193260730347938878e-02 1.000000000000000000e+00 1.762147699999999872e+01 1.497000000000000067e-02 3.495718944000000192e+03
1.652500000000000000e+04 0.000000000000000000e+00 -5.203200000000000000e+04 8.943789560356654178e+00 5.874124330253296250e-02 -5.328005094027545852e+00 1.556146738506941109e-02 -5.243846625279754647e+00 1.222870300138359338e-02 0.000000000000000000e+00 -1.616319000000000017e+01 2.257800000000000085e-02 3.506060535000000073e+03
2.052500000000000000e+04 0.000000000000000000e+00 -5.203200000000000000e+04 -2.507080121983841536e+01 7.227513081853316479e-02 -5.378295604301944088e+00 1.047389825313990372e-02 -5.218647844755556875e+00 1.041394053885416442e-02 1.000000000000000000e+00 1.758239199999999869e+01 1.113100000000000027e-02 3.520804379000000154e+03
2.052500000000000000e+04 0.000000000000000000e+00 -5.203200000000000000e+04 8.957175881282271490e+00 8.820540176064695093e-02 -5.364199993077814810e+00 1.669685352313452983e-02 -5.151787328819692036e+00 8.607734467898425432e-03 0.000000000000000000e+00 -1.616146699999999825e+01 3.571200000000000069e-02 3.531144969999999830e+03
2.452500000000000000e+04 0.000000000000000000e+00 -5.203200000000000000e+04 -2.508949906330584056e+01 7.617225709637248654e-02 -5.377353588232287152e+00 9.976068523556971476e-03 -5.103744371066561314e+00 1.196989898275778973e-02 1.000000000000000000e+00 1.761774700000000138e+01 1.619699999999999959e-02 3.545888813000000027e+03
2.452500000000000000e+04 0.000000000000000000e+00 -5.203200000000000000e+04 8.914638047483894212e+00 6.708417148639776728e-02 -5.377653478817334687e+00 1.468953126187501172e-02 -5.061965901026434622e+00 1.078800501900008778e-02 0.000000000000000000e+00 -1.615483599999999953e+01 3.886499999999999677e-02 3.556233404999999948e+03
2.852500000000000000e+04 0.000000000000000000e+00 -5.203200000000000000e+04 -2.510654152135358430e+01 8.305327113892314872e-02 -5.433830619932645156e+00 1.257726305141136300e-02 -4.929015045766845127e+00 1.233143532846517343e-02 1.000000000000000000e+00 1.760137100000000032e+01 1.593200000000000172e-02 3.570912244999999984e+03
2.852500000000000000e+04 0.000000000000000000e+00 -5.203200000000000000e+04 8.915538136444281392e+00 5.879382879055919386e-02 -5.432719747315942094e+00 1.449603135271556459e-02 -4.923090244937223581e+00 1.263420267240874216e-02 0.000000000000000000e+00 -1.616348800000000097e+01 1.333400000000000037e-02 3.581358842000000095e+03
3.252500000000000000e+04 0.000000000000000000e+00 -5.203200000000000000e+04 -2.513887940544806554e+01 8.843732842375010006e-02 -5.453045004758974024e+00 1.181056538295347132e-02 -4.806040685004461466e+00 1.140589446754369969e-02 1.000000000000000000e+00 1.762848599999999877e+01 1.909500000000000086e-02 3.596101685999999972e+03
3.252500000000000000e+04 0.000000000000000000e+00 -5.203200000000000000e+04 8.854281789173542805e+00 6.896978411538685905e-02 -5.421745459547996582e+00 1.321414039936116835e-02 -4.850072567715296046e+00 1.403984197143617191e-02 0.000000000000000000e+00 -1.615048000000000172e+01 2.384299999999999961e-02 3.606446277000000009e+03
