4.525000000000000000e+03 4.000000000000000000e+03 -7.000000000000000000e+04 -5.464938358222077852e+00 5.868678628686705562e-02 -4.650370364691728930e+00 1.108937473254071639e-02 2.602275947337270523e+01 1.178539903273884658e-02 1.000000000000000000e+00 1.762340000000000018e+01 1.282600000000000059e-02 2.586448000000000036e+01
4.525000000000000000e+03 4.000000000000000000e+03 -7.000000000000000000e+04 -5.610930649538426351e+00 6.974163947972782107e-02 -4.994687147714121700e+00 1.079445390759582388e-02 -7.951710128819942547e+00 1.494664124532535214e-02 0.000000000000000000e+00 -1.613880699999999990e+01 3.080899999999999958e-02 3.631707800000000219e+01
4.525000000000000000e+03 4.000000000000000000e+03 -6.650000000000000000e+04 -5.563412071861694841e+00 5.325499316446823811e-02 -5.012933091023615617e+00 1.463237462045612926e-02 2.577310535510542877e+01 1.001636900373947640e-02 1.000000000000000000e+00 1.762087100000000106e+01 9.258000000000000604e-03 5.056289199999999795e+01
4.525000000000000000e+03 4.000000000000000000e+03 -6.650000000000000000e+04 -5.619962678697616454e+00 5.375139757446453087e-02 -4.990899176351695665e+00 1.093242475597848776e-02 -8.207674009063278930e+00 1.469554139005152700e-02 0.000000000000000000e+00 -1.613382999999999967e+01 2.181400000000000006e-02 6.090648399999999896e+01
4.525000000000000000e+03 4.000000000000000000e+03 -6.300000000000000000e+04 -5.634039223427231846e+00 5.328784016677150237e-02 -5.076085831812998883e+00 1.136473280557456778e-02 2.555572808972210908e+01 6.630645490335885725e-03 1.000000000000000000e+00 1.764010899999999893e+01 8.583000000000000351e-03 7.514729800000000637e+01
4.525000000000000000e+03 4.000000000000000000e+03 -6.300000000000000000e+04 -5.619321874085301260e+00 4.927455575846634295e-02 -5.029600763231508509e+00 1.042445318045897955e-02 -8.423559799766215050e+00 1.173966471813439952e-02 0.000000000000000000e+00 -1.613408300000000040e+01 2.342599999999999891e-02 8.549289000000000271e+01
4.525000000000000000e+03 4.000000000000000000e+03 -5.950000000000000000e+04 -5.626140297768262855e+00 6.019357135254214952e-02 -5.120374589711746083e+00 1.070178852333666768e-02 2.534625666390411780e+01 8.949401780465342585e-03 1.000000000000000000e+00 1.762893800000000155e+01 9.131999999999999493e-03 9.974670600000000320e+01
4.525000000000000000e+03 4.000000000000000000e+03 -5.950000000000000000e+04 -5.605774805971890373e+00 4.050533442129015255e-02 -5.054976307871003272e+00 7.904525206742583909e-03 -8.632249718690871987e+00 1.307194184792061752e-02 0.000000000000000000e+00 -1.613387499999999974e+01 2.890300000000000161e-02 1.102593059999999952e+02
4.525000000000000000e+03 4.000000000000000000e+03 -5.600000000000000000e+04 -5.678883658848639548e+00 6.671470063940647399e-02 -5.148286624907405518e+00 1.020758072913957072e-02 2.512537322908118398e+01 1.045255721115530625e-02 1.000000000000000000e+00 1.761697699999999855e+01 1.210400000000000018e-02 1.244981209999999976e+02
4.525000000000000000e+03 4.000000000000000000e+03 -5.600000000000000000e+04 -5.610842399526293711e+00 5.852543657766999530e-02 -5.137547292722428161e+00 1.289573445409840195e-02 -8.848020331363761315e+00 1.485283882907596775e-02 0.000000000000000000e+00 -1.614628700000000094e+01 2.679300000000000084e-02 1.348507130000000132e+02
4.525000000000000000e+03 4.000000000000000000e+03 -5.250000000000000000e+04 -5.699742119518214523e+00 5.444046239621737338e-02 -5.204399443100435008e+00 9.398382383188338962e-03 2.490560490821138018e+01 8.260009483373289760e-03 1.000000000000000000e+00 1.761554200000000137e+01 9.922000000000000264e-03 1.490895280000000014e+02
4.525000000000000000e+03 4.000000000000000000e+03 -5.250000000000000000e+04 -5.656861517495008762e+00 4.902900415302353931e-02 -5.180090868316210795e+00 7.493429653602610638e-03 -9.070546784492544035e+00 1.548016711115581499e-02 0.000000000000000000e+00 -1.614001899999999878e+01 3.145099999999999979e-02 1.594311189999999954e+02
4.525000000000000000e+03 4.000000000000000000e+03 -4.900000000000000000e+04 -5.717947206773828839e+00 4.866773639568364174e-02 -5.257356054167070525e+00 9.547016952894372965e-03 2.468047470053734926e+01 6.208237384427033739e-03 1.000000000000000000e+00 1.763173400000000157e+01 1.107799999999999931e-02 1.736749340000000075e+02
4.525000000000000000e+03 4.000000000000000000e+03 -4.900000000000000000e+04 -5.661603092930310055e+00 4.755101564551718341e-02 -5.219729888116111383e+00 7.206669791298347776e-03 -9.287256432308913290e+00 1.495513749849759072e-02 0.000000000000000000e+00 -1.613979499999999945e+01 1.992700000000000027e-02 1.840215259999999944e+02
4.525000000000000000e+03 4.000000000000000000e+03 -4.550000000000000000e+04 -5.730465322343110124e+00 6.521318347596539999e-02 -5.316821906148043730e+00 1.189230655045821379e-02 2.444765611327084187e+01 5.457684476039375426e-03 1.000000000000000000e+00 1.761957999999999913e+01 1.397999999999999937e-02 1.982643400000000042e+02
4.525000000000000000e+03 4.000000000000000000e+03 -4.550000000000000000e+04 -5.680282743572795390e+00 5.330845909366313529e-02 -5.298555898423200183e+00 9.961308819005700380e-03 -9.513820336439607672e+00 1.482849370879064932e-02 0.000000000000000000e+00 -1.614814000000000149e+01 2.824600000000000027e-02 2.086089320000000100e+02
4.525000000000000000e+03 4.000000000000000000e+03 -4.200000000000000000e+04 -5.744608769832255213e+00 6.814912141264417578e-02 -5.393735080529157955e+00 1.222206873177105607e-02 2.421621071616443643e+01 9.727021774446044378e-03 1.000000000000000000e+00 1.762684700000000149e+01 1.332700000000000030e-02 2.228547470000000033e+02
4.525000000000000000e+03 4.000000000000000000e+03 -4.200000000000000000e+04 -5.725421670911082117e+00 6.073681976288069356e-02 -5.335566784465282097e+00 1.297893648885187559e-02 -9.744282978627291314e+00 1.568186805548673485e-02 0.000000000000000000e+00 -1.613704900000000109e+01 1.760199999999999959e-02 2.332003379999999879e+02
4.525000000000000000e+03 4.000000000000000000e+03 -3.850000000000000000e+04 -5.759805957024481948e+00 5.921400395276997519e-02 -5.422445410606257177e+00 9.519418893206217300e-03 2.396936378239310628e+01 7.963712753296128127e-03 1.000000000000000000e+00 1.761304300000000111e+01 1.198699999999999939e-02 2.474461530000000096e+02
4.525000000000000000e+03 4.000000000000000000e+03 -3.850000000000000000e+04 -5.740125418665540380e+00 6.255563612563201648e-02 -5.386596991582666583e+00 9.736468658316876565e-03 -9.983685469879009844e+00 1.390927266190211502e-02 0.000000000000000000e+00 -1.614160299999999992e+01 3.165899999999999964e-02 2.577957450000000108e+02
4.525000000000000000e+03 4.000000000000000000e+03 -3.500000000000000000e+04 -5.786514075326482320e+00 5.460564670359076972e-02 -5.474333977209898450e+00 1.060866095907966010e-02 2.372007492018184394e+01 5.449681067541988118e-03 1.000000000000000000e+00 1.763578299999999999e+01 1.368100000000000045e-02 2.720405600000000277e+02
4.525000000000000000e+03 4.000000000000000000e+03 -3.500000000000000000e+04 -5.764101649285457540e+00 4.977572755122780523e-02 -5.425931552964402549e+00 8.698188207333886965e-03 -1.022228706080238858e+01 1.383239435729543415e-02 0.000000000000000000e+00 -1.613547399999999854e+01 1.972199999999999995e-02 2.823831519999999955e+02
4.525000000000000000e+03 4.000000000000000000e+03 -3.500000000000000000e+04 -5.788141668595005562e+00 4.267487765388428000e-02 -5.482613585596585182e+00 8.422268982523489766e-03 2.371709685401142664e+01 1.360100891154886020e-02 1.000000000000000000e+00 1.759493799999999908e+01 2.810800000000000104e-02 2.927277429999999754e+02
4.525000000000000000e+03 4.000000000000000000e+03 -3.500000000000000000e+04 -5.770898916653898425e+00 5.029703893809940596e-02 -5.445206620049344970e+00 7.291643986278793441e-03 -1.022230262334991835e+01 1.525825927282260276e-02 0.000000000000000000e+00 -1.611324199999999962e+01 3.588100000000000317e-02 3.030713349999999764e+02
4.525000000000000000e+03 4.000000000000000000e+03 -3.850000000000000000e+04 -5.746382019681548492e+00 6.607315468434803163e-02 -5.459013132739053198e+00 1.017747967824057104e-02 2.395348514790422101e+01 7.878693765924406345e-03 1.000000000000000000e+00 1.763533999999999935e+01 1.472399999999999924e-02 3.173161499999999933e+02
4.525000000000000000e+03 4.000000000000000000e+03 -3.850000000000000000e+04 -5.727704182139416567e+00 5.674788785255450996e-02 -5.396199121922967912e+00 1.331744736681421404e-02 -1.000339986731058417e+01 1.185123423555669436e-02 0.000000000000000000e+00 -1.614720600000000061e+01 2.097299999999999859e-02 3.276597409999999968e+02
4.525000000000000000e+03 4.000000000000000000e+03 -4.200000000000000000e+04 -5.752921765676950017e+00 5.030963324041935747e-02 -5.382549152322972041e+00 9.896210943682979752e-03 2.419258121773023262e+01 1.044898278171715530e-02 1.000000000000000000e+00 1.762676700000000096e+01 1.367299999999999939e-02 3.419005559999999946e+02
4.525000000000000000e+03 4.000000000000000000e+03 -4.200000000000000000e+04 -5.692194660516218363e+00 5.147950898738334197e-02 -5.327447194651202089e+00 8.809569441363376135e-03 -9.769738378888746411e+00 1.426144696991556680e-02 0.000000000000000000e+00 -1.615816900000000089e+01 2.728500000000000023e-02 3.522791500000000156e+02
4.525000000000000000e+03 4.000000000000000000e+03 -4.550000000000000000e+04 -5.725447793020155274e+00 4.463712856633813425e-02 -5.321286402311708130e+00 7.309736636402720290e-03 2.442800500657178020e+01 6.832442364091526228e-03 1.000000000000000000e+00 1.763056699999999921e+01 1.086100000000000086e-02 3.665209639999999922e+02
4.525000000000000000e+03 4.000000000000000000e+03 -4.550000000000000000e+04 -5.670494972442631898e+00 5.273736272153839444e-02 -5.296011307857221517e+00 7.761314549011823043e-03 -9.534765311878960148e+00 1.526440092660665861e-02 0.000000000000000000e+00 -1.613905000000000101e+01 2.508399999999999866e-02 3.768615560000000073e+02
4.525000000000000000e+03 4.000000000000000000e+03 -4.900000000000000000e+04 -5.717250803222248656e+00 3.298916118334205283e-02 -5.277520081082095693e+00 8.636824592886324647e-03 2.466331191621593177e+01 8.165074302857990018e-03 1.000000000000000000e+00 1.763583699999999865e+01 1.008099999999999968e-02 3.911063700000000267e+02
4.525000000000000000e+03 4.000000000000000000e+03 -4.900000000000000000e+04 -5.642407196519990009e+00 4.789775666841016716e-02 -5.252074620253581294e+00 1.101442592733021218e-02 -9.309338452165793143e+00 9.648961686374610963e-03 0.000000000000000000e+00 -1.613110800000000111e+01 2.935099999999999862e-02 4.014499620000000277e+02
4.525000000000000000e+03 4.000000000000000000e+03 -5.250000000000000000e+04 -5.684716596465327676e+00 7.015898983648106990e-02 -5.214612138061380797e+00 9.164588545466489239e-03 2.488524834060724444e+01 7.446610162808922802e-03 1.000000000000000000e+00 1.762646900000000016e+01 9.025999999999999301e-03 4.156917760000000044e+02
4.525000000000000000e+03 4.000000000000000000e+03 -5.250000000000000000e+04 -5.643357928932974055e+00 5.328874274957428464e-02 -5.202505575983578545e+00 1.097639562104838623e-02 -9.085972659415343600e+00 1.236585449291406971e-02 0.000000000000000000e+00 -1.614177700000000115e+01 2.277799999999999964e-02 4.260283680000000004e+02
4.525000000000000000e+03 4.000000000000000000e+03 -5.600000000000000000e+04 -5.674558262241749418e+00 5.804247166428148919e-02 -5.175384844721273581e+00 1.187151921833472755e-02 2.511127473933537857e+01 9.845858446564765068e-03 1.000000000000000000e+00 1.761600899999999825e+01 1.054399999999999955e-02 4.402741819999999962e+02
4.525000000000000000e+03 4.000000000000000000e+03 -5.600000000000000000e+04 -5.642829513836010946e+00 6.580925145982530200e-02 -5.124645659304205125e+00 9.652449712349683159e-03 -8.863720867095988609e+00 1.355060466724799899e-02 0.000000000000000000e+00 -1.614593500000000148e+01 2.736099999999999990e-02 4.506177739999999972e+02
4.525000000000000000e+03 4.000000000000000000e+03 -5.950000000000000000e+04 -5.619743297297329576e+00 5.166185282903824894e-02 -5.128645884566933155e+00 1.069802400050114469e-02 2.532872924152108496e+01 7.973815633402540903e-03 1.000000000000000000e+00 1.762931499999999829e+01 8.628000000000000252e-03 4.648635889999999904e+02
4.525000000000000000e+03 4.000000000000000000e+03 -5.950000000000000000e+04 -5.625448699883062176e+00 4.842154853258344438e-02 -5.082531870653290262e+00 1.152657336253540450e-02 -8.649462949042067805e+00 1.358235260272516905e-02 0.000000000000000000e+00 -1.612747200000000092e+01 2.716400000000000065e-02 4.752091810000000009e+02
4.525000000000000000e+03 4.000000000000000000e+03 -6.300000000000000000e+04 -5.585422965574881715e+00 4.933990804177222633e-02 -5.059035601459429543e+00 8.231457001940299667e-03 2.555564552263408373e+01 6.207319151990565304e-03 1.000000000000000000e+00 1.763361199999999940e+01 1.488899999999999946e-02 4.894549959999999942e+02
4.525000000000000000e+03 4.000000000000000000e+03 -6.300000000000000000e+04 -5.612664847305985916e+00 4.253032970592123679e-02 -5.041236537622863167e+00 9.562018414419382745e-03 -8.422427717713992124e+00 1.482189616573863916e-02 0.000000000000000000e+00 -1.613041799999999881e+01 2.925499999999999975e-02 4.997935870000000023e+02
4.525000000000000000e+03 4.000000000000000000e+03 -6.650000000000000000e+04 -5.488727439107811357e+00 5.529915846979944344e-02 -5.043832649404458301e+00 1.062940715914494766e-02 2.577075416832288823e+01 1.186310056339097939e-02 1.000000000000000000e+00 1.762447299999999828e+01 1.245699999999999932e-02 5.140354009999999789e+02
4.525000000000000000e+03 4.000000000000000000e+03 -6.650000000000000000e+04 -5.623333535153285823e+00 5.129655970093768141e-02 -4.990299616094262980e+00 8.483620682092071069e-03 -8.206229682142883064e+00 1.292461438382270546e-02 0.000000000000000000e+00 -1.614689800000000020e+01 2.676800000000000013e-02 5.243809929999999895e+02
4.525000000000000000e+03 4.000000000000000000e+03 -7.000000000000000000e+04 -5.455868673017551629e+00 5.100641844134243957e-02 -4.645079789160877937e+00 1.093853513878389506e-02 2.602921500013999179e+01 1.058001776011142057e-02 1.000000000000000000e+00 1.762062299999999837e+01 7.753999999999999608e-03 5.385468029999999544e+02
4.525000000000000000e+03 4.000000000000000000e+03 -7.000000000000000000e+04 -5.643747843455519941e+00 6.485841794068820942e-02 -5.010952498799972510e+00 1.168623682135929050e-02 -7.944880098185904238e+00 1.520022451104322166e-02 0.000000000000000000e+00 -1.615299800000000019e+01 2.270600000000000049e-02 5.488923949999999650e+02
4.525000000000000000e+03 4.000000000000000000e+03 -7.000000000000000000e+04 -5.465684036937739521e+00 5.504915959894450539e-02 -4.639473809148803696e+00 9.899301495744262588e-03 2.601992623008047900e+01 1.384873843879978229e-02 1.000000000000000000e+00 1.758702600000000160e+01 3.350700000000000206e-02 5.592389869999999519e+02
4.525000000000000000e+03 4.000000000000000000e+03 -7.000000000000000000e+04 -5.661830493380555218e+00 5.876697982072990462e-02 -5.003328646866378904e+00 1.196493382499035953e-02 -7.947521002270353740e+00 1.475486564877923241e-02 0.000000000000000000e+00 -1.614861700000000155e+01 1.828400000000000164e-02 5.695825790000000097e+02
4.525000000000000000e+03 4.000000000000000000e+03 -6.650000000000000000e+04 -5.555734717635361974e+00 5.155116014198869029e-02 -4.990128165519897685e+00 1.142441243201645223e-02 2.577296827537185564e+01 1.013816574130768644e-02 1.000000000000000000e+00 1.761666400000000010e+01 6.359000000000000069e-03 5.838263930000000528e+02
4.525000000000000000e+03 4.000000000000000000e+03 -6.650000000000000000e+04 -5.613040876448240901e+00 6.446536471889151299e-02 -5.014014033205067555e+00 1.025043509032211482e-02 -8.195122918263322731e+00 1.548614377820995390e-02 0.000000000000000000e+00 -1.614952100000000002e+01 2.300800000000000067e-02 5.941709849999999733e+02
4.525000000000000000e+03 4.000000000000000000e+03 -6.300000000000000000e+04 -5.590134449586550147e+00 4.245013850808374012e-02 -5.060991636285137041e+00 8.851821573663499684e-03 2.555897762589905398e+01 6.837211235038118465e-03 1.000000000000000000e+00 1.763649799999999956e+01 8.887000000000000802e-03 6.084148000000000138e+02
4.525000000000000000e+03 4.000000000000000000e+03 -6.300000000000000000e+04 -5.624149903277133156e+00 4.907498579422431978e-02 -5.033103739259766840e+00 7.627589429428075288e-03 -8.418703704002307830e+00 1.264950187923454157e-02 0.000000000000000000e+00 -1.613228000000000151e+01 2.403500000000000081e-02 6.187563910000000078e+02
4.525000000000000000e+03 4.000000000000000000e+03 -5.950000000000000000e+04 -5.635624762286417067e+00 5.054182210672527459e-02 -5.104707483396612844e+00 7.233181223130677982e-03 2.534671044084730340e+01 8.470505092701724470e-03 1.000000000000000000e+00 1.763314499999999896e+01 6.975000000000000297e-03 6.330032059999999774e+02
4.525000000000000000e+03 4.000000000000000000e+03 -5.950000000000000000e+04 -5.617186462712599138e+00 4.745999072469488794e-02 -5.048696916262361611e+00 1.069632280404251255e-02 -8.633569266514008689e+00 1.185052103848583879e-02 0.000000000000000000e+00 -1.614815499999999915e+01 2.992799999999999974e-02 6.433397969999999759e+02
4.525000000000000000e+03 4.000000000000000000e+03 -5.600000000000000000e+04 -5.687892165834486313e+00 6.314399881634474854e-02 -5.157261084056498746e+00 8.798813458997212580e-03 2.512744819290428566e+01 8.744831684785105141e-03 1.000000000000000000e+00 1.762787000000000148e+01 1.297700000000000069e-02 6.575916120000000546e+02
4.525000000000000000e+03 4.000000000000000000e+03 -5.600000000000000000e+04 -5.620105130602667032e+00 5.671396558928567394e-02 -5.126154769843337178e+00 9.998391121477288868e-03 -8.850278192620837814e+00 1.436577586207179666e-02 0.000000000000000000e+00 -1.614526899999999898e+01 3.070000000000000159e-02 6.679342040000000225e+02
4.525000000000000000e+03 4.000000000000000000e+03 -5.250000000000000000e+04 -5.683517131166812675e+00 4.405555002439918294e-02 -5.216731496287643211e+00 1.075781077666158013e-02 2.490702881417203329e+01 8.359931359838137718e-03 1.000000000000000000e+00 1.762639499999999870e+01 1.090099999999999923e-02 6.821800180000000182e+02
4.525000000000000000e+03 4.000000000000000000e+03 -5.250000000000000000e+04 -5.632349973620304873e+00 5.915052505858954535e-02 -5.183500221688397858e+00 1.130444725978595535e-02 -9.070842967648852451e+00 1.722556714433194289e-02 0.000000000000000000e+00 -1.614780700000000024e+01 2.769900000000000140e-02 6.925276109999999790e+02
4.525000000000000000e+03 4.000000000000000000e+03 -4.900000000000000000e+04 -5.703013153635635213e+00 5.078586713328266111e-02 -5.260041473904118803e+00 8.272964650250349064e-03 2.468212382051525111e+01 8.183630393429796451e-03 1.000000000000000000e+00 1.763734699999999833e+01 8.245000000000000592e-03 7.067714250000000220e+02
4.525000000000000000e+03 4.000000000000000000e+03 -4.900000000000000000e+04 -5.673628458105635985e+00 3.942793562923884582e-02 -5.236653391109314271e+00 7.133670055299448989e-03 -9.293052089721072662e+00 1.493673393211251976e-02 0.000000000000000000e+00 -1.613823599999999914e+01 2.696399999999999839e-02 7.171210170000000517e+02
4.525000000000000000e+03 4.000000000000000000e+03 -4.550000000000000000e+04 -5.703254995693585627e+00 4.640684392250760820e-02 -5.351505437931241893e+00 1.092554969608518223e-02 2.444980489028814929e+01 9.538859994275637744e-03 1.000000000000000000e+00 1.762998100000000079e+01 1.051599999999999931e-02 7.313698319999999740e+02
4.525000000000000000e+03 4.000000000000000000e+03 -4.550000000000000000e+04 -5.675068135975985584e+00 6.318277351776085959e-02 -5.309686163476097676e+00 7.641559633795561197e-03 -9.517501191973790853e+00 1.343940608682111550e-02 0.000000000000000000e+00 -1.613911500000000032e+01 2.833000000000000101e-02 7.417104229999999916e+02
4.525000000000000000e+03 4.000000000000000000e+03 -4.200000000000000000e+04 -5.737056101366682981e+00 5.632782452964277958e-02 -5.396309450718716150e+00 1.215800011834796551e-02 2.421565561421321178e+01 8.522139278375074484e-03 1.000000000000000000e+00 1.760814600000000141e+01 1.451299999999999986e-02 7.559562379999999848e+02
4.525000000000000000e+03 4.000000000000000000e+03 -4.200000000000000000e+04 -5.689498503379005534e+00 4.902293123468998842e-02 -5.347661730209888553e+00 1.098691445722350078e-02 -9.745387092252549621e+00 1.517920761662181275e-02 0.000000000000000000e+00 -1.615100100000000083e+01 2.785699999999999982e-02 7.662968299999999999e+02
4.525000000000000000e+03 4.000000000000000000e+03 -3.850000000000000000e+04 -5.730937614370782640e+00 5.006674049824799688e-02 -5.439082542310042179e+00 9.667913714692956059e-03 2.396924858213499121e+01 7.342875614249969041e-03 1.000000000000000000e+00 1.761469699999999960e+01 7.917000000000000426e-03 7.805456450000000359e+02
4.525000000000000000e+03 4.000000000000000000e+03 -3.850000000000000000e+04 -5.733154350642572616e+00 6.182777416614364252e-02 -5.384751683869394512e+00 7.764181405891240964e-03 -9.980828107447939246e+00 1.384922144948063857e-02 0.000000000000000000e+00 -1.614527400000000057e+01 2.931599999999999831e-02 7.908902359999999589e+02
4.525000000000000000e+03 4.000000000000000000e+03 -3.500000000000000000e+04 -5.761383143577120336e+00 5.352841530697626665e-02 -5.473354273874651454e+00 1.049696987696191464e-02 2.372017812766094025e+01 7.723129166731851000e-03 1.000000000000000000e+00 1.763714799999999983e+01 1.239099999999999924e-02 8.051460520000000542e+02
4.525000000000000000e+03 4.000000000000000000e+03 -3.500000000000000000e+04 -5.769533794535674609e+00 5.273057696494800467e-02 -5.445527020563556420e+00 8.725504047609224101e-03 -1.022321600996730950e+01 1.480145756534978659e-02 0.000000000000000000e+00 -1.614830399999999955e+01 2.494599999999999942e-02 8.154896439999999984e+02
