4.525000000000000000e+03 4.000000000000000000e+03 3.743434060892007753e-02 -2.266953183754640347e-03 -4.138930266569527602e-03
4.525000000000000000e+03 4.000000000000000000e+03 3.743434060892007753e-02 -2.266953183754640347e-03 -4.138930266569527602e-03
4.525000000000000000e+03 4.000000000000000000e+03 3.743434060892007753e-02 -2.266953183754640347e-03 -4.138930266569527602e-03
4.525000000000000000e+03 4.000000000000000000e+03 3.743434060892007753e-02 -2.266953183754640347e-03 -4.138930266569527602e-03
4.525000000000000000e+03 4.000000000000000000e+03 3.743434060892007753e-02 -2.266953183754640347e-03 -4.138930266569527602e-03
4.525000000000000000e+03 4.000000000000000000e+03 3.743434060892007753e-02 -2.266953183754640347e-03 -4.138930266569527602e-03
4.525000000000000000e+03 4.000000000000000000e+03 3.743434060892007753e-02 -2.266953183754640347e-03 -4.138930266569527602e-03
4.525000000000000000e+03 4.000000000000000000e+03 3.743434060892007753e-02 -2.266953183754640347e-03 -4.138930266569527602e-03
4.525000000000000000e+03 4.000000000000000000e+03 3.743434060892007753e-02 -2.266953183754640347e-03 -4.138930266569527602e-03
4.525000000000000000e+03 4.000000000000000000e+03 3.743434060892007753e-02 -2.266953183754640347e-03 -4.138930266569527602e-03
4.525000000000000000e+03 4.000000000000000000e+03 3.743434060892007753e-02 -2.266953183754640347e-03 -4.138930266569527602e-03
4.525000000000000000e+03 4.000000000000000000e+03 3.743434060892007753e-02 -2.266953183754640347e-03 -4.138930266569527602e-03
4.525000000000000000e+03 4.000000000000000000e+03 3.743434060892007753e-02 -2.266953183754640347e-03 -4.138930266569527602e-03
4.525000000000000000e+03 4.000000000000000000e+03 3.743434060892007753e-02 -2.266953183754640347e-03 -4.138930266569527602e-03
4.525000000000000000e+03 4.000000000000000000e+03 3.743434060892007753e-02 -2.266953183754640347e-03 -4.138930266569527602e-03
4.525000000000000000e+03 4.000000000000000000e+03 3.743434060892007753e-02 -2.266953183754640347e-03 -4.138930266569527602e-03
4.525000000000000000e+03 4.000000000000000000e+03 3.743434060892007753e-02 -2.266953183754640347e-03 -4.138930266569527602e-03
4.525000000000000000e+03 4.000000000000000000e+03 3.743434060892007753e-02 -2.266953183754640347e-03 -4.138930266569527602e-03
4.525000000000000000e+03 4.000000000000000000e+03 3.743434060892007753e-02 -2.266953183754640347e-03 -4.138930266569527602e-03
4.525000000000000000e+03 4.000000000000000000e+03 3.743434060892007753e-02 -2.266953183754640347e-03 -4.138930266569527602e-03
4.525000000000000000e+03 4.000000000000000000e+03 3.743434060892007753e-02 -2.266953183754640347e-03 -4.138930266569527602e-03
4.525000000000000000e+03 4.000000000000000000e+03 3.743434060892007753e-02 -2.266953183754640347e-03 -4.138930266569527602e-03
4.525000000000000000e+03 4.000000000000000000e+03 3.743434060892007753e-02 -2.266953183754640347e-03 -4.138930266569527602e-03
4.525000000000000000e+03 4.000000000000000000e+03 3.743434060892007753e-02 -2.266953183754640347e-03 -4.138930266569527602e-03
4.525000000000000000e+03 4.000000000000000000e+03 3.743434060892007753e-02 -2.266953183754640347e-03 -4.138930266569527602e-03
4.525000000000000000e+03 4.000000000000000000e+03 3.743434060892007753e-02 -2.266953183754640347e-03 -4.138930266569527602e-03
4.525000000000000000e+03 4.000000000000000000e+03 3.743434060892007753e-02 -2.266953183754640347e-03 -4.138930266569527602e-03
4.525000000000000000e+03 4.000000000000000000e+03 3.743434060892007753e-02 -2.266953183754640347e-03 -4.138930266569527602e-03
4.525000000000000000e+03 4.000000000000000000e+03 3.743434060892007753e-02 -2.266953183754640347e-03 -4.138930266569527602e-03
4.525000000000000000e+03 4.000000000000000000e+03 3.743434060892007753e-02 -2.266953183754640347e-03 -4.138930266569527602e-03
4.525000000000000000e+03 4.000000000000000000e+03 3.743434060892007753e-02 -2.266953183754640347e-03 -4.138930266569527602e-03
4.525000000000000000e+03 4.000000000000000000e+03 3.743434060892007753e-02 -2.266953183754640347e-03 -4.138930266569527602e-03
4.525000000000000000e+03 4.000000000000000000e+03 3.743434060892007753e-02 -2.266953183754640347e-03 -4.138930266569527602e-03
4.525000000000000000e+03 4.000000000000000000e+03 3.743434060892007753e-02 -2.266953183754640347e-03 -4.138930266569527602e-03
4.525000000000000000e+03 4.000000000000000000e+03 3.743434060892007753e-02 -2.266953183754640347e-03 -4.138930266569527602e-03
4.525000000000000000e+03 4.000000000000000000e+03 3.743434060892007753e-02 -2.266953183754640347e-03 -4.138930266569527602e-03
4.525000000000000000e+03 4.000000000000000000e+03 3.743434060892007753e-02 -2.266953183754640347e-03 -4.138930266569527602e-03
4.525000000000000000e+03 4.000000000000000000e+03 3.743434060892007753e-02 -2.266953183754640347e-03 -4.138930266569527602e-03
4.525000000000000000e+03 4.000000000000000000e+03 3.743434060892007753e-02 -2.266953183754640347e-03 -4.138930266569527602e-03
4.525000000000000000e+03 4.000000000000000000e+03 3.743434060892007753e-02 -2.266953183754640347e-03 -4.138930266569527602e-03
4.525000000000000000e+03 4.000000000000000000e+03 3.743434060892007753e-02 -2.266953183754640347e-03 -4.138930266569527602e-03
4.525000000000000000e+03 4.000000000000000000e+03 3.743434060892007753e-02 -2.266953183754640347e-03 -4.138930266569527602e-03
4.525000000000000000e+03 4.000000000000000000e+03 3.743434060892007753e-02 -2.266953183754640347e-03 -4.138930266569527602e-03
4.525000000000000000e+03 4.000000000000000000e+03 3.743434060892007753e-02 -2.266953183754640347e-03 -4.138930266569527602e-03
4.525000000000000000e+03 4.000000000000000000e+03 3.743434060892007753e-02 -2.266953183754640347e-03 -4.138930266569527602e-03
4.525000000000000000e+03 4.000000000000000000e+03 3.743434060892007753e-02 -2.266953183754640347e-03 -4.138930266569527602e-03
4.525000000000000000e+03 4.000000000000000000e+03 3.743434060892007753e-02 -2.266953183754640347e-03 -4.138930266569527602e-03
4.525000000000000000e+03 4.000000000000000000e+03 3.743434060892007753e-02 -2.266953183754640347e-03 -4.138930266569527602e-03
4.525000000000000000e+03 4.000000000000000000e+03 3.743434060892007753e-02 -2.266953183754640347e-03 -4.138930266569527602e-03
4.525000000000000000e+03 4.000000000000000000e+03 3.743434060892007753e-02 -2.266953183754640347e-03 -4.138930266569527602e-03
4.525000000000000000e+03 4.000000000000000000e+03 3.743434060892007753e-02 -2.266953183754640347e-03 -4.138930266569527602e-03
4.525000000000000000e+03 4.000000000000000000e+03 3.743434060892007753e-02 -2.266953183754640347e-03 -4.138930266569527602e-03
4.525000000000000000e+03 4.000000000000000000e+03 3.743434060892007753e-02 -2.266953183754640347e-03 -4.138930266569527602e-03
4.525000000000000000e+03 4.000000000000000000e+03 3.743434060892007753e-02 -2.266953183754640347e-03 -4.138930266569527602e-03
4.525000000000000000e+03 4.000000000000000000e+03 3.743434060892007753e-02 -2.266953183754640347e-03 -4.138930266569527602e-03
4.525000000000000000e+03 4.000000000000000000e+03 3.743434060892007753e-02 -2.266953183754640347e-03 -4.138930266569527602e-03
4.525000000000000000e+03 4.000000000000000000e+03 3.743434060892007753e-02 -2.266953183754640347e-03 -4.138930266569527602e-03
4.525000000000000000e+03 4.000000000000000000e+03 3.743434060892007753e-02 -2.266953183754640347e-03 -4.138930266569527602e-03
4.525000000000000000e+03 4.000000000000000000e+03 3.743434060892007753e-02 -2.266953183754640347e-03 -4.138930266569527602e-03
4.525000000000000000e+03 4.000000000000000000e+03 3.743434060892007753e-02 -2.266953183754640347e-03 -4.138930266569527602e-03
4.525000000000000000e+03 4.000000000000000000e+03 3.743434060892007753e-02 -2.266953183754640347e-03 -4.138930266569527602e-03
4.525000000000000000e+03 4.000000000000000000e+03 3.743434060892007753e-02 -2.266953183754640347e-03 -4.138930266569527602e-03
4.525000000000000000e+03 4.000000000000000000e+03 3.743434060892007753e-02 -2.266953183754640347e-03 -4.138930266569527602e-03
4.525000000000000000e+03 4.000000000000000000e+03 3.743434060892007753e-02 -2.266953183754640347e-03 -4.138930266569527602e-03
4.525000000000000000e+03 4.000000000000000000e+03 3.743434060892007753e-02 -2.266953183754640347e-03 -4.138930266569527602e-03
4.525000000000000000e+03 4.000000000000000000e+03 3.743434060892007753e-02 -2.266953183754640347e-03 -4.138930266569527602e-03
