2.525000000000000000e+03 4.000000000000000000e+03 3.073816867297017585e-02 6.230597922466404523e-03 -4.628983449237983328e-03
2.525000000000000000e+03 4.000000000000000000e+03 3.073816867297017585e-02 6.230597922466404523e-03 -4.628983449237983328e-03
4.525000000000000000e+03 4.000000000000000000e+03 3.844206516349846225e-02 -1.167560412834433951e-03 -5.181428277566738766e-03
4.525000000000000000e+03 4.000000000000000000e+03 3.844206516349846225e-02 -1.167560412834433951e-03 -5.181428277566738766e-03
8.525000000000000000e+03 4.000000000000000000e+03 3.641371859307690473e-02 5.721274742086484427e-04 -2.119906217416346605e-03
8.525000000000000000e+03 4.000000000000000000e+03 3.641371859307690473e-02 5.721274742086484427e-04 -2.119906217416346605e-03
1.252500000000000000e+04 4.000000000000000000e+03 3.325963288379513855e-02 4.383610738682319763e-03 1.103156970011606893e-04
1.252500000000000000e+04 4.000000000000000000e+03 3.325963288379513855e-02 4.383610738682319763e-03 1.103156970011606893e-04
1.652500000000000000e+04 4.000000000000000000e+03 2.890366782098660603e-02 6.310847312047052765e-03 4.029461477026624605e-03
1.652500000000000000e+04 4.000000000000000000e+03 2.890366782098660603e-02 6.310847312047052765e-03 4.029461477026624605e-03
2.052500000000000000e+04 4.000000000000000000e+03 2.790071833936804552e-02 8.931449443411655642e-03 6.612950767278632375e-03
2.052500000000000000e+04 4.000000000000000000e+03 2.790071833936804552e-02 8.931449443411655642e-03 6.612950767278632375e-03
2.452500000000000000e+04 4.000000000000000000e+03 2.313492712081043762e-02 1.114264581891857842e-02 5.132114070063630365e-03
2.452500000000000000e+04 4.000000000000000000e+03 2.313492712081043762e-02 1.114264581891857842e-02 5.132114070063630365e-03
2.852500000000000000e+04 4.000000000000000000e+03 1.857805704675209724e-02 1.378994915272636207e-02 3.165577118196708645e-03
2.852500000000000000e+04 4.000000000000000000e+03 1.857805704675209724e-02 1.378994915272636207e-02 3.165577118196708645e-03
3.252500000000000000e+04 4.000000000000000000e+03 2.402037073945996470e-02 1.726818907305786160e-02 -2.335434620396020095e-03
3.252500000000000000e+04 4.000000000000000000e+03 2.402037073945996470e-02 1.726818907305786160e-02 -2.335434620396020095e-03
3.252500000000000000e+04 4.000000000000000000e+03 2.402037073945996470e-02 1.726818907305786160e-02 -2.335434620396020095e-03
3.252500000000000000e+04 4.000000000000000000e+03 2.402037073945996470e-02 1.726818907305786160e-02 -2.335434620396020095e-03
2.852500000000000000e+04 4.000000000000000000e+03 1.857805704675209724e-02 1.378994915272636207e-02 3.165577118196708645e-03
2.852500000000000000e+04 4.000000000000000000e+03 1.857805704675209724e-02 1.378994915272636207e-02 3.165577118196708645e-03
2.452500000000000000e+04 4.000000000000000000e+03 2.313492712081043762e-02 1.114264581891857842e-02 5.132114070063630365e-03
2.452500000000000000e+04 4.000000000000000000e+03 2.313492712081043762e-02 1.114264581891857842e-02 5.132114070063630365e-03
2.052500000000000000e+04 4.000000000000000000e+03 2.790071833936804552e-02 8.931449443411655642e-03 6.612950767278632375e-03
2.052500000000000000e+04 4.000000000000000000e+03 2.790071833936804552e-02 8.931449443411655642e-03 6.612950767278632375e-03
1.652500000000000000e+04 4.000000000000000000e+03 2.890366782098660603e-02 6.310847312047052765e-03 4.029461477026624605e-03
1.652500000000000000e+04 4.000000000000000000e+03 2.890366782098660603e-02 6.310847312047052765e-03 4.029461477026624605e-03
1.252500000000000000e+04 4.000000000000000000e+03 3.325963288379513855e-02 4.383610738682319763e-03 1.103156970011606893e-04
1.252500000000000000e+04 4.000000000000000000e+03 3.325963288379513855e-02 4.383610738682319763e-03 1.103156970011606893e-04
8.525000000000000000e+03 4.000000000000000000e+03 3.641371859307690473e-02 5.721274742086484427e-04 -2.119906217416346605e-03
8.525000000000000000e+03 4.000000000000000000e+03 3.641371859307690473e-02 5.721274742086484427e-04 -2.119906217416346605e-03
4.525000000000000000e+03 4.000000000000000000e+03 3.844206516349846225e-02 -1.167560412834433951e-03 -5.181428277566738766e-03
4.525000000000000000e+03 4.000000000000000000e+03 3.844206516349846225e-02 -1.167560412834433951e-03 -5.181428277566738766e-03
2.525000000000000000e+03 4.000000000000000000e+03 3.073816867297017585e-02 6.230597922466404523e-03 -4.628983449237983328e-03
2.525000000000000000e+03 4.000000000000000000e+03 3.073816867297017585e-02 6.230597922466404523e-03 -4.628983449237983328e-03
2.525000000000000000e+03 4.000000000000000000e+03 3.073816867297017585e-02 6.230597922466404523e-03 -4.628983449237983328e-03
2.525000000000000000e+03 4.000000000000000000e+03 3.073816867297017585e-02 6.230597922466404523e-03 -4.628983449237983328e-03
4.525000000000000000e+03 4.000000000000000000e+03 3.844206516349846225e-02 -1.167560412834433951e-03 -5.181428277566738766e-03
4.525000000000000000e+03 4.000000000000000000e+03 3.844206516349846225e-02 -1.167560412834433951e-03 -5.181428277566738766e-03
8.525000000000000000e+03 4.000000000000000000e+03 3.641371859307690473e-02 5.721274742086484427e-04 -2.119906217416346605e-03
8.525000000000000000e+03 4.000000000000000000e+03 3.641371859307690473e-02 5.721274742086484427e-04 -2.119906217416346605e-03
1.252500000000000000e+04 4.000000000000000000e+03 3.325963288379513855e-02 4.383610738682319763e-03 1.103156970011606893e-04
1.252500000000000000e+04 4.000000000000000000e+03 3.325963288379513855e-02 4.383610738682319763e-03 1.103156970011606893e-04
1.652500000000000000e+04 4.000000000000000000e+03 2.890366782098660603e-02 6.310847312047052765e-03 4.029461477026624605e-03
1.652500000000000000e+04 4.000000000000000000e+03 2.890366782098660603e-02 6.310847312047052765e-03 4.029461477026624605e-03
2.052500000000000000e+04 4.000000000000000000e+03 2.790071833936804552e-02 8.931449443411655642e-03 6.612950767278632375e-03
2.052500000000000000e+04 4.000000000000000000e+03 2.790071833936804552e-02 8.931449443411655642e-03 6.612950767278632375e-03
2.452500000000000000e+04 4.000000000000000000e+03 2.313492712081043762e-02 1.114264581891857842e-02 5.132114070063630365e-03
2.452500000000000000e+04 4.000000000000000000e+03 2.313492712081043762e-02 1.114264581891857842e-02 5.132114070063630365e-03
2.852500000000000000e+04 4.000000000000000000e+03 1.857805704675209724e-02 1.378994915272636207e-02 3.165577118196708645e-03
2.852500000000000000e+04 4.000000000000000000e+03 1.857805704675209724e-02 1.378994915272636207e-02 3.165577118196708645e-03
3.252500000000000000e+04 4.000000000000000000e+03 2.402037073945996470e-02 1.726818907305786160e-02 -2.335434620396020095e-03
3.252500000000000000e+04 4.000000000000000000e+03 2.402037073945996470e-02 1.726818907305786160e-02 -2.335434620396020095e-03
2.525000000000000000e+03 8.000000000000000000e+03 3.139590846021687864e-02 4.449836134358389761e-02 -5.425354602500508105e-02
2.525000000000000000e+03 8.000000000000000000e+03 3.139590846021687864e-02 4.449836134358389761e-02 -5.425354602500508105e-02
4.525000000000000000e+03 8.000000000000000000e+03 2.741860415812358981e-02 4.277961028756555734e-02 -5.429968475412587370e-02
4.525000000000000000e+03 8.000000000000000000e+03 2.741860415812358981e-02 4.277961028756555734e-02 -5.429968475412587370e-02
8.525000000000000000e+03 8.000000000000000000e+03 2.704176961859498102e-02 4.662296939134510931e-02 -5.066419977018861431e-02
8.525000000000000000e+03 8.000000000000000000e+03 2.704176961859498102e-02 4.662296939134510931e-02 -5.066419977018861431e-02
1.252500000000000000e+04 8.000000000000000000e+03 2.570942543905149757e-02 4.004566388234207658e-02 -4.872756163652924161e-02
1.252500000000000000e+04 8.000000000000000000e+03 2.570942543905149757e-02 4.004566388234207658e-02 -4.872756163652924161e-02
1.652500000000000000e+04 8.000000000000000000e+03 2.758308251300967823e-02 3.434294561167688942e-02 -4.444372474323960570e-02
1.652500000000000000e+04 8.000000000000000000e+03 2.758308251300967823e-02 3.434294561167688942e-02 -4.444372474323960570e-02
2.052500000000000000e+04 8.000000000000000000e+03 2.725721419069722373e-02 3.056055963831868366e-02 -4.180321408709883335e-02
2.052500000000000000e+04 8.000000000000000000e+03 2.725721419069722373e-02 3.056055963831868366e-02 -4.180321408709883335e-02
2.452500000000000000e+04 8.000000000000000000e+03 2.799325446011569074e-02 2.575663705944753260e-02 -4.209930806580574475e-02
2.452500000000000000e+04 8.000000000000000000e+03 2.799325446011569074e-02 2.575663705944753260e-02 -4.209930806580574475e-02
2.852500000000000000e+04 8.000000000000000000e+03 2.920688670817284116e-02 3.513932632274145706e-02 -4.579926624379181826e-02
2.852500000000000000e+04 8.000000000000000000e+03 2.920688670817284116e-02 3.513932632274145706e-02 -4.579926624379181826e-02
3.252500000000000000e+04 8.000000000000000000e+03 3.168069998916263341e-02 2.811029433228346558e-02 -4.943705970410555706e-02
3.252500000000000000e+04 8.000000000000000000e+03 3.168069998916263341e-02 2.811029433228346558e-02 -4.943705970410555706e-02
3.252500000000000000e+04 8.000000000000000000e+03 3.168069998916263341e-02 2.811029433228346558e-02 -4.943705970410555706e-02
3.252500000000000000e+04 8.000000000000000000e+03 3.168069998916263341e-02 2.811029433228346558e-02 -4.943705970410555706e-02
2.852500000000000000e+04 8.000000000000000000e+03 2.920688670817284116e-02 3.513932632274145706e-02 -4.579926624379181826e-02
2.852500000000000000e+04 8.000000000000000000e+03 2.920688670817284116e-02 3.513932632274145706e-02 -4.579926624379181826e-02
2.452500000000000000e+04 8.000000000000000000e+03 2.799325446011569074e-02 2.575663705944753260e-02 -4.209930806580574475e-02
2.452500000000000000e+04 8.000000000000000000e+03 2.799325446011569074e-02 2.575663705944753260e-02 -4.209930806580574475e-02
2.052500000000000000e+04 8.000000000000000000e+03 2.725721419069722373e-02 3.056055963831868366e-02 -4.180321408709883335e-02
2.052500000000000000e+04 8.000000000000000000e+03 2.725721419069722373e-02 3.056055963831868366e-02 -4.180321408709883335e-02
1.652500000000000000e+04 8.000000000000000000e+03 2.758308251300967823e-02 3.434294561167688942e-02 -4.444372474323960570e-02
1.652500000000000000e+04 8.000000000000000000e+03 2.758308251300967823e-02 3.434294561167688942e-02 -4.444372474323960570e-02
1.252500000000000000e+04 8.000000000000000000e+03 2.570942543905149757e-02 4.004566388234207658e-02 -4.872756163652924161e-02
1.252500000000000000e+04 8.000000000000000000e+03 2.570942543905149757e-02 4.004566388234207658e-02 -4.872756163652924161e-02
8.525000000000000000e+03 8.000000000000000000e+03 2.704176961859498102e-02 4.662296939134510931e-02 -5.066419977018861431e-02
8.525000000000000000e+03 8.000000000000000000e+03 2.704176961859498102e-02 4.662296939134510931e-02 -5.066419977018861431e-02
4.525000000000000000e+03 8.000000000000000000e+03 2.741860415812358981e-02 4.277961028756555734e-02 -5.429968475412587370e-02
4.525000000000000000e+03 8.000000000000000000e+03 2.741860415812358981e-02 4.277961028756555734e-02 -5.429968475412587370e-02
2.525000000000000000e+03 8.000000000000000000e+03 3.139590846021687864e-02 4.449836134358389761e-02 -5.425354602500508105e-02
2.525000000000000000e+03 8.000000000000000000e+03 3.139590846021687864e-02 4.449836134358389761e-02 -5.425354602500508105e-02
2.525000000000000000e+03 8.000000000000000000e+03 3.139590846021687864e-02 4.449836134358389761e-02 -5.425354602500508105e-02
2.525000000000000000e+03 8.000000000000000000e+03 3.139590846021687864e-02 4.449836134358389761e-02 -5.425354602500508105e-02
4.525000000000000000e+03 8.000000000000000000e+03 2.741860415812358981e-02 4.277961028756555734e-02 -5.429968475412587370e-02
4.525000000000000000e+03 8.000000000000000000e+03 2.741860415812358981e-02 4.277961028756555734e-02 -5.429968475412587370e-02
8.525000000000000000e+03 8.000000000000000000e+03 2.704176961859498102e-02 4.662296939134510931e-02 -5.066419977018861431e-02
8.525000000000000000e+03 8.000000000000000000e+03 2.704176961859498102e-02 4.662296939134510931e-02 -5.066419977018861431e-02
1.252500000000000000e+04 8.000000000000000000e+03 2.570942543905149757e-02 4.004566388234207658e-02 -4.872756163652924161e-02
1.252500000000000000e+04 8.000000000000000000e+03 2.570942543905149757e-02 4.004566388234207658e-02 -4.872756163652924161e-02
1.652500000000000000e+04 8.000000000000000000e+03 2.758308251300967823e-02 3.434294561167688942e-02 -4.444372474323960570e-02
1.652500000000000000e+04 8.000000000000000000e+03 2.758308251300967823e-02 3.434294561167688942e-02 -4.444372474323960570e-02
2.052500000000000000e+04 8.000000000000000000e+03 2.725721419069722373e-02 3.056055963831868366e-02 -4.180321408709883335e-02
2.052500000000000000e+04 8.000000000000000000e+03 2.725721419069722373e-02 3.056055963831868366e-02 -4.180321408709883335e-02
2.452500000000000000e+04 8.000000000000000000e+03 2.799325446011569074e-02 2.575663705944753260e-02 -4.209930806580574475e-02
2.452500000000000000e+04 8.000000000000000000e+03 2.799325446011569074e-02 2.575663705944753260e-02 -4.209930806580574475e-02
2.852500000000000000e+04 8.000000000000000000e+03 2.920688670817284116e-02 3.513932632274145706e-02 -4.579926624379181826e-02
2.852500000000000000e+04 8.000000000000000000e+03 2.920688670817284116e-02 3.513932632274145706e-02 -4.579926624379181826e-02
3.252500000000000000e+04 8.000000000000000000e+03 3.168069998916263341e-02 2.811029433228346558e-02 -4.943705970410555706e-02
3.252500000000000000e+04 8.000000000000000000e+03 3.168069998916263341e-02 2.811029433228346558e-02 -4.943705970410555706e-02
2.525000000000000000e+03 -4.000000000000000000e+03 1.249476780950217747e-02 5.149854370305571513e-03 3.518926002117037100e-02
2.525000000000000000e+03 -4.000000000000000000e+03 1.249476780950217747e-02 5.149854370305571513e-03 3.518926002117037100e-02
4.525000000000000000e+03 -4.000000000000000000e+03 1.436347270225946104e-02 -1.520424511357174741e-03 3.344242066601417485e-02
4.525000000000000000e+03 -4.000000000000000000e+03 1.436347270225946104e-02 -1.520424511357174741e-03 3.344242066601417485e-02
8.525000000000000000e+03 -4.000000000000000000e+03 1.454636933740507607e-02 1.135828925200545701e-03 3.641918493215463154e-02
8.525000000000000000e+03 -4.000000000000000000e+03 1.454636933740507607e-02 1.135828925200545701e-03 3.641918493215463154e-02
1.252500000000000000e+04 -4.000000000000000000e+03 1.310365309959660163e-02 4.127010852700180830e-03 3.892741280656664138e-02
1.252500000000000000e+04 -4.000000000000000000e+03 1.310365309959660163e-02 4.127010852700180830e-03 3.892741280656664138e-02
1.652500000000000000e+04 -4.000000000000000000e+03 1.722766059026829832e-02 5.251591107642275200e-03 4.469021362391308733e-02
1.652500000000000000e+04 -4.000000000000000000e+03 1.722766059026829832e-02 5.251591107642275200e-03 4.469021362391308733e-02
2.052500000000000000e+04 -4.000000000000000000e+03 4.664752268579832294e-03 7.168176901112840657e-03 4.558544298604265410e-02
2.052500000000000000e+04 -4.000000000000000000e+03 4.664752268579832294e-03 7.168176901112840657e-03 4.558544298604265410e-02
2.452500000000000000e+04 -4.000000000000000000e+03 3.822458725638522292e-03 9.383215259615280968e-03 4.554767323954615754e-02
2.452500000000000000e+04 -4.000000000000000000e+03 3.822458725638522292e-03 9.383215259615280968e-03 4.554767323954615754e-02
2.852500000000000000e+04 -4.000000000000000000e+03 2.422258440007510338e-02 1.308208909392746290e-02 4.069830861387647991e-02
2.852500000000000000e+04 -4.000000000000000000e+03 2.422258440007510338e-02 1.308208909392746290e-02 4.069830861387647991e-02
3.252500000000000000e+04 -4.000000000000000000e+03 1.764654259127655320e-02 1.709005118435933529e-02 3.569107822324499302e-02
3.252500000000000000e+04 -4.000000000000000000e+03 1.764654259127655320e-02 1.709005118435933529e-02 3.569107822324499302e-02
3.252500000000000000e+04 -4.000000000000000000e+03 1.764654259127655320e-02 1.709005118435933529e-02 3.569107822324499302e-02
3.252500000000000000e+04 -4.000000000000000000e+03 1.764654259127655320e-02 1.709005118435933529e-02 3.569107822324499302e-02
2.852500000000000000e+04 -4.000000000000000000e+03 2.422258440007510338e-02 1.308208909392746290e-02 4.069830861387647991e-02
2.852500000000000000e+04 -4.000000000000000000e+03 2.422258440007510338e-02 1.308208909392746290e-02 4.069830861387647991e-02
2.452500000000000000e+04 -4.000000000000000000e+03 3.822458725638522292e-03 9.383215259615280968e-03 4.554767323954615754e-02
2.452500000000000000e+04 -4.000000000000000000e+03 3.822458725638522292e-03 9.383215259615280968e-03 4.554767323954615754e-02
2.052500000000000000e+04 -4.000000000000000000e+03 4.664752268579832294e-03 7.168176901112840657e-03 4.558544298604265410e-02
2.052500000000000000e+04 -4.000000000000000000e+03 4.664752268579832294e-03 7.168176901112840657e-03 4.558544298604265410e-02
1.652500000000000000e+04 -4.000000000000000000e+03 1.722766059026829832e-02 5.251591107642275200e-03 4.469021362391308733e-02
1.652500000000000000e+04 -4.000000000000000000e+03 1.722766059026829832e-02 5.251591107642275200e-03 4.469021362391308733e-02
1.252500000000000000e+04 -4.000000000000000000e+03 1.310365309959660163e-02 4.127010852700180830e-03 3.892741280656664138e-02
1.252500000000000000e+04 -4.000000000000000000e+03 1.310365309959660163e-02 4.127010852700180830e-03 3.892741280656664138e-02
8.525000000000000000e+03 -4.000000000000000000e+03 1.454636933740507607e-02 1.135828925200545701e-03 3.641918493215463154e-02
8.525000000000000000e+03 -4.000000000000000000e+03 1.454636933740507607e-02 1.135828925200545701e-03 3.641918493215463154e-02
4.525000000000000000e+03 -4.000000000000000000e+03 1.436347270225946104e-02 -1.520424511357174741e-03 3.344242066601417485e-02
4.525000000000000000e+03 -4.000000000000000000e+03 1.436347270225946104e-02 -1.520424511357174741e-03 3.344242066601417485e-02
2.525000000000000000e+03 -4.000000000000000000e+03 1.249476780950217747e-02 5.149854370305571513e-03 3.518926002117037100e-02
2.525000000000000000e+03 -4.000000000000000000e+03 1.249476780950217747e-02 5.149854370305571513e-03 3.518926002117037100e-02
2.525000000000000000e+03 -4.000000000000000000e+03 1.249476780950217747e-02 5.149854370305571513e-03 3.518926002117037100e-02
2.525000000000000000e+03 -4.000000000000000000e+03 1.249476780950217747e-02 5.149854370305571513e-03 3.518926002117037100e-02
4.525000000000000000e+03 -4.000000000000000000e+03 1.436347270225946104e-02 -1.520424511357174741e-03 3.344242066601417485e-02
4.525000000000000000e+03 -4.000000000000000000e+03 1.436347270225946104e-02 -1.520424511357174741e-03 3.344242066601417485e-02
8.525000000000000000e+03 -4.000000000000000000e+03 1.454636933740507607e-02 1.135828925200545701e-03 3.641918493215463154e-02
8.525000000000000000e+03 -4.000000000000000000e+03 1.454636933740507607e-02 1.135828925200545701e-03 3.641918493215463154e-02
1.252500000000000000e+04 -4.000000000000000000e+03 1.310365309959660163e-02 4.127010852700180830e-03 3.892741280656664138e-02
1.252500000000000000e+04 -4.000000000000000000e+03 1.310365309959660163e-02 4.127010852700180830e-03 3.892741280656664138e-02
1.652500000000000000e+04 -4.000000000000000000e+03 1.722766059026829832e-02 5.251591107642275200e-03 4.469021362391308733e-02
1.652500000000000000e+04 -4.000000000000000000e+03 1.722766059026829832e-02 5.251591107642275200e-03 4.469021362391308733e-02
2.052500000000000000e+04 -4.000000000000000000e+03 4.664752268579832294e-03 7.168176901112840657e-03 4.558544298604265410e-02
2.052500000000000000e+04 -4.000000000000000000e+03 4.664752268579832294e-03 7.168176901112840657e-03 4.558544298604265410e-02
2.452500000000000000e+04 -4.000000000000000000e+03 3.822458725638522292e-03 9.383215259615280968e-03 4.554767323954615754e-02
2.452500000000000000e+04 -4.000000000000000000e+03 3.822458725638522292e-03 9.383215259615280968e-03 4.554767323954615754e-02
2.852500000000000000e+04 -4.000000000000000000e+03 2.422258440007510338e-02 1.308208909392746290e-02 4.069830861387647991e-02
2.852500000000000000e+04 -4.000000000000000000e+03 2.422258440007510338e-02 1.308208909392746290e-02 4.069830861387647991e-02
3.252500000000000000e+04 -4.000000000000000000e+03 1.764654259127655320e-02 1.709005118435933529e-02 3.569107822324499302e-02
3.252500000000000000e+04 -4.000000000000000000e+03 1.764654259127655320e-02 1.709005118435933529e-02 3.569107822324499302e-02
2.525000000000000000e+03 0.000000000000000000e+00 3.269525834158546612e-02 1.877443970401242515e-02 1.298843914917156405e-03
2.525000000000000000e+03 0.000000000000000000e+00 3.269525834158546612e-02 1.877443970401242515e-02 1.298843914917156405e-03
4.525000000000000000e+03 0.000000000000000000e+00 2.681430573299328768e-02 1.919199582067623519e-02 1.755395993469325774e-03
4.525000000000000000e+03 0.000000000000000000e+00 2.681430573299328768e-02 1.919199582067623519e-02 1.755395993469325774e-03
8.525000000000000000e+03 0.000000000000000000e+00 2.696643737049565781e-02 1.616636878171079372e-02 6.234405634913078864e-03
8.525000000000000000e+03 0.000000000000000000e+00 2.696643737049565781e-02 1.616636878171079372e-02 6.234405634913078864e-03
1.252500000000000000e+04 0.000000000000000000e+00 2.613149125570782272e-02 1.677430793055782743e-02 8.682334561479761875e-03
1.252500000000000000e+04 0.000000000000000000e+00 2.613149125570782272e-02 1.677430793055782743e-02 8.682334561479761875e-03
1.652500000000000000e+04 0.000000000000000000e+00 2.682399160734505461e-02 1.810363275633886798e-02 1.345070814678717142e-02
1.652500000000000000e+04 0.000000000000000000e+00 2.682399160734505461e-02 1.810363275633886798e-02 1.345070814678717142e-02
2.052500000000000000e+04 0.000000000000000000e+00 2.817473388315446664e-02 1.653876073496553939e-02 1.572166401974296052e-02
2.052500000000000000e+04 0.000000000000000000e+00 2.817473388315446664e-02 1.653876073496553939e-02 1.572166401974296052e-02
2.452500000000000000e+04 0.000000000000000000e+00 2.991374352090090533e-02 1.501502524609794366e-02 1.485572676370578230e-02
2.452500000000000000e+04 0.000000000000000000e+00 2.991374352090090533e-02 1.501502524609794366e-02 1.485572676370578230e-02
2.852500000000000000e+04 0.000000000000000000e+00 3.151033533976930340e-02 2.104797966138436532e-02 1.151181469037801039e-02
2.852500000000000000e+04 0.000000000000000000e+00 3.151033533976930340e-02 2.104797966138436532e-02 1.151181469037801039e-02
3.252500000000000000e+04 0.000000000000000000e+00 3.251693899479018296e-02 1.468807026240568497e-02 7.850680999486315398e-03
3.252500000000000000e+04 0.000000000000000000e+00 3.251693899479018296e-02 1.468807026240568497e-02 7.850680999486315398e-03
3.252500000000000000e+04 0.000000000000000000e+00 3.251693899479018296e-02 1.468807026240568497e-02 7.850680999486315398e-03
3.252500000000000000e+04 0.000000000000000000e+00 3.251693899479018296e-02 1.468807026240568497e-02 7.850680999486315398e-03
2.852500000000000000e+04 0.000000000000000000e+00 3.151033533976930340e-02 2.104797966138436532e-02 1.151181469037801039e-02
2.852500000000000000e+04 0.000000000000000000e+00 3.151033533976930340e-02 2.104797966138436532e-02 1.151181469037801039e-02
2.452500000000000000e+04 0.000000000000000000e+00 2.991374352090090533e-02 1.501502524609794366e-02 1.485572676370578230e-02
2.452500000000000000e+04 0.000000000000000000e+00 2.991374352090090533e-02 1.501502524609794366e-02 1.485572676370578230e-02
2.052500000000000000e+04 0.000000000000000000e+00 2.817473388315446664e-02 1.653876073496553939e-02 1.572166401974296052e-02
2.052500000000000000e+04 0.000000000000000000e+00 2.817473388315446664e-02 1.653876073496553939e-02 1.572166401974296052e-02
1.652500000000000000e+04 0.000000000000000000e+00 2.682399160734505461e-02 1.810363275633886798e-02 1.345070814678717142e-02
1.652500000000000000e+04 0.000000000000000000e+00 2.682399160734505461e-02 1.810363275633886798e-02 1.345070814678717142e-02
1.252500000000000000e+04 0.000000000000000000e+00 2.613149125570782272e-02 1.677430793055782743e-02 8.682334561479761875e-03
1.252500000000000000e+04 0.000000000000000000e+00 2.613149125570782272e-02 1.677430793055782743e-02 8.682334561479761875e-03
8.525000000000000000e+03 0.000000000000000000e+00 2.696643737049565781e-02 1.616636878171079372e-02 6.234405634913078864e-03
8.525000000000000000e+03 0.000000000000000000e+00 2.696643737049565781e-02 1.616636878171079372e-02 6.234405634913078864e-03
4.525000000000000000e+03 0.000000000000000000e+00 2.681430573299328768e-02 1.919199582067623519e-02 1.755395993469325774e-03
4.525000000000000000e+03 0.000000000000000000e+00 2.681430573299328768e-02 1.919199582067623519e-02 1.755395993469325774e-03
2.525000000000000000e+03 0.000000000000000000e+00 3.269525834158546612e-02 1.877443970401242515e-02 1.298843914917156405e-03
2.525000000000000000e+03 0.000000000000000000e+00 3.269525834158546612e-02 1.877443970401242515e-02 1.298843914917156405e-03
2.525000000000000000e+03 0.000000000000000000e+00 3.269525834158546612e-02 1.877443970401242515e-02 1.298843914917156405e-03
2.525000000000000000e+03 0.000000000000000000e+00 3.269525834158546612e-02 1.877443970401242515e-02 1.298843914917156405e-03
4.525000000000000000e+03 0.000000000000000000e+00 2.681430573299328768e-02 1.919199582067623519e-02 1.755395993469325774e-03
4.525000000000000000e+03 0.000000000000000000e+00 2.681430573299328768e-02 1.919199582067623519e-02 1.755395993469325774e-03
8.525000000000000000e+03 0.000000000000000000e+00 2.696643737049565781e-02 1.616636878171079372e-02 6.234405634913078864e-03
8.525000000000000000e+03 0.000000000000000000e+00 2.696643737049565781e-02 1.616636878171079372e-02 6.234405634913078864e-03
1.252500000000000000e+04 0.000000000000000000e+00 2.613149125570782272e-02 1.677430793055782743e-02 8.682334561479761875e-03
1.252500000000000000e+04 0.000000000000000000e+00 2.613149125570782272e-02 1.677430793055782743e-02 8.682334561479761875e-03
1.652500000000000000e+04 0.000000000000000000e+00 2.682399160734505461e-02 1.810363275633886798e-02 1.345070814678717142e-02
1.652500000000000000e+04 0.000000000000000000e+00 2.682399160734505461e-02 1.810363275633886798e-02 1.345070814678717142e-02
2.052500000000000000e+04 0.000000000000000000e+00 2.817473388315446664e-02 1.653876073496553939e-02 1.572166401974296052e-02
2.052500000000000000e+04 0.000000000000000000e+00 2.817473388315446664e-02 1.653876073496553939e-02 1.572166401974296052e-02
2.452500000000000000e+04 0.000000000000000000e+00 2.991374352090090533e-02 1.501502524609794366e-02 1.485572676370578230e-02
2.452500000000000000e+04 0.000000000000000000e+00 2.991374352090090533e-02 1.501502524609794366e-02 1.485572676370578230e-02
2.852500000000000000e+04 0.000000000000000000e+00 3.151033533976930340e-02 2.104797966138436532e-02 1.151181469037801039e-02
2.852500000000000000e+04 0.000000000000000000e+00 3.151033533976930340e-02 2.104797966138436532e-02 1.151181469037801039e-02
3.252500000000000000e+04 0.000000000000000000e+00 3.251693899479018296e-02 1.468807026240568497e-02 7.850680999486315398e-03
3.252500000000000000e+04 0.000000000000000000e+00 3.251693899479018296e-02 1.468807026240568497e-02 7.850680999486315398e-03
