3.400000000000000000e+03 -5.000000000000000000e+01 -5.150000000000000000e+04 4.479584524999999928e+01 3.779512499999999192e-02 -5.978012812500000273e+00 9.091937499999999325e-03 -3.994611375000000297e+00 7.624062500000001498e-03 1.000000000000000000e+00 -5.658145256250000443e+01 1.488931250000000150e-01 1.311050625306250004e+04
3.400000000000000000e+03 -5.000000000000000000e+01 -3.450000000000000000e+04 4.572546681249999523e+01 4.340199999999999614e-02 -5.937660999999999412e+00 9.679562499999998931e-03 -3.687971187499999637e+00 9.154124999999999068e-03 1.000000000000000000e+00 -5.663043568750000389e+01 1.507434374999999938e-01 1.730899489281250499e+04
3.400000000000000000e+03 -5.000000000000000000e+01 -1.750000000000000000e+04 4.675530956250000969e+01 3.928406250000000127e-02 -6.097555187500001139e+00 8.834624999999998729e-03 -3.328396000000000132e+00 8.150437499999999696e-03 1.000000000000000000e+00 -5.663727525000000185e+01 1.462716874999999972e-01 2.150720820443749835e+04
3.400000000000000000e+03 3.950000000000000000e+03 -5.150000000000000000e+04 4.535970512500000495e+01 4.003712500000000674e-02 -3.456823250000000236e+00 1.009400000000000054e-02 -2.718321374999999929e+00 1.051875000000000032e-02 1.000000000000000000e+00 -5.659280112500000826e+01 1.338025624999999996e-01 1.414951586837499963e+04
3.400000000000000000e+03 3.950000000000000000e+03 -3.450000000000000000e+04 4.627973381249999107e+01 4.383956249999999139e-02 -3.272527000000000186e+00 1.013818749999999790e-02 -2.379931562500000375e+00 9.753187499999999704e-03 1.000000000000000000e+00 -5.663105550000000221e+01 1.466319375000000313e-01 1.834796531849999883e+04
3.400000000000000000e+03 3.950000000000000000e+03 -1.750000000000000000e+04 4.736476268749999718e+01 4.055756250000000507e-02 -2.925117937499999599e+00 9.103062499999998308e-03 -1.982090375000000293e+00 8.599624999999999631e-03 1.000000000000000000e+00 -5.666988806250000721e+01 1.451075625000000369e-01 2.254616637949999858e+04
3.400000000000000000e+03 7.950000000000000000e+03 -5.150000000000000000e+04 4.546872724999999349e+01 4.248218750000000432e-02 -2.367077562499999566e+00 1.022862499999999814e-02 -1.222646687499999940e+00 8.592687500000001366e-03 1.000000000000000000e+00 -5.659832943749998435e+01 1.434067499999999995e-01 1.518857304912499967e+04
3.400000000000000000e+03 7.950000000000000000e+03 -3.450000000000000000e+04 4.637591124999999437e+01 4.462218750000000733e-02 -2.170296124999999687e+00 1.066762500000000002e-02 -8.352490624999999724e-01 9.451312499999999645e-03 1.000000000000000000e+00 -5.664789668750000118e+01 1.482465625000000120e-01 1.938695055743749981e+04
3.400000000000000000e+03 7.950000000000000000e+03 -1.750000000000000000e+04 4.741546024999999531e+01 4.105487500000000456e-02 -2.260521999999999920e+00 9.493374999999998343e-03 -4.660304374999999499e-01 9.008749999999997662e-03 1.000000000000000000e+00 -5.667769300000001209e+01 1.343626874999999943e-01 2.358528737631250260e+04
3.400000000000000000e+03 1.195000000000000000e+04 -5.150000000000000000e+04 4.525869568749999416e+01 3.914887500000000659e-02 -1.844393937500000247e+00 8.816000000000000919e-03 -2.474644624999999820e+00 8.695312499999999917e-03 1.000000000000000000e+00 -5.657083081250000589e+01 1.462724374999999910e-01 1.622769217074999870e+04
3.400000000000000000e+03 1.195000000000000000e+04 -3.450000000000000000e+04 4.617677737499999324e+01 4.861224999999999574e-02 -1.972799749999999852e+00 1.053768750000000018e-02 -2.122298437500000023e+00 1.021137499999999997e-02 1.000000000000000000e+00 -5.664503300000000507e+01 1.527378750000000229e-01 2.042592992106249585e+04
3.400000000000000000e+03 1.195000000000000000e+04 -1.750000000000000000e+04 4.717684062499999698e+01 4.484424999999998829e-02 -2.060301125000000066e+00 9.201937500000000048e-03 -1.771990499999999580e+00 9.102812499999999793e-03 1.000000000000000000e+00 -5.663814831249999315e+01 1.378247499999999959e-01 2.462421667462500045e+04
7.700000000000000000e+03 -5.000000000000000000e+01 -5.150000000000000000e+04 4.479273106250000325e+01 3.893131250000000237e-02 -5.977069937500000485e+00 9.677062499999999901e-03 -3.742714562500000675e+00 8.407750000000000293e-03 1.000000000000000000e+00 -5.658667381249998840e+01 1.427590624999999780e-01 1.311050656537500072e+04
7.700000000000000000e+03 -5.000000000000000000e+01 -3.450000000000000000e+04 4.571656937499999174e+01 4.545793750000000355e-02 -6.029847312499999390e+00 1.015606250000000016e-02 -3.400981999999999950e+00 9.168062499999999129e-03 1.000000000000000000e+00 -5.663084387499999650e+01 1.528020000000000211e-01 1.730899383025000134e+04
7.700000000000000000e+03 -5.000000000000000000e+01 -1.750000000000000000e+04 4.673946124999999796e+01 3.930743750000000036e-02 -6.159741624999999665e+00 8.736874999999999850e-03 -2.954788375000000133e+00 8.470687499999999051e-03 1.000000000000000000e+00 -5.664007962500001270e+01 1.343484374999999731e-01 2.150720820431250104e+04
7.700000000000000000e+03 3.950000000000000000e+03 -5.150000000000000000e+04 4.522793143750000411e+01 4.043731250000000277e-02 -3.613668625000000301e+00 9.560187500000000976e-03 -2.054389187499999991e+00 1.098731250000000229e-02 1.000000000000000000e+00 -5.658610168749999758e+01 1.458639374999999849e-01 1.414951574343749780e+04
7.700000000000000000e+03 3.950000000000000000e+03 -3.450000000000000000e+04 4.614306074999999652e+01 4.689587500000000353e-02 -3.477632187500000693e+00 1.025187500000000057e-02 -1.661135124999999713e+00 8.888562500000000630e-03 1.000000000000000000e+00 -5.663568674999999786e+01 1.464198750000000049e-01 1.834796500593749806e+04
7.700000000000000000e+03 3.950000000000000000e+03 -1.750000000000000000e+04 4.722406168749999722e+01 4.108331249999999657e-02 -3.070327562499999718e+00 9.814937499999999010e-03 -1.234306187499999874e+00 9.432062500000001209e-03 1.000000000000000000e+00 -5.666942300000000188e+01 1.373817499999999969e-01 2.254616662931249812e+04
7.700000000000000000e+03 7.950000000000000000e+03 -5.150000000000000000e+04 4.545250181250000310e+01 4.157568749999999980e-02 -2.618309875000000009e+00 9.992499999999999646e-03 -1.465988187500000040e+00 7.759124999999999529e-03 1.000000000000000000e+00 -5.659444037499999069e+01 1.421364375000000180e-01 1.518857192399999803e+04
7.700000000000000000e+03 7.950000000000000000e+03 -3.450000000000000000e+04 4.636281068750000145e+01 4.631506250000000380e-02 -2.462460125000000222e+00 1.006425000000000028e-02 -1.083390875000000086e+00 9.891562500000001049e-03 1.000000000000000000e+00 -5.665156518750000458e+01 1.468553125000000015e-01 1.938695037006249913e+04
7.700000000000000000e+03 7.950000000000000000e+03 -1.750000000000000000e+04 4.740723337499999701e+01 4.048756249999999751e-02 -2.504957000000000100e+00 9.256125000000000463e-03 -7.471876250000000219e-01 8.993062499999999321e-03 1.000000000000000000e+00 -5.667414962499999831e+01 1.328652500000000181e-01 2.358528656356250212e+04
7.700000000000000000e+03 1.195000000000000000e+04 -5.150000000000000000e+04 4.536833531250000107e+01 3.722493749999999935e-02 -2.012830249999999932e+00 8.348437499999999956e-03 -3.148567875000000349e+00 9.152062499999998740e-03 1.000000000000000000e+00 -5.657764668749999970e+01 1.430319999999999925e-01 1.622769235831249898e+04
7.700000000000000000e+03 1.195000000000000000e+04 -3.450000000000000000e+04 4.629041487500000329e+01 4.810656250000000522e-02 -2.132279187499999562e+00 1.052981250000000098e-02 -2.814775812499999752e+00 1.090375000000000372e-02 1.000000000000000000e+00 -5.665015575000000325e+01 1.391625625000000033e-01 2.042592979631250273e+04
7.700000000000000000e+03 1.195000000000000000e+04 -1.750000000000000000e+04 4.729082137500000016e+01 4.407993749999999933e-02 -2.211292750000000140e+00 9.424125000000000210e-03 -2.515306937499999673e+00 1.189856249999999942e-02 1.000000000000000000e+00 -5.662907068749999695e+01 1.364470624999999937e-01 2.462422092481250365e+04
1.200000000000000000e+04 -5.000000000000000000e+01 -5.150000000000000000e+04 4.477420156250000360e+01 3.823149999999999465e-02 -5.917944874999998994e+00 9.036999999999999894e-03 -3.723019750000000183e+00 8.319000000000000006e-03 1.000000000000000000e+00 -5.658352675000000431e+01 1.449403124999999737e-01 1.311050662812499650e+04
1.200000000000000000e+04 -5.000000000000000000e+01 -3.450000000000000000e+04 4.569279631249999341e+01 4.475725000000000536e-02 -5.973486124999999980e+00 9.584937499999999708e-03 -3.286100000000000243e+00 8.989187499999998915e-03 1.000000000000000000e+00 -5.663110624999999487e+01 1.589638124999999957e-01 1.730899326762499913e+04
1.200000000000000000e+04 -5.000000000000000000e+01 -1.750000000000000000e+04 4.673208306249999566e+01 3.644124999999999448e-02 -6.121036062499999986e+00 8.617937500000000597e-03 -2.832341312500000097e+00 8.415375000000000980e-03 1.000000000000000000e+00 -5.664304193749999428e+01 1.463954999999999840e-01 2.150720764162499836e+04
1.200000000000000000e+04 3.950000000000000000e+03 -5.150000000000000000e+04 4.507669662499998964e+01 3.911781250000000848e-02 -3.674182500000000129e+00 9.644249999999998310e-03 -1.624287249999999849e+00 8.825500000000001746e-03 1.000000000000000000e+00 -5.659933681249999182e+01 1.365198125000000040e-01 1.414951255568750094e+04
1.200000000000000000e+04 3.950000000000000000e+03 -3.450000000000000000e+04 4.598149949999999109e+01 4.576262500000000122e-02 -3.534909374999999798e+00 9.524437499999998183e-03 -1.146928250000000205e+00 9.328687500000000174e-03 1.000000000000000000e+00 -5.664163537500000700e+01 1.520461874999999852e-01 1.834796500581249711e+04
1.200000000000000000e+04 3.950000000000000000e+03 -1.750000000000000000e+04 4.705633568750000961e+01 4.338512500000000355e-02 -3.130116250000000377e+00 8.507124999999999063e-03 -6.747812499999999991e-01 9.053124999999998673e-03 1.000000000000000000e+00 -5.666876725000000192e+01 1.371658125000000117e-01 2.254616625424999802e+04
1.200000000000000000e+04 7.950000000000000000e+03 -5.150000000000000000e+04 4.545411237500000112e+01 4.108612500000000112e-02 -2.765755062499999362e+00 1.016393749999999936e-02 -1.445912812500000033e+00 8.677312499999999262e-03 1.000000000000000000e+00 -5.659476518750000196e+01 1.381656250000000141e-01 1.518856973631249821e+04
1.200000000000000000e+04 7.950000000000000000e+03 -3.450000000000000000e+04 4.636026562500000381e+01 4.574143750000000258e-02 -2.621187187500000793e+00 1.023075000000000026e-02 -1.158431812499999936e+00 9.484750000000001860e-03 1.000000000000000000e+00 -5.663986199999999371e+01 1.416564999999999630e-01 1.938695005750000200e+04
1.200000000000000000e+04 7.950000000000000000e+03 -1.750000000000000000e+04 4.740022093749999499e+01 4.100506250000000158e-02 -2.654058374999999526e+00 8.684249999999999262e-03 -8.330520624999999679e-01 8.637562499999999407e-03 1.000000000000000000e+00 -5.669564000000000448e+01 1.442391249999999958e-01 2.358528650118750375e+04
1.200000000000000000e+04 1.195000000000000000e+04 -5.150000000000000000e+04 4.547238262500000161e+01 3.871299999999999741e-02 -2.056069187500000339e+00 8.682687499999999434e-03 -3.613550437500000267e+00 9.522437499999999652e-03 1.000000000000000000e+00 -5.657449356249999539e+01 1.422130000000000061e-01 1.622769198331250118e+04
1.200000000000000000e+04 1.195000000000000000e+04 -3.450000000000000000e+04 4.639579349999999636e+01 4.725956249999999775e-02 -2.180355937499999897e+00 1.032131249999999889e-02 -3.341230687500000407e+00 1.077087500000000093e-02 1.000000000000000000e+00 -5.665181275000000483e+01 1.464443125000000068e-01 2.042593010874999891e+04
1.200000000000000000e+04 1.195000000000000000e+04 -1.750000000000000000e+04 4.740337337499999393e+01 4.400756249999999981e-02 -2.265171437499999829e+00 9.726437499999998973e-03 -3.056483124999999745e+00 8.672312499999999466e-03 1.000000000000000000e+00 -5.663456918749999858e+01 1.493596249999999959e-01 2.462422298737500387e+04
1.630000000000000000e+04 -5.000000000000000000e+01 -5.150000000000000000e+04 4.472574868749999411e+01 3.778218749999999460e-02 -6.039047624999999364e+00 8.776062499999999142e-03 -3.692272562500000355e+00 8.008562500000001791e-03 1.000000000000000000e+00 -5.657834400000000130e+01 1.504682499999999978e-01 1.311050637781250225e+04
1.630000000000000000e+04 -5.000000000000000000e+01 -3.450000000000000000e+04 4.565123318749999726e+01 4.268487500000000406e-02 -6.090648562500000196e+00 1.038693750000000207e-02 -3.184130875000000138e+00 8.813249999999999904e-03 1.000000000000000000e+00 -5.662868325000000169e+01 1.525299999999999989e-01 1.730899314262500047e+04
1.630000000000000000e+04 -5.000000000000000000e+01 -1.750000000000000000e+04 4.668165643749998850e+01 3.923381249999999959e-02 -6.277810687499999709e+00 8.583375000000000726e-03 -2.702895187500000240e+00 8.714562500000000086e-03 1.000000000000000000e+00 -5.665031675000000888e+01 1.457276874999999805e-01 2.150720751668750017e+04
1.630000000000000000e+04 3.950000000000000000e+03 -5.150000000000000000e+04 4.488524387500000756e+01 3.920337499999999864e-02 -3.918696937500000033e+00 8.647500000000000672e-03 -1.157970437499999949e+00 9.114437499999999276e-03 1.000000000000000000e+00 -5.659223499999999518e+01 1.317968125000000268e-01 1.414951286806250209e+04
1.630000000000000000e+04 3.950000000000000000e+03 -3.450000000000000000e+04 4.578273912500000620e+01 4.449706250000000363e-02 -3.786798062500000395e+00 1.034637499999999967e-02 -6.973923125000000001e-01 9.695687499999999445e-03 1.000000000000000000e+00 -5.663377937499999604e+01 1.513736249999999839e-01 1.834796575612500237e+04
1.630000000000000000e+04 3.950000000000000000e+03 -1.750000000000000000e+04 4.684913218749998975e+01 3.952431250000000562e-02 -3.431906937499999977e+00 9.392937500000000245e-03 -1.903906875000000165e-01 9.150125000000000272e-03 1.000000000000000000e+00 -5.668177306250000669e+01 1.412325000000000108e-01 2.254616550418750194e+04
1.630000000000000000e+04 7.950000000000000000e+03 -5.150000000000000000e+04 4.543128549999998711e+01 3.839837499999999848e-02 -3.114174062500000506e+00 1.068374999999999880e-02 -1.437449562499999889e+00 8.659812500000000843e-03 1.000000000000000000e+00 -5.658924568750001072e+01 1.365234999999999921e-01 1.518856742374999885e+04
1.630000000000000000e+04 7.950000000000000000e+03 -3.450000000000000000e+04 4.634196637499999127e+01 4.819281249999999434e-02 -2.962855812499999519e+00 1.006112499999999889e-02 -1.188869312500000053e+00 9.893124999999999142e-03 1.000000000000000000e+00 -5.664045512499998836e+01 1.551523125000000003e-01 1.938695118243750039e+04
1.630000000000000000e+04 7.950000000000000000e+03 -1.750000000000000000e+04 4.737504368749999628e+01 4.007768749999999353e-02 -3.022250999999999799e+00 9.217750000000000249e-03 -8.936849374999999984e-01 8.819999999999999715e-03 1.000000000000000000e+00 -5.669086281250001491e+01 1.430481874999999792e-01 2.358528575112500039e+04
1.630000000000000000e+04 1.195000000000000000e+04 -5.150000000000000000e+04 4.554594475000001097e+01 4.021224999999999106e-02 -2.304909124999999559e+00 8.533875000000001529e-03 -4.055707312500000050e+00 1.032150000000000081e-02 1.000000000000000000e+00 -5.656609537499999618e+01 1.499349999999999850e-01 1.622769010806250117e+04
1.630000000000000000e+04 1.195000000000000000e+04 -3.450000000000000000e+04 4.646932293749999587e+01 4.799256250000000223e-02 -2.448543124999999598e+00 1.089812499999999983e-02 -3.821031437500000294e+00 1.045081250000000003e-02 1.000000000000000000e+00 -5.665997868750000066e+01 1.495075624999999964e-01 2.042592998362499929e+04
1.630000000000000000e+04 1.195000000000000000e+04 -1.750000000000000000e+04 4.747126068749999916e+01 4.275799999999999740e-02 -2.544455437499999917e+00 1.035931250000000046e-02 -3.621002374999999773e+00 9.057249999999999329e-03 1.000000000000000000e+00 -5.663428306249999622e+01 1.353143750000000145e-01 2.462422173737499907e+04
2.060000000000000000e+04 -5.000000000000000000e+01 -5.150000000000000000e+04 4.469141943749999513e+01 3.764531249999999996e-02 -6.047591249999999974e+00 8.731687499999999866e-03 -3.668827187499999809e+00 8.339875000000000066e-03 1.000000000000000000e+00 -5.658172668750000156e+01 1.529778124999999767e-01 1.311050612793750042e+04
2.060000000000000000e+04 -5.000000000000000000e+01 -3.450000000000000000e+04 4.561005924999999905e+01 4.313456250000000103e-02 -6.118867999999999974e+00 9.327687500000000909e-03 -3.174572562499999862e+00 9.841687499999999741e-03 1.000000000000000000e+00 -5.663936443750000649e+01 1.544556249999999853e-01 1.730899389275000067e+04
2.060000000000000000e+04 -5.000000000000000000e+01 -1.750000000000000000e+04 4.663776856249999980e+01 3.779906249999999412e-02 -6.296824500000000491e+00 8.536874999999999325e-03 -2.656539937500000281e+00 8.770125000000000143e-03 1.000000000000000000e+00 -5.665302568749999068e+01 1.443178125000000034e-01 2.150720739181249883e+04
2.060000000000000000e+04 3.950000000000000000e+03 -5.150000000000000000e+04 4.468029818750000004e+01 3.913624999999999743e-02 -4.090532437500000285e+00 9.680749999999998384e-03 -7.425791875000000708e-01 7.928750000000001769e-03 1.000000000000000000e+00 -5.660157500000000397e+01 1.449641249999999992e-01 1.414951205550000122e+04
2.060000000000000000e+04 3.950000000000000000e+03 -3.450000000000000000e+04 4.556788843750000240e+01 4.408712499999999784e-02 -3.952117937500000178e+00 1.024887499999999931e-02 -2.055683749999999976e-01 9.303687499999999458e-03 1.000000000000000000e+00 -5.663729618749999872e+01 1.482505625000000160e-01 1.834796513099999720e+04
2.060000000000000000e+04 3.950000000000000000e+03 -1.750000000000000000e+04 4.662353343750000079e+01 4.151693749999999655e-02 -3.571773812500000034e+00 9.140874999999999695e-03 3.576771250000000402e-01 8.766124999999999612e-03 1.000000000000000000e+00 -5.666537581250000244e+01 1.310858749999999906e-01 2.254616537931250059e+04
2.060000000000000000e+04 7.950000000000000000e+03 -5.150000000000000000e+04 4.541859574999999438e+01 4.246931250000000185e-02 -3.358690562500000087e+00 9.933874999999998262e-03 -1.366492000000000040e+00 8.920187499999999298e-03 1.000000000000000000e+00 -5.658759181250000836e+01 1.393331250000000021e-01 1.518856729868749972e+04
2.060000000000000000e+04 7.950000000000000000e+03 -3.450000000000000000e+04 4.631926524999999373e+01 4.616912499999999836e-02 -3.232087749999998927e+00 1.023143749999999921e-02 -1.160488062500000028e+00 9.503499999999998060e-03 1.000000000000000000e+00 -5.664323568750000248e+01 1.408917500000000100e-01 1.938695143256249867e+04
2.060000000000000000e+04 7.950000000000000000e+03 -1.750000000000000000e+04 4.735258631250000150e+01 4.086193750000000069e-02 -3.264891812500000157e+00 9.015374999999999084e-03 -8.787084375000001613e-01 8.287687499999999916e-03 1.000000000000000000e+00 -5.667621193749999264e+01 1.408366250000000208e-01 2.358528375087499808e+04
2.060000000000000000e+04 1.195000000000000000e+04 -5.150000000000000000e+04 4.560536574999999715e+01 3.827856250000000182e-02 -2.487472000000000349e+00 8.752249999999999613e-03 -4.493525187499999518e+00 8.348124999999999643e-03 1.000000000000000000e+00 -5.656225081249999675e+01 1.444935625000000057e-01 1.622768960806249925e+04
2.060000000000000000e+04 1.195000000000000000e+04 -3.450000000000000000e+04 4.652220962500000212e+01 4.754375000000000268e-02 -2.617089562499999911e+00 1.122631250000000018e-02 -4.314361562500000247e+00 9.912875000000001546e-03 1.000000000000000000e+00 -5.664246993749998893e+01 1.530626874999999887e-01 2.042593023387499852e+04
2.060000000000000000e+04 1.195000000000000000e+04 -1.750000000000000000e+04 4.752466218750000593e+01 4.637799999999999562e-02 -2.717465062500000084e+00 9.765374999999999750e-03 -4.129561999999999955e+00 8.561562499999999729e-03 1.000000000000000000e+00 -5.662825112499999847e+01 1.457643750000000293e-01 2.462421961212500173e+04
2.490000000000000000e+04 -5.000000000000000000e+01 -5.150000000000000000e+04 4.467748781249999723e+01 4.151712500000000194e-02 -5.841391062499999620e+00 9.521749999999998965e-03 -3.671029812500000045e+00 8.379875000000001906e-03 1.000000000000000000e+00 -5.658157768750000827e+01 1.565657499999999758e-01 1.311050731543750044e+04
2.490000000000000000e+04 -5.000000000000000000e+01 -3.450000000000000000e+04 4.559198274999999256e+01 4.592793750000000869e-02 -5.946853687499999985e+00 1.076843750000000197e-02 -3.166358875000000239e+00 8.988312500000001509e-03 1.000000000000000000e+00 -5.663966237500000034e+01 1.550934999999999953e-01 1.730899376768750153e+04
2.490000000000000000e+04 -5.000000000000000000e+01 -1.750000000000000000e+04 4.662884093750000147e+01 3.821312500000000056e-02 -6.062226124999999577e+00 8.020437499999999789e-03 -2.601272249999999620e+00 8.291062499999999821e-03 1.000000000000000000e+00 -5.665758250000001084e+01 1.409009999999999985e-01 2.150720707925000170e+04
2.490000000000000000e+04 3.950000000000000000e+03 -5.150000000000000000e+04 4.447562506250000780e+01 4.077687500000000409e-02 -4.021169437500000221e+00 9.284437499999999288e-03 -3.024067500000000019e-01 8.104874999999999233e-03 1.000000000000000000e+00 -5.658210812499999776e+01 1.437513124999999781e-01 1.414951199318750150e+04
2.490000000000000000e+04 3.950000000000000000e+03 -3.450000000000000000e+04 4.534630256250000002e+01 4.627543750000000233e-02 -3.922502812500000324e+00 9.952062500000000839e-03 2.335182500000000105e-01 9.837312500000000570e-03 1.000000000000000000e+00 -5.662554793750000215e+01 1.460874375000000003e-01 1.834796525599999950e+04
2.490000000000000000e+04 3.950000000000000000e+03 -1.750000000000000000e+04 4.638949387499999943e+01 4.153556249999999783e-02 -3.513840249999999887e+00 8.560749999999998916e-03 8.454564374999997689e-01 9.294125000000000303e-03 1.000000000000000000e+00 -5.666753062499999771e+01 1.412655624999999693e-01 2.254616544181250356e+04
2.490000000000000000e+04 7.950000000000000000e+03 -5.150000000000000000e+04 4.541618075000000232e+01 4.281456250000000713e-02 -3.409652812500000074e+00 1.004050000000000081e-02 -1.318373749999999900e+00 8.174187499999999162e-03 1.000000000000000000e+00 -5.659089687499999854e+01 1.468042499999999972e-01 1.518856948637500136e+04
2.490000000000000000e+04 7.950000000000000000e+03 -3.450000000000000000e+04 4.631839768750000275e+01 4.658550000000000191e-02 -3.246597500000000469e+00 9.805874999999998620e-03 -1.095485312499999919e+00 9.411500000000001462e-03 1.000000000000000000e+00 -5.664308675000000193e+01 1.394670000000000076e-01 1.938695143256250230e+04
2.490000000000000000e+04 7.950000000000000000e+03 -1.750000000000000000e+04 4.734880993750000044e+01 4.126262499999999028e-02 -3.243450937500000020e+00 9.437749999999999959e-03 -8.683939375000000460e-01 8.753062499999998691e-03 1.000000000000000000e+00 -5.669253768749999267e+01 1.380709999999999715e-01 2.358528350087500075e+04
2.490000000000000000e+04 1.195000000000000000e+04 -5.150000000000000000e+04 4.565976099999999605e+01 4.043856249999999708e-02 -2.417183312500000181e+00 8.695124999999997994e-03 -4.914135437499998815e+00 9.131749999999999243e-03 1.000000000000000000e+00 -5.657145981249999522e+01 1.352068749999999764e-01 1.622768979562499771e+04
2.490000000000000000e+04 1.195000000000000000e+04 -3.450000000000000000e+04 4.656886406250000476e+01 4.593712500000000920e-02 -2.549601437499999346e+00 1.096600000000000352e-02 -4.762838624999999659e+00 1.047949999999999923e-02 1.000000000000000000e+00 -5.665286187499999926e+01 1.466438125000000259e-01 2.042592992099999901e+04
2.490000000000000000e+04 1.195000000000000000e+04 -1.750000000000000000e+04 4.756346081249999003e+01 4.271649999999999059e-02 -2.580556687500000113e+00 9.431000000000000147e-03 -4.680907999999999625e+00 8.938749999999998780e-03 1.000000000000000000e+00 -5.664414468750000964e+01 1.395122500000000043e-01 2.462421992468750250e+04
2.920000000000000000e+04 -5.000000000000000000e+01 -5.150000000000000000e+04 4.467844531250000273e+01 3.989031249999999695e-02 -5.466892249999999009e+00 9.604749999999996971e-03 -3.758067562499999958e+00 8.427999999999997993e-03 1.000000000000000000e+00 -5.658993424999999178e+01 1.448070625000000278e-01 1.311050769043749824e+04
2.920000000000000000e+04 -5.000000000000000000e+01 -3.450000000000000000e+04 4.560004056250000559e+01 4.182081249999999861e-02 -5.514136374999999646e+00 9.736375000000001972e-03 -3.176590125000000153e+00 8.640687500000000798e-03 1.000000000000000000e+00 -5.662713643749999903e+01 1.541399374999999627e-01 1.730899395518749952e+04
2.920000000000000000e+04 -5.000000000000000000e+01 -1.750000000000000000e+04 4.663505899999999826e+01 3.689431249999999829e-02 -5.663183312500000177e+00 8.104500000000000592e-03 -2.568082125000000104e+00 8.678312500000000262e-03 1.000000000000000000e+00 -5.665154456249999981e+01 1.416286250000000080e-01 2.150720670406250065e+04
2.920000000000000000e+04 3.950000000000000000e+03 -5.150000000000000000e+04 4.426706524999999459e+01 3.932450000000000528e-02 -3.819031562499999310e+00 9.776624999999998858e-03 6.694243750000000714e-02 8.330687499999999551e-03 1.000000000000000000e+00 -5.659070606249999713e+01 1.398245624999999992e-01 1.414951124312499815e+04
2.920000000000000000e+04 3.950000000000000000e+03 -3.450000000000000000e+04 4.512325837499999182e+01 4.759924999999998879e-02 -3.659119750000000337e+00 1.028781250000000008e-02 6.831911874999999634e-01 9.068937500000000609e-03 1.000000000000000000e+00 -5.663511756250000673e+01 1.358688124999999913e-01 1.834796538100000180e+04
2.920000000000000000e+04 3.950000000000000000e+03 -1.750000000000000000e+04 4.614288356249998913e+01 4.112568749999999385e-02 -3.286868812499999404e+00 8.648499999999999938e-03 1.335620499999999877e+00 9.225749999999999576e-03 1.000000000000000000e+00 -5.667804474999999798e+01 1.259761250000000221e-01 2.254616506681249666e+04
2.920000000000000000e+04 7.950000000000000000e+03 -5.150000000000000000e+04 4.544096118750000102e+01 4.278931249999999575e-02 -3.222623437499999799e+00 1.048718750000000172e-02 -1.203768312500000048e+00 8.897812499999999472e-03 1.000000000000000000e+00 -5.659704206250000880e+01 1.371929374999999729e-01 1.518856979899999897e+04
2.920000000000000000e+04 7.950000000000000000e+03 -3.450000000000000000e+04 4.632643618750000059e+01 4.795712499999999628e-02 -3.057181062500000657e+00 1.029512499999999872e-02 -9.997962500000000530e-01 9.334250000000000533e-03 1.000000000000000000e+00 -5.664936006250000133e+01 1.572317500000000035e-01 1.938695143256249503e+04
2.920000000000000000e+04 7.950000000000000000e+03 -1.750000000000000000e+04 4.734750843750000371e+01 4.152850000000000291e-02 -3.060486687500000080e+00 9.571249999999999897e-03 -8.254245624999999587e-01 8.665187499999999279e-03 1.000000000000000000e+00 -5.667946350000000422e+01 1.395496874999999914e-01 2.358527756312499696e+04
2.920000000000000000e+04 1.195000000000000000e+04 -5.150000000000000000e+04 4.569733974999999759e+01 3.814462499999999451e-02 -2.176634562500000314e+00 9.085750000000000076e-03 -5.330222625000000214e+00 8.780312499999999923e-03 1.000000000000000000e+00 -5.657522674999999168e+01 1.336758750000000273e-01 1.622769104556250022e+04
2.920000000000000000e+04 1.195000000000000000e+04 -3.450000000000000000e+04 4.659586450000000468e+01 4.915487499999999371e-02 -2.272617749999999770e+00 1.117381249999999972e-02 -5.240167187500000878e+00 9.888749999999998236e-03 1.000000000000000000e+00 -5.665327625000000467e+01 1.451303750000000059e-01 2.042593029631249374e+04
2.920000000000000000e+04 1.195000000000000000e+04 -1.750000000000000000e+04 4.758013200000000609e+01 4.152037499999999826e-02 -2.359606812500000039e+00 9.370312500000000169e-03 -5.174913687500000137e+00 9.124562500000000728e-03 1.000000000000000000e+00 -5.664862999999999715e+01 1.492134999999999989e-01 2.462421986231249684e+04
3.350000000000000000e+04 -5.000000000000000000e+01 -5.150000000000000000e+04 4.468977637500000100e+01 3.968681250000000160e-02 -4.958363687500000339e+00 9.096562500000000481e-03 -3.824661625000000953e+00 7.916562499999999988e-03 1.000000000000000000e+00 -5.658879887499999484e+01 1.318674999999999986e-01 1.311050806556250063e+04
3.350000000000000000e+04 -5.000000000000000000e+01 -3.450000000000000000e+04 4.560895312499999932e+01 4.320424999999999960e-02 -5.014466312499999745e+00 1.017850000000000005e-02 -3.233598124999999879e+00 8.840625000000001260e-03 1.000000000000000000e+00 -5.664181712500000998e+01 1.491957499999999881e-01 1.730899439268749848e+04
3.350000000000000000e+04 -5.000000000000000000e+01 -1.750000000000000000e+04 4.663182224999999903e+01 3.895200000000000051e-02 -5.189983687500000720e+00 8.898999999999998925e-03 -2.592046437499999634e+00 8.528374999999997763e-03 1.000000000000000000e+00 -5.665815468750000150e+01 1.471650624999999990e-01 2.150720551662500293e+04
3.350000000000000000e+04 3.950000000000000000e+03 -5.150000000000000000e+04 4.404394587500000569e+01 4.055250000000000521e-02 -3.504940500000000014e+00 9.166124999999998926e-03 4.141341875000000283e-01 9.780812499999999576e-03 1.000000000000000000e+00 -5.660095812499999113e+01 1.407749375000000025e-01 1.414951999374999832e+04
3.350000000000000000e+04 3.950000000000000000e+03 -3.450000000000000000e+04 4.488439299999998866e+01 4.899218750000000622e-02 -3.348620125000000058e+00 1.019475000000000069e-02 1.083812312500000097e+00 9.659250000000001168e-03 1.000000000000000000e+00 -5.662856981250000388e+01 1.494029374999999993e-01 1.834796600593749827e+04
3.350000000000000000e+04 3.950000000000000000e+03 -1.750000000000000000e+04 4.587720537499999551e+01 4.210568750000000249e-02 -2.965643187500000000e+00 9.419500000000000789e-03 1.760891187499999733e+00 1.163468749999999920e-02 1.000000000000000000e+00 -5.666292912500000511e+01 1.495819375000000118e-01 2.254616506681250030e+04
3.350000000000000000e+04 7.950000000000000000e+03 -5.150000000000000000e+04 4.546038918750001301e+01 4.064687499999999204e-02 -2.971044250000000719e+00 9.967250000000000415e-03 -1.054232374999999999e+00 9.031937500000001770e-03 1.000000000000000000e+00 -5.660038287499999399e+01 1.405999375000000218e-01 1.518856936150000001e+04
3.350000000000000000e+04 7.950000000000000000e+03 -3.450000000000000000e+04 4.634352612500000390e+01 4.829574999999999840e-02 -2.819430562500000459e+00 1.001868749999999808e-02 -9.003615624999997680e-01 9.830999999999999461e-03 1.000000000000000000e+00 -5.663938818750000337e+01 1.477826250000000008e-01 1.938695274525000059e+04
3.350000000000000000e+04 7.950000000000000000e+03 -1.750000000000000000e+04 4.735681412499999965e+01 4.364406250000000403e-02 -2.757485625000000162e+00 8.680312499999998793e-03 -7.573305624999999708e-01 8.542624999999999871e-03 1.000000000000000000e+00 -5.668420781249999862e+01 1.418582500000000191e-01 2.358527793812500022e+04
3.350000000000000000e+04 1.195000000000000000e+04 -5.150000000000000000e+04 4.572508437500000866e+01 4.127937500000000703e-02 -1.872819875000000023e+00 8.796937500000000937e-03 -5.671900374999999883e+00 8.227312500000000250e-03 1.000000000000000000e+00 -5.658004881250001006e+01 1.444407500000000066e-01 1.622769117074999849e+04
3.350000000000000000e+04 1.195000000000000000e+04 -3.450000000000000000e+04 4.660708249999999708e+01 4.653112499999999957e-02 -1.946681812500000053e+00 1.069487499999999952e-02 -5.608907812500000034e+00 1.049675000000000087e-02 1.000000000000000000e+00 -5.663887868749999654e+01 1.512346249999999837e-01 2.042593135875000007e+04
3.350000000000000000e+04 1.195000000000000000e+04 -1.750000000000000000e+04 4.757537400000001071e+01 4.250218749999999657e-02 -2.006284374999999898e+00 1.065799999999999907e-02 -5.643628125000000217e+00 9.490874999999999312e-03 1.000000000000000000e+00 -5.663553781250000441e+01 1.466446250000000007e-01 2.462422023712499868e+04
