0.000000000000000000e+00 4.050000000000000000e+03 -7.000000000000000000e+04 -6.270769788937362144e+00 6.231280839712972225e-02 1.323589454151049782e+00 1.396267965285058303e-02 2.016674311259345131e+01 1.008172254996496202e-02 1.000000000000000000e+00 5.308593000000000117e+00 9.020999999999999505e-03 1.916009599999999935e+01
0.000000000000000000e+00 4.050000000000000000e+03 -7.000000000000000000e+04 -6.313045563194985554e+00 5.894174201192046991e-02 1.064278423413031582e+00 1.253477519779309934e-02 -1.379492362449761877e+01 2.765409966607122391e-02 0.000000000000000000e+00 -2.734232400000000140e+01 5.507200000000000290e-02 2.961469400000000007e+01
0.000000000000000000e+00 4.050000000000000000e+03 -6.650000000000000000e+04 -6.293247096233376858e+00 5.513400902039330975e-02 1.009617727742964766e+00 9.306656038623279878e-03 1.999866700940490816e+01 1.179164317294019958e-02 1.000000000000000000e+00 5.301580000000000403e+00 1.362900000000000049e-02 4.386150899999999808e+01
0.000000000000000000e+00 4.050000000000000000e+03 -6.650000000000000000e+04 -6.284496874446436898e+00 5.880882196992247984e-02 1.032803998970609705e+00 9.535969394431166590e-03 -1.383537118785756626e+01 2.553137546663780677e-02 0.000000000000000000e+00 -2.722682599999999908e+01 5.564600000000000102e-02 5.420810099999999920e+01
0.000000000000000000e+00 4.050000000000000000e+03 -6.300000000000000000e+04 -6.347117293772052804e+00 3.520754084087565627e-02 8.298367793323857544e-01 8.236931049317677833e-03 1.979392917811147612e+01 7.715536522294405911e-03 1.000000000000000000e+00 5.299885999999999875e+00 1.037399999999999954e-02 6.844891499999999951e+01
0.000000000000000000e+00 4.050000000000000000e+03 -6.300000000000000000e+04 -6.294811602967617326e+00 4.641004469104957619e-02 8.875673645983260807e-01 7.708091401453302273e-03 -1.416585606560652444e+01 2.729200765282069688e-02 0.000000000000000000e+00 -2.737044300000000163e+01 4.777100000000000096e-02 7.879450699999999586e+01
0.000000000000000000e+00 4.050000000000000000e+03 -5.950000000000000000e+04 -6.330564845313864986e+00 5.954092625432905878e-02 7.037464063960324756e-01 9.606280984296713607e-03 1.958838970410025127e+01 8.306678724212717205e-03 1.000000000000000000e+00 5.299572999999999645e+00 7.386000000000000204e-03 9.303832099999999627e+01
0.000000000000000000e+00 4.050000000000000000e+03 -5.950000000000000000e+04 -6.292905538888963868e+00 4.510700862854038345e-02 7.208232854227493158e-01 9.969155944931551785e-03 -1.424721353639819377e+01 2.496915053281588068e-02 0.000000000000000000e+00 -2.724158299999999855e+01 4.378499999999999753e-02 1.033819129999999973e+02
0.000000000000000000e+00 4.050000000000000000e+03 -5.600000000000000000e+04 -6.339734150275818436e+00 6.356643704944026085e-02 5.728729193389805463e-01 1.343588876153543193e-02 1.937403499723324174e+01 1.397234207379694469e-02 1.000000000000000000e+00 5.285600999999999772e+00 1.157599999999999948e-02 1.176267280000000000e+02
0.000000000000000000e+00 4.050000000000000000e+03 -5.600000000000000000e+04 -6.279321525373347868e+00 6.264989245629970505e-02 5.871676073315924560e-01 1.141906107804492414e-02 -1.458080595749735586e+01 3.143495597754134008e-02 0.000000000000000000e+00 -2.734587099999999893e+01 6.364000000000000212e-02 1.279693199999999962e+02
0.000000000000000000e+00 4.050000000000000000e+03 -5.250000000000000000e+04 -6.374591990340505276e+00 6.916901352285266535e-02 4.466233689248673699e-01 9.977189690161472266e-03 1.915305528363432330e+01 8.268194552740118844e-03 1.000000000000000000e+00 5.287850999999999857e+00 1.398499999999999917e-02 1.422131339999999966e+02
0.000000000000000000e+00 4.050000000000000000e+03 -5.250000000000000000e+04 -6.313159224821872861e+00 5.569521999561270753e-02 4.786224646443139608e-01 7.397906880997003748e-03 -1.467492726209960630e+01 2.723181537137029859e-02 0.000000000000000000e+00 -2.724341599999999985e+01 5.668499999999999928e-02 1.525607259999999883e+02
0.000000000000000000e+00 4.050000000000000000e+03 -4.900000000000000000e+04 -6.366339008627529772e+00 4.297000483209616889e-02 3.210874084309234822e-01 7.890431432518350829e-03 1.892944401135650168e+01 7.755316662674613046e-03 1.000000000000000000e+00 5.282218000000000302e+00 8.732999999999999444e-03 1.668065410000000099e+02
0.000000000000000000e+00 4.050000000000000000e+03 -4.900000000000000000e+04 -6.311082577500591206e+00 4.350898141859325940e-02 3.457641493674318833e-01 1.087009594209446990e-02 -1.503184149986925711e+01 2.650487523317489325e-02 0.000000000000000000e+00 -2.736943499999999929e+01 4.934100000000000291e-02 1.771541330000000016e+02
0.000000000000000000e+00 4.050000000000000000e+03 -4.550000000000000000e+04 -6.360187910860049421e+00 5.595668956490797846e-02 1.710456682811946072e-01 7.411150950191148883e-03 1.870153872366862302e+01 6.423121400845554184e-03 1.000000000000000000e+00 5.296414000000000399e+00 1.133499999999999959e-02 1.914019470000000069e+02
0.000000000000000000e+00 4.050000000000000000e+03 -4.550000000000000000e+04 -6.338657097846939870e+00 3.716419916011716451e-02 2.093305576361514930e-01 8.410863528596790664e-03 -1.525088059054480638e+01 2.862526185889777489e-02 0.000000000000000000e+00 -2.736836699999999922e+01 5.513300000000000145e-02 2.017495399999999961e+02
0.000000000000000000e+00 4.050000000000000000e+03 -4.200000000000000000e+04 -6.376349150052525339e+00 4.062838132274955438e-02 4.689125680912796523e-02 1.259514672913949335e-02 1.846588554934501758e+01 1.161302608990015008e-02 1.000000000000000000e+00 5.286082999999999643e+00 1.869600000000000081e-02 2.159933540000000107e+02
0.000000000000000000e+00 4.050000000000000000e+03 -4.200000000000000000e+04 -6.356269932090618191e+00 6.906057271165458311e-02 6.138085542823337737e-02 1.289360344011786230e-02 -1.543629399408266600e+01 4.306527515373902854e-02 0.000000000000000000e+00 -2.730390900000000087e+01 6.767499999999999905e-02 2.263359460000000070e+02
0.000000000000000000e+00 4.050000000000000000e+03 -3.850000000000000000e+04 -6.396067141849647975e+00 5.523483429765474462e-02 -9.349522654157024770e-02 9.140433542157280766e-03 1.821936388375371507e+01 8.154461525571712888e-03 1.000000000000000000e+00 5.292380999999999780e+00 1.151899999999999973e-02 2.405767600000000073e+02
0.000000000000000000e+00 4.050000000000000000e+03 -3.850000000000000000e+04 -6.396174725837518338e+00 7.039099757500506815e-02 -7.977407762223460985e-02 1.298849184618529502e-02 -1.571632771501379722e+01 2.877214164703786187e-02 0.000000000000000000e+00 -2.737169000000000096e+01 4.989799999999999791e-02 2.509233519999999942e+02
0.000000000000000000e+00 4.050000000000000000e+03 -3.500000000000000000e+04 -6.406778285910559312e+00 4.498372699038544892e-02 -2.693254178817950928e-01 6.568814428943694876e-03 1.797536207486663429e+01 8.101556088343179335e-03 1.000000000000000000e+00 5.277106999999999992e+00 9.287999999999999381e-03 2.651691670000000158e+02
0.000000000000000000e+00 4.050000000000000000e+03 -3.500000000000000000e+04 -6.407862599752491839e+00 5.443484612953749385e-02 -2.333178099843786768e-01 7.776051314182847243e-03 -1.593773733954410154e+01 3.963253236689236875e-02 0.000000000000000000e+00 -2.733242999999999867e+01 6.024700000000000194e-02 2.755157590000000027e+02
0.000000000000000000e+00 4.050000000000000000e+03 -3.500000000000000000e+04 -6.407849361221069628e+00 5.165102758124955756e-02 -2.683643802435541348e-01 7.588057390813420303e-03 1.792684999870680329e+01 2.575962313068107593e-02 1.000000000000000000e+00 5.193655999999999828e+00 5.377400000000000235e-02 2.858613510000000133e+02
0.000000000000000000e+00 4.050000000000000000e+03 -3.500000000000000000e+04 -6.394831847848766238e+00 4.722281534644041934e-02 -2.202975668230009454e-01 9.485958322612024832e-03 -1.595838872961456012e+01 2.587722746852256714e-02 0.000000000000000000e+00 -2.736780999999999864e+01 5.255599999999999855e-02 2.962009419999999977e+02
0.000000000000000000e+00 4.050000000000000000e+03 -3.850000000000000000e+04 -6.403626571236210374e+00 6.632582029371028587e-02 -1.205240615730289455e-01 1.045000980351468850e-02 1.820015171164351742e+01 1.113185251756846142e-02 1.000000000000000000e+00 5.289782999999999902e+00 1.583700000000000038e-02 3.104397559999999885e+02
0.000000000000000000e+00 4.050000000000000000e+03 -3.850000000000000000e+04 -6.383320650872095214e+00 5.341514397163759503e-02 -7.804627631994659476e-02 9.350753786045488958e-03 -1.561224565416543086e+01 3.605374841985205248e-02 0.000000000000000000e+00 -2.723772800000000061e+01 4.641100000000000086e-02 3.207843480000000227e+02
0.000000000000000000e+00 4.050000000000000000e+03 -4.200000000000000000e+04 -6.381134053217807356e+00 7.441244014345932412e-02 3.581878938505639320e-02 1.441476073167898865e-02 1.844107100264672994e+01 1.148391043784869649e-02 1.000000000000000000e+00 5.297322999999999560e+00 5.788999999999999875e-03 3.350351630000000114e+02
0.000000000000000000e+00 4.050000000000000000e+03 -4.200000000000000000e+04 -6.385413005602457837e+00 5.227231207018561560e-02 4.039200427110723607e-02 1.492904035491612012e-02 -1.550204809648234416e+01 2.782647857560157853e-02 0.000000000000000000e+00 -2.738806599999999847e+01 5.365299999999999930e-02 3.453877550000000269e+02
0.000000000000000000e+00 4.050000000000000000e+03 -4.550000000000000000e+04 -6.363823141678525808e+00 4.343663361438891701e-02 1.750354380860922876e-01 1.068898462913888889e-02 1.867741154234132139e+01 8.079246242526070404e-03 1.000000000000000000e+00 5.280961999999999712e+00 8.654000000000000234e-03 3.596395699999999920e+02
0.000000000000000000e+00 4.050000000000000000e+03 -4.550000000000000000e+04 -6.330189978372884774e+00 4.809259077004338773e-02 1.928237190772213450e-01 9.363083994445062230e-03 -1.515796931823836502e+01 4.501383267550214395e-02 0.000000000000000000e+00 -2.724249199999999860e+01 5.535999999999999949e-02 3.699911619999999743e+02
0.000000000000000000e+00 4.050000000000000000e+03 -4.900000000000000000e+04 -6.355447737736363401e+00 4.161572367734471534e-02 2.944647285849606444e-01 1.135859709708557201e-02 1.891087272162760513e+01 8.452582078688746642e-03 1.000000000000000000e+00 5.285432000000000130e+00 6.066000000000000211e-03 3.842399770000000103e+02
0.000000000000000000e+00 4.050000000000000000e+03 -4.900000000000000000e+04 -6.312642163220183456e+00 5.088224460982685576e-02 3.187426373518208456e-01 5.456800746545982517e-03 -1.491777284854132546e+01 2.494264569123014891e-02 0.000000000000000000e+00 -2.725559499999999957e+01 4.217300000000000215e-02 3.945925700000000234e+02
0.000000000000000000e+00 4.050000000000000000e+03 -5.250000000000000000e+04 -6.352454389215202113e+00 5.984207093666590871e-02 4.333904792956443930e-01 1.103435171773150744e-02 1.913381550290590383e+01 6.190313657678496971e-03 1.000000000000000000e+00 5.291392000000000095e+00 1.573300000000000046e-02 4.088463849999999979e+02
0.000000000000000000e+00 4.050000000000000000e+03 -5.250000000000000000e+04 -6.276716810264692192e+00 6.241258551942592547e-02 4.400960676260077808e-01 1.275633874352961536e-02 -1.480653691923019366e+01 3.167691223337070622e-02 0.000000000000000000e+00 -2.730946700000000149e+01 5.900799999999999795e-02 4.192019769999999994e+02
0.000000000000000000e+00 4.050000000000000000e+03 -5.600000000000000000e+04 -6.330134706318465199e+00 7.919415161044010554e-02 5.737187033859069141e-01 1.184625003815485168e-02 1.935244476902565935e+01 1.134650240101075895e-02 1.000000000000000000e+00 5.293707000000000384e+00 1.298200000000000048e-02 4.334547919999999976e+02
0.000000000000000000e+00 4.050000000000000000e+03 -5.600000000000000000e+04 -6.289102036835031662e+00 6.557299618819550924e-02 5.877165761787317422e-01 1.171853958518545569e-02 -1.447412104776428876e+01 1.928960849507677794e-02 0.000000000000000000e+00 -2.724853699999999890e+01 6.219800000000000328e-02 4.438113849999999729e+02
0.000000000000000000e+00 4.050000000000000000e+03 -5.950000000000000000e+04 -6.291988404830656911e+00 4.739856604496234943e-02 6.967713575307944440e-01 1.002391764530320521e-02 1.957036351207383973e+01 9.887016583455417867e-03 1.000000000000000000e+00 5.274922000000000111e+00 1.172899999999999984e-02 4.580672000000000139e+02
0.000000000000000000e+00 4.050000000000000000e+03 -5.950000000000000000e+04 -6.288612240588545177e+00 4.529485796300960349e-02 7.279137401992283873e-01 1.229008462881191893e-02 -1.439248670326243662e+01 2.550412439052605201e-02 0.000000000000000000e+00 -2.736794499999999886e+01 6.181299999999999989e-02 4.684177920000000199e+02
0.000000000000000000e+00 4.050000000000000000e+03 -6.300000000000000000e+04 -6.269623009229214894e+00 4.887349379214588757e-02 8.501669945225729386e-01 8.107803322364005513e-03 1.978859799292294497e+01 5.781445047299197185e-03 1.000000000000000000e+00 5.285898999999999681e+00 1.163400000000000024e-02 4.826696069999999850e+02
0.000000000000000000e+00 4.050000000000000000e+03 -6.300000000000000000e+04 -6.287483405207579423e+00 4.391279577168084175e-02 8.499134150900737872e-01 8.440512319632175603e-03 -1.415821689726044497e+01 3.179744974517274836e-02 0.000000000000000000e+00 -2.735270600000000130e+01 6.744300000000000295e-02 4.930211990000000242e+02
0.000000000000000000e+00 4.050000000000000000e+03 -6.650000000000000000e+04 -6.225186231604065590e+00 4.659319890207638121e-02 9.777150857973281317e-01 1.211497006730581812e-02 1.999396224992123550e+01 7.100990518218767110e-03 1.000000000000000000e+00 5.285477000000000203e+00 1.343699999999999929e-02 5.072700140000000033e+02
0.000000000000000000e+00 4.050000000000000000e+03 -6.650000000000000000e+04 -6.310972719582209400e+00 4.768878302587516854e-02 1.011554047354000563e+00 1.284271598510905617e-02 -1.397340236696445537e+01 2.637323396242531939e-02 0.000000000000000000e+00 -2.737335399999999908e+01 4.361099999999999699e-02 5.176246069999999690e+02
0.000000000000000000e+00 4.050000000000000000e+03 -7.000000000000000000e+04 -6.207021080111010392e+00 7.717444502394188444e-02 1.297987581385831923e+00 1.322790117707608668e-02 2.018119871631265738e+01 1.174445518941094439e-02 1.000000000000000000e+00 5.295425999999999966e+00 1.633300000000000030e-02 5.318764220000000478e+02
0.000000000000000000e+00 4.050000000000000000e+03 -7.000000000000000000e+04 -6.341719993033593461e+00 5.766543936567817413e-02 1.046931419956757425e+00 1.582265892742943172e-02 -1.377593905985897926e+01 2.892083726709050381e-02 0.000000000000000000e+00 -2.733480899999999991e+01 6.443699999999999428e-02 5.422290140000000065e+02
0.000000000000000000e+00 4.050000000000000000e+03 -7.000000000000000000e+04 -6.206851911799132537e+00 5.806727145519472583e-02 1.308229660827693541e+00 1.435241743912486073e-02 2.012684033868979938e+01 2.470145958039389120e-02 1.000000000000000000e+00 5.175347000000000364e+00 4.910899999999999987e-02 5.525806059999999889e+02
0.000000000000000000e+00 4.050000000000000000e+03 -7.000000000000000000e+04 -6.327674135066709837e+00 6.248228325738465483e-02 1.056384375348097926e+00 1.217007660879648040e-02 -1.378505983226834530e+01 3.050306157224179360e-02 0.000000000000000000e+00 -2.739269000000000176e+01 5.935900000000000204e-02 5.629311979999999949e+02
0.000000000000000000e+00 4.050000000000000000e+03 -6.650000000000000000e+04 -6.212422505007001661e+00 4.665645169804241016e-02 9.940957047851386452e-01 1.055307417269446546e-02 2.000765092516508403e+01 5.694793626975870604e-03 1.000000000000000000e+00 5.277256000000000391e+00 1.517600000000000025e-02 5.771870139999999765e+02
0.000000000000000000e+00 4.050000000000000000e+03 -6.650000000000000000e+04 -6.319858336966408530e+00 5.337970645066279080e-02 1.030018607814168652e+00 1.141897950221296663e-02 -1.395646966842835646e+01 2.937937750138880019e-02 0.000000000000000000e+00 -2.735820400000000063e+01 4.916299999999999837e-02 5.875406060000000252e+02
0.000000000000000000e+00 4.050000000000000000e+03 -6.300000000000000000e+04 -6.258807397051405985e+00 4.830416816794134982e-02 8.420690508583102973e-01 8.515309202464729429e-03 1.980124089969432077e+01 7.929615992572499120e-03 1.000000000000000000e+00 5.285020000000000273e+00 1.401099999999999915e-02 6.017774200000000064e+02
0.000000000000000000e+00 4.050000000000000000e+03 -6.300000000000000000e+04 -6.288716356810182262e+00 4.728859505659990803e-02 8.762589377732692419e-01 8.874261873774253948e-03 -1.416624387744572466e+01 2.795101732976085565e-02 0.000000000000000000e+00 -2.737284700000000015e+01 4.519100000000000200e-02 6.121230120000000170e+02
0.000000000000000000e+00 4.050000000000000000e+03 -5.950000000000000000e+04 -6.297519640187193346e+00 4.315974349598347692e-02 7.164756906274574177e-01 1.032488882336604456e-02 1.958728972814969538e+01 7.998228187920321253e-03 1.000000000000000000e+00 5.290398999999999852e+00 6.617999999999999751e-03 6.263708269999999629e+02
0.000000000000000000e+00 4.050000000000000000e+03 -5.950000000000000000e+04 -6.292814887564748716e+00 5.131479190380439787e-02 7.417250626035698513e-01 9.349567062339601831e-03 -1.425010216566148635e+01 2.252704067595355172e-02 0.000000000000000000e+00 -2.727114699999999914e+01 4.456399999999999945e-02 6.367234190000000353e+02
0.000000000000000000e+00 4.050000000000000000e+03 -5.600000000000000000e+04 -6.310150819665069299e+00 7.508901979592405573e-02 5.767114526347437709e-01 1.195738595878581730e-02 1.936822440448272431e+01 1.013363726013307396e-02 1.000000000000000000e+00 5.276659999999999684e+00 1.554499999999999979e-02 6.509782340000000431e+02
0.000000000000000000e+00 4.050000000000000000e+03 -5.600000000000000000e+04 -6.292175336318870826e+00 6.894153193873533980e-02 5.942978952601426501e-01 1.375024456031819810e-02 -1.450626875666292115e+01 5.915208072816861840e-02 0.000000000000000000e+00 -2.727803600000000017e+01 6.727800000000000447e-02 6.613258260000000064e+02
0.000000000000000000e+00 4.050000000000000000e+03 -5.250000000000000000e+04 -6.324542269918111970e+00 5.471839363872123968e-02 4.316519530026570184e-01 1.217146188874474420e-02 1.914664782197432302e+01 1.081116159757062808e-02 1.000000000000000000e+00 5.274990999999999985e+00 1.068400000000000079e-02 6.755786409999999478e+02
0.000000000000000000e+00 4.050000000000000000e+03 -5.250000000000000000e+04 -6.292821809551429446e+00 4.881673551967297131e-02 4.574929510545886480e-01 1.185799153102551524e-02 -1.478254311655227937e+01 4.207205351599118542e-02 0.000000000000000000e+00 -2.733014000000000010e+01 7.640299999999999869e-02 6.859262330000000247e+02
0.000000000000000000e+00 4.050000000000000000e+03 -4.900000000000000000e+04 -6.333915676375376336e+00 4.205912474782885768e-02 2.789036978314951565e-01 8.621226968198661064e-03 1.892979509358347556e+01 7.981939113359259874e-03 1.000000000000000000e+00 5.281298999999999744e+00 7.834000000000000685e-03 7.001770480000000134e+02
0.000000000000000000e+00 4.050000000000000000e+03 -4.900000000000000000e+04 -6.329721323589482473e+00 4.090312608950710110e-02 3.142180701291250600e-01 7.023290865447689817e-03 -1.502543339687973578e+01 2.913645221239543823e-02 0.000000000000000000e+00 -2.737552900000000022e+01 5.572499999999999676e-02 7.105226400000000240e+02
0.000000000000000000e+00 4.050000000000000000e+03 -4.550000000000000000e+04 -6.341871831395115677e+00 5.184237209579159456e-02 1.613786097218224969e-01 1.016933566111444080e-02 1.869458798256827592e+01 8.400217895571228041e-03 1.000000000000000000e+00 5.288412000000000113e+00 8.335999999999999660e-03 7.247684550000000172e+02
0.000000000000000000e+00 4.050000000000000000e+03 -4.550000000000000000e+04 -6.325911902781459872e+00 5.018225452422987037e-02 1.863597178353088579e-01 1.019403261251076130e-02 -1.525816599668220697e+01 2.666739698509170906e-02 0.000000000000000000e+00 -2.739278499999999994e+01 5.144599999999999868e-02 7.351110459999999875e+02
0.000000000000000000e+00 4.050000000000000000e+03 -4.200000000000000000e+04 -6.366603219072451303e+00 4.618478006108198142e-02 2.965692783852010017e-02 1.020495884560784251e-02 1.845836467889909116e+01 7.822152048441289793e-03 1.000000000000000000e+00 5.279745000000000132e+00 7.176000000000000087e-03 7.493578609999999571e+02
0.000000000000000000e+00 4.050000000000000000e+03 -4.200000000000000000e+04 -6.391939629541637302e+00 6.277543595506131224e-02 4.874820563684977015e-02 1.076620327816683875e-02 -1.536059720899240411e+01 2.510889166461125269e-02 0.000000000000000000e+00 -2.724881999999999849e+01 4.291799999999999782e-02 7.597054530000000341e+02
0.000000000000000000e+00 4.050000000000000000e+03 -3.850000000000000000e+04 -6.375427326704118158e+00 4.569711934984462681e-02 -1.101719866846342377e-01 9.805029850575210787e-03 1.821253115195090544e+01 1.074622211548715775e-02 1.000000000000000000e+00 5.279188000000000436e+00 8.581000000000000086e-03 7.739512680000000273e+02
0.000000000000000000e+00 4.050000000000000000e+03 -3.850000000000000000e+04 -6.404119646489236040e+00 5.200349997236636268e-02 -8.655513422766726583e-02 1.007085549082831037e-02 -1.572904996368106545e+01 2.794141067138425014e-02 0.000000000000000000e+00 -2.737478899999999982e+01 4.811900000000000205e-02 7.843028600000000097e+02
0.000000000000000000e+00 4.050000000000000000e+03 -3.500000000000000000e+04 -6.398034195601106866e+00 5.122870709468198974e-02 -2.502510851208232245e-01 9.442697388612359202e-03 1.795909683031317172e+01 8.375054354114563893e-03 1.000000000000000000e+00 5.261867999999999768e+00 6.837000000000000195e-03 7.985556749999999511e+02
0.000000000000000000e+00 4.050000000000000000e+03 -3.500000000000000000e+04 -6.421512420060861537e+00 2.990144003940398837e-02 -2.240280141538122383e-01 6.507613214338878876e-03 -1.596654943351478728e+01 2.641199060696656706e-02 0.000000000000000000e+00 -2.739346000000000103e+01 5.079700000000000187e-02 8.089112669999999525e+02
