0.000000000000000000e+00 4.050000000000000000e+03 4.218304123957351826e-02 -3.819912187305402052e-03 6.791792541505458150e-03
0.000000000000000000e+00 4.050000000000000000e+03 4.218304123957351826e-02 -3.819912187305402052e-03 6.791792541505458150e-03
0.000000000000000000e+00 4.050000000000000000e+03 4.218304123957351826e-02 -3.819912187305402052e-03 6.791792541505458150e-03
0.000000000000000000e+00 4.050000000000000000e+03 4.218304123957351826e-02 -3.819912187305402052e-03 6.791792541505458150e-03
0.000000000000000000e+00 4.050000000000000000e+03 4.218304123957351826e-02 -3.819912187305402052e-03 6.791792541505458150e-03
0.000000000000000000e+00 4.050000000000000000e+03 4.218304123957351826e-02 -3.819912187305402052e-03 6.791792541505458150e-03
0.000000000000000000e+00 4.050000000000000000e+03 4.218304123957351826e-02 -3.819912187305402052e-03 6.791792541505458150e-03
0.000000000000000000e+00 4.050000000000000000e+03 4.218304123957351826e-02 -3.819912187305402052e-03 6.791792541505458150e-03
0.000000000000000000e+00 4.050000000000000000e+03 4.218304123957351826e-02 -3.819912187305402052e-03 6.791792541505458150e-03
0.000000000000000000e+00 4.050000000000000000e+03 4.218304123957351826e-02 -3.819912187305402052e-03 6.791792541505458150e-03
0.000000000000000000e+00 4.050000000000000000e+03 4.218304123957351826e-02 -3.819912187305402052e-03 6.791792541505458150e-03
0.000000000000000000e+00 4.050000000000000000e+03 4.218304123957351826e-02 -3.819912187305402052e-03 6.791792541505458150e-03
0.000000000000000000e+00 4.050000000000000000e+03 4.218304123957351826e-02 -3.819912187305402052e-03 6.791792541505458150e-03
0.000000000000000000e+00 4.050000000000000000e+03 4.218304123957351826e-02 -3.819912187305402052e-03 6.791792541505458150e-03
0.000000000000000000e+00 4.050000000000000000e+03 4.218304123957351826e-02 -3.819912187305402052e-03 6.791792541505458150e-03
0.000000000000000000e+00 4.050000000000000000e+03 4.218304123957351826e-02 -3.819912187305402052e-03 6.791792541505458150e-03
0.000000000000000000e+00 4.050000000000000000e+03 4.218304123957351826e-02 -3.819912187305402052e-03 6.791792541505458150e-03
0.000000000000000000e+00 4.050000000000000000e+03 4.218304123957351826e-02 -3.819912187305402052e-03 6.791792541505458150e-03
0.000000000000000000e+00 4.050000000000000000e+03 4.218304123957351826e-02 -3.819912187305402052e-03 6.791792541505458150e-03
0.000000000000000000e+00 4.050000000000000000e+03 4.218304123957351826e-02 -3.819912187305402052e-03 6.791792541505458150e-03
0.000000000000000000e+00 4.050000000000000000e+03 4.218304123957351826e-02 -3.819912187305402052e-03 6.791792541505458150e-03
0.000000000000000000e+00 4.050000000000000000e+03 4.218304123957351826e-02 -3.819912187305402052e-03 6.791792541505458150e-03
0.000000000000000000e+00 4.050000000000000000e+03 4.218304123957351826e-02 -3.819912187305402052e-03 6.791792541505458150e-03
0.000000000000000000e+00 4.050000000000000000e+03 4.218304123957351826e-02 -3.819912187305402052e-03 6.791792541505458150e-03
0.000000000000000000e+00 4.050000000000000000e+03 4.218304123957351826e-02 -3.819912187305402052e-03 6.791792541505458150e-03
0.000000000000000000e+00 4.050000000000000000e+03 4.218304123957351826e-02 -3.819912187305402052e-03 6.791792541505458150e-03
0.000000000000000000e+00 4.050000000000000000e+03 4.218304123957351826e-02 -3.819912187305402052e-03 6.791792541505458150e-03
0.000000000000000000e+00 4.050000000000000000e+03 4.218304123957351826e-02 -3.819912187305402052e-03 6.791792541505458150e-03
0.000000000000000000e+00 4.050000000000000000e+03 4.218304123957351826e-02 -3.819912187305402052e-03 6.791792541505458150e-03
0.000000000000000000e+00 4.050000000000000000e+03 4.218304123957351826e-02 -3.819912187305402052e-03 6.791792541505458150e-03
0.000000000000000000e+00 4.050000000000000000e+03 4.218304123957351826e-02 -3.819912187305402052e-03 6.791792541505458150e-03
0.000000000000000000e+00 4.050000000000000000e+03 4.218304123957351826e-02 -3.819912187305402052e-03 6.791792541505458150e-03
0.000000000000000000e+00 4.050000000000000000e+03 4.218304123957351826e-02 -3.819912187305402052e-03 6.791792541505458150e-03
0.000000000000000000e+00 4.050000000000000000e+03 4.218304123957351826e-02 -3.819912187305402052e-03 6.791792541505458150e-03
0.000000000000000000e+00 4.050000000000000000e+03 4.218304123957351826e-02 -3.819912187305402052e-03 6.791792541505458150e-03
0.000000000000000000e+00 4.050000000000000000e+03 4.218304123957351826e-02 -3.819912187305402052e-03 6.791792541505458150e-03
0.000000000000000000e+00 4.050000000000000000e+03 4.218304123957351826e-02 -3.819912187305402052e-03 6.791792541505458150e-03
0.000000000000000000e+00 4.050000000000000000e+03 4.218304123957351826e-02 -3.819912187305402052e-03 6.791792541505458150e-03
0.000000000000000000e+00 4.050000000000000000e+03 4.218304123957351826e-02 -3.819912187305402052e-03 6.791792541505458150e-03
0.000000000000000000e+00 4.050000000000000000e+03 4.218304123957351826e-02 -3.819912187305402052e-03 6.791792541505458150e-03
0.000000000000000000e+00 4.050000000000000000e+03 4.218304123957351826e-02 -3.819912187305402052e-03 6.791792541505458150e-03
0.000000000000000000e+00 4.050000000000000000e+03 4.218304123957351826e-02 -3.819912187305402052e-03 6.791792541505458150e-03
0.000000000000000000e+00 4.050000000000000000e+03 4.218304123957351826e-02 -3.819912187305402052e-03 6.791792541505458150e-03
0.000000000000000000e+00 4.050000000000000000e+03 4.218304123957351826e-02 -3.819912187305402052e-03 6.791792541505458150e-03
0.000000000000000000e+00 4.050000000000000000e+03 4.218304123957351826e-02 -3.819912187305402052e-03 6.791792541505458150e-03
0.000000000000000000e+00 4.050000000000000000e+03 4.218304123957351826e-02 -3.819912187305402052e-03 6.791792541505458150e-03
0.000000000000000000e+00 4.050000000000000000e+03 4.218304123957351826e-02 -3.819912187305402052e-03 6.791792541505458150e-03
0.000000000000000000e+00 4.050000000000000000e+03 4.218304123957351826e-02 -3.819912187305402052e-03 6.791792541505458150e-03
0.000000000000000000e+00 4.050000000000000000e+03 4.218304123957351826e-02 -3.819912187305402052e-03 6.791792541505458150e-03
0.000000000000000000e+00 4.050000000000000000e+03 4.218304123957351826e-02 -3.819912187305402052e-03 6.791792541505458150e-03
0.000000000000000000e+00 4.050000000000000000e+03 4.218304123957351826e-02 -3.819912187305402052e-03 6.791792541505458150e-03
0.000000000000000000e+00 4.050000000000000000e+03 4.218304123957351826e-02 -3.819912187305402052e-03 6.791792541505458150e-03
0.000000000000000000e+00 4.050000000000000000e+03 4.218304123957351826e-02 -3.819912187305402052e-03 6.791792541505458150e-03
0.000000000000000000e+00 4.050000000000000000e+03 4.218304123957351826e-02 -3.819912187305402052e-03 6.791792541505458150e-03
0.000000000000000000e+00 4.050000000000000000e+03 4.218304123957351826e-02 -3.819912187305402052e-03 6.791792541505458150e-03
0.000000000000000000e+00 4.050000000000000000e+03 4.218304123957351826e-02 -3.819912187305402052e-03 6.791792541505458150e-03
0.000000000000000000e+00 4.050000000000000000e+03 4.218304123957351826e-02 -3.819912187305402052e-03 6.791792541505458150e-03
0.000000000000000000e+00 4.050000000000000000e+03 4.218304123957351826e-02 -3.819912187305402052e-03 6.791792541505458150e-03
0.000000000000000000e+00 4.050000000000000000e+03 4.218304123957351826e-02 -3.819912187305402052e-03 6.791792541505458150e-03
0.000000000000000000e+00 4.050000000000000000e+03 4.218304123957351826e-02 -3.819912187305402052e-03 6.791792541505458150e-03
0.000000000000000000e+00 4.050000000000000000e+03 4.218304123957351826e-02 -3.819912187305402052e-03 6.791792541505458150e-03
0.000000000000000000e+00 4.050000000000000000e+03 4.218304123957351826e-02 -3.819912187305402052e-03 6.791792541505458150e-03
0.000000000000000000e+00 4.050000000000000000e+03 4.218304123957351826e-02 -3.819912187305402052e-03 6.791792541505458150e-03
0.000000000000000000e+00 4.050000000000000000e+03 4.218304123957351826e-02 -3.819912187305402052e-03 6.791792541505458150e-03
0.000000000000000000e+00 4.050000000000000000e+03 4.218304123957351826e-02 -3.819912187305402052e-03 6.791792541505458150e-03
0.000000000000000000e+00 4.050000000000000000e+03 4.218304123957351826e-02 -3.819912187305402052e-03 6.791792541505458150e-03
