0.000000000000000000e+00 4.050000000000000000e+03 4.477686792578575853e-02 -3.511070815923409381e-03 5.481482278586524703e-03
0.000000000000000000e+00 4.050000000000000000e+03 4.477686792578575853e-02 -3.511070815923409381e-03 5.481482278586524703e-03
4.000000000000000000e+03 4.050000000000000000e+03 5.538883676435500669e-02 -9.965396949740383190e-03 7.492509264186592369e-03
4.000000000000000000e+03 4.050000000000000000e+03 5.538883676435500669e-02 -9.965396949740383190e-03 7.492509264186592369e-03
8.000000000000000000e+03 4.050000000000000000e+03 5.101932187515205441e-02 -1.010319459854892507e-02 9.592124982523902998e-03
8.000000000000000000e+03 4.050000000000000000e+03 5.101932187515205441e-02 -1.010319459854892507e-02 9.592124982523902998e-03
1.200000000000000000e+04 4.050000000000000000e+03 3.828544898054973833e-02 -7.693842958701855098e-03 1.216378283409141718e-02
1.200000000000000000e+04 4.050000000000000000e+03 3.828544898054973833e-02 -7.693842958701855098e-03 1.216378283409141718e-02
1.600000000000000000e+04 4.050000000000000000e+03 3.752057900997089052e-02 -6.336248806574247550e-03 1.570951951093819618e-02
1.600000000000000000e+04 4.050000000000000000e+03 3.752057900997089052e-02 -6.336248806574247550e-03 1.570951951093819618e-02
2.000000000000000000e+04 4.050000000000000000e+03 3.161636664540699859e-02 -3.670212018483225321e-03 1.421354914308946456e-02
2.000000000000000000e+04 4.050000000000000000e+03 3.161636664540699859e-02 -3.670212018483225321e-03 1.421354914308946456e-02
2.400000000000000000e+04 4.050000000000000000e+03 3.773018004795068714e-02 -1.399595701169524791e-03 1.276220720697604331e-02
2.400000000000000000e+04 4.050000000000000000e+03 3.773018004795068714e-02 -1.399595701169524791e-03 1.276220720697604331e-02
2.800000000000000000e+04 4.050000000000000000e+03 3.279209370508885668e-02 8.401265182546848939e-04 9.192898628945499542e-03
2.800000000000000000e+04 4.050000000000000000e+03 3.279209370508885668e-02 8.401265182546848939e-04 9.192898628945499542e-03
2.800000000000000000e+04 4.050000000000000000e+03 3.279209370508885668e-02 8.401265182546848939e-04 9.192898628945499542e-03
2.800000000000000000e+04 4.050000000000000000e+03 3.279209370508885668e-02 8.401265182546848939e-04 9.192898628945499542e-03
2.400000000000000000e+04 4.050000000000000000e+03 3.773018004795068714e-02 -1.399595701169524791e-03 1.276220720697604331e-02
2.400000000000000000e+04 4.050000000000000000e+03 3.773018004795068714e-02 -1.399595701169524791e-03 1.276220720697604331e-02
2.000000000000000000e+04 4.050000000000000000e+03 3.161636664540699859e-02 -3.670212018483225321e-03 1.421354914308946456e-02
2.000000000000000000e+04 4.050000000000000000e+03 3.161636664540699859e-02 -3.670212018483225321e-03 1.421354914308946456e-02
1.600000000000000000e+04 4.050000000000000000e+03 3.752057900997089052e-02 -6.336248806574247550e-03 1.570951951093819618e-02
1.600000000000000000e+04 4.050000000000000000e+03 3.752057900997089052e-02 -6.336248806574247550e-03 1.570951951093819618e-02
1.200000000000000000e+04 4.050000000000000000e+03 3.828544898054973833e-02 -7.693842958701855098e-03 1.216378283409141718e-02
1.200000000000000000e+04 4.050000000000000000e+03 3.828544898054973833e-02 -7.693842958701855098e-03 1.216378283409141718e-02
8.000000000000000000e+03 4.050000000000000000e+03 5.101932187515205441e-02 -1.010319459854892507e-02 9.592124982523902998e-03
8.000000000000000000e+03 4.050000000000000000e+03 5.101932187515205441e-02 -1.010319459854892507e-02 9.592124982523902998e-03
4.000000000000000000e+03 4.050000000000000000e+03 5.538883676435500669e-02 -9.965396949740383190e-03 7.492509264186592369e-03
4.000000000000000000e+03 4.050000000000000000e+03 5.538883676435500669e-02 -9.965396949740383190e-03 7.492509264186592369e-03
0.000000000000000000e+00 4.050000000000000000e+03 4.477686792578575853e-02 -3.511070815923409381e-03 5.481482278586524703e-03
0.000000000000000000e+00 4.050000000000000000e+03 4.477686792578575853e-02 -3.511070815923409381e-03 5.481482278586524703e-03
0.000000000000000000e+00 4.050000000000000000e+03 4.477686792578575853e-02 -3.511070815923409381e-03 5.481482278586524703e-03
0.000000000000000000e+00 4.050000000000000000e+03 4.477686792578575853e-02 -3.511070815923409381e-03 5.481482278586524703e-03
4.000000000000000000e+03 4.050000000000000000e+03 5.538883676435500669e-02 -9.965396949740383190e-03 7.492509264186592369e-03
4.000000000000000000e+03 4.050000000000000000e+03 5.538883676435500669e-02 -9.965396949740383190e-03 7.492509264186592369e-03
8.000000000000000000e+03 4.050000000000000000e+03 5.101932187515205441e-02 -1.010319459854892507e-02 9.592124982523902998e-03
8.000000000000000000e+03 4.050000000000000000e+03 5.101932187515205441e-02 -1.010319459854892507e-02 9.592124982523902998e-03
1.200000000000000000e+04 4.050000000000000000e+03 3.828544898054973833e-02 -7.693842958701855098e-03 1.216378283409141718e-02
1.200000000000000000e+04 4.050000000000000000e+03 3.828544898054973833e-02 -7.693842958701855098e-03 1.216378283409141718e-02
1.600000000000000000e+04 4.050000000000000000e+03 3.752057900997089052e-02 -6.336248806574247550e-03 1.570951951093819618e-02
1.600000000000000000e+04 4.050000000000000000e+03 3.752057900997089052e-02 -6.336248806574247550e-03 1.570951951093819618e-02
2.000000000000000000e+04 4.050000000000000000e+03 3.161636664540699859e-02 -3.670212018483225321e-03 1.421354914308946456e-02
2.000000000000000000e+04 4.050000000000000000e+03 3.161636664540699859e-02 -3.670212018483225321e-03 1.421354914308946456e-02
2.400000000000000000e+04 4.050000000000000000e+03 3.773018004795068714e-02 -1.399595701169524791e-03 1.276220720697604331e-02
2.400000000000000000e+04 4.050000000000000000e+03 3.773018004795068714e-02 -1.399595701169524791e-03 1.276220720697604331e-02
2.800000000000000000e+04 4.050000000000000000e+03 3.279209370508885668e-02 8.401265182546848939e-04 9.192898628945499542e-03
2.800000000000000000e+04 4.050000000000000000e+03 3.279209370508885668e-02 8.401265182546848939e-04 9.192898628945499542e-03
0.000000000000000000e+00 8.050000000000000000e+03 3.052743753620729833e-02 3.866347440273512626e-02 -3.004209201479415836e-02
0.000000000000000000e+00 8.050000000000000000e+03 3.052743753620729833e-02 3.866347440273512626e-02 -3.004209201479415836e-02
4.000000000000000000e+03 8.050000000000000000e+03 2.302840836083177439e-02 3.186723850824696447e-02 -2.699290170198526823e-02
4.000000000000000000e+03 8.050000000000000000e+03 2.302840836083177439e-02 3.186723850824696447e-02 -2.699290170198526823e-02
8.000000000000000000e+03 8.050000000000000000e+03 2.340996525589411625e-02 4.006621453083025752e-02 -2.614294571449909954e-02
8.000000000000000000e+03 8.050000000000000000e+03 2.340996525589411625e-02 4.006621453083025752e-02 -2.614294571449909954e-02
1.200000000000000000e+04 8.050000000000000000e+03 2.462197491122113113e-02 3.469465795480489168e-02 -2.256626826140269160e-02
1.200000000000000000e+04 8.050000000000000000e+03 2.462197491122113113e-02 3.469465795480489168e-02 -2.256626826140269160e-02
1.600000000000000000e+04 8.050000000000000000e+03 2.440882374048237297e-02 3.222473332750096231e-02 -1.963683971230252220e-02
1.600000000000000000e+04 8.050000000000000000e+03 2.440882374048237297e-02 3.222473332750096231e-02 -1.963683971230252220e-02
2.000000000000000000e+04 8.050000000000000000e+03 2.635164615094755941e-02 3.874548102490978085e-02 -2.034999689305364012e-02
2.000000000000000000e+04 8.050000000000000000e+03 2.635164615094755941e-02 3.874548102490978085e-02 -2.034999689305364012e-02
2.400000000000000000e+04 8.050000000000000000e+03 2.761299498793362561e-02 2.586935275127848904e-02 -2.168179682774674932e-02
2.400000000000000000e+04 8.050000000000000000e+03 2.761299498793362561e-02 2.586935275127848904e-02 -2.168179682774674932e-02
2.800000000000000000e+04 8.050000000000000000e+03 2.900079611017499642e-02 3.288466402007013401e-02 -2.603911887927675903e-02
2.800000000000000000e+04 8.050000000000000000e+03 2.900079611017499642e-02 3.288466402007013401e-02 -2.603911887927675903e-02
2.800000000000000000e+04 8.050000000000000000e+03 2.900079611017499642e-02 3.288466402007013401e-02 -2.603911887927675903e-02
2.800000000000000000e+04 8.050000000000000000e+03 2.900079611017499642e-02 3.288466402007013401e-02 -2.603911887927675903e-02
2.400000000000000000e+04 8.050000000000000000e+03 2.761299498793362561e-02 2.586935275127848904e-02 -2.168179682774674932e-02
2.400000000000000000e+04 8.050000000000000000e+03 2.761299498793362561e-02 2.586935275127848904e-02 -2.168179682774674932e-02
2.000000000000000000e+04 8.050000000000000000e+03 2.635164615094755941e-02 3.874548102490978085e-02 -2.034999689305364012e-02
2.000000000000000000e+04 8.050000000000000000e+03 2.635164615094755941e-02 3.874548102490978085e-02 -2.034999689305364012e-02
1.600000000000000000e+04 8.050000000000000000e+03 2.440882374048237297e-02 3.222473332750096231e-02 -1.963683971230252220e-02
1.600000000000000000e+04 8.050000000000000000e+03 2.440882374048237297e-02 3.222473332750096231e-02 -1.963683971230252220e-02
1.200000000000000000e+04 8.050000000000000000e+03 2.462197491122113113e-02 3.469465795480489168e-02 -2.256626826140269160e-02
1.200000000000000000e+04 8.050000000000000000e+03 2.462197491122113113e-02 3.469465795480489168e-02 -2.256626826140269160e-02
8.000000000000000000e+03 8.050000000000000000e+03 2.340996525589411625e-02 4.006621453083025752e-02 -2.614294571449909954e-02
8.000000000000000000e+03 8.050000000000000000e+03 2.340996525589411625e-02 4.006621453083025752e-02 -2.614294571449909954e-02
4.000000000000000000e+03 8.050000000000000000e+03 2.302840836083177439e-02 3.186723850824696447e-02 -2.699290170198526823e-02
4.000000000000000000e+03 8.050000000000000000e+03 2.302840836083177439e-02 3.186723850824696447e-02 -2.699290170198526823e-02
0.000000000000000000e+00 8.050000000000000000e+03 3.052743753620729833e-02 3.866347440273512626e-02 -3.004209201479415836e-02
0.000000000000000000e+00 8.050000000000000000e+03 3.052743753620729833e-02 3.866347440273512626e-02 -3.004209201479415836e-02
0.000000000000000000e+00 8.050000000000000000e+03 3.052743753620729833e-02 3.866347440273512626e-02 -3.004209201479415836e-02
0.000000000000000000e+00 8.050000000000000000e+03 3.052743753620729833e-02 3.866347440273512626e-02 -3.004209201479415836e-02
4.000000000000000000e+03 8.050000000000000000e+03 2.302840836083177439e-02 3.186723850824696447e-02 -2.699290170198526823e-02
4.000000000000000000e+03 8.050000000000000000e+03 2.302840836083177439e-02 3.186723850824696447e-02 -2.699290170198526823e-02
8.000000000000000000e+03 8.050000000000000000e+03 2.340996525589411625e-02 4.006621453083025752e-02 -2.614294571449909954e-02
8.000000000000000000e+03 8.050000000000000000e+03 2.340996525589411625e-02 4.006621453083025752e-02 -2.614294571449909954e-02
1.200000000000000000e+04 8.050000000000000000e+03 2.462197491122113113e-02 3.469465795480489168e-02 -2.256626826140269160e-02
1.200000000000000000e+04 8.050000000000000000e+03 2.462197491122113113e-02 3.469465795480489168e-02 -2.256626826140269160e-02
1.600000000000000000e+04 8.050000000000000000e+03 2.440882374048237297e-02 3.222473332750096231e-02 -1.963683971230252220e-02
1.600000000000000000e+04 8.050000000000000000e+03 2.440882374048237297e-02 3.222473332750096231e-02 -1.963683971230252220e-02
2.000000000000000000e+04 8.050000000000000000e+03 2.635164615094755941e-02 3.874548102490978085e-02 -2.034999689305364012e-02
2.000000000000000000e+04 8.050000000000000000e+03 2.635164615094755941e-02 3.874548102490978085e-02 -2.034999689305364012e-02
2.400000000000000000e+04 8.050000000000000000e+03 2.761299498793362561e-02 2.586935275127848904e-02 -2.168179682774674932e-02
2.400000000000000000e+04 8.050000000000000000e+03 2.761299498793362561e-02 2.586935275127848904e-02 -2.168179682774674932e-02
2.800000000000000000e+04 8.050000000000000000e+03 2.900079611017499642e-02 3.288466402007013401e-02 -2.603911887927675903e-02
2.800000000000000000e+04 8.050000000000000000e+03 2.900079611017499642e-02 3.288466402007013401e-02 -2.603911887927675903e-02
0.000000000000000000e+00 -3.950000000000000000e+03 1.580956025541182738e-02 -3.076767598335563170e-03 5.918424414203413142e-02
0.000000000000000000e+00 -3.950000000000000000e+03 1.580956025541182738e-02 -3.076767598335563170e-03 5.918424414203413142e-02
4.000000000000000000e+03 -3.950000000000000000e+03 -9.407160581386631026e-03 -1.563550374048666702e-02 5.951997422348831446e-02
4.000000000000000000e+03 -3.950000000000000000e+03 -9.407160581386631026e-03 -1.563550374048666702e-02 5.951997422348831446e-02
8.000000000000000000e+03 -3.950000000000000000e+03 1.007324474593433022e-02 -1.146614154657643950e-02 6.238621495369718606e-02
8.000000000000000000e+03 -3.950000000000000000e+03 1.007324474593433022e-02 -1.146614154657643950e-02 6.238621495369718606e-02
1.200000000000000000e+04 -3.950000000000000000e+03 -1.990750337945221965e-02 -1.186251483071627637e-02 6.499994002888062616e-02
1.200000000000000000e+04 -3.950000000000000000e+03 -1.990750337945221965e-02 -1.186251483071627637e-02 6.499994002888062616e-02
1.600000000000000000e+04 -3.950000000000000000e+03 2.339367719399416956e-02 -7.285674528549042871e-03 6.885560430116990926e-02
1.600000000000000000e+04 -3.950000000000000000e+03 2.339367719399416956e-02 -7.285674528549042871e-03 6.885560430116990926e-02
2.000000000000000000e+04 -3.950000000000000000e+03 3.411971920522721691e-02 -5.139258519781366233e-03 6.733771236922456160e-02
2.000000000000000000e+04 -3.950000000000000000e+03 3.411971920522721691e-02 -5.139258519781366233e-03 6.733771236922456160e-02
2.400000000000000000e+04 -3.950000000000000000e+03 1.017296816582072792e-02 -3.730552016308425790e-03 6.551820982088374379e-02
2.400000000000000000e+04 -3.950000000000000000e+03 1.017296816582072792e-02 -3.730552016308425790e-03 6.551820982088374379e-02
2.800000000000000000e+04 -3.950000000000000000e+03 1.554339326011117475e-02 4.505364291341833454e-04 5.933997218972638515e-02
2.800000000000000000e+04 -3.950000000000000000e+03 1.554339326011117475e-02 4.505364291341833454e-04 5.933997218972638515e-02
2.800000000000000000e+04 -3.950000000000000000e+03 1.554339326011117475e-02 4.505364291341833454e-04 5.933997218972638515e-02
2.800000000000000000e+04 -3.950000000000000000e+03 1.554339326011117475e-02 4.505364291341833454e-04 5.933997218972638515e-02
2.400000000000000000e+04 -3.950000000000000000e+03 1.017296816582072792e-02 -3.730552016308425790e-03 6.551820982088374379e-02
2.400000000000000000e+04 -3.950000000000000000e+03 1.017296816582072792e-02 -3.730552016308425790e-03 6.551820982088374379e-02
2.000000000000000000e+04 -3.950000000000000000e+03 3.411971920522721691e-02 -5.139258519781366233e-03 6.733771236922456160e-02
2.000000000000000000e+04 -3.950000000000000000e+03 3.411971920522721691e-02 -5.139258519781366233e-03 6.733771236922456160e-02
1.600000000000000000e+04 -3.950000000000000000e+03 2.339367719399416956e-02 -7.285674528549042871e-03 6.885560430116990926e-02
1.600000000000000000e+04 -3.950000000000000000e+03 2.339367719399416956e-02 -7.285674528549042871e-03 6.885560430116990926e-02
1.200000000000000000e+04 -3.950000000000000000e+03 -1.990750337945221965e-02 -1.186251483071627637e-02 6.499994002888062616e-02
1.200000000000000000e+04 -3.950000000000000000e+03 -1.990750337945221965e-02 -1.186251483071627637e-02 6.499994002888062616e-02
8.000000000000000000e+03 -3.950000000000000000e+03 1.007324474593433022e-02 -1.146614154657643950e-02 6.238621495369718606e-02
8.000000000000000000e+03 -3.950000000000000000e+03 1.007324474593433022e-02 -1.146614154657643950e-02 6.238621495369718606e-02
4.000000000000000000e+03 -3.950000000000000000e+03 -9.407160581386631026e-03 -1.563550374048666702e-02 5.951997422348831446e-02
4.000000000000000000e+03 -3.950000000000000000e+03 -9.407160581386631026e-03 -1.563550374048666702e-02 5.951997422348831446e-02
0.000000000000000000e+00 -3.950000000000000000e+03 1.580956025541182738e-02 -3.076767598335563170e-03 5.918424414203413142e-02
0.000000000000000000e+00 -3.950000000000000000e+03 1.580956025541182738e-02 -3.076767598335563170e-03 5.918424414203413142e-02
0.000000000000000000e+00 -3.950000000000000000e+03 1.580956025541182738e-02 -3.076767598335563170e-03 5.918424414203413142e-02
0.000000000000000000e+00 -3.950000000000000000e+03 1.580956025541182738e-02 -3.076767598335563170e-03 5.918424414203413142e-02
4.000000000000000000e+03 -3.950000000000000000e+03 -9.407160581386631026e-03 -1.563550374048666702e-02 5.951997422348831446e-02
4.000000000000000000e+03 -3.950000000000000000e+03 -9.407160581386631026e-03 -1.563550374048666702e-02 5.951997422348831446e-02
8.000000000000000000e+03 -3.950000000000000000e+03 1.007324474593433022e-02 -1.146614154657643950e-02 6.238621495369718606e-02
8.000000000000000000e+03 -3.950000000000000000e+03 1.007324474593433022e-02 -1.146614154657643950e-02 6.238621495369718606e-02
1.200000000000000000e+04 -3.950000000000000000e+03 -1.990750337945221965e-02 -1.186251483071627637e-02 6.499994002888062616e-02
1.200000000000000000e+04 -3.950000000000000000e+03 -1.990750337945221965e-02 -1.186251483071627637e-02 6.499994002888062616e-02
1.600000000000000000e+04 -3.950000000000000000e+03 2.339367719399416956e-02 -7.285674528549042871e-03 6.885560430116990926e-02
1.600000000000000000e+04 -3.950000000000000000e+03 2.339367719399416956e-02 -7.285674528549042871e-03 6.885560430116990926e-02
2.000000000000000000e+04 -3.950000000000000000e+03 3.411971920522721691e-02 -5.139258519781366233e-03 6.733771236922456160e-02
2.000000000000000000e+04 -3.950000000000000000e+03 3.411971920522721691e-02 -5.139258519781366233e-03 6.733771236922456160e-02
2.400000000000000000e+04 -3.950000000000000000e+03 1.017296816582072792e-02 -3.730552016308425790e-03 6.551820982088374379e-02
2.400000000000000000e+04 -3.950000000000000000e+03 1.017296816582072792e-02 -3.730552016308425790e-03 6.551820982088374379e-02
2.800000000000000000e+04 -3.950000000000000000e+03 1.554339326011117475e-02 4.505364291341833454e-04 5.933997218972638515e-02
2.800000000000000000e+04 -3.950000000000000000e+03 1.554339326011117475e-02 4.505364291341833454e-04 5.933997218972638515e-02
0.000000000000000000e+00 5.000000000000000000e+01 3.081607801073106556e-02 8.665708837891864663e-03 3.266270934232556877e-02
0.000000000000000000e+00 5.000000000000000000e+01 3.081607801073106556e-02 8.665708837891864663e-03 3.266270934232556877e-02
4.000000000000000000e+03 5.000000000000000000e+01 2.534013540107560650e-02 -2.421225986333573729e-04 3.779838323735217054e-02
4.000000000000000000e+03 5.000000000000000000e+01 2.534013540107560650e-02 -2.421225986333573729e-04 3.779838323735217054e-02
8.000000000000000000e+03 5.000000000000000000e+01 2.477276743691682326e-02 1.563837308798802714e-03 3.971995360223481986e-02
8.000000000000000000e+03 5.000000000000000000e+01 2.477276743691682326e-02 1.563837308798802714e-03 3.971995360223481986e-02
1.200000000000000000e+04 5.000000000000000000e+01 2.452635588904680114e-02 -4.889901891924154642e-03 4.462655492540794355e-02
1.200000000000000000e+04 5.000000000000000000e+01 2.452635588904680114e-02 -4.889901891924154642e-03 4.462655492540794355e-02
1.600000000000000000e+04 5.000000000000000000e+01 2.598292318179922997e-02 -1.018300989746694085e-02 4.818500417764080834e-02
1.600000000000000000e+04 5.000000000000000000e+01 2.598292318179922997e-02 -1.018300989746694085e-02 4.818500417764080834e-02
2.000000000000000000e+04 5.000000000000000000e+01 2.710309504440735345e-02 -8.734284554536142844e-03 4.657573855802384782e-02
2.000000000000000000e+04 5.000000000000000000e+01 2.710309504440735345e-02 -8.734284554536142844e-03 4.657573855802384782e-02
2.400000000000000000e+04 5.000000000000000000e+01 2.802709494046691507e-02 -5.815202028369963715e-03 4.537727683002362733e-02
2.400000000000000000e+04 5.000000000000000000e+01 2.802709494046691507e-02 -5.815202028369963715e-03 4.537727683002362733e-02
2.800000000000000000e+04 5.000000000000000000e+01 2.924206738171351155e-02 1.231361298659517517e-02 4.113884621215790904e-02
2.800000000000000000e+04 5.000000000000000000e+01 2.924206738171351155e-02 1.231361298659517517e-02 4.113884621215790904e-02
2.800000000000000000e+04 5.000000000000000000e+01 2.924206738171351155e-02 1.231361298659517517e-02 4.113884621215790904e-02
2.800000000000000000e+04 5.000000000000000000e+01 2.924206738171351155e-02 1.231361298659517517e-02 4.113884621215790904e-02
2.400000000000000000e+04 5.000000000000000000e+01 2.802709494046691507e-02 -5.815202028369963715e-03 4.537727683002362733e-02
2.400000000000000000e+04 5.000000000000000000e+01 2.802709494046691507e-02 -5.815202028369963715e-03 4.537727683002362733e-02
2.000000000000000000e+04 5.000000000000000000e+01 2.710309504440735345e-02 -8.734284554536142844e-03 4.657573855802384782e-02
2.000000000000000000e+04 5.000000000000000000e+01 2.710309504440735345e-02 -8.734284554536142844e-03 4.657573855802384782e-02
1.600000000000000000e+04 5.000000000000000000e+01 2.598292318179922997e-02 -1.018300989746694085e-02 4.818500417764080834e-02
1.600000000000000000e+04 5.000000000000000000e+01 2.598292318179922997e-02 -1.018300989746694085e-02 4.818500417764080834e-02
1.200000000000000000e+04 5.000000000000000000e+01 2.452635588904680114e-02 -4.889901891924154642e-03 4.462655492540794355e-02
1.200000000000000000e+04 5.000000000000000000e+01 2.452635588904680114e-02 -4.889901891924154642e-03 4.462655492540794355e-02
8.000000000000000000e+03 5.000000000000000000e+01 2.477276743691682326e-02 1.563837308798802714e-03 3.971995360223481986e-02
8.000000000000000000e+03 5.000000000000000000e+01 2.477276743691682326e-02 1.563837308798802714e-03 3.971995360223481986e-02
4.000000000000000000e+03 5.000000000000000000e+01 2.534013540107560650e-02 -2.421225986333573729e-04 3.779838323735217054e-02
4.000000000000000000e+03 5.000000000000000000e+01 2.534013540107560650e-02 -2.421225986333573729e-04 3.779838323735217054e-02
0.000000000000000000e+00 5.000000000000000000e+01 3.081607801073106556e-02 8.665708837891864663e-03 3.266270934232556877e-02
0.000000000000000000e+00 5.000000000000000000e+01 3.081607801073106556e-02 8.665708837891864663e-03 3.266270934232556877e-02
0.000000000000000000e+00 5.000000000000000000e+01 3.081607801073106556e-02 8.665708837891864663e-03 3.266270934232556877e-02
0.000000000000000000e+00 5.000000000000000000e+01 3.081607801073106556e-02 8.665708837891864663e-03 3.266270934232556877e-02
4.000000000000000000e+03 5.000000000000000000e+01 2.534013540107560650e-02 -2.421225986333573729e-04 3.779838323735217054e-02
4.000000000000000000e+03 5.000000000000000000e+01 2.534013540107560650e-02 -2.421225986333573729e-04 3.779838323735217054e-02
8.000000000000000000e+03 5.000000000000000000e+01 2.477276743691682326e-02 1.563837308798802714e-03 3.971995360223481986e-02
8.000000000000000000e+03 5.000000000000000000e+01 2.477276743691682326e-02 1.563837308798802714e-03 3.971995360223481986e-02
1.200000000000000000e+04 5.000000000000000000e+01 2.452635588904680114e-02 -4.889901891924154642e-03 4.462655492540794355e-02
1.200000000000000000e+04 5.000000000000000000e+01 2.452635588904680114e-02 -4.889901891924154642e-03 4.462655492540794355e-02
1.600000000000000000e+04 5.000000000000000000e+01 2.598292318179922997e-02 -1.018300989746694085e-02 4.818500417764080834e-02
1.600000000000000000e+04 5.000000000000000000e+01 2.598292318179922997e-02 -1.018300989746694085e-02 4.818500417764080834e-02
2.000000000000000000e+04 5.000000000000000000e+01 2.710309504440735345e-02 -8.734284554536142844e-03 4.657573855802384782e-02
2.000000000000000000e+04 5.000000000000000000e+01 2.710309504440735345e-02 -8.734284554536142844e-03 4.657573855802384782e-02
2.400000000000000000e+04 5.000000000000000000e+01 2.802709494046691507e-02 -5.815202028369963715e-03 4.537727683002362733e-02
2.400000000000000000e+04 5.000000000000000000e+01 2.802709494046691507e-02 -5.815202028369963715e-03 4.537727683002362733e-02
2.800000000000000000e+04 5.000000000000000000e+01 2.924206738171351155e-02 1.231361298659517517e-02 4.113884621215790904e-02
2.800000000000000000e+04 5.000000000000000000e+01 2.924206738171351155e-02 1.231361298659517517e-02 4.113884621215790904e-02
